    36.02421     21.07579    -15.75179
    57.42721     47.85033    -16.88283
    57.19310     47.90739    -16.81615
    52.04783     47.03718    -11.09496
    36.01773     21.07891    -15.77957
    42.00703     29.51862     -7.55727
    41.95968     29.64429     -7.51175
    42.02046     29.61640     -7.42691
    52.62065     41.19662    -14.02120
    55.97730     65.19731    -22.53653
    53.93406     55.67528     -8.60759
    53.85174     55.44175     -8.49978
    35.99143     21.09782    -15.29550
    55.81243     57.28017     -9.94314
    55.82193     57.28096     -9.77500
    55.82540     57.28968     -9.75088
    55.83241     57.30429     -9.77040
    26.38729     20.69257    -12.64790
    42.50190     34.26140    -11.79875
    48.51688     42.46457    -10.18079
    48.67249     42.47765    -10.16528
    48.52861     42.48239    -10.15151
    40.38257     33.52216    -14.84882
    26.37033     20.67936    -12.68747
    26.40502     20.68711    -12.70712
    26.41025     20.69819    -12.59204
    35.47966     20.17562    -13.75019
    26.97708     38.61607    -12.40649
    26.82847     38.54654    -12.42456
    26.71177     38.52353    -12.35441
    36.03740     21.09101    -15.65664
    36.03171     21.06566    -15.69953
    36.02680     21.10061    -15.64883
    33.53249     25.93614    -10.89903
    33.59549     25.99238    -10.90956
    33.49580     26.10942    -10.91661
    51.49035     49.80153     -9.63688
    51.48705     49.73599     -9.99917
    51.48919     49.74808     -9.84695
    26.34138     20.68390    -12.82256
    43.22283     35.13745    -13.61149
    43.05768     28.57511    -10.53569
    36.05221     21.14689    -15.77608
    55.73618     64.71737    -22.39561
    55.74365     64.72696    -22.39977
    55.70784     64.58918    -22.34425
    55.72121     64.50122    -22.18392
    42.96856     31.53897     -8.08193
    39.92220     32.37694    -14.40722
    51.83521     52.23536     -8.86931
    30.39011     32.10110    -16.16805
    30.29563     32.15342    -16.12233
    30.29927     32.14489    -16.10872
    30.31987     32.14446    -16.10882
    35.47824     20.23351    -13.82901
    35.48496     20.18838    -13.78750
    34.57825     31.05924    -10.65991
    34.59955     31.01706    -10.47400
    34.49691     31.06876    -10.55369
    34.54206     31.04170    -10.53570
    52.09296     52.28142     -7.32369
    55.71017     56.19009    -14.41613
    55.71733     56.30107    -14.53116
    55.72828     56.23689    -14.48473
    42.87967     28.68561    -10.41081
    42.95978     28.63141    -10.24638
    42.89437     28.64928    -10.29775
    42.89645     28.69125    -10.34478
    26.46409     20.73903    -12.49943
    26.48776     20.71242    -12.53520
    26.50731     20.71518    -12.48376
    54.80425     50.23431    -13.42741
    34.39890     31.19920    -10.30551
    33.54184     25.92354    -10.89978
    33.36478     25.64900    -10.82077
    37.67654     31.38352    -11.02239
    35.71754     20.62494    -14.01033
    35.90011     20.96240    -14.91488
    35.86386     20.87270    -14.82115
    33.57786     38.07188    -17.84475
    50.61810     43.95129    -10.96922
    39.39653     32.21568     -9.18065
    39.61878     31.93476     -9.18903
    42.40094     28.49249    -12.07597
    26.36691     20.65953    -12.73786
    40.32161     32.83236    -11.44696
    40.44676     32.32293    -11.53157
    51.49022     49.70491    -10.10605
    40.38850     32.94635    -14.79670
    43.67325     35.16719    -13.89183
    40.44231     34.45284    -10.24612
    40.64373     34.24051    -10.36227
    26.38885     20.68234    -12.81614
    43.14943     28.45840     -9.93941
    43.13716     28.32018     -9.78167
    43.06510     28.44975     -9.74642
    60.84523     54.60623    -24.02193
    42.97581     28.67507    -10.15879
    35.45033     20.03231    -13.81993
    35.47262     19.98624    -13.73211
    39.03246     32.21816     -8.39980
    39.40623     32.23440     -8.61623
    55.73731     64.59660    -22.53898
    49.75011     36.79065    -12.31937
    49.72542     36.77150    -12.30298
    49.61283     36.63630    -12.14039
    59.61583     51.49761    -10.26556
    59.57213     51.28214    -10.33527
    42.70502     37.58782     -7.75394
    26.61427     38.63625    -12.68415
    29.40606     20.26605    -12.98936
    29.33465     20.44433    -13.00052
    29.39614     20.30474    -13.12847
    33.45645     20.26318    -12.72526
    33.40158     20.30444    -12.72973
    33.44173     20.29968    -12.72350
    33.61627     20.41922    -12.64644
    42.62742     34.54805    -11.48153
    27.08116     38.86519    -12.75650
    53.47171     55.05491     -8.31340
    35.42127     19.81234    -13.85624
    31.08596     42.53418    -13.51408
    42.64955     34.53276    -11.43854
    35.45344     36.91506    -14.47913
    35.48547     36.90662    -14.52369
    51.20433     44.80842    -11.24483
    42.79665     34.30294    -11.44347
    42.31968     33.47551    -12.67956
    42.34792     33.61953    -12.53310
    42.31897     33.44623    -12.80981
    52.62834     41.29113    -14.04356
    52.66282     41.20151    -14.10444
    52.80596     41.53255    -14.26224
    35.41398     20.22036    -13.51058
    31.28329     44.03548     -9.58236
    26.27879     20.66525    -12.79765
    43.81988     35.17445    -13.88658
    43.82267     35.19502    -13.88471
    18.58861     31.27626     -8.70915
    43.48128     41.39829     -9.85166
    40.49355     33.69565    -10.65609
    33.83390     44.93612    -12.93163
    33.09649     44.51365    -12.15665
    33.30354     44.76156    -12.73552
    45.28865     46.35262    -26.62274
    45.28577     46.38080    -26.66261
    47.62420     47.50910    -26.54980
    40.47464     33.07056    -14.78708
    40.39530     33.00246    -14.80678
    40.42385     32.99317    -14.88359
    32.54708     24.75216    -10.82097
    49.83256     36.94339    -12.34678
    20.09791     23.46510     -9.15204
    51.24427     39.24462    -13.03709
    48.56060     34.96824    -11.60238
    41.95405     37.23954    -11.26461
    48.11361     50.08680    -12.31863
    48.19495     50.07707    -12.19251
    48.03248     50.25789    -12.61961
    23.61634     35.69900    -11.77758
    23.70918     35.72320    -11.82010
    23.09622     37.03722     -9.10893
    23.05946     37.01939     -9.11646
    23.07514     37.09279     -9.06426
    59.78436     52.11857    -10.37958
    35.59723     20.01630    -13.64897
    40.21662     32.77501    -14.68443
    21.21017     23.32833    -10.64039
    24.44402     35.91273    -12.14567
    35.37120     20.15444    -13.86644
    48.34011     40.05937    -10.66490
    48.17352     39.59420    -10.65287
    48.24187     39.83600    -10.70809
    40.56795     34.01001    -10.46258
    40.77986     34.25830    -10.48526
    50.52352     43.81492    -10.90756
    47.60229     37.72364     -9.64472
    47.60207     37.72783     -9.62436
    47.39853     37.64161    -10.01546
    42.55875     28.76995    -11.00976
    42.47207     28.67240    -11.24862
    42.60656     28.71711    -11.07808
    40.30734     33.20151    -14.87698
    48.75992     35.48485    -11.69330
    48.61783     35.40559    -11.67251
    48.60015     35.32758    -11.65009
    48.40591     40.15463    -10.64787
    43.00122     34.45206    -10.83727
    37.29783     28.73070    -21.90335
    36.51311     24.75056     -8.76813
    21.43656     23.62298    -11.14937
    26.71538     20.76563    -13.13329
    20.31734     23.57028     -9.87651
    40.71352     31.39063     -7.65516
    40.72298     31.38417     -7.67594
    45.46204     42.93935     -7.69022
    42.72875     37.86070     -7.88177
    31.16474     43.81741     -9.83147
    31.15867     43.76255     -9.77460
    53.99875     46.12144    -13.54299
    53.74890     45.72665    -13.50923
    53.76849     45.74123    -13.47446
    53.69148     45.52370    -13.50581
    31.72445     35.86807    -15.38296
    31.77756     35.87458    -15.29989
    51.24089     40.94720    -12.33158
    34.43622     45.02833    -13.00608
    34.32785     45.12087    -13.13379
    35.00646     36.11387    -17.29419
    37.49339     29.91238    -10.64300
    51.20192     41.09559    -12.20797
    26.56252     38.69258    -12.85788
    26.72294     38.71549    -12.79070
    35.93870     21.01053    -15.90091
    35.97132     20.84350    -16.07917
    42.62221     37.88513     -7.65185
    42.68048     37.90724     -7.73964
    42.91500     31.80250    -17.05960
    35.32490     36.87564    -14.46018
    50.98858     40.78084    -12.12936
    51.23731     41.30298    -12.12097
    45.44766     42.99195     -7.58649
    45.51418     42.95101     -7.63220
    48.12711     35.25029    -11.35501
    31.27783     43.86564     -9.62484
    21.52642     22.87473    -11.36433
    21.44505     23.20779    -11.56411
    37.43583     32.66222    -11.86423
    43.54867     41.39551     -9.95460
    35.56080     37.03881    -14.55212
    35.50556     37.01077    -14.52554
    35.56123     37.10249    -14.64588
    42.66490     37.97834     -7.27919
    41.87926     36.71823    -11.71023
    36.48048     24.75099     -8.86093
    36.52160     24.70136     -8.89092
    26.67648     38.44933    -12.45259
    46.99755     34.49445    -10.20078
    34.21008     31.33248    -10.58618
    18.77511     30.98335     -9.27750
    18.54829     31.29075     -9.06084
    35.12839     46.19309     -9.52596
    41.93195     29.26935     -7.56377
    42.02836     29.41853     -7.64100
    49.87859     45.79724    -10.91857
    23.46188     25.08951    -13.48008
    52.02222     52.23807     -6.62158
    52.14859     52.30776     -6.81111
    26.34062     38.57490    -12.74918
    41.98421     28.78614     -7.74187
    52.00699     52.39118     -7.64965
    51.83887     52.40566     -7.90462
    33.55530     38.12384    -17.97387
    31.41804     43.58433     -9.44097
    33.42199     26.26703    -11.04345
    27.60050     32.67590    -17.18070
    41.07190     27.25303     -8.09077
    40.94648     27.30162     -8.17127
    52.79527     51.86938     -7.39263
    49.58266     57.61372    -23.62169
    34.69810     33.59550    -16.31990
    51.26564     39.24855    -13.02213
    21.45985     23.00570    -11.16696
    29.88376     36.44726    -13.36876
    41.32082     29.37064    -16.84952
    43.71965     35.41193    -13.73617
    31.29797     43.72229     -9.60304
    31.40847     43.75709     -9.64297
    33.58570     38.14460    -18.06917
    33.63581     38.16351    -18.00499
    23.15481     36.92200     -9.27907
    23.13691     36.97037     -9.32622
    41.60787     28.65910     -8.10144
    49.76699     45.03242    -10.31800
    27.46838     38.80060    -11.86661
    27.94160     38.89301    -11.61076
    27.92167     38.89757    -11.40898
    27.55241     38.84248    -11.68213
    39.40357     32.23746     -9.04158
    38.30370     23.94830     -8.91820
    23.14545     36.47656     -9.29025
    55.72896     56.37092    -14.56976
    55.76569     56.34182    -14.79955
    23.22358     35.59982    -11.60465
    39.86009     54.38486    -10.35282
    46.25032     43.18386     -7.56063
    26.74029     38.78024    -12.97008
    43.56517     35.17038    -13.84084
    41.89661     36.92008    -11.54994
    49.13037     36.01749    -11.91552
    48.99839     35.77376    -11.85624
    49.76044     43.48444    -10.41617
    35.50906     30.49840    -13.06394
    35.40319     30.79727    -12.83961
    51.23652     38.98249    -13.14583
    31.22864     43.68375     -9.62587
    20.02843     24.22376    -10.32939
    55.06353     50.32308    -13.48384
    55.38254     50.89894    -13.28682
    54.84934     50.04759    -13.56642
    45.45321     42.82954     -7.76595
    45.26398     42.78521     -7.77349
    33.36699     38.07636    -17.40675
    48.92867     42.44410    -10.17873
    48.93206     42.33227    -10.34580
    48.84656     42.38758    -10.37675
    42.65536     33.07042    -13.23450
    23.48340     24.37028    -13.80386
    33.93059     44.14707    -10.02638
    50.14224     44.11582    -10.57594
    50.81010     40.59391    -12.13620
    50.78992     40.64102    -12.12449
    17.38547     26.21411     -8.73844
    28.78259     39.45658    -11.20707
    29.03727     39.66263    -11.12413
    28.96623     39.72483    -11.25625
    50.13311     43.74770    -10.46271
    52.90230     41.27621    -14.44008
    23.56270     24.48628    -13.68338
    23.55484     24.51006    -13.71126
    52.12811     41.06842    -13.29063
    35.09456     36.09403    -17.11535
    35.47691     36.38777    -16.91873
    35.07856     36.09785    -17.12200
    20.07859     23.07480     -9.51747
    21.34070     23.32949    -10.60660
    49.82396     37.09843    -12.41834
    33.46846     38.07634    -17.72063
    33.50569     38.05061    -17.82051
    41.44547     29.37603    -16.44095
    41.34561     29.35054    -16.78670
    56.65523     65.36318    -24.17809
    43.76895     35.00479    -14.05264
    51.51659     45.31411    -11.37636
    51.53974     45.28889    -11.45758
    51.70380     52.42762     -8.73363
    33.81262     46.14359     -9.11725
    43.92690     43.35860    -25.81570
    51.78018     44.89985    -11.60480
    43.87240     46.62340    -23.87660
    45.67534     43.03887     -7.53867
    50.00373     37.19950    -12.47535
    49.98405     37.18189    -12.43247
    38.54177     31.78401     -7.81631
    38.36146     32.41790     -8.15377
    19.78759     28.16688     -8.24928
    20.98089     23.37691    -10.32102
    21.03787     23.22225    -10.21964
    21.12753     23.25118    -10.64446
    39.05430     36.41562     -8.48798
    38.76997     36.11336     -8.17518
    50.38371     43.70304    -10.78275
    21.51115     23.82848    -11.48549
    21.57775     24.18430    -11.66305
    52.89089     43.52906    -13.05591
    33.37602     37.90116    -17.66935
    37.41663     32.16838    -11.01420
    29.79569     36.42388    -13.61524
    45.24525     42.85168     -7.47623
    43.19672     28.42079    -10.03246
    51.03751     44.86250    -11.16343
    50.70578     44.44989    -10.97009
    37.71015     28.65204    -11.20335
    42.52002     38.10959     -6.79940
    49.79440     54.26780    -26.21010
    32.56705     22.46682     -9.78705
    32.98773     45.01113    -13.33102
    32.61533     45.19805    -13.69820
    32.83583     44.99961    -13.28458
    32.87488     45.07343    -13.30212
    50.96036     44.39661    -11.23789
    23.28596     37.01900     -9.73808
    36.57509     29.31520     -9.55710
    43.04571     31.52068     -8.16964
    37.70763     29.53307     -9.29827
    44.92470     31.47050    -10.29290
    48.84305     42.36005    -10.22088
    40.10995     54.80852    -10.16236
    42.04067     28.71310     -7.84329
    42.09489     28.63140     -8.12411
    42.52267     28.55228    -11.45641
    46.69606     32.81528     -6.85386
    46.65425     32.78690     -6.88149
    46.71262     32.79454     -6.88005
    25.08210     22.76080    -15.26680
    35.46585     20.16035    -13.38221
    35.40046     36.64160    -14.23788
    51.78775     52.54964     -8.18896
    31.59105     35.66775    -15.61879
    31.18016     43.69376     -9.49012
    41.52001     29.70714     -7.14186
    45.84145     43.14969     -7.57673
    27.04757     38.82436    -12.61140
    42.45168     33.83286    -12.09032
    35.87142     27.88950    -12.85299
    35.37864     20.32346    -14.08337
    50.35303     43.67210    -10.90416
    53.08665     43.58778    -13.62549
    38.27440     28.36460    -17.94510
    35.46449     19.98910    -13.55933
    31.11064     42.52173    -13.63520
    30.86160     42.54200    -13.63474
    18.05351     26.14219     -6.72705
    51.90365     52.04966     -6.16491
    35.47290     18.69437    -14.36236
    37.13879     30.67695    -18.45678
    37.02901     30.75225    -18.60972
    38.26085     31.39982    -19.47088
    39.79224     39.10703     -8.66616
    39.86489     39.06984     -8.68182
    51.35259     42.11838    -12.10802
    41.92995     29.16838    -13.64448
    51.89981     46.33836    -11.27536
    23.70370     37.25600     -7.08850
    45.93756     59.37352    -16.49219
    45.86664     59.26518    -16.49591
    46.31780     59.10500    -13.12020
    40.64807     38.15992     -9.36352
    28.48571     39.28855    -11.35069
    38.50014     27.79059    -15.43357
    17.35912     26.23247     -8.85795
    17.04201     26.30022     -9.37231
    49.94147     44.28577    -10.51034
    32.56432     25.22646    -10.60280
    26.57315     38.34297    -12.60701
    33.76095     47.51512    -11.89530
    52.19246     52.17674     -7.03957
    46.59761     39.35192    -14.28037
    36.11270     45.26220    -17.48320
    47.05774     39.56242    -14.48627
    46.85275     39.41603    -14.49301
    52.31824     52.29109     -6.95330
    29.24860     42.72139    -15.54819
    29.25430     42.77351    -15.47371
    58.45096     47.85179    -11.10018
    58.41851     47.66510    -11.02806
    58.52522     48.63594    -10.68904
    33.34376     47.50126    -11.87021
    38.70806     31.86176     -7.87982
    37.68626     21.25361    -17.09268
    37.73724     21.20379    -17.10702
    40.41932     28.37459     -8.14846
    40.55257     28.13527     -8.12827
    41.40417     35.84334    -11.92075
    20.08633     24.39715    -10.38138
    20.16746     24.55544    -11.05301
    43.68140     33.92346     -8.05826
    37.07962     27.72340    -21.94868
    51.97289     47.81299    -10.57582
    52.03716     47.77826    -10.65374
    52.07849     47.54438    -10.76632
    52.97598     51.93849     -7.31860
    21.49167     22.85819    -10.64006
    53.52484     49.67957    -11.76729
    49.13715     42.54076     -9.94409
    40.81744     27.00497     -8.24069
    42.46639     28.53969    -13.41278
    42.05826     36.94044    -11.82194
    36.74644     25.60479     -9.14868
    32.57945     24.71654    -10.86389
    32.50168     24.50996    -11.08125
    32.37413     24.40522    -10.83571
    41.20948     27.09607     -8.29721
    43.16302     34.31919    -11.58587
    43.09443     34.32754    -11.62696
    41.92363     28.83803    -13.84077
    41.92181     28.93108    -13.83628
    51.92274     52.16686     -8.22734
    21.54882     22.87136    -10.66084
    51.08538     40.51178    -12.32570
    51.12854     40.74629    -12.36382
    43.57970     33.94860     -8.16039
    43.60419     33.94920     -8.19111
    52.45950     51.94269     -7.24022
    41.59822     27.46452     -8.21533
    19.98911     23.37486     -9.29979
    50.32160     44.14679    -10.68194
    50.25221     44.25680    -10.48358
    19.90217     23.56064     -9.61577
    50.28394     43.83975    -10.58318
    48.89795     48.36895    -15.77873
    50.21050     49.60490    -15.33280
    48.84935     48.31105    -15.72767
    51.85065     51.72650     -7.29843
    29.78410     36.32920    -13.55813
    25.94072     20.93146    -12.88535
    56.03864     65.07277    -22.53920
    26.61503     20.77833    -12.17666
    26.74227     20.79912    -12.23372
    31.36245     42.66328    -13.44709
    31.39139     42.61585    -13.38398
    35.48792     19.11486    -14.07924
    51.42987     40.53341    -12.63001
    26.61225     20.90507    -11.43268
    53.05636     51.57194     -7.49401
    52.85126     51.77234     -7.61559
    36.49076     48.07243     -9.53033
    48.85091     41.74094    -10.47977
    35.84441     27.95100    -12.78337
    35.50093     28.43348    -10.43477
    41.03311     54.63691     -9.26510
    41.95867     29.23174     -7.75195
    48.95972     42.14882    -10.30048
    42.85576     30.93518     -7.97995
    51.43658     45.27866    -11.07281
    53.68529     49.79130    -11.69773
    29.42751     20.13493    -13.25503
    40.81543     27.64548     -7.97886
    47.37286     43.34008     -8.41273
    53.42051     52.13084     -8.11091
    53.54986     49.93392    -11.71244
    29.78485     36.33583    -13.36840
    29.90654     36.34786    -13.40795
    36.57670     29.40683     -9.40445
    23.07093     35.42573    -11.38738
    47.38918     43.47415     -7.97577
    48.98016     41.97036    -10.48406
    36.50423     25.36054     -8.62312
    42.32821     30.05838     -7.61064
    42.51635     30.38282     -7.86133
    51.38634     44.68882    -11.35431
    31.06159     43.16016     -9.55784
    51.01949     45.36633    -11.35043
    38.17253     27.93483    -15.33804
    20.35596     23.65223     -9.84598
    39.99362     37.36529     -9.23144
    25.80245     20.88241    -10.40892
    25.85784     20.99796    -10.54942
    26.28552     20.94462    -10.81552
    50.84436     42.82823    -11.44933
    51.58940     45.82517    -10.90211
    26.13321     20.66172    -13.00961
    34.67273     45.93345     -9.22383
    34.80723     46.08633     -9.27215
    34.90735     45.93545     -9.11836
    49.24506     43.49331    -13.15721
    29.68628     36.42866    -13.91529
    53.34486     49.79376    -11.81189
    53.44850     49.82943    -11.82111
    44.90427     40.57332    -12.95638
    37.54778     32.03184    -11.21642
    50.30237     43.92770    -10.88044
    32.92208     27.02204    -10.68925
    33.53784     46.60660    -13.85556
    36.67268     29.39505     -9.66704
    27.37580     19.40650    -13.56040
    21.93330     22.13272    -11.01979
    18.84470     30.97245     -9.55190
    44.00716     36.38735     -8.22224
    51.55257     41.42219    -12.36017
    36.17557     48.95179     -8.40497
    59.60079     51.95102     -9.85854
    53.23376     42.21623    -14.70403
    37.63661     32.77594    -12.87770
    36.49836     24.78361     -9.20413
    21.92276     22.74583    -10.01325
    42.07933     29.09183     -7.83299
    42.76115     34.41357    -11.63339
    42.76617     34.59252    -11.72083
    26.65254     20.71498    -12.06732
    21.69107     23.19780    -11.98894
    37.70974     31.76769    -11.19500
    37.66314     31.65241    -10.98576
    35.92791     29.25311    -10.10213
    44.82306     36.61375     -8.42155
    41.55949     27.65820     -8.28742
    42.13439     26.82404     -8.94783
    35.15029     30.94785    -13.09777
    35.00177     33.08962     -7.41142
    43.70936     34.08597     -8.01763
    30.12337     36.62230    -13.45860
    30.11276     36.41576    -13.32450
    23.90473     32.95731    -13.88151
    23.92719     32.06180    -14.06267
    40.20352     33.56711    -11.59041
    35.73957     28.38385    -13.04365
    35.78776     28.37713    -13.00105
    19.76587     28.16492     -8.27252
    48.47100     49.94536    -11.43277
    48.42801     49.83120    -11.67663
    48.44476     49.80150    -11.52301
    41.07553     33.73822    -11.24696
    42.15315     26.71776     -8.86402
    38.78299     53.16478    -10.68548
    40.36930     28.90750    -11.08900
    36.61811     25.13991     -9.20630
    52.66526     44.22649    -12.08275
    52.87549     44.04367    -12.18420
    55.58560     48.26350    -15.06370
    40.12762     28.07242     -6.99228
    40.12988     28.10050     -6.65629
    39.83795     54.43622    -10.04062
    42.30609     42.12326     -9.11155
    42.54967     41.83371     -9.32073
    42.88589     41.67685     -9.48367
    34.00638     47.92017    -11.74323
    35.67545     27.93735    -12.27114
    47.50652     37.32692    -10.38595
    35.99570     29.04792     -9.91892
    42.80296     34.18884    -11.53266
    35.74101     28.29151    -13.39067
    26.39462     38.42916    -12.56761
    17.86890     33.31230     -3.54400
    31.49676     44.10233     -9.40378
    42.37181     28.47713    -13.10673
    39.47755     53.64845    -11.36686
    41.94475     37.43175    -11.12055
    42.15661     39.87040     -9.89310
    53.44713     50.04841    -12.05435
    24.15297     33.41326    -13.88982
    42.83713     38.12619     -8.02869
    42.71357     37.93326     -8.08466
    34.62146     45.18529    -13.31501
    43.44062     41.64190     -9.84700
    36.71199     19.47348    -13.35114
    54.04540     50.53200     -8.91750
    26.60704     37.96492    -10.14324
    35.51676     30.51559    -12.93011
    19.77121     22.77068     -8.42460
    39.63186     33.99638    -12.44364
    59.66378     54.30396    -21.17526
    59.81189     54.24164    -21.80400
    59.62540     54.65041    -20.47052
    45.22615     46.27470    -26.56938
    50.47489     45.20720    -10.64805
    53.28832     44.00628    -13.75971
    28.45440     25.07015    -13.99306
    28.47770     25.07939    -13.80165
    36.41884     47.59506     -9.87806
    36.54951     47.89572     -9.71104
    38.77149     29.46262     -9.73273
    38.57223     29.65303     -9.90464
    36.74177     34.24675    -12.08071
    53.07688     49.59169    -11.91605
    30.50056     42.14428     -9.84160
    59.69349     51.86301    -10.12106
    52.32665     52.56583     -7.09744
    29.23671     33.74098    -11.66360
    29.23085     33.53426    -11.53211
    29.11080     33.95479    -11.86223
    35.85091     49.68490     -7.83610
    52.15470     38.42500    -10.76880
    39.40110     40.90210     -9.53460
    34.21958     48.24209    -11.35359
    36.11442     27.35355    -12.49749
    28.59490     35.24458    -11.39915
    28.76691     34.58947    -11.95140
    39.15870     32.22015     -8.19479
    23.27484     23.58563    -12.96467
    22.99461     23.11348    -12.46295
    23.32775     23.18677    -12.49364
    34.43110     43.09450    -20.58980
    34.05380     42.96560    -17.63400
    31.30051     34.20497    -16.35082
    31.42697     34.37895    -16.23846
    48.74131     49.63156    -10.97362
    49.59680     37.17130     -8.03180
    42.31687     29.84839     -7.69668
    59.97414     52.38550    -10.88215
    48.47334     42.55326    -15.32680
    33.60391     26.26667     -8.54220
    33.56139     26.08524     -8.50132
    28.21092     38.98965    -13.00186
    48.13980     62.62900    -16.83150
    37.77550     45.24520    -21.96600
    45.55197     42.69378     -7.74370
    50.68393     43.39328    -11.31067
    19.70630     27.26990    -14.20460
    25.71730     24.01840    -14.62910
    30.98390     42.99587     -9.72456
    30.89247     42.31682     -9.91178
    42.37697     37.94578     -6.21787
    42.27376     38.08878     -6.40879
    42.29680     37.85684     -6.16803
    39.55211     53.65122    -11.77781
    39.66754     53.97899    -11.49609
    39.40184     53.87017    -11.82246
    37.53750     35.57940    -10.89980
    47.46977     43.67320     -8.27242
    42.42824     26.68105     -9.24534
    38.12254     41.23130    -18.37550
    59.27564     51.77706     -9.12264
    35.62259     49.70393     -7.25365
    19.89759     22.84853     -7.98421
    42.41899     34.03591    -11.81504
    35.73867     29.24265    -13.32837
    42.06832     54.18235    -10.63984
    42.20116     54.02242    -10.73184
    42.14964     54.13777    -10.92169
    52.62240     59.43380    -24.33510
    52.06020     59.89710    -22.93630
    42.73173     32.14320     -7.76907
    38.67515     31.49821    -14.67094
    39.04124     31.43946    -14.51727
    38.82050     31.15571    -14.56695
    40.15942     27.94015     -7.08843
    32.82780     44.72365    -12.83429
    21.26700     23.57707    -11.48552
    47.70320     45.95270    -14.10210
    21.96185     25.45341    -11.70654
    38.33250     26.83410     -7.76300
    34.38110     31.33317    -13.59994
    37.90364     49.31431    -12.05541
    33.40263     45.71928    -13.54312
    32.48654     22.09006    -10.81247
    42.67431     32.48294    -14.35796
    39.79662     27.47106     -6.37119
    53.31913     54.79368     -8.15050
    53.46537     54.87582     -8.09032
    53.38756     54.90625     -7.88516
    26.11334     38.10121    -12.49765
    41.37387     39.03914     -9.86363
    23.94165     34.41484    -14.24821
    42.29664     29.51235     -8.21276
    42.15440     37.37612     -7.84883
    40.48539     33.13855    -11.13810
    49.86190     57.38031    -24.81645
    50.40577     57.14721    -25.11391
    50.28956     57.11569    -25.07101
    54.45714     55.88535     -8.71233
    31.76165     21.27067    -12.14999
    41.41570     53.02850     -7.48610
    27.15351     38.45931    -10.91330
    56.67740     60.55160     -9.56270
    54.86480     59.73460     -8.00220
    43.56001     36.49144     -8.18479
    36.46774     25.42409     -8.96511
    51.16485     45.05126    -10.87018
    35.28112     31.05389    -13.25214
    20.18610     28.20555     -8.49943
    45.36465     39.17651     -7.03707
    42.41852     27.85480    -11.48884
    41.53072     37.81384    -10.85970
    41.31760     52.31690    -14.82860
    41.99652     39.66813     -9.75834
    51.96278     46.45887    -11.55511
    52.27971     46.82956    -11.53559
    47.15835     34.84680    -10.56243
    42.78067     39.67363     -6.55454
    42.69287     39.21292     -6.44917
    35.59610     29.14452    -10.32943
    46.88454     38.25131    -15.00325
    56.73718     65.53655    -22.89919
    45.15231     40.73361    -12.77732
    45.09656     40.73312    -12.92433
    57.44674     47.84631    -16.91282
    36.81065     33.99224    -12.06095
    40.74739     31.99851    -12.05289
    18.56482     31.30656     -8.35745
    18.64522     31.48117     -8.09319
    18.78897     31.29061     -7.85238
    30.19360     15.51390    -22.92640
    30.12750     13.82510    -22.58130
    35.64214     28.18852    -10.70880
    47.61081     34.13121     -7.82711
    34.86110     25.91790    -13.95890
    33.74737     26.35089    -20.31533
    33.73016     26.36011    -20.53377
    33.55275     26.41640    -20.36497
    33.84740     26.40266    -20.35555
    51.76008     52.00751     -9.13019
    41.70512     39.84205    -10.11270
    52.82114     43.23184    -13.48405
    28.27067     39.20085    -11.79839
    24.43072     33.36105    -13.94914
    24.91611     33.56425    -13.97585
    24.45157     33.74122    -14.02981
    45.59352     42.72935     -7.61438
    32.53420     45.12298     -8.97604
    31.14513     36.05509    -12.47938
    41.77870     30.74190    -14.63390
    46.54777     38.74481    -14.59824
    56.27390     53.54740    -12.86100
    54.28950     52.86830    -11.93070
    33.98394     27.76309    -10.57678
    35.64306     32.13464     -7.98876
    20.42564     23.18624     -9.93272
    30.04798     19.62864    -12.96470
    41.63870     54.29168    -10.04510
    37.47420     29.47303    -11.01554
    45.07993     40.61402    -13.48319
    52.41563     51.41733     -9.98252
    31.42964     34.23189    -16.58559
    39.21274     31.74795    -14.52797
    50.03620     57.53017    -24.65551
    36.69930     22.92220     -7.11420
    17.86498     26.78337     -6.38376
    35.29164     30.32285    -10.56269
    58.48934     48.86793    -10.13031
    29.69269     19.87738    -13.04974
    34.25373     47.94154    -11.65586
    48.35800     42.74780     -9.32467
    25.46272     21.84380    -12.75527
    31.65200     37.81280    -17.97280
    40.37420     33.53835    -11.14136
    36.39082     25.10560     -8.88688
    52.04416     51.90019     -9.27939
    40.27295     32.14285    -11.72562
    25.84983     38.99971    -13.01086
    53.32098     52.10258     -7.91340
    37.82241     32.68082    -13.30150
    37.78830     32.65385    -13.07626
    43.20187     41.17580     -9.57839
    43.26290     41.40840     -9.55102
    17.92944     27.34065     -6.37237
    37.91914     29.59099     -8.67436
    58.90550     50.36640    -17.29480
    42.70791     38.76604    -12.71816
    42.95657     38.46867    -12.37857
    47.27637     44.65546     -8.91582
    33.60108     32.63257     -7.48760
    38.86089     35.88796     -8.24556
    42.78126     32.98533    -13.75524
    36.96660     27.30703    -21.88532
    36.63883     27.22941    -21.74757
    36.88942     27.34844    -21.95391
    40.77159     54.94940     -9.21668
    57.78140     45.95380    -19.94950
    37.68651     49.51725    -13.57214
    37.74709     49.45329    -13.86098
    37.65961     49.37809    -12.88357
    30.73153     41.70208    -13.90863
    35.15786     36.66693    -14.05560
    54.61300     43.71910    -15.58420
    41.36899     29.08620    -14.39994
    42.01752     39.88299    -10.05421
    38.26666     49.38611    -11.08818
    31.89626     21.70586    -11.46177
    31.87357     21.77539    -11.43054
    36.39713     25.14266     -8.62910
    34.69072     23.49075    -10.25686
    32.26985     42.76706    -12.88752
    36.10279     28.86790     -9.98882
    55.90230     62.32160    -24.12560
    51.72384     52.23448     -9.24228
    25.37660     34.78060     -9.73300
    40.13812     36.38521    -12.62995
    40.50915     35.93476    -12.60763
    32.46959     42.77531    -12.18300
    47.47770     44.19900    -13.70570
    57.84320     56.62030     -7.86500
    22.91483     23.12736    -12.58394
    38.77400     32.52570    -13.77750
    48.55785     39.65103    -14.70972
    60.90377     54.63647    -24.18667
    57.13133     65.50950    -23.93541
    57.23570     65.50705    -23.73553
    25.20752     39.02862    -13.08899
    35.78712     19.98233    -17.51145
    35.86380     19.92835    -18.03414
    45.81661     42.91821     -7.77303
    31.30786     43.52364     -9.33003
    26.08070     20.84744    -12.65331
    41.79829     34.85620    -11.53938
    41.36466     31.69808    -12.69244
    35.71493     46.60575     -9.37300
    47.70950     39.05551    -14.97064
    51.29384     51.04293     -7.41637
    40.56603     54.79987     -9.82244
    33.57366     26.40143     -8.68801
    51.31327     40.58854    -12.13758
    40.48936     31.89132    -11.97781
    38.00482     41.19400    -18.55374
    37.73663     40.70793    -19.02002
    38.31244     41.35530    -18.30821
    46.50560     40.92520    -10.37440
    40.02246     54.94469    -10.57282
    58.28257     48.71844     -9.45337
    26.73403     38.19794    -10.20509
    33.04490     37.15200    -15.08230
    40.87104     27.53017     -8.50857
    35.85239     30.81138    -12.65562
    33.56929     44.88832    -13.18841
    56.12880     66.11570    -20.89740
    44.31964     36.29266    -12.41216
    44.13282     36.36469    -12.41731
    44.17281     36.51361    -12.77253
    47.81190     34.82600     -7.46059
    47.70300     34.82756     -7.61210
    47.63843     34.41848     -7.61439
    18.17360     26.44880    -13.23670
    17.40634     27.29547     -5.90593
    25.84970     37.40030     -8.33290
    43.78048     36.44057     -8.42695
    37.93148     32.32972    -20.14242
    38.11424     31.75419    -19.78842
    42.00952     39.65148    -10.07591
    25.52293     22.53273    -13.29154
    25.54847     22.26408    -13.07425
    42.24994     56.73733    -10.13937
    35.65032     46.64099     -9.84275
    43.51707     34.13833     -8.11212
    49.76490     45.44041    -10.34158
    40.69159     38.62035     -9.25138
    44.85100     42.72200     -5.11700
    17.93976     26.42450     -6.09222
    41.99400     25.30230    -10.42310
    40.72514     27.71044     -7.34215
    45.59406     39.56600     -6.85798
    45.62264     39.74382     -6.78469
    36.05973     47.17592     -9.74407
    48.09369     39.82416    -14.61950
    34.86602     32.77046     -7.25168
    40.91060     34.23550    -16.75230
    47.74527     43.56622     -8.53970
    44.95824     37.38069    -12.78177
    31.59553     34.22067    -15.55651
    51.61005     41.59052    -12.62743
    35.29133     23.76591    -10.41229
    39.05610     29.45554     -9.82230
    30.11365     19.57986    -12.62296
    45.45240     34.36470     -9.65390
    47.82053     39.60564    -14.76562
    58.54999     56.40259    -10.30403
    58.93209     56.30504    -10.28001
    58.73145     56.39340    -10.37118
    33.89851     25.87263     -8.48868
    55.99238     63.65737    -21.26759
    34.00101     44.17763     -9.97772
    22.95186     34.87857    -10.95816
    28.91084     20.76360    -12.39318
    25.53320     38.49030     -6.66580
    33.06521     46.07228     -9.01089
    32.95004     46.20774     -8.86824
    54.70951     46.84518    -13.62592
    17.27147     27.29705     -5.41923
    17.21711     27.22687     -5.70596
    48.68588     42.51041    -15.29318
    48.66408     42.29649    -15.38805
    34.68481     47.25192    -12.02429
    34.53688     47.18817    -12.15196
    29.26888     27.33563    -12.59169
    17.87911     26.03152     -5.40173
    49.15055     57.12233    -23.18636
    48.85471     56.43488    -23.51313
    33.23371     32.67855     -7.77515
    35.36956     46.41682     -9.03203
    20.55564     23.83496     -9.27725
    30.44380     29.95390     -7.83580
    22.12500     26.00780    -11.95016
    45.03790     49.15630    -27.34960
    43.52241     28.47364    -13.87790
    32.89266     47.07757    -11.96108
    49.19440     35.19880     -9.12160
    22.81066     34.77487    -11.23440
    43.74597     36.02890    -13.21953
    48.07697     43.09532     -8.35814
    42.35465     38.77068    -13.40474
    19.08652     31.01074     -6.76431
    42.64216     34.99908    -13.64915
    40.06915     33.72899    -10.66303
    29.80574     41.68049    -10.13875
    49.25354     43.13769    -13.25589
    44.85030     47.70500     -5.77110
    46.61437     46.36112     -6.54649
    46.61573     46.29178     -6.56111
    22.64359     26.20655    -12.51716
    45.60666     37.20139     -9.36458
    32.21248     26.65568    -10.52092
    41.53663     29.01897    -14.81541
    39.67990     45.18180    -19.60970
    16.49600     29.29630    -16.03870
    36.04331     31.41885    -12.34756
    40.17656     53.29033    -11.84715
    47.02960     45.00873     -9.25140
    32.99360     28.94420    -10.75110
    25.89790     32.00640    -13.19250
    46.09422     37.43358     -9.80480
    49.41710     57.60880    -20.40500
    19.19810     30.42463     -9.77319
    42.61820     57.02569     -9.96889
    43.13812     57.48043     -9.42816
    22.14629     26.00272    -11.62237
    34.76710     46.27300     -9.84417
    30.77680     27.94290    -10.40010
    28.71796     25.23135    -13.43841
    33.30580     17.84170    -15.31120
    48.53230     48.02960    -14.10150
    31.42610     37.57310    -15.99920
    54.57113     46.82335    -13.75420
    35.28852     32.63875     -7.44331
    29.02422     27.20687    -12.63361
    43.72837     34.74227    -13.94118
    29.62466     44.01761    -13.58280
    29.79255     43.55246    -13.64493
    38.94904     27.75207    -15.44908
    33.94190     48.43720     -9.26220
    31.30654     46.08597    -15.15914
    31.67908     45.75235    -14.45837
    32.69550     22.30175    -10.06729
    42.86207     37.98785    -12.24550
    42.88980     26.81090    -14.48280
    39.41130     29.35850    -24.47000
    41.44500     25.02200     -7.22820
    18.61971     27.28820     -6.53345
    20.10430     22.30070    -18.06400
    20.62090     25.06050    -19.23630
    33.01522     26.36994     -8.07405
    32.76356     26.69614     -7.24246
    44.84795     40.53589    -13.32089
    22.41080     34.20410    -13.61540
    40.30490     24.11620     -6.60510
    28.08980     24.34570    -15.65960
    51.56147     58.14368    -19.12845
    51.60403     58.23152    -18.87535
    25.35550     39.39550    -15.87860
    43.55830     40.48090     -4.81850
    24.90812     36.32634    -12.55856
    35.35731     27.88009    -14.42397
    17.73403     27.06814     -5.84616
    29.89900     39.27480    -15.11640
