    43.12618     41.60047     -9.58810
    29.32795     42.15570     -5.99994
    38.98396     36.22360     -8.36518
    39.31351     31.96705     -8.50115
    40.41932     32.70270    -13.30611
    43.12873     41.59912     -9.58940
    55.82150     57.28757     -9.82909
    33.30580     17.84170    -15.31120
    51.88844     41.29898    -13.12159
    40.33048     32.86776    -13.95154
    38.02349     27.05191     -8.34206
    43.75720     36.41266     -8.26791
    42.12059     29.57365     -8.20981
    41.49530     50.84940    -19.94120
    43.05119     41.15400    -13.59076
    51.60676     41.15172    -12.82236
    36.19809     21.13200    -22.24690
    53.06328     43.54576    -13.33452
    31.53905     37.69295    -16.98598
    50.79850     64.61575    -15.10108
    18.65820     28.08458     -7.89196
    47.04221     39.10636    -14.65929
    42.24434     37.43764    -11.61965
    48.93523     42.34884    -14.88844
    40.44691     54.41040    -10.15647
    33.85020     20.85440    -17.85220
    40.20591     54.38690    -10.16566
    18.65551     28.08410     -7.89086
    42.52823     28.80042    -10.19680
    21.75553     22.76802    -10.47617
    38.59334     27.99715    -14.97764
    26.17850     20.92113    -12.37755
    35.47335     36.87208    -14.62914
    35.47336     36.87208    -14.62915
    38.79441     31.68536    -14.20193
    33.63674     46.36713    -10.15915
    42.09741     39.12504    -11.87149
    48.79194     42.35453    -10.04210
    25.80061     21.07242    -12.14829
    53.99377     50.02048    -12.22070
    39.66380     39.17040     -8.58565
    32.11855     22.93281     -8.74167
    33.28914     46.35294    -10.16712
    41.32554     27.24081     -8.59809
    40.72487     27.59253     -8.22850
    47.41714     37.60165    -10.37819
    56.20380     62.35240    -17.98270
    42.07850     39.62126    -10.58492
    28.37070     40.67040    -13.65690
    48.25315     39.84023    -10.68156
    26.61181     38.64082    -12.22921
    34.84159     31.40894    -13.53465
    29.55009     20.11709    -12.90250
    31.20834     43.49660     -9.58355
    49.25756     49.02100     -7.44627
    38.79587     31.68417    -14.20396
    33.58386     20.44281    -12.46733
    34.93250     18.55510     -9.84340
    46.50560     40.92520    -10.37440
    26.11165     20.97248    -12.40938
    40.06634     28.24528     -8.43892
    40.33190     27.97961     -8.28974
    28.66126     22.63822    -11.79761
    44.04020     51.88685    -23.33573
    32.52736     22.58704    -10.22512
    20.23616     23.10488     -9.24989
    49.59680     37.17130     -8.03180
    48.25314     39.84021    -10.68157
    30.86904     30.06065     -7.70440
    43.12619     41.60049     -9.58812
    44.85030     47.70500     -5.77110
    56.57347     65.46407    -22.88176
    43.04510     34.52103    -12.33916
    34.92636     36.01137    -17.26195
    42.29973     30.22501     -8.03619
    42.21729     29.68877     -8.22000
    37.74590     26.71980    -18.65540
    40.58889     32.45594    -12.26081
    52.24430     47.48508    -11.24161
    63.52225     57.30996    -23.67307
    52.02880     46.08759     -9.36434
    41.30010     36.23470    -22.85650
    49.71239     36.80209    -12.25294
    36.56841     25.11749     -9.42491
    42.57543     33.36330    -12.85596
    42.76183     34.00106    -12.40541
    45.97537     43.09892     -8.00585
    35.81049     28.09003    -12.70886
    51.69596     41.30455    -12.91251
    55.00414     50.57263    -13.02372
    32.32459     22.75854     -9.48898
    42.68146     57.25672    -10.30121
    56.17721     65.16771    -22.73229
    56.23769     65.22366    -22.74630
    56.23769     65.22366    -22.74630
    20.98904     23.36445    -10.36169
    35.69000     30.07494    -12.18938
    56.16205     65.15804    -22.72510
    33.58382     20.44277    -12.46740
    33.58380     20.44276    -12.46742
    33.58382     20.44277    -12.46740
    54.04995     50.04802    -12.26658
    50.75259     64.38949    -24.55032
    38.98365     36.22324     -8.36490
    30.06718     36.26259    -13.74666
    45.45240     34.36470     -9.65390
    42.62206     37.95606     -7.29832
    42.53986     28.77957    -10.26597
    38.23504     28.18622    -14.98273
    25.31182     35.12177     -8.41497
    56.31739     65.26964    -22.78772
    18.59646     25.18995     -8.05610
    24.41118     33.42805    -13.91359
    38.38345     27.34526    -12.06480
    55.82150     57.28757     -9.82907
    18.52960     28.02518     -7.79012
    55.82150     57.28758     -9.82907
    55.82150     57.28758     -9.82907
    52.78404     51.58750     -8.74674
    47.70320     45.95270    -14.10210
    40.42363     34.05539    -12.17222
    32.73970     25.93380    -17.92810
    36.29537     47.97916     -9.79023
    33.43387     37.61283    -17.30142
    21.06229     23.37706    -10.45726
    50.78106     44.88335    -10.94777
    20.23616     23.10490     -9.24984
    45.86391     43.06160     -7.96109
    28.44215     24.95417    -14.19329
    33.13093     32.36459     -7.42085
    26.17989     20.92031    -12.37765
    30.09097     41.83975    -10.00586
    51.16804     40.82869    -12.36599
    30.40369     42.21277     -9.89180
    49.17347     36.01257    -11.67075
    33.03551     45.18282    -12.97704
    59.60984     51.79570    -10.04869
    33.58384     20.44279    -12.46738
    31.22369     43.52498     -9.57758
    46.20570     32.72890    -11.25580
    50.79850     45.27207    -10.80361
    51.98594     41.29225    -13.22801
    33.71624     26.37002    -20.41643
    57.78140     45.95380    -19.94950
    58.41295     47.54111    -11.12661
    52.39545     51.93997     -7.96488
    18.67370     24.49300    -17.50850
    42.62208     37.95607     -7.29837
    32.58410     28.10750    -21.45320
    37.71646     32.14829    -12.07019
    34.17950     22.68200    -16.91630
    43.14941     34.40112    -10.82833
    53.03579     51.62817     -8.21690
    31.24971     43.56974     -9.56737
    42.34810     29.06770     -9.24454
    48.45869     45.30939    -17.53178
    33.63268     44.98525    -12.11674
    17.99507     27.71936     -7.34088
    36.56844     25.11757     -9.42491
    36.09120     31.10600    -21.94950
    42.68462     41.83949     -9.36654
    45.60397     42.97599     -7.94805
    51.74378     49.58192    -10.23457
    34.82610     46.43850    -10.09585
    53.51448     55.13681     -8.22014
    41.75725     27.06393     -8.94660
    49.70973     36.79794    -12.24995
    31.24968     43.56981     -9.56741
    33.31830     15.36970    -29.73350
    34.95373     46.50232    -10.06596
    39.94964     33.92957    -11.80297
    49.74496     57.27493    -23.32796
    35.70882     20.41732    -14.84968
    35.70973     20.41885    -14.85300
    39.03470     29.21642     -9.75185
    43.07895     41.62610     -9.56443
    40.12132     27.91280     -7.78197
    38.76475     34.25019    -14.03515
    48.13980     62.62900    -16.83150
    29.56263     43.33111    -14.15262
    42.57084     28.74912    -10.27627
    43.73425     35.35426    -12.74191
    25.44014     21.98524    -13.20773
    58.47896     56.43919     -9.79049
    41.92380     46.97900    -10.85520
    56.69980     52.80560     -9.72560
    42.47729     30.96571     -7.93509
    50.39006     57.24535    -24.20320
    45.60401     42.97594     -7.94812
    20.83507     23.36200    -10.17650
    33.17659     25.40807    -10.23034
    31.17543     36.06573    -12.48365
    42.39986     29.03612     -9.44325
    52.39546     51.93991     -7.96513
    36.71305     34.25586    -12.09360
    40.26720     54.42927    -10.13188
    24.31689     33.39117    -13.89433
    33.42613     37.55493    -17.24595
    20.34173     24.53617    -10.55889
    39.93859     54.22379    -10.27933
    37.87014     49.39343    -12.65925
    35.82072     28.23196    -12.77577
    49.25754     49.02100     -7.44623
    35.47337     36.87210    -14.62916
    25.64145     24.08495    -15.49387
    45.53706     42.99829     -8.29726
    31.90063     45.74896    -14.40898
    19.58385     27.42150    -14.39125
    46.87247     44.28562    -14.99096
    38.82103     31.63376    -14.23331
    23.59260     34.84070    -14.41390
    30.94220     23.06340    -14.43650
    35.40311     49.71481     -6.85534
    47.41705     37.60169    -10.37843
    51.20779     45.35722    -10.70956
    56.30811     65.26362    -22.78343
    33.16640     41.19940     -6.84530
    31.68130     13.26550    -28.55530
    42.33084     32.10291     -7.78042
    36.90690     24.60850    -16.54050
    31.69463     21.49107    -11.81382
    23.20927     37.12850     -9.00636
    47.41716     37.60167    -10.37811
    34.70027     31.21561    -11.82714
    55.90230     62.32160    -24.12560
    26.17849     20.92113    -12.37756
    26.17909     20.92067    -12.37711
    42.49611     28.85077    -10.02476
    40.91515     54.39255    -10.18944
    34.91561     46.49708    -10.06775
    44.10746     35.64076    -12.59756
    26.67570     23.94420    -17.96450
    33.42739     37.56419    -17.25488
    38.17172     29.38695     -9.72682
    30.98447     43.14843     -9.67252
    46.82823     38.92379    -14.63530
    24.41124     33.42806    -13.91360
    42.54747     28.76907    -10.30594
    38.01877     41.09376    -18.58035
    52.23147     47.43252    -11.21005
    33.89414     47.76648    -11.53954
    31.76160     42.68036    -12.74104
    41.17356     36.50571     -8.23344
    17.27912     27.30947     -6.73829
    43.57966     35.16371    -12.62846
    49.61576     36.65741    -12.14591
    49.61569     36.65731    -12.14585
    35.47328     36.87202    -14.62900
    32.17961     45.56791    -14.05349
    35.43482     31.55229    -13.10019
    35.70958     20.41858    -14.85251
    41.97807     31.63288    -14.03385
    46.33920     54.49780     -6.72030
    49.86510     45.50145    -10.56345
    45.51226     39.43850     -6.91735
    41.61471     29.16657    -14.90663
    35.70416     20.40664    -14.83201
    17.54829     26.69757     -7.30653
    60.18483     54.49196    -22.37934
    35.69051     20.28562    -14.80827
    33.28916     46.35293    -10.16700
    27.21540     11.38560     -5.57460
    21.23027     23.28279    -10.56798
    21.19776     23.29024    -10.53857
    45.66079     42.99420     -7.94917
    43.04943     41.64201     -9.54960
    35.69034     20.28513    -14.80766
    31.21054     43.50112     -9.58273
    17.86890     33.31230     -3.54400
    29.22010     34.30740    -12.15926
    34.27820     23.30980    -10.11930
    46.91680     37.05580     -7.52600
    39.33795     53.71112    -10.61625
    50.53676     44.79196    -10.95752
    54.05085     50.04833    -12.26748
    34.43110     43.09450    -20.58980
    22.21925     26.08284    -11.90165
    27.03330     38.65978    -12.05730
    20.58063     23.26608     -9.80240
    36.55128     25.11690     -9.21496
    27.36969     38.77340    -12.03926
    36.55126     25.11685     -9.21497
    29.56341     43.33288    -14.14923
    41.79542     31.29948    -14.17400
    33.21213     46.35831    -10.17381
    35.70880     20.41726    -14.84985
    42.09518     39.30958    -11.38278
    39.98547     54.26558    -10.25995
    58.41295     47.54109    -11.12659
    20.78460     29.74560     -9.72620
    43.24610     44.68840    -18.05850
    56.67740     60.55160     -9.56270
    42.46126     32.86582    -13.26430
    51.37689     41.04810    -12.57841
    40.49566     34.23732    -11.78192
    23.84950     21.80500    -18.29680
    50.28603     44.30329    -11.10266
    33.13094     32.36460     -7.42086
    35.70891     20.41739    -14.85015
    36.88699     27.33766    -21.91533
    35.10012     46.61866    -10.03195
    36.55142     25.11753     -9.21519
    41.24242     27.28727     -8.53322
    42.17094     32.40433     -7.70891
    31.17968     34.21655    -15.39310
    42.24439     37.43770    -11.61965
    54.28682     50.17820    -12.45449
    26.21749     20.89429    -12.37308
    49.47780     46.84670     -7.65100
    31.31774     30.96810    -11.87024
    26.17849     20.92112    -12.37758
    53.16764     51.54161     -8.34600
    45.56991     43.00691     -8.28297
    28.44211     24.95412    -14.19342
    37.08391     30.71460    -18.53324
    33.47235     25.79942    -10.02309
    31.07403     37.73106    -23.41488
    18.79950     31.08830     -8.60358
    40.54860     38.45990    -19.46670
    26.89049     38.59652    -12.09207
    36.88692     27.33764    -21.91531
    51.55111     41.23990    -12.75815
    29.35834     42.17040     -5.99219
    48.93527     42.34884    -14.88836
    41.61020     29.16889    -14.92370
    23.20928     37.12850     -9.00629
    45.26319     46.33176    -26.61549
    40.08796     31.60533     -8.40902
    54.34084     46.45795    -13.63849
    42.52920     28.79952    -10.20164
    59.60991     51.79592    -10.04875
    26.17849     20.92112    -12.37760
    36.68830     29.52125    -10.03707
    33.72305     47.37844    -12.09566
    43.89762     35.55606    -12.83749
    49.57066     36.59104    -12.09697
    26.17866     20.92099    -12.37751
    52.05830     52.08280    -12.49850
    45.93274     43.08478     -7.96696
    52.21728     52.01556     -7.90948
    52.19760     52.03911     -7.84831
    42.62206     37.95606     -7.29838
    51.49720     51.13391     -7.98748
    41.37620     26.79190    -13.86710
    52.19583     52.03987     -7.84748
    42.62207     37.95606     -7.29838
    45.47530     58.13070    -13.98000
    51.25936     40.93018    -12.45742
    39.66380     39.17040     -8.58565
    50.75260     64.38948    -24.55039
    45.68870     59.75300     -9.77230
    23.20926     37.12850     -9.00636
    33.47270     25.80046    -10.02296
    43.05121     41.15400    -13.59074
    48.93502     42.34901    -14.88860
    40.78165     27.53431     -8.20771
    50.35910     43.86988    -11.05769
    46.53930     48.89540    -29.01360
    51.22543     38.93520    -13.14367
    42.41805     28.99010     -9.54980
    34.63518     31.16338    -11.32694
    34.53938     46.49843    -10.17981
    41.53760     54.27796    -10.32383
    41.65181     25.08311    -11.14433
    26.76010     18.81160     -7.32450
    36.43053     29.54016    -10.42786
    57.33244     47.87366    -16.86357
    33.71623     26.37002    -20.41645
    39.80080     27.44242     -6.59640
    29.14654     27.27124    -12.61265
    23.17053     23.53698    -13.14686
    17.73909     26.26359     -7.72312
    48.79199     42.35465    -10.04205
    42.24531     37.44808    -11.62569
    51.84058     51.68746     -7.89024
    34.67147     31.17655    -11.48161
    25.31182     35.12177     -8.41489
    27.10127     38.68394    -12.05078
    32.84696     24.98591    -10.46727
    54.86480     59.73460     -8.00220
    29.54994     20.11728    -12.90251
    51.17419     40.83468    -12.37207
    29.32839     42.15589     -5.99976
    59.60975     51.79549    -10.04859
    51.45192     41.85138    -12.62452
    52.18452     51.97551     -7.91295
    52.15908     52.08208     -7.81336
    42.62207     37.95613     -7.29833
    31.99149     26.68850    -11.35281
    41.06950     48.15990    -22.65070
    52.19778     52.03901     -7.84836
    52.19815     52.03888     -7.84841
    26.97498     38.63905    -12.06262
    56.15560     63.33370    -20.96360
    43.86248     35.51083    -12.82494
    32.01276     42.68067    -12.50857
    45.90210     59.31936    -16.49405
    41.03145     29.97772     -6.84357
    28.72240     33.36090    -21.77620
    33.86216     47.70024    -11.63445
    20.85126     23.31655    -10.15803
    26.77680     26.24690     -8.44700
    39.13992     53.51140    -10.65209
    39.10160     32.04120     -8.48494
    37.87012     49.39344    -12.65935
    54.61300     43.71910    -15.58420
    35.70911     35.27793     -7.74772
    48.75987     48.23654    -15.20265
    35.47336     36.87210    -14.62915
    28.46228     39.15387    -11.95374
    36.19811     21.13200    -22.24690
    52.12829     52.03783     -7.83978
    42.10045     29.43750     -8.30622
    51.58336     41.24308    -12.79309
    42.25179     32.09403    -14.01044
    56.65898     65.46220    -22.96856
    29.98150     19.03190    -22.11260
    39.93560     36.78020    -12.50270
    26.75776     38.49976    -11.30967
    41.74058     54.22946    -10.38145
    35.81052     28.09024    -12.71011
    35.70967     20.41874    -14.85280
    29.54987     20.11735    -12.90249
    42.68200     57.25734    -10.30130
    20.15703     23.04795     -9.10384
    35.65063     20.09208    -14.66485
    23.52375     35.50789    -11.57015
    42.50746     28.70193    -11.32558
    58.47986     56.43898     -9.79156
    23.52800     19.46980    -17.71530
    40.77003     38.18601     -9.69986
    53.06326     43.54575    -13.33448
    20.65912     23.52560    -10.11401
    48.75986     48.23653    -15.20261
    36.66504     29.46959    -10.08069
    47.23823     45.28772     -8.81349
    33.71621     26.37003    -20.41643
    49.86497     45.50163    -10.56340
    31.87280     20.59970    -17.55220
    41.84140     25.26080    -20.14920
    44.04020     51.88685    -23.33567
    33.36837     37.12029    -16.83092
    42.21043     29.32016     -8.56485
    18.86031     30.98330     -8.73321
    19.99033     22.80690     -8.67094
    23.85310     18.00990    -15.17350
    42.33342     29.23708     -9.04844
    28.66129     22.63825    -11.79752
    50.98001     45.04284    -10.91879
    29.56160     43.32930    -14.15665
    50.17458     44.42714    -11.24693
    17.23161     27.25254     -6.65989
    53.51455     55.13695     -8.22022
    53.51453     55.13688     -8.22016
    22.60499     21.19556    -10.39498
    38.25330     32.03889    -20.05511
    40.88005     53.04405    -11.06632
    36.63815     29.52267    -10.04835
    38.02351     27.05189     -8.34204
    28.62949     39.32095    -11.67523
    52.20779     41.31320    -13.46987
    26.17915     20.92064    -12.37723
    37.08389     30.71460    -18.53326
    26.17850     20.92112    -12.37757
    31.87738     42.68041    -12.63411
    45.03257     40.63329    -13.12469
    45.26320     46.33177    -26.61550
    43.47675     56.01876    -13.75453
    34.97370     17.34560     -5.57550
    33.58305     45.03522    -12.27651
    24.61870     19.79740    -14.35230
    35.91333     29.49022    -13.37000
    43.75712     36.41267     -8.26790
    20.85124     23.31656    -10.15805
    31.99069     26.68816    -11.35361
    46.86831     43.39613     -8.02622
    36.55127     25.11670     -9.21496
    36.55126     25.11671     -9.21497
    30.86906     30.06065     -7.70440
    20.78430     28.26350     -8.84910
    52.09783     51.96993     -7.88368
    35.71645     20.44437    -14.87668
    31.24923     43.56890     -9.56755
    21.21753     23.28795    -10.55884
    55.73524     56.28141    -14.59055
    55.73524     56.28142    -14.59056
    53.51467     55.13720     -8.22034
    39.30758     31.96921     -8.49989
    35.83697     20.15039    -17.27483
    57.33242     47.87367    -16.86356
    35.84759     28.00267    -12.69808
    29.33955     20.36249    -12.91009
    54.20535     53.17061    -11.72899
    27.50250     26.71570    -23.59695
    39.47494     31.89133     -8.48048
    27.50250     26.71570    -23.59695
    48.79182     42.35484    -10.04185
    39.88480     44.21870    -21.71450
    55.73524     56.28143    -14.59056
    42.24437     37.43767    -11.61968
    26.13278     20.93191    -12.42815
    36.89049     29.47416    -10.04225
    17.47130     26.22080    -16.68800
    42.91857     34.35277    -12.14619
    42.91807     34.35244    -12.14550
    23.20928     37.12850     -9.00642
    53.14152     51.62344     -8.19820
    37.91520     46.93580    -17.84970
    48.35801     49.93443    -11.78551
    50.31367     44.42416    -11.13802
    22.60501     21.19557    -10.39500
    43.06827     41.63183     -9.55904
    54.26724     46.37667    -13.61456
    20.80171     23.70038    -10.42762
    48.73406     35.36988    -11.19522
    21.10126     23.40614    -10.54382
    17.24859     27.45558     -6.79212
    35.67616     20.23345    -14.74685
    23.58643     35.56130    -11.57844
    38.74786     31.77859    -14.14874
    30.22980     15.70690    -15.74770
    42.70241     28.65071    -10.33475
    35.71681     20.44505    -14.87801
    35.16500     31.33740    -20.25100
    21.86010     30.31000    -12.24100
    48.77992     35.43814    -11.24792
    54.05168     50.04851    -12.26821
    45.79350     49.08670    -22.09160
    46.86831     43.39613     -8.02624
    31.39212     43.75338     -9.49317
    35.23532     32.67602     -7.50507
    23.23805     35.38980    -11.35612
    29.56236     43.33077    -14.15355
    42.68227     57.25763    -10.30125
    40.30490     24.11620     -6.60510
    46.87254     44.28559    -14.99073
    59.61006     51.79628    -10.04891
    52.12944     47.05401    -10.93814
    42.09746     38.86833    -12.55503
    50.25035     44.35288    -11.16328
    38.30370     23.94830     -8.91820
    51.74948     49.57479    -10.24487
    35.72660     20.42085    -15.07378
    32.78052     45.22740    -13.28370
    33.42017     25.72970    -10.05954
    31.07405     37.73107    -23.41492
    31.99048     26.68806    -11.35386
    41.31760     52.31690    -14.82860
    40.60076     38.02283     -9.56547
    54.05130     50.04841    -12.26790
    50.00422     57.35380    -23.42986
    17.97413     25.96748     -7.81769
    51.97980     66.01210    -13.33990
    18.59772     25.18838     -8.05686
    31.74622     42.68028    -12.75540
    27.99565     38.99378    -11.98959
    50.79850     64.61575    -15.10102
    52.34131     59.66544    -23.63572
    56.17720     65.16770    -22.73224
    40.55804     32.54427    -12.27560
    45.19670     37.90309    -13.15869
    26.00295     37.98055     -8.21399
    41.41570     53.02850     -7.48610
    45.56780     26.47630    -13.16380
    39.40110     40.90210     -9.53460
    30.33820     37.81790    -19.32930
    32.82340     36.71140     -9.76700
    40.40748     54.49209    -10.07275
    42.31324     30.27806     -8.02815
    38.79013     29.28334     -9.77492
    45.56022     43.00916     -8.36937
    48.79182     42.35492    -10.04183
    47.18900     45.27534     -8.81165
    26.17870     20.92098    -12.37755
    41.65179     25.08309    -11.14437
    29.94136     36.18711    -14.06194
    32.47778     22.62904    -10.04431
    48.79173     42.35494    -10.04174
    22.21923     26.08280    -11.90166
    33.42373     37.53714    -17.22883
    30.66160     41.06190    -14.08760
    37.81780     32.79150     -8.25670
    18.79949     31.08831     -8.60363
    31.07403     37.73108    -23.41490
    40.80899     27.02548     -8.14788
    44.06767     35.71471    -12.73017
    42.09914     29.62554     -8.11878
    42.15016     29.51425     -8.33642
    17.38226     27.37122     -6.82392
    18.85384     23.69515     -6.19586
    26.92469     38.60908    -12.08766
    35.47331     36.87201    -14.62904
    45.43338     37.07006     -9.16811
    46.65400     43.32218     -8.00830
    59.60983     51.79565    -10.04871
    39.44911     31.90350     -8.48382
    31.38841     43.74864     -9.49514
    18.85386     23.69515     -6.19584
    23.15820     21.42410     -5.53430
    31.15150     43.40313     -9.60562
    50.56358     44.62989    -11.01731
    51.31035     45.41494    -10.80063
    23.59760     29.32030    -13.29600
    42.96739     34.41083    -12.19188
    48.79166     42.35499    -10.04172
    34.92637     36.01136    -17.26193
    24.86780     14.60160     -8.73950
    41.79543     31.29944    -14.17396
    51.58275     58.18760    -19.00191
    41.61776     29.16490    -14.89523
    35.72543     20.41769    -15.06755
    23.24884     23.74340    -13.23974
    33.42017     25.72970    -10.05954
    29.57350     28.33810    -19.65320
    48.93523     42.34879    -14.88849
    39.61105     53.96052    -10.46304
    49.79440     54.26780    -26.21010
    51.74163     49.58449    -10.23056
    51.74356     49.58206    -10.23417
    51.74270     49.58308    -10.23261
    43.41950     34.36987     -8.68973
    64.62510     57.33450    -26.74960
    41.61483     29.16664    -14.90636
    40.38854     32.76775    -13.50943
    37.48920     37.95930    -10.00680
    30.24730      9.53290    -16.80930
    41.32399     27.24112     -8.59667
    42.77177     39.52499     -6.50107
    35.71681     20.44505    -14.87801
    44.34834     33.19730    -15.57256
    41.15710     25.76320    -17.02690
    31.17784     34.21638    -15.38959
    30.33191     32.13279    -16.13088
    56.27390     53.54740    -12.86100
    33.54895     47.07162    -12.67283
    16.49600     29.29630    -16.03870
    42.90560     34.25543    -12.03629
    54.23287     46.33874    -13.60336
    47.23868     39.26590    -14.68463
    33.42017     25.72973    -10.05954
    52.19582     52.03990     -7.84734
    40.46142     33.70118    -11.86816
    53.51455     55.13695     -8.22018
    29.76309     35.88025    -14.90715
    33.42013     25.72980    -10.05961
    56.30945     65.26416    -22.78427
    48.35802     49.93440    -11.78550
    47.47736     34.54620     -8.64651
    40.12900     23.35350    -20.44900
    23.17055     23.53699    -13.14683
    25.35550     39.39550    -15.87860
    23.50138     24.43015    -13.55518
    30.19360     15.51390    -22.92640
    28.38260     18.26430    -13.36990
    37.71175     21.22870    -17.09985
    20.43000     23.24091     -9.59955
    47.47855     34.54706     -8.63973
    26.84243     38.57768    -12.09724
    52.43970     64.98020    -23.98260
    31.76790     42.68030    -12.73533
    41.98760     42.60780    -23.76900
    45.03258     40.63330    -13.12464
    26.00306     37.98066     -8.21412
    45.03257     40.63330    -13.12465
    33.42726     37.56333    -17.25408
    45.03790     49.15630    -27.34960
    34.83989     31.40960    -13.53873
    41.74829     31.20400    -14.23415
    26.17922     20.92060    -12.37725
    31.32990     43.66553     -9.52336
    30.33190     32.13280    -16.13087
    40.92580     27.62060    -20.48360
    42.62213     37.95657     -7.29825
    37.77550     45.24520    -21.96600
    37.74650     30.73250    -21.58330
    49.62942     57.34076    -22.96442
    42.88980     26.81090    -14.48280
    52.22904     47.41700    -11.20516
    31.70094     35.87757    -15.40090
    31.70094     35.87757    -15.40089
    35.47343     36.87214    -14.62930
    43.47675     56.01874    -13.75457
    42.62200     37.95610     -7.29826
    45.29831     35.90161    -10.91972
    40.33043     32.86745    -13.95155
    42.62204     37.95603     -7.29829
    42.56130     28.74429    -10.41175
    37.71648     32.14930    -12.07185
    42.86522     34.20864    -12.24491
    46.61505     46.32646     -6.55380
    47.41715     37.60167    -10.37811
    40.27250     32.91899    -14.34620
    40.35090     32.83495    -13.82318
    50.28880     44.30243    -11.09976
    32.02910     31.05970     -8.60630
    31.17970     34.21656    -15.39312
    34.51110     24.52160    -19.07710
    53.06322     43.54623    -13.33391
    45.21323     42.84736     -7.30501
    55.23120     49.96620     -3.99030
    32.64305     26.60799     -7.40331
    38.79599     31.68488    -14.20359
    35.46990     18.70778    -14.30412
    48.35797     49.93445    -11.78559
    39.91717     54.20404    -10.28811
    35.72425     27.97998    -12.85509
    48.35800     49.93443    -11.78556
    33.38660     39.33160    -21.26650
    48.73470     61.40290    -11.50270
    36.02183     29.80594    -11.35485
    18.79950     31.08830     -8.60355
    43.41953     34.36973     -8.68968
    49.86547     45.50147    -10.56356
    41.53699     27.11828     -8.76114
    45.90210     59.31934    -16.49405
    27.69900     39.58950     -6.07220
    54.25826     46.36676    -13.61163
    35.87374     28.87538    -18.12113
    34.35430     31.22624    -10.46034
    28.71480     37.94026    -15.10984
    41.17354     36.50569     -8.23346
    33.43533     37.62355    -17.31173
    37.87010     49.39343    -12.65945
    36.14400     37.72220     -9.44070
    16.01460     27.88150    -21.06910
    30.77680     27.94290    -10.40010
    40.55218     34.33619    -11.81127
    40.12125     27.91288     -7.78193
    17.83278     26.25032     -7.01943
    49.71057     57.58605    -22.31452
    42.07849     39.62128    -10.58494
    40.88005     53.04405    -11.06628
    35.72131     20.40263    -15.04708
    25.52350     14.22830    -15.46170
    23.25280     28.10120     -9.25690
    31.44481     42.68132    -13.03164
    48.57480     35.23147    -11.12768
    32.99440     14.82930    -12.25890
    40.47910     34.66571    -12.37741
    50.33586     44.36127    -11.08425
    41.44500     25.02200     -7.22820
    35.71784     20.45056    -14.88234
    41.89600     44.71240    -16.53980
    40.51873     32.76203    -12.38726
    34.88184     46.54948    -10.19039
    46.87262     44.28556    -14.99051
    47.11050     39.15786    -14.66971
    25.99558     37.97991     -8.19490
    35.47337     36.87212    -14.62919
    29.29552     34.23868    -12.22520
    50.11395     44.20859    -11.25812
    47.03619     43.45596     -8.05383
    38.50226     28.04507    -14.97917
    37.53750     35.57940    -10.89980
    34.92637     36.01136    -17.26193
    43.16109     34.65507    -12.33458
    37.71658     32.14803    -12.07014
    43.04115     34.48164    -12.12931
    39.75000     45.54629    -18.71952
    24.47133     33.45150    -13.92581
    26.79678     38.55798    -12.10308
    52.46829     51.91081     -8.00083
    22.64780     24.30780     -8.40420
    43.41864     34.36974     -8.69486
    52.34364     52.46430     -7.46641
    48.79180     42.35487    -10.04184
    34.04824     44.81797    -11.07586
    55.26022     50.72399    -13.22033
    39.40674     31.92343     -8.48906
    20.84940     19.39410    -12.48970
    37.12710     19.25490    -13.25670
    39.28589     31.97838     -8.50080
    21.14709     23.32577    -10.51056
    39.41130     29.35850    -24.47000
    29.23350     19.06460    -10.50650
    43.41739     34.36980     -8.70337
    51.55632     41.46372    -12.75367
    43.79418     35.43595    -12.84550
    40.29560     54.50806    -10.05520
    30.85250     26.72530     -8.67040
    40.36718     27.78013     -7.92607
    39.43784     53.80447    -10.57554
    40.25617     34.18798    -13.59517
    20.34162     24.53420    -10.55753
    42.11377     29.58774     -8.18086
    35.78170     20.59733    -15.12351
    35.71464     20.43871    -14.87009
    48.35837     49.93399    -11.78480
    43.94640     28.53020    -14.08800
    28.41929     39.13872    -11.95785
    53.22504     51.53412     -8.28777
    23.28120     23.82220    -13.27106
    44.34836     33.19730    -15.57254
    53.29760     56.71430    -24.11930
    47.55191     39.48937    -14.73763
    41.61506     29.16645    -14.90545
    42.07849     39.62125    -10.58490
    52.44738     51.88595     -8.01484
    49.85750     46.81460    -14.13820
    26.18000     20.91994    -12.37675
    36.31507     29.64845    -10.81909
    52.17710     64.52120    -13.20430
    63.63890     59.54110    -21.47440
    43.87240     46.62340    -23.87660
    28.51813     38.88368    -12.65602
    41.61584     29.16642    -14.90253
    33.82667     47.59756    -11.76681
    52.16427     47.24712    -11.15243
    35.87222     28.87584    -18.11954
    50.21050     49.60490    -15.33280
    38.01876     41.09376    -18.58037
    36.89049     29.47416    -10.04226
    35.52441     30.30315    -12.29953
    49.22880     39.52600    -14.66970
    36.55127     25.11697     -9.21499
    35.65949     30.08134    -12.27868
    42.03677     38.83627    -12.76341
    18.08720     28.36950    -18.64750
    52.27888     47.62134    -11.28486
    48.77987     35.43816    -11.24801
    39.76564     29.14674    -10.16781
    48.35794     49.93450    -11.78567
    27.09648     38.68218    -12.05152
    58.47812     56.43938     -9.78941
    26.92464     38.60910    -12.08784
    59.59970     51.27030    -15.21760
    36.63240     51.07660     -5.95940
    42.21941     29.29724     -8.60738
    17.31757     27.21657     -6.81486
    32.47778     22.62904    -10.04436
    35.23575     32.67546     -7.50533
    38.44290     46.34840    -21.20660
    39.98652     34.16532    -12.77922
    23.20927     37.12851     -9.00636
    39.74875     33.19097    -18.13137
    35.21890     16.95400    -12.52680
    38.50801     28.04210    -14.97900
    48.98112     35.73084    -11.46355
    38.27440     28.36460    -17.94510
    33.90460     29.79770    -20.04260
    22.98586     35.06205    -11.48317
    35.01908     30.95677    -12.17404
    58.42276     48.84953     -9.99171
    51.53728     45.75860    -10.62655
    42.46660     31.70768     -7.85193
    22.99318     23.12092    -12.99261
    33.14272     46.37088    -10.19692
    41.92833     26.98864     -9.09835
    37.70552     32.14585    -12.03903
    40.08796     31.60533     -8.40902
    42.72104     31.97780    -15.79502
    41.68996     54.24259    -10.36560
    40.60200     44.28370    -25.14600
    43.41963     34.36953     -8.68979
    32.64305     26.60801     -7.40329
    42.38910     32.47778    -13.59999
    43.91694     35.57916    -12.84045
    24.71892     36.05752    -12.38711
    41.93787     26.98504     -9.10764
    33.46967     25.80235    -10.02595
    29.54924     20.11808    -12.90257
    33.42736     37.56405    -17.25472
    28.89630     24.24160    -22.32350
    48.74395     35.36125    -11.17921
    42.47254     32.92614    -13.21612
    26.17849     20.92112    -12.37756
    29.94138     36.18716    -14.06188
    55.73524     56.28142    -14.59058
    23.20928     37.12849     -9.00638
    32.73333     24.84188    -10.54954
    47.11350     57.17400    -19.60400
    36.29604     47.98026     -9.79006
    16.29530     25.38540    -13.04020
    52.34129     59.66546    -23.63568
    15.02942     27.49726    -12.69386
    40.53892     34.05261    -11.76532
    52.19702     52.03939     -7.84793
    54.27821     46.38884    -13.61807
    34.09500     14.30000     -5.67740
    37.33940     29.20870    -21.84140
    35.31170     42.41710    -24.22580
    40.49220     32.74142    -12.59151
    30.12750     13.82510    -22.58130
    49.67024     57.51704    -22.49002
    60.42956     54.52649    -23.02130
    52.17110     48.81070     -7.24050
    22.60500     21.19557    -10.39502
    45.43362     37.07024     -9.16841
    51.68461     41.29369    -12.90071
    40.40268     34.23128    -15.16339
    21.87920     21.46820    -19.03910
    45.26320     46.33177    -26.61551
    50.96330     47.55530     -7.77730
    25.71450     39.31980     -9.21900
    44.92470     31.47050    -10.29290
    35.46990     18.70774    -14.30415
    50.75258     64.38950    -24.55029
    46.61505     46.32644     -6.55380
    43.92690     43.35860    -25.81570
    42.50014     31.76001     -7.85796
    58.47905     56.43917     -9.79059
    48.79171     42.35499    -10.04167
    28.46005     39.15277    -11.95458
    50.68390     59.11995    -23.82776
    29.58085     20.08129    -12.90129
    45.51229     39.43856     -6.91733
    51.43821     41.11467    -12.64161
    48.79178     42.35489    -10.04184
    48.79178     42.35487    -10.04182
    36.55127     25.11685     -9.21495
    41.61348     29.16725    -14.91130
    25.42043     22.13328    -13.29184
    29.31267     42.14824     -6.00355
    42.50663     28.70220    -11.33004
    42.62206     37.95605     -7.29856
    49.67921     36.75156    -12.21564
    40.31342     34.46928    -12.75686
    55.58560     48.26350    -15.06370
    33.21103     25.45917    -10.20869
    38.25329     32.03866    -20.05491
    24.71887     36.05749    -12.38707
    36.51050     41.11700    -17.67680
    27.37580     19.40650    -13.56040
    43.61260     47.63450    -22.50900
    50.97923     45.11466    -10.89449
    57.58050     64.72880    -20.73380
    20.34161     24.53428    -10.55763
    37.59631     29.42264     -9.82699
    20.34234     24.52977    -10.55500
    30.08263     36.20568    -13.81958
    27.60050     32.67590    -17.18070
    48.79175     42.35492    -10.04179
    35.84762     28.00264    -12.69815
    47.62420     47.50910    -26.54980
    40.54371     32.58390    -12.35588
    32.39580     45.44585    -13.77821
    17.72965     26.29382     -7.68967
    45.03255     40.63328    -13.12465
    36.37547     48.08029     -9.77446
    38.25333     32.03889    -20.05513
    32.20810     44.65016     -9.02090
    42.06923     39.68481    -10.43346
    25.98998     21.11517    -12.55982
    31.31776     30.96810    -11.87026
    36.69930     22.92220     -7.11420
    54.34729     46.46502    -13.64067
    32.50924     45.38274    -13.63372
    35.82073     28.23196    -12.77577
    48.25312     39.84016    -10.68157
    48.25313     39.84020    -10.68157
    35.75992     29.93641    -12.29163
    45.81940     50.76700     -8.41320
    42.52535     28.80679    -10.17780
    40.23547     33.32463    -14.30293
    21.12418     23.41049    -10.57469
    40.84411     27.50494     -8.25426
    45.03254     40.63328    -13.12469
    37.71644     32.14851    -12.07056
    36.73988     25.12481    -11.52408
    49.71470     61.23100    -21.37650
    26.01846     38.07001    -12.54245
    33.42729     37.56350    -17.25422
    27.49346     38.81455    -12.01492
    28.87638     34.65548    -11.88855
    40.00430     33.10736    -16.33902
    35.23599     32.67514     -7.50550
    35.70932     20.41820    -14.85176
    30.12240     27.94340     -5.97000
    32.01809     23.01751     -8.37834
    29.14656     27.27126    -12.61265
    35.83698     20.15039    -17.27487
    34.06720     18.10510    -11.82880
    53.06326     43.54568    -13.33458
    15.02944     27.49729    -12.69383
    29.34630     34.09468    -12.18788
    31.69463     21.49105    -11.81385
    28.66127     22.63823    -11.79755
    36.71305     34.25584    -12.09360
    51.15048     45.29326    -10.85006
    34.01045     44.97994    -11.79834
    38.98361     36.22312     -8.36485
    29.94137     36.18712    -14.06197
    31.69463     21.49108    -11.81382
    31.70092     35.87756    -15.40091
    25.12880     21.16947    -13.53880
    29.21803     34.30955    -12.15769
    28.01250     36.51400    -17.31020
    25.20181     39.18464    -13.13574
    52.46231     41.30196    -13.75591
    46.68703     32.79867     -6.87200
    46.68703     32.79866     -6.87200
    46.68704     32.79867     -6.87200
    25.99921     37.98019     -8.20433
    46.00440     61.43460    -21.12490
    53.13837     51.62494     -8.19739
    29.56228     43.33064    -14.15385
    36.37546     48.08031     -9.77433
    47.47716     34.54624     -8.64804
    50.26692     44.20944    -11.09958
    18.17360     26.44880    -13.23670
    35.40303     49.71476     -6.85515
    53.06327     43.54582    -13.33441
    53.51458     55.13699     -8.22023
    54.06563     50.05499    -12.28009
    36.11270     45.26220    -17.48320
    45.10127     43.14391    -10.57124
    17.78256     26.07957     -8.25074
    45.10139     43.14385    -10.57105
    29.94136     36.18710    -14.06198
    37.71724     32.14874    -12.07270
    35.84762     28.00269    -12.69784
    42.58843     28.70820    -10.55961
    27.78770     28.79800    -19.31580
    54.20535     53.17059    -11.72901
    33.41670     41.00530    -19.54690
    48.70045     35.33143    -11.16808
    35.70908     35.27817     -7.74750
    51.72358     41.22615    -12.94574
    26.92461     38.60905    -12.08763
    23.30423     23.88393    -13.29994
    35.15930     33.41870    -13.77510
    29.94138     36.18711    -14.06195
    39.22560     43.62550    -27.10760
    45.43354     37.07016     -9.16827
    42.68209     57.25750    -10.30145
    58.27590     48.50580    -21.62960
    15.02944     27.49731    -12.69385
    46.25387     43.18605     -7.96839
    31.17975     34.21655    -15.39325
    50.31479     44.60427    -11.05419
    42.08577     32.53805     -7.67264
    34.86774     46.39721    -10.06330
    42.12911     29.43662     -8.36948
    31.70299     42.68023    -12.79537
    42.74765     33.94122    -12.45098
    35.71012     20.41975    -14.85424
    35.84761     28.00266    -12.69810
    35.47333     36.87208    -14.62913
    45.42410     53.69910    -18.28400
    34.40767     31.21502    -10.63069
    36.18210     27.21784    -12.59433
    34.28919     46.88978    -11.08978
    52.22828     47.41465    -11.20450
    35.54890     23.84040    -10.64570
    23.16824     35.29121    -11.40244
    22.21924     26.08283    -11.90168
    43.09901     34.57163    -12.32388
    25.31182     35.12175     -8.41503
    33.42018     25.72969    -10.05943
    60.11766     54.48248    -22.20314
    60.18294     54.49170    -22.37439
    42.48439     28.86685     -9.97105
    42.49451     28.85295    -10.01617
    42.77155     34.03454    -12.38107
    18.48039     23.89161    -14.04006
    20.10430     22.30070    -18.06400
    31.53905     37.69295    -16.98602
    42.60648     34.56911    -12.31311
    37.71175     21.22870    -17.09985
    23.21345     23.64729    -13.19530
    51.18280     45.32634    -10.72570
    28.63534     39.32685    -11.66570
    32.56741     45.35678    -13.55773
    32.75125     45.29035    -13.32188
    33.43345     37.60985    -17.29848
    33.98590     27.81760    -10.62090
    35.09657     46.61520    -10.03347
    23.98760     27.03520    -18.04650
    23.16919     35.29259    -11.40189
    50.23965     44.24000    -11.11745
    37.71660     32.14767    -12.06954
    43.38508     34.37352     -8.95063
    42.48452     28.86683     -9.97158
    52.08860     51.98086     -7.84865
    43.55830     40.48090     -4.81850
    17.59669     26.19663     -8.68465
    43.86252     35.51063    -12.82510
    33.93741     47.89663    -11.39490
    26.00989     21.09662    -12.54659
    23.20927     37.12850     -9.00639
    29.94135     36.18708    -14.06207
    36.58612     29.80260     -8.55628
    26.60268     20.76690    -12.39468
    23.05981     35.43255    -11.05583
    33.57246     25.80107     -9.89033
    47.47745     34.54661     -8.64685
    34.60750     38.02690    -21.63930
    18.86030     30.98331     -8.73324
    43.02571     34.44864    -12.20956
    63.52225     57.30994    -23.67303
    37.89980     44.14495    -23.53815
    29.32827     42.15582     -5.99968
    54.95650     45.64500     -8.92050
    39.56256     31.85407     -8.47666
    47.41713     37.60167    -10.37819
    33.13093     32.36461     -7.42088
    29.94135     36.18711    -14.06200
    35.09180     33.91190    -18.83450
    27.28295     38.75215    -12.02412
    47.47747     34.54642     -8.64619
    38.81100     22.74720    -10.33140
    37.71652     32.14815    -12.07015
    40.60983     32.52836    -12.49274
    48.03750     49.49930    -22.54640
    38.58739     28.00023    -14.97786
    40.43157     34.07697    -12.08229
    36.88697     27.33766    -21.91533
    19.34661     30.14340     -9.77006
    34.69810     33.59550    -16.31990
    35.71989     20.39881    -15.04074
    50.49838     44.61261    -11.07270
    42.87798     34.24879    -12.21559
    31.76169     42.68036    -12.74094
    34.97882     31.28997    -12.81190
    50.12103     44.50838    -11.10108
    33.89966     44.98900    -11.86627
    32.04260     44.71850     -5.76230
    32.26410     14.60940     -8.98340
    49.66855     44.38844    -11.78266
    47.47620     34.54620     -8.65540
    56.30920     65.26403    -22.78418
    53.63532     51.09050     -8.73492
    36.32841     48.02209     -9.78354
    25.45706     21.68475    -13.07319
    33.88806     44.98296    -11.94172
    48.45871     45.30941    -17.53182
    27.16220     41.81880     -6.56650
    40.58711     34.48241    -11.80571
    45.51315     42.94870     -7.95046
    18.79950     31.08833     -8.60353
    22.76698     34.72145    -11.67520
    36.68045     29.53384    -10.09895
    18.60459     28.06578     -7.85523
    25.20176     39.18464    -13.13574
    26.13286     20.93191    -12.42806
    35.91525     47.52079     -9.86379
    48.77987     35.43814    -11.24801
    40.77743     38.19367     -9.70431
    23.17644     35.30426    -11.39496
    35.70915     35.27751     -7.74813
    28.71478     37.94028    -15.10981
    35.87138     28.87610    -18.11866
    38.38286     27.34594    -12.06441
    18.48041     23.89159    -14.04004
    22.09320     20.36050    -13.91980
    50.86240     63.58390    -10.17290
    42.69544     28.65397    -10.34242
    29.20648     34.31517    -12.14359
    36.55125     25.11658     -9.21499
    26.37522     20.83022    -12.36963
    58.42277     48.84954     -9.99175
    45.51229     39.43858     -6.91732
    39.32370     35.12960    -22.01330
    25.64145     24.08495    -15.49383
    47.18893     45.27532     -8.81166
    34.02740     43.03405    -17.38534
    23.89290     30.19230    -17.38090
    31.24922     43.56893     -9.56757
    47.10856     39.15602    -14.66958
    55.73524     56.28141    -14.59055
    60.05436     54.47364    -22.03695
    58.42277     48.84954     -9.99174
    56.46456     65.47239    -22.76619
    51.22543     38.93520    -13.14367
    43.75713     36.41268     -8.26792
    41.24120     51.32250    -16.82890
    40.14180     50.56540    -15.18710
    46.31780     59.10500    -13.12020
    20.62614     23.49926    -10.05075
    20.51619     23.29576     -9.75020
    37.87012     49.39343    -12.65929
    48.93537     42.34870    -14.88836
    26.97361     38.63771    -12.05558
    29.11120     15.29010    -10.75820
    51.22543     38.93520    -13.14366
    31.17971     34.21656    -15.39307
    47.06749     45.24483     -8.80697
    48.75987     48.23653    -15.20264
    50.08300     56.19730     -9.08960
    34.02740     43.03405    -17.38536
    42.62208     37.95606     -7.29841
    48.35802     49.93440    -11.78549
    20.12112     23.00974     -9.02565
    31.99058     26.68810    -11.35371
    24.11910     31.65590    -14.19770
    48.79167     42.35499    -10.04173
    51.58275     58.18760    -19.00189
    29.89900     39.27480    -15.11640
    34.66658     31.17476    -11.46039
    34.26220     45.06481    -12.25976
    38.55472     29.31613     -9.67981
    33.89737     47.77336    -11.53092
    20.86732     23.58523    -10.41186
    51.46233     41.12882    -12.66692
    40.77027     38.18626     -9.70004
    18.65587     28.08479     -7.89271
    40.58552     34.71369    -12.07167
    25.44081     21.98316    -13.20616
    54.00120     64.80940    -19.34930
    50.72309     45.13485    -10.84719
    38.25327     32.03831    -20.05460
    30.50810     19.00410     -7.59800
    41.25378     38.67892    -10.09387
    42.58409     33.41286    -12.81267
    50.68390     59.11995    -23.82774
    26.92383     38.60880    -12.08802
    32.84676     24.98580    -10.46748
    19.91350     26.11470     -7.88740
    50.24150     44.24788    -11.11614
    25.99560     37.97987     -8.19497
    51.07740     53.31000    -15.06350
    40.58842     34.48844    -11.81067
    56.56050     60.99320    -19.21710
    38.38227     27.34662    -12.06401
    41.53558     54.27875    -10.32253
    45.03290     31.48270    -15.08140
    52.15470     38.42500    -10.76880
    33.86362     47.54261    -11.71708
    58.97410     64.07940    -21.15830
    37.89980     44.14495    -23.53815
    38.01872     41.09370    -18.58042
    50.39004     57.24534    -24.20322
    45.19670     37.90311    -13.15871
    27.23190     17.19050    -14.70600
    53.06329     43.54582    -13.33449
    45.85810     52.15090    -21.02200
    36.88701     27.33769    -21.91534
    18.79953     31.08829     -8.60354
    32.67114     24.76731    -10.59678
    43.42345     34.37011     -8.65672
    17.75627     26.28277     -7.57549
    54.17946     50.11444    -12.37215
    42.13953     38.88137    -12.43349
    16.96380     23.96540    -10.14870
    43.06722     41.63241     -9.55852
    26.80230     12.92620     -8.95300
    49.67922     36.75155    -12.21564
    35.40295     49.71472     -6.85497
    40.66282     27.58305     -8.11978
    32.99360     28.94420    -10.75110
    50.23245     44.33641    -11.17028
    32.85412     24.99555    -10.46234
    42.54007     28.79233    -10.13155
    41.61769     29.16495    -14.89548
    15.83380     25.39500     -6.60680
    50.50735     57.21314    -24.41189
    37.81481     32.12120    -12.27294
    33.70533     45.00819    -12.15861
    31.32992     43.66552     -9.52337
    46.72503     38.82888    -14.62665
    34.86141     31.17222    -12.13033
    45.51308     42.94870     -7.95028
    42.62214     37.95593     -7.29845
    38.01881     41.09379    -18.58033
    35.72677     20.42107    -15.07461
    52.19908     52.03865     -7.84854
    20.62090     25.06050    -19.23630
    33.77597     44.98770    -12.03390
    53.06336     43.54391    -13.33680
    33.43376     37.61203    -17.30064
    64.60260     55.96750    -25.49600
    57.33244     47.87366    -16.86357
    26.91897     38.60692    -12.08857
    55.10430     56.03850     -8.77580
    33.71626     26.37003    -20.41643
    21.22315     23.31707    -10.58759
    22.21927     26.08287    -11.90170
    18.66036     28.08374     -7.88959
    19.58385     27.42150    -14.39125
    28.44207     24.95407    -14.19354
    35.23572     32.67549     -7.50532
    25.12850     32.76800    -17.31850
    21.13190     23.34168    -10.50738
    54.27824     46.38884    -13.61814
    49.00437     56.78869    -23.49486
    34.86110     25.91790    -13.95890
    49.30620     64.84760    -26.27330
    30.68376     42.61632     -9.78818
    23.32871     23.94877    -13.32930
    60.42100     50.59010    -20.36510
    52.15298     52.07606     -7.81418
    36.01510     29.73300    -11.39446
    18.59773     25.18840     -8.05688
    52.22846     47.41423    -11.20474
    40.02470     24.98110    -13.12710
    21.29537     23.62881    -10.90598
    49.91400     57.38411    -23.23763
    58.90550     50.36640    -17.29480
    42.24520     37.44192    -11.62218
    24.41141     33.42816    -13.91364
    25.89790     32.00640    -13.19250
    31.33950     24.58480     -7.06100
    59.60979     51.79554    -10.04868
    51.87989     41.27560    -13.11330
    42.24407     37.43710    -11.61948
    42.00388     26.96441     -9.16803
    31.37160     34.32400     -9.00520
    50.19370     62.41980    -26.10540
    40.54080     41.92350    -11.80240
    47.23804     39.26516    -14.68465
    17.51055     27.20225     -6.93682
    30.33190     32.13280    -16.13087
    52.25571     47.52022    -11.25287
    18.79954     31.08829     -8.60336
    51.55113     41.23977    -12.75821
    34.54271     31.19389    -11.08068
    35.36779     46.85314     -9.96705
    34.03071     44.92087    -11.42834
    44.37590     30.46530    -13.50520
    29.54974     20.11750    -12.90252
    43.86434     35.51347    -12.82591
    28.44211     24.95412    -14.19341
    49.83630     62.97820    -21.28470
    59.60942     51.79447    -10.04842
    37.87023     49.39343    -12.65888
    49.69781     44.39111    -11.75050
    41.00810     31.56480    -19.21380
    29.61639     20.04031    -12.89907
    54.07984     46.16956    -13.55365
    18.22902     27.87175     -7.55370
    39.77640     26.12720    -22.34250
    37.56120     24.48320     -6.56660
    40.54582     34.28788    -11.80663
    51.47801     41.75752    -12.65667
    30.33190     32.13280    -16.13087
    45.60399     42.97592     -7.94817
    42.77176     39.52496     -6.50106
    48.79186     42.35491    -10.04181
    39.75000     45.54631    -18.71948
