    43.32179     41.49339     -9.68563
    29.25619     42.12223     -6.02430
    38.99406     36.23662     -8.37435
    39.20345     32.05345     -8.60567
    40.31004     32.59678    -13.75358
    43.32256     41.49438     -9.68719
    55.82144     57.28752     -9.82989
    33.30580     17.84170    -15.31120
    52.20569     41.33345    -13.45972
    40.25582     32.89471    -14.73702
    38.02313     27.05216     -8.34274
    43.75947     36.41219     -8.26789
    42.10152     29.49723     -8.00859
    41.49530     50.84940    -19.94120
    43.05056     41.15379    -13.59100
    51.45228     41.02823    -12.65416
    36.19767     21.13219    -22.24669
    53.06336     43.55395    -13.32541
    31.53892     37.69281    -16.98483
    50.79829     64.61558    -15.10242
    18.76005     28.11238     -7.94992
    46.95708     39.08726    -14.62696
    42.23334     37.35997    -11.57313
    48.93550     42.34918    -14.88810
    40.31974     54.59551     -9.95013
    33.85020     20.85440    -17.85220
    40.20807     54.50584    -10.08442
    18.72133     28.11138     -7.94941
    42.57871     28.71578    -10.40677
    21.75553     22.76802    -10.47617
    38.81167     27.88357    -14.97091
    26.22842     20.86970    -12.34489
    35.47345     36.87215    -14.62925
    35.47357     36.87200    -14.62943
    38.77880     31.65655    -14.17068
    33.73702     46.26553    -10.05509
    42.19631     38.95356    -12.17775
    48.79884     42.33900    -10.05444
    25.73112     21.08943    -12.05765
    53.69881     49.89062    -11.98399
    39.66376     39.17043     -8.58571
    31.92691     23.09835     -8.03883
    33.26553     46.34023    -10.11760
    41.39078     27.25483     -8.55587
    40.73532     27.62919     -8.08587
    47.41778     37.60071    -10.37722
    56.20380     62.35240    -17.98270
    42.05953     39.74618    -10.29114
    28.37070     40.67040    -13.65690
    48.25388     39.84179    -10.68137
    26.60654     38.63238    -12.27844
    34.88078     31.39356    -13.44084
    29.58573     20.07402    -12.90357
    31.20896     43.51877     -9.59349
    49.25798     49.02081     -7.44696
    38.84716     31.60052    -14.26609
    33.58534     20.44418    -12.46463
    34.93250     18.55510     -9.84340
    46.50560     40.92520    -10.37440
    25.95599     21.03436    -12.35098
    39.97412     28.41312     -8.43669
    40.33164     28.04618     -8.17094
    28.66074     22.63746    -11.79993
    44.04006     51.88707    -23.33689
    32.62065     22.50664    -10.58436
    20.12831     23.07177     -9.10177
    49.59680     37.17130     -8.03180
    48.25326     39.84060    -10.68151
    30.86855     30.06052     -7.70456
    43.32241     41.49440     -9.68678
    44.85030     47.70500     -5.77110
    56.77300     65.49765    -23.05259
    43.03563     34.54740    -12.36266
    34.92624     36.01159    -17.26254
    42.40402     30.29292     -7.93137
    42.21596     29.67098     -8.00022
    37.74590     26.71980    -18.65540
    40.53245     32.28776    -12.11707
    52.27681     47.79580    -11.26359
    63.52211     57.31021    -23.67390
    52.02880     46.08759     -9.36434
    41.30010     36.23470    -22.85650
    49.74994     36.86009    -12.29362
    36.55972     25.11271     -9.32785
    42.54362     33.59180    -12.60278
    42.64777     33.94485    -12.33567
    45.97004     43.07449     -7.90925
    35.78124     28.13508    -12.58963
    51.77416     41.42423    -12.98629
    54.84981     50.41122    -12.95145
    32.35060     22.73772     -9.57399
    42.65880     57.23022    -10.29704
    56.01811     65.04517    -22.67485
    56.08229     65.11294    -22.68276
    56.08233     65.11298    -22.68278
    21.06897     23.36543    -10.50011
    35.64717     30.23626    -12.25671
    56.01782     65.04497    -22.67308
    33.58352     20.44212    -12.46807
    33.58255     20.44193    -12.46913
    33.58339     20.44239    -12.46807
    53.84401     49.96429    -12.08230
    50.75255     64.38932    -24.54974
    38.97953     36.21948     -8.36151
    30.05914     36.35810    -13.63412
    45.45240     34.36470     -9.65390
    42.62153     37.95403     -7.29646
    42.59220     28.70004    -10.55973
    38.10890     28.25546    -14.98023
    25.31178     35.12204     -8.41526
    56.48123     65.35720    -22.88109
    18.55763     25.23788     -8.03242
    24.39045     33.42024    -13.90945
    38.41047     27.31387    -12.08289
    55.82149     57.28751     -9.82886
    18.60521     28.07178     -7.85739
    55.82151     57.28758     -9.82871
    55.82157     57.28769     -9.82884
    52.49606     51.52457     -9.35063
    47.70320     45.95270    -14.10210
    40.41064     33.96962    -11.80082
    32.73970     25.93380    -17.92810
    36.36709     48.05560     -9.77813
    33.46602     37.84946    -17.53041
    21.15731     23.37021    -10.60886
    50.95699     44.91635    -10.99296
    20.12852     23.07255     -9.09941
    45.66797     42.96839     -7.83276
    28.44420     24.95645    -14.18773
    33.13067     32.36391     -7.42022
    26.29370     20.83128    -12.34954
    30.09097     41.83975    -10.00586
    51.12962     40.78198    -12.33191
    30.53341     42.31795     -9.84521
    49.19800     35.99877    -11.64369
    33.09999     45.01032    -12.90776
    59.61147     51.80139    -10.04927
    33.58434     20.44327    -12.46703
    31.24618     43.60329     -9.57929
    46.20570     32.72890    -11.25580
    50.89555     45.28941    -10.89379
    52.23266     41.32352    -13.49024
    33.71634     26.36984    -20.41592
    57.78140     45.95380    -19.94950
    58.41302     47.54136    -11.12692
    52.36938     51.99812     -7.91253
    18.67370     24.49300    -17.50850
    42.62226     37.95444     -7.29874
    32.58410     28.10750    -21.45320
    37.68390     32.17047    -12.02452
    34.17950     22.68200    -16.91630
    43.13281     34.38612    -10.59020
    53.13471     51.65340     -8.15940
    31.28462     43.67237     -9.56629
    42.23997     29.08310     -8.62851
    48.45842     45.30888    -17.53094
    33.37250     44.88269    -12.35528
    18.06220     27.79541     -7.36202
    36.56085     25.11615     -9.32777
    36.09120     31.10600    -21.94950
    42.55839     41.90831     -9.30309
    45.52958     42.91940     -7.81367
    51.73355     49.59885    -10.21760
    34.63348     46.11739    -10.13836
    53.51075     55.12966     -8.21669
    41.96812     26.99873     -9.10583
    49.74796     36.85721    -12.29192
    31.28329     43.67546     -9.56828
    33.31830     15.36970    -29.73350
    34.99997     46.39256    -10.01929
    39.94964     33.92957    -11.80297
    49.52155     57.27789    -23.47175
    35.66195     20.41300    -14.57355
    35.70464     20.48478    -14.72962
    39.22893     29.12711     -9.46792
    43.26874     41.52534     -9.66022
    40.10159     28.00158     -7.67203
    38.76475     34.25019    -14.03515
    48.13980     62.62900    -16.83150
    29.57271     43.34254    -14.11913
    42.64082     28.67947    -10.37769
    43.77863     35.42640    -12.95340
    25.40464     22.18644    -13.32469
    58.47740     56.43953     -9.78944
    41.92380     46.97900    -10.85520
    56.69980     52.80560     -9.72560
    42.63320     30.89156     -7.94357
    50.57358     57.20012    -24.52873
    45.53159     42.91699     -7.81685
    20.89756     23.37190    -10.29914
    33.07155     25.17232    -10.25297
    31.17543     36.06573    -12.48365
    42.38471     29.01433     -9.15641
    52.36989     51.99528     -7.92438
    36.71312     34.25609    -12.09356
    40.29062     54.56974     -9.98063
    24.28399     33.37817    -13.88756
    33.40353     37.38998    -17.08580
    20.33730     24.65404    -10.63363
    40.03688     54.38522    -10.21966
    37.87016     49.39336    -12.65952
    35.79179     28.36054    -12.70512
    49.25712     49.02119     -7.44554
    35.47441     36.87303    -14.63002
    25.64136     24.08503    -15.49488
    45.47746     42.94538     -8.15596
    31.82399     45.80597    -14.50472
    19.58370     27.42168    -14.39147
    46.86903     44.28704    -15.00130
    38.92478     31.41012    -14.38201
    23.59260     34.84070    -14.41390
    30.94220     23.06340    -14.43650
    35.40670     49.71692     -6.86376
    47.41341     37.60270    -10.38887
    51.30771     45.34404    -10.85803
    56.18798     65.17417    -22.74010
    33.16640     41.19940     -6.84530
    31.68130     13.26550    -28.55530
    42.35788     32.17212     -7.78524
    36.90690     24.60850    -16.54050
    31.69469     21.49123    -11.81325
    23.20918     37.12854     -9.00621
    47.41857     37.60157    -10.37378
    34.65745     31.21052    -11.66046
    55.90230     62.32160    -24.12560
    26.22786     20.86950    -12.34528
    26.25605     20.84808    -12.32389
    42.58152     28.71488    -10.36768
    40.90488     54.48939    -10.05653
    34.87103     46.36373    -10.01474
    44.15284     35.77860    -12.66375
    26.67570     23.94420    -17.96450
    33.44341     37.68194    -17.36733
    37.86463     29.49115     -9.71274
    30.85090     42.88281     -9.72584
    46.68705     38.82622    -14.60902
    24.39324     33.42050    -13.91009
    42.60950     28.68467    -10.57364
    38.01911     41.09396    -18.57968
    52.26619     47.70315    -11.26655
    33.97445     47.98882    -11.28447
    31.72347     42.67958    -12.77839
    41.17384     36.50623     -8.23309
    17.18553     27.32658     -6.53239
    43.59454     35.18472    -12.80589
    49.66325     36.72499    -12.19905
    49.66006     36.72007    -12.19614
    35.46982     36.86911    -14.62268
    31.84898     45.78965    -14.47798
    35.43482     31.55229    -13.10019
    35.69741     20.47244    -14.70651
    41.77737     31.53710    -13.76310
    46.33920     54.49780     -6.72030
    49.86162     45.49838    -10.56245
    45.51127     39.43625     -6.91835
    41.59189     29.17624    -14.98794
    35.61309     20.32225    -14.39152
    17.54742     26.60551     -7.19819
    60.27310     54.50385    -22.61196
    35.65041     20.27279    -14.57868
    33.26611     46.33987    -10.11173
    27.21540     11.38560     -5.57460
    21.29706     23.27277    -10.70806
    21.24447     23.28496    -10.65552
    45.53038     42.91881     -7.81545
    42.74169     41.80796     -9.39543
    35.64215     20.24981    -14.55030
    31.24678     43.60289     -9.58006
    17.86890     33.31230     -3.54400
    29.35903     34.17649    -12.27379
    34.27820     23.30980    -10.11930
    46.91680     37.05580     -7.52600
    39.38704     53.77262    -10.71063
    50.72132     44.79853    -10.96222
    53.88618     49.97929    -12.12447
    34.43110     43.09450    -20.58980
    22.21926     26.08294    -11.90067
    26.98715     38.65036    -12.11495
    20.41198     23.22439     -9.58636
    36.54251     25.11803     -9.10629
    27.25215     38.73578    -12.09345
    36.54155     25.11549     -9.10718
    29.59381     43.39689    -14.02124
    41.71947     31.14216    -14.26958
    33.12591     46.36436    -10.15130
    35.66077     20.41025    -14.58124
    42.14732     39.40845    -11.02634
    40.00360     54.36610    -10.25766
    58.41288     47.54084    -11.12628
    20.78460     29.74560     -9.72620
    43.24610     44.68840    -18.05850
    56.67740     60.55160     -9.56270
    42.44666     32.50462    -13.57742
    51.20586     40.90637    -12.39858
    40.55262     34.10449    -11.34361
    23.84950     21.80500    -18.29680
    50.32286     44.11118    -10.97109
    33.13135     32.36482     -7.42070
    35.66616     20.41641    -14.59573
    36.88779     27.33751    -21.91538
    35.16811     46.53614     -9.96434
    36.54881     25.14740     -9.11753
    41.05108     27.40175     -8.24180
    42.06138     32.58473     -7.65944
    31.19571     34.21805    -15.42426
    42.23583     37.36296    -11.57334
    54.24904     50.14351    -12.42718
    26.31441     20.82111    -12.35557
    49.47780     46.84670     -7.65100
    31.31735     30.96790    -11.86995
    26.22791     20.86935    -12.34595
    53.13870     51.64613     -8.16472
    45.48424     42.94231     -8.11139
    28.44216     24.95423    -14.19371
    37.08420     30.71439    -18.53283
    33.53128     25.90604    -10.00696
    31.07376     37.73055    -23.41393
    18.75986     31.15611     -8.52128
    40.54860     38.45990    -19.46670
    26.82686     38.58497    -12.16524
    36.88460     27.33658    -21.91429
    51.35706     41.19918    -12.54510
    29.55222     42.26407     -5.94242
    48.93730     42.34900    -14.88435
    41.50778     29.21219    -15.30768
    23.20974     37.12867     -9.00267
    45.26293     46.33137    -26.61519
    40.33287     31.47469     -8.34995
    54.51821     46.65285    -13.69577
    42.59732     28.70253    -10.49113
    59.61506     51.81157    -10.05205
    26.22785     20.86933    -12.34689
    36.73684     29.43838     -9.85415
    33.59329     47.18311    -12.38496
    43.95711     35.71922    -12.94368
    49.65993     36.72011    -12.19540
    26.23598     20.86330    -12.34273
    52.05830     52.08280    -12.49850
    45.91441     43.05415     -7.87787
    52.16761     52.07530     -7.87705
    52.13300     52.11235     -7.79271
    42.62167     37.95425     -7.29914
    51.49720     51.13391     -7.98748
    41.37620     26.79190    -13.86710
    52.08821     52.13275     -7.77179
    42.62179     37.95431     -7.29934
    45.47530     58.13070    -13.98000
    51.17135     40.80464    -12.36191
    39.66384     39.17037     -8.58559
    50.75325     64.38907    -24.55290
    45.68870     59.75300     -9.77230
    23.20888     37.12842     -9.00627
    33.52548     25.92041    -10.01602
    43.05184     41.15421    -13.59050
    48.92555     42.35700    -14.89554
    40.77764     27.58610     -8.06722
    50.43582     43.70586    -11.12805
    46.53930     48.89540    -29.01360
    51.22534     38.93529    -13.14363
    42.42408     28.92496     -9.39698
    34.58823     31.15474    -11.11111
    34.83378     46.40835    -10.09337
    41.77905     54.22160    -10.39260
    41.65221     25.08336    -11.14349
    26.76010     18.81160     -7.32450
    36.37016     29.32664    -10.12654
    57.33280     47.87358    -16.86359
    33.71626     26.36994    -20.41721
    39.80080     27.44242     -6.59640
    29.14597     27.27095    -12.61275
    23.11803     23.37699    -13.05692
    17.73034     26.27812     -7.62770
    48.80094     42.34472    -10.05228
    42.26349     37.54267    -11.68102
    51.84720     51.83791     -7.77423
    34.58737     31.15546    -11.11520
    25.31177     35.12195     -8.41155
    26.99256     38.65401    -12.11543
    32.68772     24.77195    -10.57578
    54.86480     59.73460     -8.00220
    29.57864     20.08268    -12.90387
    51.12578     40.78253    -12.33002
    29.27664     42.13140     -6.01615
    59.60741     51.79139    -10.04456
    51.37375     41.97634    -12.53115
    52.13555     52.03396     -7.87884
    52.05441     52.15306     -7.75645
    42.62193     37.95735     -7.29659
    32.02282     26.70202    -11.32139
    41.06950     48.15990    -22.65070
    52.14140     52.10794     -7.79508
    52.15870     52.10179     -7.79770
    26.92230     38.62799    -12.13015
    56.15560     63.33370    -20.96360
    43.84690     35.51665    -12.98454
    32.24505     42.68204    -12.28960
    45.90233     59.31970    -16.49404
    41.03145     29.97772     -6.84357
    28.72240     33.36090    -21.77620
    33.89061     47.84278    -11.45125
    20.92240     23.33243    -10.29602
    26.77680     26.24690     -8.44700
    38.76171     53.11847    -10.64425
    38.98499     32.01466     -8.37861
    37.86901     49.39394    -12.66435
    54.61300     43.71910    -15.58420
    35.70887     35.28081     -7.74479
    48.76017     48.23686    -15.20347
    35.47382     36.87294    -14.62986
    28.54641     39.23372    -11.81858
    36.19853     21.13181    -22.24711
    52.03256     52.13107     -7.79015
    42.08103     29.34220     -8.11259
    51.42200     41.19030    -12.61798
    42.35553     32.19367    -13.91705
    56.83058     65.49757    -23.10912
    29.98150     19.03190    -22.11260
    39.93560     36.78020    -12.50270
    26.79113     38.53072    -11.67639
    41.90291     54.17503    -10.45309
    35.78269     28.14493    -12.64820
    35.70176     20.47981    -14.71998
    29.57580     20.08617    -12.90299
    42.68399     57.25941    -10.30107
    20.15879     23.14892     -9.21702
    35.55029     19.97551    -14.24494
    23.52045     35.61476    -11.41832
    42.52038     28.69228    -11.30112
    58.51933     56.42986     -9.83963
    23.52800     19.46980    -17.71530
    40.70430     38.13383     -9.61785
    53.06240     43.55357    -13.32354
    20.56679     23.58340    -10.07204
    48.75960     48.23629    -15.20133
    36.36992     29.31930    -10.13678
    47.55942     45.36909     -8.82424
    33.71495     26.37019    -20.41634
    49.85509     45.50698    -10.56023
    31.87280     20.59970    -17.55220
    41.84140     25.26080    -20.14920
    44.04034     51.88663    -23.33451
    33.36508     37.09060    -16.80495
    42.14703     29.22624     -8.24396
    18.82565     31.04281     -8.66098
    19.97000     22.75572     -8.59336
    23.85310     18.00990    -15.17350
    42.21741     29.41186     -8.25400
    28.66211     22.63891    -11.79562
    51.12959     45.01733    -11.01424
    29.52398     43.25747    -14.30869
    49.68104     44.40221    -11.78235
    17.08348     27.21990     -6.35994
    53.51412     55.13631     -8.22054
    53.51303     55.13287     -8.21793
    22.60454     21.19513    -10.39409
    38.25337     32.04806    -20.06308
    40.87988     53.04399    -11.06739
    36.55880     29.42661     -9.87546
    38.02387     27.05164     -8.34136
    28.64230     39.33702    -11.64441
    52.38802     41.30526    -13.66575
    26.25890     20.84648    -12.32983
    37.08360     30.71481    -18.53367
    26.22859     20.86929    -12.34585
    32.24532     42.68250    -12.29220
    45.03297     40.63327    -13.12577
    45.26336     46.33187    -26.61551
    43.47658     56.01928    -13.75382
    34.97370     17.34560     -5.57550
    33.58861     44.94823    -12.32080
    24.61870     19.79740    -14.35230
    35.91333     29.49022    -13.37000
    43.75593     36.41278     -8.26744
    20.92160     23.33328    -10.29692
    31.98505     26.68603    -11.35857
    46.97704     43.43489     -8.03762
    36.54172     25.10862     -9.10656
    36.54128     25.10884     -9.10685
    30.86955     30.06078     -7.70424
    20.78430     28.26350     -8.84910
    52.01613     52.01208     -7.91306
    35.76225     20.60391    -14.92207
    31.26179     43.63289     -9.57496
    21.25836     23.28185    -10.66840
    55.73516     56.28090    -14.58999
    55.73515     56.28154    -14.59041
    53.51975     55.14805     -8.22617
    39.10510     32.07527     -8.53405
    35.83668     20.15047    -17.27400
    57.33162     47.87386    -16.86330
    35.81823     28.03692    -12.62183
    29.33955     20.36249    -12.91009
    54.20525     53.17096    -11.72876
    27.50240     26.71558    -23.59687
    39.24030     32.03291     -8.54726
    27.50260     26.71582    -23.59703
    48.79280     42.35363    -10.04261
    39.88480     44.21870    -21.71450
    55.73523     56.28199    -14.59057
    42.23481     37.36159    -11.57457
    26.17675     20.88215    -12.40200
    37.14152     29.47794     -9.77313
    17.47130     26.22080    -16.68800
    42.86525     34.34832    -12.03874
    42.84189     34.33291    -12.00622
    23.20957     37.12854     -9.00884
    53.11340     51.71795     -8.09090
    37.91520     46.93580    -17.84970
    48.35642     49.93706    -11.78824
    50.29549     44.27615    -11.10192
    22.60569     21.19577    -10.39507
    43.17691     41.57259     -9.61297
    54.27951     46.39093    -13.61828
    20.74603     23.82019    -10.46836
    48.79777     35.32727    -11.08834
    21.18094     23.38979    -10.67442
    16.94682     27.87122     -7.11437
    35.56518     20.03557    -14.28354
    23.53886     35.62210    -11.43569
    38.69866     31.87541    -14.09276
    30.22980     15.70690    -15.74770
    42.74917     28.62866    -10.30511
    35.77941     20.63552    -14.98442
    35.16500     31.33740    -20.25100
    21.86010     30.31000    -12.24100
    48.76655     35.35469    -11.18889
    53.92525     49.98757    -12.15879
    45.79350     49.08670    -22.09160
    46.97695     43.43522     -8.03837
    31.39155     43.81167     -9.50912
    35.21812     32.69862     -7.49440
    23.18599     35.49168    -11.14361
    29.55985     43.32633    -14.16293
    42.69666     57.27266    -10.29891
    40.30490     24.11620     -6.60510
    46.87247     44.28551    -14.99058
    59.62182     51.82835    -10.05935
    52.07267     46.72537    -10.90185
    42.12071     38.80572    -12.69396
    50.19539     44.16697    -11.12140
    38.30370     23.94830     -8.91820
    51.91550     49.36905    -10.54465
    35.78526     20.58539    -15.22046
    32.91359     45.02457    -13.06188
    33.50338     25.84035    -10.01457
    31.07468     37.73111    -23.41588
    31.97519     26.68144    -11.37047
    41.31760     52.31690    -14.82860
    40.16873     37.57817     -9.30176
    53.90754     49.98304    -12.14403
    50.10194     57.30296    -23.97467
    17.98376     25.93687     -7.78834
    51.97980     66.01210    -13.33990
    18.61677     25.16395     -8.06832
    31.51077     42.67746    -12.97850
    28.16854     39.07993    -11.91356
    50.79871     64.61592    -15.09968
    52.34163     59.66518    -23.63653
    56.01787     65.04507    -22.67267
    40.34287     32.50126    -12.30077
    45.19684     37.90285    -13.15821
    26.17174     37.99488     -8.65227
    41.41570     53.02850     -7.48610
    45.56780     26.47630    -13.16380
    39.40110     40.90210     -9.53460
    30.33820     37.81790    -19.32930
    32.82340     36.71140     -9.76700
    40.42713     54.66714     -9.84504
    42.47334     30.47348     -7.93305
    38.64955     29.37284     -9.72624
    45.49770     42.95663     -8.27467
    48.79318     42.35704    -10.04168
    47.15276     45.26582     -8.81087
    26.23794     20.86286    -12.34472
    41.65139     25.08284    -11.14521
    29.91237     36.24286    -13.98250
    32.56254     22.55767    -10.34273
    48.78858     42.35807    -10.03771
    22.21854     26.08104    -11.90104
    33.37572     37.18669    -16.88898
    30.66160     41.06190    -14.08760
    37.81780     32.79150     -8.25670
    18.75939     31.15668     -8.52335
    31.07365     37.73154    -23.41489
    40.80899     27.02548     -8.14788
    44.06673     35.92185    -12.80409
    42.07418     29.58278     -7.89854
    42.12221     29.45450     -8.08825
    17.29762     27.39176     -6.63524
    18.85332     23.69507     -6.19615
    26.87733     38.59788    -12.14206
    35.47145     36.86890    -14.62444
    45.42733     37.06571     -9.16113
    46.86989     43.39655     -8.02228
    59.61134     51.79899    -10.05010
    39.21672     32.03436     -8.53758
    31.38911     43.81096     -9.51068
    18.85438     23.69523     -6.19555
    23.15820     21.42410     -5.53430
    31.12605     43.36435     -9.62549
    50.66786     44.54142    -10.98504
    51.39128     45.32046    -11.00511
    23.59760     29.32030    -13.29600
    42.91155     34.36231    -12.19648
    48.78563     42.36070    -10.03681
    34.92648     36.01123    -17.26162
    24.86780     14.60160     -8.73950
    41.72023     31.14026    -14.26781
    51.58265     58.18739    -19.00251
    41.73530     29.09780    -14.45207
    35.77010     20.56118    -15.14930
    23.24778     23.72151    -13.22052
    33.50331     25.84043    -10.01456
    29.57350     28.33810    -19.65320
    48.93566     42.34676    -14.89022
    39.54023     53.92495    -10.61485
    49.79440     54.26780    -26.21010
    51.63279     49.71965    -10.02948
    51.72359     49.60539    -10.19914
    51.68282     49.65349    -10.12589
    43.44911     34.37035     -8.51969
    64.62510     57.33450    -26.74960
    41.59765     29.17946    -14.97496
    40.27439     32.77392    -14.25727
    37.48920     37.95930    -10.00680
    30.24730      9.53290    -16.80930
    41.31809     27.26924     -8.48938
    42.77181     39.52575     -6.50137
    35.77932     20.63559    -14.98439
    44.34783     33.19725    -15.57323
    41.15710     25.76320    -17.02690
    31.10899     34.21012    -15.25897
    30.33235     32.13256    -16.13116
    56.27390     53.54740    -12.86100
    33.52912     47.02175    -12.80157
    16.49600     29.29630    -16.03870
    42.79883     34.24912    -12.06116
    53.98914     46.06970    -13.52431
    47.43271     39.43708    -14.70472
    33.50335     25.84183    -10.01476
    52.08789     52.13374     -7.76515
    40.49504     33.70040    -11.44944
    53.51417     55.13643     -8.21891
    29.76309     35.88025    -14.90715
    33.50148     25.84509    -10.01786
    56.25074     65.19929    -22.77940
    48.35694     49.93565    -11.78805
    47.47708     34.53378     -8.61644
    40.12900     23.35350    -20.44900
    23.11909     23.37721    -13.05559
    25.35550     39.39550    -15.87860
    23.50138     24.43015    -13.55518
    30.19360     15.51390    -22.92640
    28.38260     18.26430    -13.36990
    37.71156     21.22888    -17.09980
    20.20254     23.21704     -9.31960
    47.51969     34.57257     -8.39702
    26.80798     38.57149    -12.16318
    52.43970     64.98020    -23.98260
    31.90538     42.67814    -12.61281
    41.98760     42.60780    -23.76900
    45.03335     40.63368    -13.12353
    26.17694     38.00015     -8.65802
    45.03285     40.63376    -13.12414
    33.43737     37.64152    -17.32975
    45.03790     49.15630    -27.34960
    34.80070     31.42498    -13.63254
    41.71070     31.03396    -14.45999
    26.26212     20.84477    -12.33046
    31.35468     43.75048     -9.52532
    30.33168     32.13293    -16.13085
    40.92580     27.62060    -20.48360
    42.62504     37.97815     -7.29303
    37.77550     45.24520    -21.96600
    37.74650     30.73250    -21.58330
    49.52611     57.38549    -22.95173
    42.88980     26.81090    -14.48280
    52.26415     47.45575    -11.28417
    31.70102     35.87764    -15.40081
    31.70130     35.87764    -15.40036
    35.47682     36.87481    -14.63650
    43.47692     56.01822    -13.75528
    42.61871     37.95593     -7.29330
    45.29831     35.90161    -10.91972
    40.25357     32.88002    -14.73735
    42.62062     37.95284     -7.29476
    42.53066     28.71569    -11.02725
    37.68493     32.21780    -12.10264
    42.79767     34.24270    -12.06241
    46.61504     46.32671     -6.55375
    47.41856     37.60159    -10.37368
    40.25380     32.88023    -14.73805
    40.25354     32.87987    -14.73733
    50.32502     44.10878    -10.97331
    32.02910     31.05970     -8.60630
    31.19660     34.21833    -15.42518
    34.51110     24.52160    -19.07710
    53.06078     43.57592    -13.29679
    45.21323     42.84736     -7.30501
    55.23120     49.96620     -3.99030
    32.64282     26.60764     -7.40398
    38.85286     31.63398    -14.24845
    35.46990     18.70864    -14.30341
    48.35448     49.93799    -11.79241
    39.99869     54.35923    -10.25801
    35.72425     27.97998    -12.85509
    48.35562     49.93721    -11.79065
    33.38660     39.33160    -21.26650
    48.73470     61.40290    -11.50270
    35.78292     29.95852    -11.78739
    18.75985     31.15590     -8.51991
    43.45042     34.36394     -8.51714
    49.87883     45.49919    -10.56774
    41.48400     27.18370     -8.64354
    45.90187     59.31900    -16.49406
    27.69900     39.58950     -6.07220
    53.98929     46.06978    -13.52403
    35.93337     28.85740    -18.18349
    34.30017     31.24066    -10.29203
    28.71515     37.93991    -15.11064
    41.17326     36.50517     -8.23381
    33.46660     37.85005    -17.53035
    37.86815     49.39346    -12.66906
    36.14400     37.72220     -9.44070
    16.01460     27.88150    -21.06910
    30.77680     27.94290    -10.40010
    40.64198     34.28345    -11.43035
    40.09841     28.00524     -7.67005
    17.83278     26.25032     -7.01943
    49.76855     57.70051    -21.84364
    42.05887     39.74683    -10.29189
    40.88022     53.04411    -11.06521
    35.75435     20.53622    -15.08801
    25.52350     14.22830    -15.46170
    23.25280     28.10120     -9.25690
    31.27101     42.68657    -13.18258
    48.38851     35.09524    -11.21711
    32.99440     14.82930    -12.25890
    40.53343     34.89464    -12.42947
    50.41746     44.21927    -10.98132
    41.44500     25.02200     -7.22820
    35.76034     20.60534    -14.91242
    41.89600     44.71240    -16.53980
    40.51795     33.04921    -11.73310
    35.05177     46.55602    -10.15577
    46.87613     44.28423    -14.98031
    47.23576     39.30331    -14.66730
    25.82548     37.96504     -7.75506
    35.47440     36.87383    -14.63132
    29.76948     34.12276    -12.90489
    50.12867     44.06531    -11.09902
    47.07768     43.47061     -8.06492
    38.26144     28.16846    -14.98848
    37.53750     35.57940    -10.89980
    34.92638     36.01128    -17.26164
    43.11655     34.63592    -12.28638
    37.68945     32.15819    -12.02247
    43.09054     34.54331    -12.14627
    39.74992     45.54587    -18.72056
    24.52613     33.47284    -13.93693
    26.77460     38.56055    -12.17022
    52.62700     51.89031     -8.02921
    22.64780     24.30780     -8.40420
    43.40888     34.36449     -8.76044
    52.34364     52.46430     -7.46641
    48.79202     42.35468    -10.04245
    33.99388     44.61883    -10.74243
    55.42664     50.84206    -13.33561
    39.18417     32.05021     -8.54238
    20.84940     19.39410    -12.48970
    37.12710     19.25490    -13.25670
    39.09049     32.06465     -8.50806
    21.24099     23.31628    -10.67379
    39.41130     29.35850    -24.47000
    29.23350     19.06460    -10.50650
    43.41014     34.36346     -8.76233
    51.52704     41.76102    -12.71478
    43.69892     35.25618    -13.05918
    40.30614     54.64691     -9.90683
    30.85250     26.72530     -8.67040
    40.36599     27.84062     -7.80307
    39.58174     53.97744    -10.71351
    40.14322     34.08199    -14.17104
    20.33215     24.56166    -10.56999
    42.10220     29.50217     -8.00658
    35.83549     20.72462    -15.20482
    35.73623     20.55657    -14.83245
    48.37309     49.91648    -11.75523
    43.94640     28.53020    -14.08800
    28.42592     39.17593    -11.86128
    53.25742     51.58972     -8.20370
    23.29846     23.84311    -13.26902
    44.34887     33.19735    -15.57187
    53.29760     56.71430    -24.11930
    47.60521     39.51275    -14.75234
    41.60826     29.17054    -14.93252
    42.05876     39.74549    -10.29034
    52.52490     51.88990     -8.01625
    49.85750     46.81460    -14.13820
    26.26970     20.84167    -12.32979
    36.24697     29.46759    -10.55635
    52.17710     64.52120    -13.20430
    63.63890     59.54110    -21.47440
    43.87240     46.62340    -23.87660
    28.57124     38.92311    -12.59355
    41.64530     29.16890    -14.79513
    33.66908     47.38347    -12.05722
    52.13135     47.00610    -11.17454
    35.86176     28.87902    -18.10867
    50.21050     49.60490    -15.33280
    38.01872     41.09422    -18.58038
    37.14157     29.47757     -9.77368
    35.46928     30.40856    -12.48136
    49.22880     39.52600    -14.66970
    36.54211     25.12104     -9.10769
    35.60369     30.18296    -12.45096
    41.79982     38.82925    -13.24795
    18.08720     28.36950    -18.64750
    52.34218     47.74863    -11.35907
    48.76439     35.35563    -11.19327
    39.76564     29.14674    -10.16781
    48.35305     49.94053    -11.79589
    26.98838     38.65228    -12.11638
    58.43774     56.44865     -9.73878
    26.87490     38.59869    -12.15034
    59.59970     51.27030    -15.21760
    36.63240     51.07660     -5.95940
    42.14649     29.21807     -8.24451
    17.22910     27.21971     -6.61227
    32.56257     22.55792    -10.34525
    35.23823     32.67250     -7.50661
    38.44290     46.34840    -21.20660
    39.78443     34.19019    -13.04198
    23.20905     37.12887     -9.00600
    39.74875     33.19097    -18.13137
    35.21890     16.95400    -12.52680
    38.53121     28.02870    -14.98066
    48.78560     35.38503    -11.21460
    38.27440     28.36460    -17.94510
    33.90460     29.79770    -20.04260
    22.79828     34.80697    -11.58070
    35.03911     30.95796    -12.13790
    58.42239     48.84922     -9.99059
    51.69716     45.87026    -10.80601
    42.67009     31.52646     -7.92250
    22.99318     23.12092    -12.99261
    33.03616     46.40415    -10.30029
    42.19634     26.88061     -9.35688
    37.69238     32.02099    -11.80554
    40.33294     31.47464     -8.35011
    42.72104     31.97780    -15.79502
    41.90241     54.17575    -10.45388
    40.60200     44.28370    -25.14600
    43.45523     34.35447     -8.52246
    32.64328     26.60836     -7.40262
    42.35149     32.20092    -13.48787
    43.95385     35.72116    -12.94644
    24.72004     36.05830    -12.38819
    42.20206     26.87542     -9.36533
    33.38321     26.00957    -10.15650
    29.54580     20.12044    -12.90687
    33.44179     37.67558    -17.35978
    28.89630     24.24160    -22.32350
    48.83913     35.33196    -11.06473
    42.47348     33.00762    -13.17028
    26.22819     20.86940    -12.34497
    29.91361     36.24519    -13.97967
    55.73541     56.28153    -14.59165
    23.20941     37.12812     -9.00685
    32.58144     24.68332    -10.67952
    47.11350     57.17400    -19.60400
    36.39858     48.10720     -9.76980
    16.29530     25.38540    -13.04020
    52.34097     59.66572    -23.63487
    15.02887     27.49605    -12.69455
    40.64290     33.91241    -11.38784
    52.10562     52.12549     -7.77490
    54.50965     46.64731    -13.69065
    34.09500     14.30000     -5.67740
    37.33940     29.20870    -21.84140
    35.31170     42.41710    -24.22580
    40.40860     32.82916    -12.02063
    30.12750     13.82510    -22.58130
    49.76415     57.69755    -21.86977
    60.49953     54.53662    -23.20436
    52.17110     48.81070     -7.24050
    22.60477     21.19580    -10.39585
    45.43863     37.07420     -9.17525
    51.72647     41.34179    -12.93844
    40.40268     34.23128    -15.16339
    21.87920     21.46820    -19.03910
    45.26331     46.33206    -26.61580
    50.96330     47.55530     -7.77730
    25.71450     39.31980     -9.21900
    44.92470     31.47050    -10.29290
    35.46990     18.70688    -14.30486
    50.75197     64.39008    -24.54835
    46.61506     46.32619     -6.55385
    43.92690     43.35860    -25.81570
    42.73013     31.66898     -7.94566
    58.48151     56.43868     -9.79420
    48.78800     42.36053    -10.03443
    28.44168     39.18237    -11.85828
    50.68405     59.11982    -23.82835
    29.65320     19.99766    -12.89658
    45.51265     39.43904     -6.91710
    51.20550     40.90900    -12.39761
    48.79119     42.35570    -10.04215
    48.79118     42.35495    -10.04138
    36.54181     25.11535     -9.10605
    41.53445     29.20792    -15.20723
    25.39564     22.32505    -13.43308
    29.19005     42.08706     -6.02754
    42.48147     28.70478    -11.51047
    42.62159     37.95383     -7.30765
    49.74100     36.84771    -12.28694
    40.22163     34.57005    -13.01659
    55.58560     48.26350    -15.06370
    33.36689     25.66101    -10.10953
    38.25298     32.03733    -20.05374
    24.71775     36.05671    -12.38599
    36.51050     41.11700    -17.67680
    27.37580     19.40650    -13.56040
    43.61260     47.63450    -22.50900
    51.12868     45.12852    -10.98631
    57.58050     64.72880    -20.73380
    20.33165     24.56539    -10.57430
    37.75834     29.48678     -9.72436
    20.36619     24.35334    -10.45112
    30.05555     36.26245    -13.73969
    27.60050     32.67590    -17.18070
    48.78987     42.35712    -10.04007
    35.81967     28.03536    -12.62487
    47.62420     47.50910    -26.54980
    40.50223     32.51410    -11.96833
    32.02242     45.65312    -14.25565
    17.72577     26.29754     -7.59328
    45.03201     40.63290    -13.12420
    36.45605     48.19253     -9.76098
    38.25486     32.04834    -20.06397
    32.20810     44.65016     -9.02090
    42.03420     39.80402    -10.17673
    25.82159     21.25988    -12.65384
    31.31815     30.96830    -11.87055
    36.69930     22.92220     -7.11420
    54.52658     46.65952    -13.70214
    32.47780     45.32572    -13.66358
    35.79242     28.36055    -12.70531
    48.25238     39.83825    -10.68162
    48.25303     39.84015    -10.68178
    35.75058     29.83625    -12.54120
    45.81940     50.76700     -8.41320
    42.58215     28.71354    -10.36929
    40.23121     33.27538    -14.75776
    21.20886     23.39878    -10.71564
    40.78105     27.58019     -8.07201
    45.03163     40.63283    -13.12568
    37.68301     32.18064    -12.04208
    36.73988     25.12481    -11.52408
    49.71470     61.23100    -21.37650
    26.01846     38.07001    -12.54245
    33.43878     37.64966    -17.33625
    27.60098     38.86769    -11.98458
    28.87638     34.65548    -11.88855
    40.18165     32.99204    -15.39980
    35.24964     32.65731     -7.51443
    35.68522     20.45426    -14.67094
    30.12240     27.94340     -5.97000
    31.92090     23.09567     -8.03761
    29.14713     27.27155    -12.61255
    35.83727     20.15031    -17.27570
    34.06720     18.10510    -11.82880
    53.06261     43.55023    -13.32799
    15.02948     27.49741    -12.69321
    29.34060     34.05809    -12.14947
    31.69470     21.49045    -11.81484
    28.66097     22.63832    -11.79712
    36.71298     34.25561    -12.09364
    51.24397     45.27803    -10.98985
    34.17845     45.03804    -11.99866
    38.97764     36.21385     -8.35908
    29.91290     36.24360    -13.98383
    31.69450     21.49152    -11.81341
    31.70047     35.87742    -15.40153
    25.12880     21.16947    -13.53880
    29.26198     34.27720    -12.19999
    28.01250     36.51400    -17.31020
    25.20281     39.18472    -13.13568
    52.49553     41.30048    -13.79623
    46.68710     32.79880     -6.87186
    46.68678     32.79857     -6.87207
    46.68723     32.79863     -6.87207
    25.99607     37.97823     -8.19842
    46.00440     61.43460    -21.12490
    53.10615     51.72814     -8.08288
    29.55617     43.32047    -14.17722
    36.45571     48.19350     -9.75448
    47.46749     34.53579     -8.68835
    50.29237     44.07275    -10.97336
    18.17360     26.44880    -13.23670
    35.40308     49.71468     -6.85514
    53.06304     43.55670    -13.31984
    53.51556     55.13845     -8.22103
    54.02623     50.02575    -12.25221
    36.11270     45.26220    -17.48320
    45.09849     43.14528    -10.57547
    17.75624     26.09260     -8.31028
    45.10417     43.14247    -10.56682
    29.91256     36.24247    -13.98427
    37.72032     32.19141    -12.14269
    35.81987     28.03774    -12.61031
    42.64647     28.66982    -10.51273
    27.78770     28.79800    -19.31580
    54.20545     53.17024    -11.72924
    33.41670     41.00530    -19.54690
    48.44504     35.16410    -10.96118
    35.70746     35.29171     -7.73460
    51.93247     41.24666    -13.16147
    26.87363     38.59646    -12.14069
    23.40175     24.12858    -13.41207
    35.15930     33.41870    -13.77510
    29.91341     36.24308    -13.98300
    39.22560     43.62550    -27.10760
    45.43458     37.07054     -9.16841
    42.68836     57.26691    -10.30820
    58.27590     48.50580    -21.62960
    15.02995     27.49841    -12.69378
    46.53662     43.27565     -7.95805
    31.19861     34.21795    -15.43104
    50.34221     44.47373    -11.01407
    41.95502     32.71422     -7.62066
    34.84315     46.24877     -9.97048
    42.08110     29.34237     -8.11361
    31.47827     42.67798    -13.00584
    42.65041     33.93854    -12.33938
    35.72296     20.52712    -14.78766
    35.81931     28.03632    -12.62263
    35.47243     36.87193    -14.62877
    45.42410     53.69910    -18.28400
    34.32851     31.23374    -10.38741
    36.18210     27.21784    -12.59433
    34.21980     46.90814    -11.37462
    52.22864     47.34514    -11.25292
    35.54890     23.84040    -10.64570
    23.05726     35.27339    -11.27464
    22.21879     26.08275    -11.90197
    43.30822     34.68152    -12.62583
    25.31192     35.12130     -8.41809
    33.50351     25.83980    -10.00971
    59.98110     54.46292    -21.84529
    60.18471     54.49172    -22.37952
    42.53832     28.74662    -10.17053
    42.55626     28.73992    -10.23964
    42.66693     34.06617    -12.22103
    18.47999     23.89207    -14.04056
    20.10430     22.30070    -18.06400
    31.53918     37.69309    -16.98717
    42.60648     34.56911    -12.31311
    37.71194     21.22852    -17.09990
    23.13745     23.41438    -13.06533
    51.30190     45.34358    -10.85525
    28.67237     39.36231    -11.61166
    32.83955     45.13813    -13.21773
    32.77465     45.18082    -13.30006
    33.45767     37.79307    -17.47347
    33.98590     27.81760    -10.62090
    35.16890     46.53765     -9.97287
    23.98760     27.03520    -18.04650
    23.10218     35.33815    -11.24855
    50.26841     44.04826    -10.97091
    37.69040     32.14137    -11.99385
    43.40839     34.36830     -8.75961
    42.54464     28.74572    -10.19532
    51.98736     52.04616     -7.78587
    43.55830     40.48090     -4.81850
    17.59669     26.19663     -8.68465
    43.84869     35.50694    -12.99209
    34.00696     48.09189    -11.19107
    26.08303     20.99383    -12.47114
    23.20908     37.12834     -9.00771
    29.91229     36.24171    -13.98836
    36.58612     29.80260     -8.55628
    26.60268     20.76690    -12.39468
    23.05981     35.43255    -11.05583
    33.57246     25.80107     -9.89033
    47.48140     34.55299     -8.63275
    34.60750     38.02690    -21.63930
    18.82535     31.04355     -8.66255
    43.05469     34.51266    -12.15645
    63.52239     57.30969    -23.67220
    37.89974     44.14478    -23.53806
    29.27093     42.12821     -6.01240
    54.95650     45.64500     -8.92050
    40.03600     31.65306     -8.46006
    47.41731     37.60178    -10.37748
    33.13078     32.36507     -7.42168
    29.91224     36.24325    -13.98512
    35.09180     33.91190    -18.83450
    27.17866     38.72277    -12.07045
    47.48233     34.54409     -8.60173
    38.81100     22.74720    -10.33140
    37.68671     32.16365    -12.02250
    40.82441     32.19521    -12.37228
    48.03750     49.49930    -22.54640
    38.80955     27.88357    -14.97469
    40.43969     33.96753    -11.62325
    36.88677     27.33762    -21.91559
    19.34661     30.14340     -9.77006
    34.69810     33.59550    -16.31990
    35.73215     20.48773    -14.99326
    50.61229     44.55049    -11.01795
    42.79727     34.24983    -12.06410
    31.72773     42.67930    -12.77387
    35.00903     31.30681    -12.95909
    50.05316     44.38501    -11.05918
    34.14980     45.18177    -11.47950
    32.04260     44.71850     -5.76230
    32.26410     14.60940     -8.98340
    49.57153     44.38277    -11.90048
    47.43637     34.54209     -8.95307
    56.23888     65.19339    -22.77520
    53.63532     51.09050     -8.73492
    36.45621     48.19246     -9.75790
    25.47288     21.69361    -12.97756
    34.03282     45.03452    -12.23638
    48.45898     45.30992    -17.53266
    27.16220     41.81880     -6.56650
    40.70944     34.59514    -11.48005
    45.46358     42.89592     -7.80825
    18.75991     31.15736     -8.51883
    22.70997     34.59405    -11.79134
    36.77728     29.44392     -9.84888
    18.67217     28.11821     -7.96590
    25.20076     39.18456    -13.13580
    26.18066     20.88196    -12.39777
    35.89979     47.41894     -9.86715
    48.76438     35.35490    -11.19314
    40.84182     38.27688     -9.69851
    23.14212     35.41297    -11.19721
    35.71101     35.26109     -7.76396
    28.71443     37.94064    -15.10902
    35.82221     28.89092    -18.06718
    38.38282     27.34591    -12.06451
    18.48081     23.89113    -14.03954
    22.09320     20.36050    -13.91980
    50.86240     63.58390    -10.17290
    42.71387     28.64525    -10.30038
    29.10665     34.38570    -12.04225
    36.54113     25.10290     -9.10773
    26.33593     20.81441    -12.34580
    58.42291     48.84972     -9.99270
    45.51290     39.44035     -6.91655
    39.32370     35.12960    -22.01330
    25.64154     24.08487    -15.49282
    47.14951     45.26504     -8.81133
    34.02737     43.03413    -17.38506
    23.89290     30.19230    -17.38090
    31.26136     43.63426     -9.57581
    47.14437     39.21666    -14.66111
    55.73526     56.28114    -14.59019
    59.98124     54.46398    -21.84408
    58.42299     48.84966     -9.99190
    56.40812     65.47824    -22.70501
    51.22546     38.93505    -13.14385
    43.75606     36.41304     -8.26841
    41.24120     51.32250    -16.82890
    40.14180     50.56540    -15.18710
    46.31780     59.10500    -13.12020
    20.46457     23.53798     -9.90604
    20.37802     23.33255     -9.62615
    37.86918     49.39333    -12.66129
    48.94212     42.34225    -14.88404
    26.85803     38.56526    -11.79977
    29.11120     15.29010    -10.75820
    51.22550     38.93527    -13.14352
    31.19676     34.21816    -15.42268
    47.00888     45.23040     -8.80408
    48.75983     48.23645    -15.20311
    50.08300     56.19730     -9.08960
    34.02743     43.03397    -17.38564
    42.62235     37.95409     -7.30035
    48.35673     49.93568    -11.78766
    20.03579     22.92133     -8.84443
    31.98018     26.68334    -11.36355
    24.11910     31.65590    -14.19770
    48.78614     42.36041    -10.03702
    51.58285     58.18781    -19.00129
    29.89900     39.27480    -15.11640
    34.58767     31.15518    -11.11185
    34.29965     45.07678    -12.37652
    38.42754     29.41853     -9.63887
    34.00742     48.09197    -11.19290
    20.99247     23.53131    -10.56255
    51.27591     40.97941    -12.46971
    40.71581     38.14523     -9.62631
    18.65075     28.12222     -7.98501
    40.74033     34.88618    -11.80409
    25.43594     22.08857    -13.25104
    54.00120     64.80940    -19.34930
    50.81135     45.18300    -10.89672
    38.25199     32.02101    -20.03896
    30.50810     19.00410     -7.59800
    41.01198     38.43133     -9.85010
    42.53892     33.58578    -12.60820
    50.68375     59.12008    -23.82715
    26.83659     38.58445    -12.15874
    32.67833     24.76674    -10.58544
    19.91350     26.11470     -7.88740
    50.25014     44.05813    -10.98453
    25.82618     37.96289     -7.75853
    51.07740     53.31000    -15.06350
    40.71715     34.63813    -11.54534
    56.56050     60.99320    -19.21710
    38.35529     27.37803    -12.04582
    41.68384     54.25885    -10.33157
    45.03290     31.48270    -15.08140
    52.15470     38.42500    -10.76880
    33.85142     47.52622    -11.71547
    58.97410     64.07940    -21.15830
    37.89986     44.14512    -23.53824
    38.01648     41.09124    -18.58280
    50.57273     57.19936    -24.52952
    45.19656     37.90335    -13.15919
    27.23190     17.19050    -14.70600
    53.06388     43.55661    -13.32358
    45.85810     52.15090    -21.02200
    36.88874     27.33893    -21.91605
    18.76097     31.15571     -8.51925
    32.58088     24.68210    -10.67871
    43.42258     34.39814     -8.50632
    17.74790     26.32571     -7.37932
    54.33533     50.12943    -12.53567
    42.30980     38.75100    -12.37109
    16.96380     23.96540    -10.14870
    43.12744     41.59975     -9.58859
    26.80230     12.92620     -8.95300
    49.74149     36.84714    -12.28670
    35.39932     49.71269     -6.84656
    40.65211     27.64167     -7.99063
    32.99360     28.94420    -10.75110
    50.19886     44.15557    -11.12693
    32.67829     24.76862    -10.58415
    42.61145     28.70402    -10.25830
    41.73218     29.10012    -14.46381
    15.83380     25.39500     -6.60680
    50.73749     57.15580    -24.67443
    37.79116     32.15000    -12.25449
    33.51317     44.97995    -12.64489
    31.35564     43.74978     -9.52565
    46.60062     38.67235    -14.63479
    34.86680     31.17078    -12.14264
    45.46027     42.89575     -7.79985
    42.62530     37.94790     -7.30263
    38.02076     41.09558    -18.57860
    35.79330     20.59578    -15.25938
    52.20229     52.09109     -7.80380
    20.62090     25.06050    -19.23630
    33.75092     44.93238    -12.15558
    53.06660     43.47508    -13.42218
    33.46073     37.81180    -17.49370
    64.60260     55.96750    -25.49600
    57.33288     47.87356    -16.86381
    26.83612     38.58185    -12.14882
    55.10430     56.03850     -8.77580
    33.71739     26.37013    -20.41627
    21.25467     23.31690    -10.69252
    22.22039     26.08462    -11.90300
    18.82575     28.08636     -7.87502
    19.58400     27.42132    -14.39103
    28.44012     24.95175    -14.19921
    35.23680     32.67368     -7.50578
    25.12850     32.76800    -17.31850
    21.23864     23.32222    -10.67479
    54.51102     46.64696    -13.69406
    49.00437     56.78869    -23.49486
    34.86110     25.91790    -13.95890
    49.30620     64.84760    -26.27330
    30.68474     42.48148     -9.79062
    23.40167     24.12869    -13.41223
    60.42100     50.59010    -20.36510
    52.05279     52.15222     -7.76205
    36.06265     29.46361    -10.79565
    18.61750     25.16489     -8.06909
    52.23699     47.32533    -11.26415
    40.02470     24.98110    -13.12710
    21.29537     23.62881    -10.90598
    49.70387     57.51938    -22.79482
    58.90550     50.36640    -17.29480
    42.27384     37.56091    -11.69180
    24.40142     33.42511    -13.91185
    25.89790     32.00640    -13.19250
    31.33950     24.58480     -7.06100
    59.60940     51.79370    -10.04885
    52.20591     41.33288    -13.45985
    42.22055     37.33453    -11.56527
    42.20203     26.87760     -9.37081
    31.37160     34.32400     -9.00520
    50.19370     62.41980    -26.10540
    40.54080     41.92350    -11.80240
    47.40264     39.40246    -14.70533
    17.51579     26.99245     -6.73403
    30.33171     32.13286    -16.13074
    52.33028     47.83334    -11.33371
    18.76149     31.15540     -8.51080
    51.35798     41.19337    -12.54793
    34.47564     31.18595    -10.80832
    35.37190     46.69657     -9.94762
    34.07190     44.80153    -10.91337
    44.37590     30.46530    -13.50520
    29.56969     20.09318    -12.90449
    43.85092     35.51231    -12.98762
    28.44196     24.95407    -14.19301
    49.83630     62.97820    -21.28470
    59.59210     51.74368    -10.03659
    37.87422     49.39308    -12.64199
    49.57982     44.37846    -11.87757
    41.00810     31.56480    -19.21380
    29.75969     19.87795    -12.88527
    53.90379     45.97377    -13.49685
    18.32662     28.01160     -7.70878
    39.77640     26.12720    -22.34250
    37.56120     24.48320     -6.56660
    40.63821     34.28810    -11.44074
    51.41078     41.92102    -12.57741
    30.33186     32.13286    -16.13074
    45.53070     42.91605     -7.81919
    42.77172     39.52420     -6.50077
    48.79498     42.35676    -10.04077
    39.75008     45.54673    -18.71844
