    42.99044     41.67396     -9.52000
    29.33112     42.15721     -5.99902
    38.98374     36.22332     -8.36498
    39.52274     31.86104     -8.46220
    40.45358     32.75934    -13.06472
    42.99044     41.67396     -9.52000
    55.82150     57.28757     -9.82908
    33.30580     17.84170    -15.31120
    51.77315     41.26451    -13.00220
    40.42639     32.86992    -13.33010
    38.02350     27.05190     -8.34205
    43.75715     36.41267     -8.26791
    42.10553     29.53597     -8.58592
    41.49530     50.84940    -19.94120
    43.05120     41.15400    -13.59075
    51.55061     41.16716    -12.76421
    36.19810     21.13200    -22.24690
    53.06328     43.54557    -13.33474
    31.53905     37.69295    -16.98600
    50.79850     64.61575    -15.10105
    18.56770     28.03705     -7.81966
    47.05764     39.10592    -14.66661
    42.24462     37.44002    -11.62105
    48.93523     42.34884    -14.88845
    40.67158     54.29937    -10.24618
    33.85020     20.85440    -17.85220
    40.30004     54.24426    -10.25924
    18.54519     28.02330     -7.80147
    42.46475     28.94282     -9.97690
    21.75553     22.76802    -10.47617
    38.49103     28.05108    -14.97920
    26.15985     20.97317    -12.41472
    35.47335     36.87208    -14.62914
    35.47335     36.87208    -14.62914
    38.79276     31.67123    -14.19061
    33.52583     46.34134    -10.79524
    42.04719     39.21962    -11.51998
    48.79179     42.35487    -10.04183
    25.80061     21.07242    -12.14829
    54.07827     50.06358    -12.28920
    39.66380     39.17040     -8.58565
    32.26471     22.80914     -9.27209
    33.26868     46.06914    -11.36476
    41.22892     27.25029     -8.58592
    40.77882     27.50299     -8.34061
    47.41712     37.60167    -10.37821
    56.20380     62.35240    -17.98270
    42.02841     39.36360    -11.07942
    28.37070     40.67040    -13.65690
    48.25314     39.84020    -10.68157
    26.58414     38.64512    -12.14806
    34.84074     31.40927    -13.53669
    29.50247     20.17274    -12.90392
    31.28040     43.55266     -9.52836
    49.25755     49.02100     -7.44625
    38.79288     31.67118    -14.19085
    33.58383     20.44278    -12.46739
    34.93250     18.55510     -9.84340
    46.50560     40.92520    -10.37440
    26.05697     21.04784    -12.48048
    40.15117     28.09092     -8.44610
    40.23695     27.99958     -8.40800
    28.66128     22.63823    -11.79756
    44.04020     51.88685    -23.33570
    32.50693     22.60435    -10.15063
    20.33506     23.07251     -9.31577
    49.59680     37.17130     -8.03180
    48.25314     39.84020    -10.68157
    30.86905     30.06065     -7.70440
    42.99044     41.67396     -9.52000
    44.85030     47.70500     -5.77110
    56.47155     65.39717    -22.83558
    43.05882     34.44522    -12.37401
    34.92637     36.01137    -17.26193
    42.13158     29.72728     -8.40580
    42.17333     29.53165     -8.66059
    37.74590     26.71980    -18.65540
    40.55405     32.56781    -12.43037
    52.20930     47.37643    -11.14117
    63.52225     57.30995    -23.67305
    52.02880     46.08759     -9.36434
    41.30010     36.23470    -22.85650
    49.69549     36.77646    -12.23404
    36.57954     25.11806     -9.56095
    42.72883     33.70315    -12.68674
    42.82414     33.99979    -12.50336
    45.98644     43.13023     -8.08044
    35.87840     28.02990    -12.76469
    51.67376     41.28039    -12.89310
    54.59406     50.34973    -12.69677
    32.32917     22.75464     -9.50589
    42.68195     57.25730    -10.30130
    56.20719     65.19445    -22.74002
    56.31565     65.27786    -22.77903
    56.33344     65.29143    -22.78552
    20.97788     23.33779    -10.27122
    35.92194     29.94949    -11.79374
    56.20696     65.19426    -22.73994
    33.58383     20.44278    -12.46739
    33.58383     20.44278    -12.46739
    33.58383     20.44278    -12.46739
    54.20086     50.13130    -12.38623
    50.75259     64.38949    -24.55033
    38.98374     36.22332     -8.36498
    30.08197     36.21368    -13.81006
    45.45240     34.36470     -9.65390
    42.62207     37.95610     -7.29836
    42.48917     28.90027    -10.08489
    38.44083     28.07758    -14.97989
    25.31182     35.12176     -8.41496
    56.33482     65.29244    -22.78606
    18.59730     25.18891     -8.05661
    24.39094     33.42012    -13.90944
    38.38286     27.34594    -12.06440
    55.82150     57.28757     -9.82907
    18.40950     27.93780     -7.69323
    55.82150     57.28758     -9.82907
    55.82150     57.28758     -9.82907
    53.03834     51.56642     -8.31867
    47.70320     45.95270    -14.10210
    40.39540     34.34614    -12.20599
    32.73970     25.93380    -17.92810
    36.11384     47.79057     -9.83212
    33.41756     37.49030    -17.18431
    20.99948     23.34337    -10.30000
    50.63512     44.88424    -10.94469
    20.22335     23.00724     -9.12922
    45.87921     43.09443     -8.03639
    28.44211     24.95412    -14.19341
    33.13093     32.36460     -7.42087
    26.15985     20.97317    -12.41472
    30.30338     42.11722     -9.92777
    51.17111     40.83169    -12.36903
    30.33852     42.16736     -9.91423
    49.15767     36.01437    -11.68045
    33.05048     45.35423    -12.91551
    59.60980     51.79558    -10.04868
    33.58383     20.44278    -12.46739
    31.28040     43.55268     -9.52836
    46.20570     32.72890    -11.25580
    50.70550     45.24975    -10.74350
    51.91891     41.27475    -13.16103
    33.71623     26.37002    -20.41644
    57.78140     45.95380    -19.94950
    58.41295     47.54110    -11.12660
    52.45292     51.87863     -7.96458
    18.67370     24.49300    -17.50850
    42.62207     37.95610     -7.29836
    32.58410     28.10750    -21.45320
    37.72553     32.14529    -12.08810
    34.17950     22.68200    -16.91630
    43.15274     34.34510    -10.90188
    52.88858     51.63032     -8.23704
    31.28052     43.55287     -9.52831
    42.41416     29.03548     -9.71165
    48.45870     45.30940    -17.53180
    33.78653     45.04283    -12.06311
    17.95327     27.62372     -7.34024
    36.57954     25.11806     -9.56095
    36.09120     31.10600    -21.94950
    42.68462     41.83949     -9.36654
    45.70900     43.04250     -8.03575
    51.74423     49.58127    -10.23536
    34.83274     46.53639    -10.14004
    53.51456     55.13696     -8.22021
    41.66998     27.08607     -8.89996
    49.69546     36.77640    -12.23399
    31.28052     43.55287     -9.52831
    33.31830     15.36970    -29.73350
    34.87199     46.71542    -10.20955
    39.94964     33.92957    -11.80297
    49.85093     57.29187    -23.33454
    35.71745     20.33249    -15.04773
    35.71766     20.33220    -15.05170
    38.84825     29.26821     -9.95552
    42.95222     41.69465     -9.50082
    40.15705     27.80684     -7.85084
    38.76475     34.25019    -14.03515
    48.13980     62.62900    -16.83150
    29.56246     43.33094    -14.15318
    42.54790     28.80310    -10.29730
    43.81476     35.36722    -12.59837
    25.44343     21.89204    -13.16244
    58.47900     56.43918     -9.79051
    41.92380     46.97900    -10.85520
    56.69980     52.80560     -9.72560
    42.33320     31.83022     -7.81757
    50.21708     57.27703    -23.88201
    45.70900     43.04250     -8.03575
    20.85911     23.28642    -10.09237
    33.23236     25.46100    -10.18083
    31.17543     36.06573    -12.48365
    42.36176     29.16219     -9.45031
    52.45292     51.87863     -7.96458
    36.71305     34.25585    -12.09360
    40.44238     54.28017    -10.24327
    24.38072     33.41612    -13.90736
    33.41309     37.45666    -17.15218
    20.34182     24.53361    -10.55726
    40.10571     54.13765    -10.32084
    37.87014     49.39343    -12.65924
    35.88189     28.17593    -12.82522
    49.25755     49.02100     -7.44625
    35.47335     36.87208    -14.62914
    25.64145     24.08495    -15.49385
    45.63304     43.05517     -8.35269
    31.90063     45.74896    -14.40898
    19.58385     27.42150    -14.39125
    46.87254     44.28559    -14.99073
    38.82103     31.63376    -14.23331
    23.59260     34.84070    -14.41390
    30.94220     23.06340    -14.43650
    35.40303     49.71476     -6.85515
    47.41712     37.60167    -10.37821
    51.20623     45.45054    -10.54829
    56.33482     65.29244    -22.78606
    33.16640     41.19940     -6.84530
    31.68130     13.26550    -28.55530
    42.26740     32.04805     -7.77487
    36.90690     24.60850    -16.54050
    31.69463     21.49107    -11.81383
    23.20927     37.12850     -9.00636
    47.41712     37.60167    -10.37821
    34.72780     31.23172    -11.96467
    55.90230     62.32160    -24.12560
    26.15985     20.97317    -12.41472
    26.15985     20.97317    -12.41472
    42.45268     28.96348     -9.92691
    40.78126     54.29997    -10.25397
    34.86532     46.71174    -10.21231
    44.07957     35.54238    -12.44482
    26.67570     23.94420    -17.96450
    33.41309     37.45666    -17.15218
    38.44784     29.32219     -9.90594
    31.00101     43.15006     -9.64688
    46.95745     39.02612    -14.65306
    24.39094     33.42012    -13.90944
    42.51170     28.85598    -10.19856
    38.01877     41.09375    -18.58036
    52.20930     47.37641    -11.14116
    33.86502     47.65448    -11.55725
    31.71630     42.68073    -12.78215
    41.17355     36.50570     -8.23345
    17.39588     27.33722     -6.86175
    43.62794     35.13637    -12.51971
    49.47826     36.46514    -12.00668
    49.47794     36.46468    -12.00634
    35.47335     36.87208    -14.62914
    32.29022     45.59362    -13.91138
    35.43482     31.55229    -13.10019
    35.71762     20.33226    -15.05100
    41.93860     31.52402    -14.18045
    46.33920     54.49780     -6.72030
    49.86518     45.50152    -10.56347
    45.51228     39.43854     -6.91733
    41.61495     29.16651    -14.90584
    35.71434     20.32231    -15.03587
    17.63198     26.78495     -7.38822
    60.24427     54.50037    -22.53521
    35.69930     20.21183    -14.99631
    33.34458     46.27039    -10.86842
    27.21540     11.38560     -5.57460
    21.18955     23.26257    -10.43062
    21.09037     23.28076    -10.34236
    45.75847     43.05743     -8.03609
    42.95221     41.69466     -9.50081
    35.69926     20.21182    -14.99563
    31.28040     43.55266     -9.52836
    17.86890     33.31230     -3.54400
    29.15305     34.33734    -12.07484
    34.27820     23.30980    -10.11930
    46.91680     37.05580     -7.52600
    39.61759     53.88446    -10.46755
    50.50373     44.90288    -10.93083
    54.23085     50.14795    -12.40992
    34.43110     43.09450    -20.58980
    22.21925     26.08284    -11.90167
    27.07974     38.66330    -11.94970
    20.76063     23.27354     -9.97521
    36.56759     25.11756     -9.41459
    27.42837     38.78092    -11.96360
    36.57349     25.11780     -9.48687
    29.56246     43.33094    -14.15318
    41.89446     31.46438    -14.15597
    33.30170     46.36778    -10.33302
    35.71762     20.33226    -15.05099
    41.99655     39.18969    -11.41962
    40.10938     54.13853    -10.32046
    58.41295     47.54110    -11.12660
    20.78460     29.74560     -9.72620
    43.24610     44.68840    -18.05850
    56.67740     60.55160     -9.56270
    42.59053     33.28254    -12.99337
    51.42662     41.08426    -12.63334
    40.39720     34.35428    -12.18129
    23.84950     21.80500    -18.29680
    50.22113     44.42414    -11.20787
    33.13093     32.36460     -7.42087
    35.71762     20.33226    -15.05099
    36.88697     27.33766    -21.91533
    35.04851     46.76778    -10.10733
    36.56759     25.11756     -9.41459
    41.16881     27.28231     -8.54423
    42.22732     32.17973     -7.74903
    31.17934     34.21652    -15.39243
    42.24462     37.44002    -11.62105
    54.35454     50.21667    -12.50760
    26.20383     20.94505    -12.40994
    49.47780     46.84670     -7.65100
    31.31775     30.96810    -11.87025
    26.15985     20.97317    -12.41472
    52.98664     51.57438     -8.29655
    45.63306     43.05517     -8.35268
    28.44211     24.95412    -14.19341
    37.08390     30.71460    -18.53325
    33.48667     25.76580     -9.98768
    31.07403     37.73107    -23.41490
    18.87029     30.96606     -8.75446
    40.54860     38.45990    -19.46670
    26.92268     38.59608    -11.97683
    36.88697     27.33766    -21.91533
    51.54178     41.23042    -12.75155
    29.33114     42.15722     -5.99902
    48.93523     42.34884    -14.88845
    41.61494     29.16651    -14.90584
    23.20927     37.12850     -9.00636
    45.26320     46.33177    -26.61550
    39.94402     31.67114     -8.42369
    54.22925     46.33468    -13.60221
    42.48777     28.90272    -10.07785
    59.60980     51.79558    -10.04868
    26.15985     20.97317    -12.41472
    36.59230     29.67160    -10.28614
    33.76755     47.30052    -11.64965
    43.90848     35.47867    -12.63476
    49.47775     36.46439    -12.00613
    26.15985     20.97317    -12.41472
    52.05830     52.08280    -12.49850
    45.94349     43.11451     -8.03736
    52.30685     51.95607     -7.87681
    52.27724     51.97228     -7.85845
    42.62207     37.95610     -7.29836
    51.49720     51.13391     -7.98748
    41.37620     26.79190    -13.86710
    52.27723     51.97228     -7.85845
    42.62207     37.95610     -7.29836
    45.47530     58.13070    -13.98000
    51.25730     40.91596    -12.45804
    39.66380     39.17040     -8.58565
    50.75259     64.38949    -24.55033
    45.68870     59.75300     -9.77230
    23.20927     37.12850     -9.00636
    33.48965     25.76876     -9.98513
    43.05120     41.15400    -13.59075
    48.93523     42.34884    -14.88845
    40.76688     27.48539     -8.29635
    50.35910     43.86988    -11.05769
    46.53930     48.89540    -29.01360
    51.22543     38.93520    -13.14367
    42.39394     29.07762     -9.61334
    34.70518     31.19620    -11.65009
    34.42982     46.71412    -10.45728
    41.36153     54.28690    -10.30789
    41.65180     25.08310    -11.14435
    26.76010     18.81160     -7.32450
    36.50826     29.68006    -10.52828
    57.33243     47.87367    -16.86357
    33.71623     26.37002    -20.41644
    39.80080     27.44242     -6.59640
    29.14655     27.27125    -12.61265
    23.21469     23.67228    -13.21861
    17.76761     26.26380     -7.78876
    48.79179     42.35487    -10.04183
    42.24462     37.44002    -11.62106
    51.97791     51.71539     -7.90113
    34.70522     31.19621    -11.65027
    25.31182     35.12176     -8.41496
    27.23166     38.71835    -11.99682
    33.13800     25.34759    -10.25233
    54.86480     59.73460     -8.00220
    29.50247     20.17274    -12.90392
    51.17112     40.83169    -12.36903
    29.33112     42.15721     -5.99902
    59.60980     51.79558    -10.04868
    51.47436     41.76942    -12.65222
    52.27004     51.91869     -7.88184
    52.24005     52.19953     -7.68355
    42.62207     37.95610     -7.29836
    31.99081     26.68821    -11.35350
    41.06950     48.15990    -22.65070
    52.27724     51.97228     -7.85845
    52.30631     51.95636     -7.87644
    27.03358     38.64747    -11.94692
    56.15560     63.33370    -20.96360
    43.87555     35.44012    -12.62291
    31.89547     42.68050    -12.61720
    45.90210     59.31935    -16.49405
    41.03145     29.97772     -6.84357
    28.72240     33.36090    -21.77620
    33.84136     47.54277    -11.54225
    20.85911     23.28640    -10.09236
    26.77680     26.24690     -8.44700
    39.20111     53.57312    -10.64102
    39.10160     32.04120     -8.48494
    37.87014     49.39343    -12.65924
    54.61300     43.71910    -15.58420
    35.70911     35.27787     -7.74778
    48.75987     48.23653    -15.20263
    35.47335     36.87208    -14.62914
    28.53237     39.15339    -12.00758
    36.19810     21.13200    -22.24690
    52.14629     51.97688     -7.85180
    42.10558     29.53522     -8.58674
    51.54207     41.23045    -12.75186
    42.11664     31.74818    -14.31103
    56.51154     65.42740    -22.85039
    29.98150     19.03190    -22.11260
    39.93560     36.78020    -12.50270
    26.78174     38.49185    -11.11373
    41.67556     54.24501    -10.36287
    35.87840     28.02990    -12.76469
    35.71766     20.33220    -15.05170
    29.50247     20.17274    -12.90392
    42.68195     57.25730    -10.30130
    20.13742     22.94658     -8.97549
    35.69577     20.19636    -14.98714
    23.55517     35.47675    -11.65594
    42.56021     28.68980    -11.03642
    58.47900     56.43918     -9.79051
    23.52800     19.46980    -17.71530
    40.83313     38.25184     -9.77353
    53.06328     43.54557    -13.33474
    20.73499     23.47200    -10.11402
    48.75987     48.23653    -15.20263
    36.69818     29.57915    -10.25797
    47.14517     45.26434     -8.80995
    33.71623     26.37002    -20.41644
    49.86518     45.50152    -10.56347
    31.87280     20.59970    -17.55220
    41.84140     25.26080    -20.14920
    44.04020     51.88685    -23.33570
    33.36837     37.12029    -16.83092
    42.21015     29.39771     -8.86531
    18.92321     30.87466     -8.86730
    20.03081     22.84828     -8.75797
    23.85310     18.00990    -15.17350
    42.33670     29.20044     -9.38380
    28.66128     22.63823    -11.79756
    50.94884     45.14353    -10.85220
    29.56246     43.33094    -14.15318
    50.24870     44.50038    -11.18965
    17.23161     27.25254     -6.65989
    53.51456     55.13696     -8.22021
    53.51456     55.13696     -8.22021
    22.60500     21.19557    -10.39500
    38.25330     32.03869    -20.05494
    40.88005     53.04405    -11.06630
    36.58599     29.67281    -10.28778
    38.02350     27.05190     -8.34205
    28.63242     39.32390    -11.67047
    52.42056     41.30273    -13.70925
    26.15985     20.97317    -12.41472
    37.08390     30.71460    -18.53325
    26.15985     20.97317    -12.41472
    31.80236     42.68058    -12.70299
    45.03256     40.63329    -13.12466
    45.26320     46.33177    -26.61550
    43.47675     56.01875    -13.75455
    34.97370     17.34560     -5.57550
    33.70942     45.10231    -12.18887
    24.61870     19.79740    -14.35230
    35.91333     29.49022    -13.37000
    43.75715     36.41267     -8.26791
    20.85911     23.28640    -10.09236
    31.99081     26.68821    -11.35350
    46.76408     43.36655     -8.04299
    36.56759     25.11756     -9.41459
    36.57349     25.11780     -9.48687
    30.86905     30.06065     -7.70440
    20.78430     28.26350     -8.84910
    52.16614     51.87931     -7.87985
    35.71763     20.33228    -15.05101
    31.28052     43.55287     -9.52831
    21.15322     23.27763    -10.40680
    55.73524     56.28142    -14.59056
    55.73524     56.28142    -14.59056
    53.51456     55.13696     -8.22021
    39.48848     31.87646     -8.46529
    35.72126     20.29576    -15.19575
    57.33243     47.87367    -16.86357
    35.90877     27.94869    -12.74766
    29.33955     20.36249    -12.91009
    54.20535     53.17060    -11.72900
    27.50250     26.71570    -23.59695
    39.60267     31.82485     -8.45463
    27.50250     26.71570    -23.59695
    48.79179     42.35487    -10.04183
    39.88480     44.21870    -21.71450
    55.73524     56.28142    -14.59056
    42.24462     37.44002    -11.62105
    26.12453     20.99658    -12.44994
    36.74925     29.62726    -10.42135
    17.47130     26.22080    -16.68800
    42.94170     34.28595    -12.24051
    42.95060     34.29749    -12.24394
    23.20927     37.12850     -9.00636
    53.03861     51.56648     -8.31821
    37.91520     46.93580    -17.84970
    48.35805     49.93437    -11.78545
    50.34152     44.58170    -11.12181
    22.60500     21.19557    -10.39500
    42.95221     41.69465     -9.50082
    54.21055     46.31402    -13.59614
    20.83124     23.59863    -10.33361
    48.74642     35.43616    -11.26201
    21.06911     23.39126    -10.42895
    17.24859     27.45558     -6.79212
    35.69547     20.19561    -14.98372
    23.55520     35.47678    -11.65594
    38.78583     31.68057    -14.18021
    30.22980     15.70690    -15.74770
    42.69893     28.65234    -10.33858
    35.72091     20.32785    -15.11170
    35.16500     31.33740    -20.25100
    21.86010     30.31000    -12.24100
    48.83029     35.55293    -11.34610
    54.27052     50.16997    -12.44126
    45.79350     49.08670    -22.09160
    46.82751     43.38670     -8.04306
    31.57158     43.90766     -9.37387
    35.23570     32.67553     -7.50530
    23.26425     35.33157    -11.47315
    29.56246     43.33094    -14.15318
    42.68195     57.25730    -10.30130
    40.30490     24.11620     -6.60510
    46.87254     44.28559    -14.99073
    59.60980     51.79558    -10.04868
    52.11203     47.06394    -10.88553
    42.07718     39.00107    -12.19359
    50.26033     44.47916    -11.17724
    38.30370     23.94830     -8.91820
    51.74423     49.58126    -10.23536
    35.72105     20.32757    -15.11431
    32.80087     45.31749    -13.26644
    33.29004     25.53213    -10.13799
    31.07403     37.73107    -23.41490
    31.99081     26.68821    -11.35350
    41.31760     52.31690    -14.82860
    40.60076     38.02283     -9.56547
    54.23085     50.14795    -12.40992
    49.94512     57.34781    -23.31678
    17.99389     25.97064     -7.86181
    51.97980     66.01210    -13.33990
    18.59730     25.18891     -8.05661
    31.71629     42.68073    -12.78215
    27.90787     38.94508    -11.99401
    50.79850     64.61575    -15.10105
    52.34130     59.66545    -23.63570
    56.20719     65.19445    -22.74002
    40.47984     32.71235    -12.88195
    45.19670     37.90310    -13.15870
    26.02235     37.99550     -8.29210
    41.41570     53.02850     -7.48610
    45.56780     26.47630    -13.16380
    39.40110     40.90210     -9.53460
    30.33820     37.81790    -19.32930
    32.82340     36.71140     -9.76700
    40.62434     54.38745    -10.17541
    42.13618     29.76107     -8.41116
    38.73596     29.28369     -9.95351
    45.66103     43.06902     -8.42254
    48.79179     42.35487    -10.04183
    47.14415     45.26408     -8.80991
    26.15985     20.97317    -12.41472
    41.65180     25.08310    -11.14435
    30.00412     36.14469    -14.05285
    32.33026     22.75372     -9.50983
    48.79179     42.35487    -10.04183
    22.21925     26.08284    -11.90167
    33.41309     37.45665    -17.15217
    30.66160     41.06190    -14.08760
    37.81780     32.79150     -8.25670
    18.87029     30.96606     -8.75446
    31.07403     37.73107    -23.41490
    40.75625     27.30753     -8.19821
    44.07997     35.69186    -12.68919
    42.04574     29.62249     -8.39823
    42.14359     29.47405     -8.71996
    17.54721     27.42305     -6.98818
    18.85385     23.69515     -6.19585
    27.02395     38.63266    -11.97936
    35.47335     36.87208    -14.62914
    45.43351     37.07015     -9.16826
    46.44186     43.26631     -8.04840
    59.60980     51.79558    -10.04868
    39.60266     31.82486     -8.45463
    31.39956     43.70318     -9.46762
    18.85385     23.69515     -6.19585
    23.15820     21.42410     -5.53430
    31.07452     43.25417     -9.61484
    50.51536     44.73343    -11.01287
    51.31035     45.41494    -10.80063
    23.59760     29.32030    -13.29600
    42.95680     34.27723    -12.29509
    48.79179     42.35487    -10.04183
    34.92637     36.01137    -17.26193
    24.86780     14.60160     -8.73950
    41.93521     31.51840    -14.18064
    51.58275     58.18760    -19.00190
    41.61495     29.16651    -14.90583
    35.72104     20.32756    -15.11429
    23.24656     23.75654    -13.25603
    33.29108     25.53342    -10.13722
    29.57350     28.33810    -19.65320
    48.93523     42.34884    -14.88845
    39.75471     53.96194    -10.42275
    49.79440     54.26780    -26.21010
    51.74423     49.58127    -10.23536
    51.74423     49.58127    -10.23536
    51.74423     49.58127    -10.23536
    43.41518     34.37028     -8.72164
    64.62510     57.33450    -26.74960
    41.61495     29.16651    -14.90584
    40.40294     32.84531    -13.44585
    37.48920     37.95930    -10.00680
    30.24730      9.53290    -16.80930
    41.22892     27.25029     -8.58592
    42.77176     39.52498     -6.50107
    35.72077     20.32807    -15.10912
    44.34835     33.19730    -15.57255
    41.15710     25.76320    -17.02690
    31.17933     34.21652    -15.39242
    30.33190     32.13280    -16.13088
    56.27390     53.54740    -12.86100
    32.99763     45.70682    -12.48211
    16.49600     29.29630    -16.03870
    42.89845     34.16781    -12.32906
    54.21054     46.31400    -13.59613
    47.15875     39.18529    -14.68075
    33.30332     25.54844    -10.12809
    52.26297     51.98107     -7.84844
    40.16741     34.04754    -11.95078
    53.51456     55.13696     -8.22021
    29.96637     36.12707    -14.14126
    33.30165     25.54640    -10.12934
    56.33482     65.29244    -22.78606
    48.35805     49.93437    -11.78545
    47.47737     34.54645     -8.64712
    40.12900     23.35350    -20.44900
    23.21465     23.67218    -13.21856
    25.35550     39.39550    -15.87860
    23.50138     24.43015    -13.55518
    30.19360     15.51390    -22.92640
    28.38260     18.26430    -13.36990
    37.71175     21.22870    -17.09985
    20.53607     23.21253     -9.66727
    47.47737     34.54645     -8.64712
    26.87208     38.57580    -11.97640
    52.43970     64.98020    -23.98260
    31.71630     42.68073    -12.78214
    41.98760     42.60780    -23.76900
    45.03256     40.63329    -13.12466
    26.14017     38.07301     -8.73520
    45.03256     40.63329    -13.12466
    33.41309     37.45666    -17.15218
    45.03790     49.15630    -27.34960
    34.84074     31.40927    -13.53669
    41.89416     31.46381    -14.15618
    26.15985     20.97317    -12.41472
    31.34678     43.63126     -9.49207
    30.33190     32.13280    -16.13087
    40.92580     27.62060    -20.48360
    42.62207     37.95610     -7.29836
    37.77550     45.24520    -21.96600
    37.74650     30.73250    -21.58330
    49.73646     57.29840    -23.15866
    42.88980     26.81090    -14.48280
    52.20929     47.37640    -11.14115
    31.70093     35.87757    -15.40090
    31.70093     35.87757    -15.40090
    35.47335     36.87208    -14.62914
    43.47675     56.01875    -13.75455
    42.62207     37.95610     -7.29836
    45.29831     35.90161    -10.91972
    40.39654     32.89658    -13.54196
    42.62207     37.95610     -7.29836
    42.54047     28.80437    -10.34504
    37.72553     32.14529    -12.08810
    42.88172     34.12008    -12.36461
    46.61505     46.32645     -6.55380
    47.41712     37.60167    -10.37821
    40.38443     32.92121    -13.62720
    40.39945     32.84807    -13.47096
    50.23486     44.38309    -11.20451
    32.02910     31.05970     -8.60630
    31.17934     34.21652    -15.39243
    34.51110     24.52160    -19.07710
    53.06328     43.54557    -13.33474
    45.21323     42.84736     -7.30501
    55.23120     49.96620     -3.99030
    32.64305     26.60800     -7.40330
    38.79288     31.67118    -14.19085
    35.46990     18.70776    -14.30414
    48.35805     49.93437    -11.78545
    39.98681     54.10556    -10.33502
    35.86120     28.01322    -12.75021
    48.35805     49.93437    -11.78545
    33.38660     39.33160    -21.26650
    48.73470     61.40290    -11.50270
    36.24541     29.80475    -11.11951
    18.87029     30.96606     -8.75446
    43.41518     34.37028     -8.72164
    49.86518     45.50152    -10.56347
    41.27593     27.22727     -8.61954
    45.90210     59.31935    -16.49405
    27.69900     39.58950     -6.07220
    54.21055     46.31401    -13.59614
    35.87245     28.87578    -18.11978
    34.38097     31.22064    -10.54548
    28.71479     37.94027    -15.10983
    41.17355     36.50570     -8.23345
    33.41928     37.50322    -17.19665
    37.87014     49.39343    -12.65924
    36.14400     37.72220     -9.44070
    16.01460     27.88150    -21.06910
    30.77680     27.94290    -10.40010
    40.46794     34.43409    -12.16689
    40.15705     27.80684     -7.85084
    17.83278     26.25032     -7.01943
    49.68099     57.50919    -22.51645
    42.02887     39.43601    -10.89367
    40.88005     53.04405    -11.06630
    35.72104     20.32756    -15.11428
    25.52350     14.22830    -15.46170
    23.25280     28.10120     -9.25690
    31.44481     42.68132    -13.03164
    48.59629     35.25393    -11.14099
    32.99440     14.82930    -12.25890
    40.54176     34.65140    -12.15739
    50.27887     44.47630    -11.15857
    41.44500     25.02200     -7.22820
    35.72125     20.35687    -15.05455
    41.89600     44.71240    -16.53980
    40.45392     32.75978    -13.06137
    34.93883     46.76816    -10.18710
    46.87254     44.28559    -14.99073
    47.11942     39.15385    -14.67549
    26.02235     37.99550     -8.29209
    35.47335     36.87208    -14.62914
    29.20839     34.27371    -12.11210
    50.03675     44.19984    -11.39087
    47.03619     43.45596     -8.05383
    38.46183     28.06649    -14.97960
    37.53750     35.57940    -10.89980
    34.92637     36.01137    -17.26193
    43.20678     34.61973    -12.35806
    37.72553     32.14529    -12.08810
    43.05967     34.40608    -12.23353
    39.75000     45.54630    -18.71950
    24.42659     33.43405    -13.91672
    26.79513     38.54186    -11.97877
    52.49999     51.85044     -7.99364
    22.64780     24.30780     -8.40420
    43.41518     34.37028     -8.72164
    52.29920     52.34929     -7.56418
    48.79179     42.35487    -10.04183
    33.96178     44.95570    -11.72855
    55.09704     50.62942    -13.09387
    39.60264     31.82487     -8.45463
    20.84940     19.39410    -12.48970
    37.12710     19.25490    -13.25670
    39.47467     31.88250     -8.46625
    21.08432     23.30260    -10.35743
    39.41130     29.35850    -24.47000
    29.23350     19.06460    -10.50650
    43.41518     34.37028     -8.72164
    51.56369     41.40060    -12.76689
    43.75683     35.31127    -12.60235
    40.29560     54.50806    -10.05520
    30.85250     26.72530     -8.67040
    40.38837     27.66835     -8.00761
    39.62005     53.88632    -10.46641
    40.38645     34.25383    -12.76376
    20.34182     24.53361    -10.55726
    42.06437     29.59485     -8.45328
    35.78170     20.59733    -15.12351
    35.71766     20.33221    -15.05171
    48.35805     49.93437    -11.78545
    43.94640     28.53020    -14.08800
    28.44356     39.12408    -12.00648
    53.12382     51.49847     -8.37780
    23.27824     23.83599    -13.28895
    44.34835     33.19730    -15.57255
    53.29760     56.71430    -24.11930
    47.55191     39.48937    -14.73763
    41.61495     29.16651    -14.90584
    41.95875     39.30018    -10.99926
    52.49894     51.84042     -8.00090
    49.85750     46.81460    -14.13820
    26.15985     20.97317    -12.41472
    36.25975     29.79896    -11.09925
    52.17710     64.52120    -13.20430
    63.63890     59.54110    -21.47440
    43.87240     46.62340    -23.87660
    28.50385     38.86102    -12.69611
    41.61495     29.16651    -14.90583
    33.84081     47.54164    -11.54221
    52.20921     47.37621    -11.14109
    35.87245     28.87578    -18.11978
    50.21050     49.60490    -15.33280
    38.01877     41.09375    -18.58036
    36.82825     29.61058    -10.37675
    35.71560     30.15518    -12.13755
    49.22880     39.52600    -14.66970
    36.57349     25.11780     -9.48687
    35.70661     30.07263    -12.28117
    42.08467     38.93219    -12.39982
    18.08720     28.36950    -18.64750
    52.27888     47.62134    -11.28486
    48.83029     35.55293    -11.34610
    39.76564     29.14674    -10.16781
    48.35805     49.93437    -11.78545
    27.07977     38.66331    -11.94970
    58.47900     56.43918     -9.79051
    26.98015     38.61708    -11.97826
    59.59970     51.27030    -15.21760
    36.63240     51.07660     -5.95940
    42.29790     29.24500     -9.19712
    17.39598     27.33695     -6.86198
    32.39061     22.70269     -9.72870
    35.23570     32.67553     -7.50531
    38.44290     46.34840    -21.20660
    40.18496     34.24146    -12.40358
    23.20927     37.12850     -9.00636
    39.85958     33.17991    -17.34484
    35.21890     16.95400    -12.52680
    38.46184     28.06649    -14.97960
    49.08053     35.90506    -11.60104
    38.27440     28.36460    -17.94510
    33.90460     29.79770    -20.04260
    23.09231     35.12968    -11.53016
    35.04893     30.99483    -12.30178
    58.42277     48.84953     -9.99173
    51.48624     45.79438    -10.49015
    42.29902     31.95410     -7.79377
    22.99318     23.12092    -12.99261
    33.24977     46.10442    -11.40194
    41.77258     27.05017     -8.97565
    37.72552     32.14529    -12.08807
    40.05941     31.61842     -8.41198
    42.72104     31.97780    -15.79502
    41.40207     54.28289    -10.31387
    40.60200     44.28370    -25.14600
    43.41518     34.37028     -8.72164
    32.64305     26.60800     -7.40330
    42.39540     32.61704    -13.49954
    43.92968     35.50996    -12.65351
    24.71890     36.05750    -12.38709
    41.77259     27.05017     -8.97566
    33.48835     25.76756     -9.98628
    29.50247     20.17274    -12.90392
    33.41309     37.45666    -17.15218
    28.89630     24.24160    -22.32350
    48.62285     35.28170    -11.15746
    42.65427     33.48401    -12.85299
    26.15985     20.97317    -12.41472
    30.00412     36.14469    -14.05285
    55.73524     56.28142    -14.59056
    23.20927     37.12850     -9.00636
    32.78126     24.90576    -10.51631
    47.11350     57.17400    -19.60400
    36.20058     47.87637     -9.81030
    16.29530     25.38540    -13.04020
    52.34130     59.66545    -23.63570
    15.02943     27.49729    -12.69385
    40.41321     34.29317    -12.14406
    52.27724     51.97228     -7.85845
    54.21056     46.31402    -13.59614
    34.09500     14.30000     -5.67740
    37.33940     29.20870    -21.84140
    35.31170     42.41710    -24.22580
    40.45362     32.75957    -13.06407
    30.12750     13.82510    -22.58130
    49.68093     57.50898    -22.51702
    60.35071     54.51537    -22.81445
    52.17110     48.81070     -7.24050
    22.60500     21.19557    -10.39500
    45.43351     37.07015     -9.16826
    51.67332     41.28001    -12.89265
    40.32582     34.03019    -15.22670
    21.87920     21.46820    -19.03910
    45.26320     46.33177    -26.61550
    50.96330     47.55530     -7.77730
    25.71450     39.31980     -9.21900
    44.92470     31.47050    -10.29290
    35.46990     18.70776    -14.30414
    50.75259     64.38949    -24.55033
    46.61505     46.32645     -6.55380
    43.92690     43.35860    -25.81570
    42.31871     31.88812     -7.80666
    58.47900     56.43918     -9.79051
    48.79179     42.35487    -10.04183
    28.44358     39.12409    -12.00647
    50.68390     59.11995    -23.82775
    29.52575     20.14563    -12.90304
    45.51228     39.43854     -6.91733
    51.49201     41.14543    -12.70144
    48.79179     42.35487    -10.04183
    48.79179     42.35487    -10.04183
    36.56759     25.11756     -9.41459
    41.61495     29.16651    -14.90584
    25.42043     22.13328    -13.29184
    29.33112     42.15721     -5.99903
    42.53596     28.69601    -11.16233
    42.62207     37.95610     -7.29836
    49.57859     36.60765    -12.11034
    40.43730     34.42102    -12.26468
    55.58560     48.26350    -15.06370
    33.23237     25.46103    -10.18082
    38.25330     32.03869    -20.05494
    24.71890     36.05750    -12.38709
    36.51050     41.11700    -17.67680
    27.37580     19.40650    -13.56040
    43.61260     47.63450    -22.50900
    50.89191     45.17354    -10.79495
    57.58050     64.72880    -20.73380
    20.34182     24.53361    -10.55726
    38.25913     29.35418     -9.97038
    20.34182     24.53361    -10.55726
    30.11126     36.13805    -13.90822
    27.60050     32.67590    -17.18070
    48.79179     42.35487    -10.04183
    35.90877     27.94869    -12.74766
    47.62420     47.50910    -26.54980
    40.46545     32.74022    -12.98120
    32.46108     45.53372    -13.68088
    17.76761     26.26381     -7.78875
    45.03256     40.63329    -13.12466
    36.20438     47.88057     -9.80948
    38.25330     32.03869    -20.05494
    32.20810     44.65016     -9.02090
    42.07625     39.62534    -10.57837
    25.98139     21.15701    -12.56873
    31.31775     30.96810    -11.87025
    36.69930     22.92220     -7.11420
    54.26071     46.36944    -13.61244
    32.57101     45.52560    -13.50079
    35.88189     28.17593    -12.82522
    48.25314     39.84020    -10.68157
    48.25314     39.84020    -10.68157
    35.81303     29.92502    -12.28500
    45.81940     50.76700     -8.41320
    42.46516     28.94211     -9.97868
    40.20855     33.28863    -15.05920
    21.08319     23.39935    -10.45183
    40.92789     27.43539     -8.43598
    45.03256     40.63329    -13.12466
    37.72553     32.14529    -12.08810
    36.63580     25.12043    -10.24976
    49.71470     61.23100    -21.37650
    26.01846     38.07001    -12.54245
    33.41309     37.45666    -17.15218
    27.50346     38.80238    -11.96863
    28.87638     34.65548    -11.88855
    39.98827     33.31786    -16.49622
    35.23570     32.67553     -7.50531
    35.71762     20.33226    -15.05100
    30.12240     27.94340     -5.97000
    32.20630     22.85852     -9.06026
    29.14655     27.27125    -12.61265
    35.80324     20.21590    -16.63408
    34.06720     18.10510    -11.82880
    53.06328     43.54557    -13.33474
    15.02943     27.49729    -12.69385
    29.34630     34.09468    -12.18788
    31.69463     21.49107    -11.81383
    28.66128     22.63823    -11.79756
    36.71305     34.25585    -12.09360
    51.10389     45.37119    -10.69605
    33.91150     45.01457    -11.99252
    38.98374     36.22332     -8.36498
    30.00412     36.14469    -14.05285
    31.69463     21.49107    -11.81383
    31.70093     35.87757    -15.40090
    25.34818     21.51279    -13.22360
    29.15305     34.33734    -12.07484
    28.01250     36.51400    -17.31020
    25.20179     39.18464    -13.13574
    52.42230     41.30270    -13.71120
    46.68703     32.79867     -6.87200
    46.68703     32.79867     -6.87200
    46.68703     32.79867     -6.87200
    26.02235     37.99550     -8.29209
    46.00440     61.43460    -21.12490
    53.01845     51.57977     -8.30541
    29.56246     43.33094    -14.15318
    36.20438     47.88057     -9.80948
    47.47737     34.54645     -8.64712
    50.22442     44.31792    -11.20379
    18.17360     26.44880    -13.23670
    35.40303     49.71476     -6.85515
    53.06328     43.54557    -13.33474
    53.51456     55.13696     -8.22021
    54.27170     50.17063    -12.44219
    36.11270     45.26220    -17.48320
    45.10133     43.14388    -10.57114
    17.77916     26.16209     -8.05095
    45.10133     43.14388    -10.57114
    30.00412     36.14469    -14.05285
    37.72553     32.14529    -12.08810
    35.90877     27.94869    -12.74766
    42.61580     28.67487    -10.75586
    27.78770     28.79800    -19.31580
    54.20535     53.17060    -11.72900
    33.41670     41.00530    -19.54690
    48.74616     35.43579    -11.26175
    35.70911     35.27787     -7.74778
    51.69674     41.22243    -12.92094
    26.98015     38.61708    -11.97826
    23.27825     23.83602    -13.28897
    35.15930     33.41870    -13.77510
    30.00412     36.14469    -14.05285
    39.22560     43.62550    -27.10760
    45.43351     37.07015     -9.16826
    42.68195     57.25730    -10.30130
    58.27590     48.50580    -21.62960
    15.02943     27.49729    -12.69385
    46.04582     43.14865     -8.08914
    31.17934     34.21652    -15.39243
    50.29215     44.68789    -11.05781
    42.11209     32.49673     -7.68385
    34.86560     46.44428    -10.08039
    42.20232     29.37638     -8.94513
    31.71627     42.68073    -12.78217
    42.82370     33.99865    -12.50393
    35.71766     20.33220    -15.05171
    35.90877     27.94869    -12.74766
    35.47335     36.87208    -14.62914
    45.42410     53.69910    -18.28400
    34.38100     31.22063    -10.54556
    36.18210     27.21784    -12.59433
    34.51138     46.90902    -10.63595
    52.20929     47.37640    -11.14115
    35.54890     23.84040    -10.64570
    23.20899     35.26377    -11.49560
    22.21925     26.08284    -11.90167
    42.95160     34.26207    -12.33223
    25.31182     35.12176     -8.41496
    33.30044     25.54491    -10.13024
    60.19794     54.49383    -22.41368
    60.24426     54.50037    -22.53521
    42.44182     28.98652     -9.87432
    42.44192     28.98637     -9.87474
    42.84782     34.07613    -12.44836
    18.48040     23.89160    -14.04005
    20.10430     22.30070    -18.06400
    31.53905     37.69295    -16.98600
    42.60648     34.56911    -12.31311
    37.71175     21.22870    -17.09985
    23.21471     23.67233    -13.21863
    51.14899     45.41794    -10.57490
    28.63242     39.32390    -11.67046
    32.59367     45.53733    -13.45016
    32.59443     45.53760    -13.44930
    33.41756     37.49030    -17.18431
    33.98590     27.81760    -10.62090
    35.04851     46.76778    -10.10733
    23.98760     27.03520    -18.04650
    23.20899     35.26377    -11.49560
    50.16969     44.33756    -11.26029
    37.72553     32.14529    -12.08810
    43.41517     34.37028     -8.72175
    42.42721     29.01104     -9.81588
    52.16630     51.87972     -7.87966
    43.55830     40.48090     -4.81850
    17.59669     26.19663     -8.68465
    43.87555     35.44012    -12.62291
    33.92504     47.85854    -11.43693
    25.98180     21.15674    -12.56858
    23.20927     37.12850     -9.00636
    30.00412     36.14469    -14.05285
    36.58612     29.80260     -8.55628
    26.55222     20.78193    -12.39014
    23.05981     35.43255    -11.05583
    33.49259     25.77093     -9.98224
    47.47737     34.54645     -8.64712
    34.60750     38.02690    -21.63930
    18.92321     30.87466     -8.86730
    43.08244     34.42466    -12.29122
    63.52225     57.30995    -23.67305
    37.89980     44.14495    -23.53815
    29.33112     42.15721     -5.99902
    54.95650     45.64500     -8.92050
    39.65837     31.80081     -8.45126
    47.41712     37.60167    -10.37821
    33.13093     32.36460     -7.42087
    30.00412     36.14469    -14.05285
    35.09180     33.91190    -18.83450
    27.38355     38.77749    -11.93323
    47.47737     34.54645     -8.64712
    38.81100     22.74720    -10.33140
    37.72553     32.14529    -12.08810
    40.46545     32.74023    -12.98147
    48.03750     49.49930    -22.54640
    38.46581     28.06440    -14.97955
    40.39574     34.34379    -12.20509
    36.88697     27.33766    -21.91533
    19.34661     30.14340     -9.77006
    34.69810     33.59550    -16.31990
    35.72104     20.32755    -15.11428
    50.46666     44.70321    -11.05482
    42.89841     34.16781    -12.32927
    31.71630     42.68073    -12.78215
    34.95876     31.30192    -12.77409
    50.14023     44.60773    -11.12607
    33.90782     45.01564    -11.99626
    32.04260     44.71850     -5.76230
    32.26410     14.60940     -8.98340
    49.83359     44.31033    -11.60025
    47.47737     34.54645     -8.64712
    56.33482     65.29244    -22.78606
    53.63532     51.09050     -8.73492
    36.20304     47.87903     -9.80975
    25.48697     21.69203    -13.00378
    33.90782     45.01563    -11.99629
    48.45870     45.30940    -17.53180
    27.16220     41.81880     -6.56650
    40.50538     34.52899    -12.14297
    45.60082     43.01058     -8.03012
    18.87029     30.96606     -8.75446
    22.76698     34.72145    -11.67520
    36.59230     29.67161    -10.28617
    18.54517     28.02329     -7.80145
    25.20179     39.18464    -13.13574
    26.15972     20.97322    -12.41487
    35.62996     47.32890     -9.96012
    48.83029     35.55293    -11.34610
    40.97419     38.38490     -9.92212
    23.20899     35.26378    -11.49560
    35.70911     35.27787     -7.74778
    28.71479     37.94027    -15.10983
    35.87245     28.87578    -18.11978
    38.38286     27.34594    -12.06440
    18.48040     23.89160    -14.04005
    22.09320     20.36050    -13.91980
    50.86240     63.58390    -10.17290
    42.69892     28.65234    -10.33859
    29.15305     34.33734    -12.07483
    36.56759     25.11756     -9.41459
    26.55140     20.78217    -12.39006
    58.42277     48.84953     -9.99173
    45.51228     39.43854     -6.91733
    39.32370     35.12960    -22.01330
    25.64145     24.08495    -15.49385
    47.14415     45.26408     -8.80991
    34.02740     43.03405    -17.38535
    23.89290     30.19230    -17.38090
    31.28052     43.55287     -9.52831
    47.11942     39.15385    -14.67549
    55.73524     56.28142    -14.59056
    60.14387     54.48621    -22.27184
    58.42277     48.84953     -9.99173
    56.37958     65.32686    -22.80215
    51.22543     38.93520    -13.14367
    43.75715     36.41267     -8.26791
    41.24120     51.32250    -16.82890
    40.14180     50.56540    -15.18710
    46.31780     59.10500    -13.12020
    20.70496     23.45050    -10.06061
    20.62794     23.25528     -9.80908
    37.87014     49.39343    -12.65924
    48.93523     42.34884    -14.88845
    27.03358     38.64747    -11.94691
    29.11120     15.29010    -10.75820
    51.22543     38.93520    -13.14367
    31.17934     34.21652    -15.39243
    47.14286     45.26376     -8.80987
    48.75987     48.23653    -15.20263
    50.08300     56.19730     -9.08960
    34.02740     43.03405    -17.38535
    42.62207     37.95610     -7.29836
    48.35805     49.93437    -11.78545
    20.12245     22.93559     -8.94794
    31.99081     26.68821    -11.35350
    24.11910     31.65590    -14.19770
    48.79179     42.35487    -10.04183
    51.58275     58.18760    -19.00190
    29.89900     39.27480    -15.11640
    34.70521     31.19621    -11.65026
    34.26220     45.06481    -12.25976
    38.52997     29.31109     -9.91063
    33.86532     47.65596    -11.55713
    20.84501     23.55192    -10.30880
    51.52980     41.16112    -12.74181
    40.97419     38.38490     -9.92212
    18.56770     28.03705     -7.81966
    40.54770     34.68801    -12.17225
    25.42453     21.81687    -13.17462
    54.00120     64.80940    -19.34930
    50.60771     45.09843    -10.82887
    38.25330     32.03869    -20.05494
    30.50810     19.00410     -7.59800
    41.54864     38.91830    -10.55248
    42.69795     33.61556    -12.75565
    50.68390     59.11995    -23.82775
    26.98015     38.61708    -11.97826
    33.13800     25.34759    -10.25233
    19.91350     26.11470     -7.88740
    50.17318     44.34505    -11.25586
    26.02235     37.99550     -8.29209
    51.07740     53.31000    -15.06350
    40.48926     34.49529    -12.16278
    56.56050     60.99320    -19.21710
    38.38286     27.34594    -12.06440
    41.11702     54.31028    -10.27194
    45.03290     31.48270    -15.08140
    52.15470     38.42500    -10.76880
    33.85452     47.29324    -11.32676
    58.97410     64.07940    -21.15830
    37.89980     44.14495    -23.53815
    38.01877     41.09375    -18.58036
    50.07170     57.30216    -23.61476
    45.19670     37.90310    -13.15870
    27.23190     17.19050    -14.70600
    53.06328     43.54557    -13.33474
    45.85810     52.15090    -21.02200
    36.88697     27.33766    -21.91533
    18.87029     30.96606     -8.75446
    32.67114     24.76731    -10.59678
    43.41519     34.37028     -8.72159
    17.79203     26.27340     -7.66077
    54.35449     50.21664    -12.50756
    42.08473     38.93221    -12.39962
    16.96380     23.96540    -10.14870
    42.95221     41.69465     -9.50082
    26.80230     12.92620     -8.95300
    49.57859     36.60765    -12.11034
    35.40303     49.71476     -6.85515
    40.66049     27.52396     -8.19168
    32.99360     28.94420    -10.75110
    50.24185     44.45581    -11.19071
    33.14296     25.35375    -10.24867
    42.50464     28.87140    -10.15599
    41.61495     29.16651    -14.90583
    15.83380     25.39500     -6.60680
    50.27598     57.26659    -23.98994
    37.72558     32.14528    -12.08819
    33.82978     45.04484    -12.08100
    31.34678     43.63126     -9.49207
    46.85150     38.93972    -14.63956
    34.85491     31.26277    -12.32485
    45.41432     42.92845     -7.68621
    42.62207     37.95610     -7.29836
    38.01877     41.09375    -18.58036
    35.72105     20.32759    -15.11433
    52.27729     51.97233     -7.85845
    20.62090     25.06050    -19.23630
    33.82981     45.04483    -12.08094
    53.06328     43.54557    -13.33474
    33.41756     37.49030    -17.18431
    64.60260     55.96750    -25.49600
    57.33243     47.87367    -16.86357
    26.98015     38.61708    -11.97826
    55.10430     56.03850     -8.77580
    33.71623     26.37002    -20.41644
    21.17540     23.30492    -10.45748
    22.21925     26.08284    -11.90167
    18.54519     28.02330     -7.80147
    19.58385     27.42150    -14.39125
    28.44211     24.95412    -14.19341
    35.23570     32.67553     -7.50531
    25.12850     32.76800    -17.31850
    21.03752     23.34174    -10.34052
    54.21056     46.31402    -13.59614
    49.00437     56.78869    -23.49486
    34.86110     25.91790    -13.95890
    49.30620     64.84760    -26.27330
    30.48115     42.37963     -9.85743
    23.27828     23.83612    -13.28901
    60.42100     50.59010    -20.36510
    52.26975     52.27255     -7.62790
    35.93515     29.91606    -11.79587
    18.59730     25.18891     -8.05661
    52.20929     47.37640    -11.14115
    40.02470     24.98110    -13.12710
    21.29537     23.62881    -10.90598
    49.94508     57.34782    -23.31669
    58.90550     50.36640    -17.29480
    42.24462     37.44002    -11.62106
    24.39094     33.42012    -13.90944
    25.89790     32.00640    -13.19250
    31.33950     24.58480     -7.06100
    59.60980     51.79558    -10.04868
    51.76165     41.25959    -12.98988
    42.24462     37.44002    -11.62105
    41.83028     27.02911     -9.01995
    31.37160     34.32400     -9.00520
    50.19370     62.41980    -26.10540
    40.54080     41.92350    -11.80240
    47.12041     39.15466    -14.67561
    17.58392     27.24136     -7.03155
    30.33190     32.13280    -16.13087
    52.22126     47.41536    -11.17178
    18.87029     30.96606     -8.75446
    51.54187     41.23043    -12.75164
    34.59766     31.20679    -11.31562
    35.27402     46.94823    -10.03605
    33.95975     44.95763    -11.73915
    44.37590     30.46530    -13.50520
    29.50247     20.17274    -12.90392
    43.87555     35.44012    -12.62291
    28.44211     24.95412    -14.19341
    49.83630     62.97820    -21.28470
    59.60980     51.79558    -10.04868
    37.87014     49.39343    -12.65924
    49.89170     44.27221    -11.53977
    41.00810     31.56480    -19.21380
    29.60541     20.05298    -12.89976
    54.07984     46.16956    -13.55365
    18.03240     27.71341     -7.38906
    39.77640     26.12720    -22.34250
    37.56120     24.48320     -6.56660
    40.45365     34.40877    -12.15959
    51.47440     41.76929    -12.65226
    30.33190     32.13280    -16.13087
    45.69698     43.03893     -8.03543
    42.77176     39.52498     -6.50107
    48.79179     42.35487    -10.04183
    39.75000     45.54630    -18.71950
