    43.41848     41.00687     -9.55398
    28.99523     42.20360     -7.05227
    39.14371     36.70539     -8.62796
    39.35344     32.31608     -9.45940
    40.06703     32.14911    -13.84957
    43.66508     41.32693    -10.05642
    55.80061     57.27074    -10.09077
    33.30580     17.84170    -15.31120
    52.52009     41.39881    -13.85020
    40.60266     33.05440    -14.77856
    37.90547     27.13509     -8.56323
    44.07189     36.17950     -8.21828
    42.03689     29.65378     -7.54402
    41.49530     50.84940    -19.94120
    42.84517     41.08563    -13.67125
    51.61798     40.44742    -12.73564
    36.06090     21.19170    -22.17895
    53.16595     43.61371    -13.50711
    31.49591     37.64717    -16.60907
    50.73139     64.56260    -15.54102
    19.39092     28.04187     -7.67079
    46.48558     39.31383    -14.16559
    41.97651     36.98533    -11.51745
    48.85768     42.59447    -14.95437
    40.61643     54.97079     -9.64301
    33.85020     20.85440    -17.85220
    40.14746     54.80727    -10.07485
    19.34211     28.03751     -7.73473
    42.39959     28.86762    -11.20529
    22.12806     22.58728     -9.86249
    39.48841     27.73117    -14.31022
    26.50149     20.78698    -12.38869
    35.47511     36.87377    -14.59567
    35.51308     36.82545    -14.65278
    38.10745     31.94808    -14.32540
    33.69323     46.22924     -9.34783
    42.58212     39.02537    -12.43811
    48.93395     41.45924    -10.56432
    25.59834     20.84525    -10.56884
    53.16310     49.80247    -11.83862
    39.64951     39.18052     -8.60461
    32.29341     23.26192     -8.11324
    33.03148     46.16655    -10.52613
    41.65247     27.63507     -8.23847
    40.73519     27.50052     -8.55039
    47.55431     37.30185    -10.28213
    56.20380     62.35240    -17.98270
    42.28606     39.81508     -9.85787
    28.37070     40.67040    -13.65690
    48.47542     40.31598    -10.62231
    26.18053     38.52342    -12.80396
    35.05563     31.73126    -14.94514
    29.78372     19.61405    -13.03126
    31.30650     43.36223     -9.18505
    49.39569     48.96103     -7.67354
    38.91080     31.31979    -14.55664
    34.04746     20.87335    -11.62196
    34.93250     18.55510     -9.84340
    46.50560     40.92520    -10.37440
    25.47762     21.20682    -11.16759
    39.98233     28.62392     -7.96393
    40.30784     28.36206     -8.00835
    28.48835     22.39012    -12.56074
    43.99513     51.95715    -23.71924
    32.61596     22.52643    -12.21536
    19.92742     22.55955     -8.90794
    49.59680     37.17130     -8.03180
    48.27595     39.93207    -10.66607
    30.70662     30.01987     -7.75459
    43.61810     41.33090     -9.92368
    44.85030     47.70500     -5.77110
    57.32106     65.60562    -23.76116
    42.83036     35.00595    -12.89917
    34.88623     36.08292    -17.45844
    42.44821     30.30251     -7.60379
    42.49713     30.07024     -7.72007
    37.74590     26.71980    -18.65540
    40.38346     31.74939    -12.25533
    51.90801     48.01957    -10.40680
    63.47750     57.39374    -23.94732
    52.12231     46.10824     -8.80024
    41.30010     36.23470    -22.85650
    50.15288     37.40465    -12.58693
    36.46947     24.68327     -9.24998
    42.22099     33.49200    -12.55603
    42.30580     33.66121    -12.47510
    46.03402     43.38065     -7.60686
    35.57098     28.12579    -10.76573
    51.54989     41.86757    -12.81865
    55.16907     50.36718    -13.49768
    32.51357     22.68237     -9.45074
    42.16359     56.67080    -10.17257
    55.70350     64.44895    -22.85100
    55.73587     64.78442    -22.54932
    55.74966     64.79611    -22.55475
    21.36689     23.41280    -10.82245
    36.12635     30.51806    -12.29076
    55.61102     64.38656    -22.28241
    33.46148     20.21019    -12.72946
    33.33107     20.31817    -12.73714
    33.42045     20.29774    -12.72816
    53.67704     49.57295    -11.67651
    50.74137     64.33395    -24.35912
    38.69455     36.12529     -8.09773
    30.45575     36.93543    -13.36829
    45.45240     34.36470     -9.65390
    42.52247     37.85719     -6.51448
    42.34403     28.71874    -11.62670
    37.75860     28.73295    -14.62692
    25.29717     35.21013     -8.51002
    57.06759     65.58385    -23.04073
    18.72734     25.13125     -7.71626
    24.04006     33.36544    -13.81703
    38.88020     26.83715    -12.26769
    55.81684     57.26581     -9.76098
    18.72596     28.29441     -7.53158
    55.82478     57.28758     -9.71171
    55.84377     57.32616     -9.75284
    52.57258     51.32520    -10.11934
    47.70320     45.95270    -14.10210
    40.02069     33.71022    -11.51526
    32.73970     25.93380    -17.92810
    36.54470     47.87762    -10.18276
    33.58301     38.21113    -18.13868
    21.47865     23.50282    -10.72141
    51.36561     44.80610    -11.31983
    19.99337     22.80829     -8.14686
    45.79809     43.23726     -7.47268
    28.75219     25.25527    -13.45150
    33.04524     32.14294     -7.21118
    26.71807     20.82002    -12.14360
    29.70472     41.61262    -10.17303
    50.50234     40.39118    -12.06786
    30.41767     42.01199     -9.81379
    49.07676     35.99878    -11.88047
    32.98710     44.86841    -13.22526
    59.64174     52.21951     -9.83427
    33.72815     20.57897    -12.39351
    30.98614     43.73572     -9.41495
    46.20570     32.72890    -11.25580
    50.86029     45.57891    -11.35332
    52.67747     41.12956    -14.14209
    33.75056     26.30904    -20.25143
    57.78140     45.95380    -19.94950
    58.43596     47.62433    -11.23034
    52.42194     51.77039     -7.24809
    18.67370     24.49300    -17.50850
    42.75924     37.98939     -7.24879
    32.58410     28.10750    -21.45320
    37.21316     32.54329    -10.97123
    34.17950     22.68200    -16.91630
    43.21210     34.46654    -10.25913
    53.34116     51.85988     -7.46022
    31.67917     43.47429     -9.35175
    42.17808     28.39635     -7.95457
    48.36695     45.14351    -17.25495
    33.16046     44.42088    -12.00397
    17.98287     27.83351     -6.76621
    36.68752     25.16004     -9.43720
    36.09120     31.10600    -21.94950
    42.22221     42.23990     -9.02102
    45.21481     43.13841     -7.33514
    51.59832     49.62693    -10.41349
    34.52638     45.79576     -9.45085
    53.18983     54.66579     -8.12160
    42.14400     26.84114     -9.20147
    50.13420     37.40863    -12.51814
    31.07668     43.94091    -10.05926
    33.31830     15.36970    -29.73350
    35.04246     46.09148     -9.56473
    39.54603     33.77436    -11.22335
    49.44443     57.50166    -24.28953
    35.40185     20.38721    -13.44567
    35.49930     20.36533    -13.98113
    39.50027     29.27093     -9.79084
    43.67642     41.77934     -9.97967
    40.00434     28.29712     -7.21678
    38.76475     34.25019    -14.03515
    48.13980     62.62900    -16.83150
    29.98505     43.16804    -12.94970
    43.24070     28.41024     -9.86986
    43.68286     35.22069    -13.94635
    25.40529     22.61736    -13.61249
    58.13667     56.50660     -9.79896
    41.92380     46.97900    -10.85520
    56.69980     52.80560     -9.72560
    42.93450     30.97735     -7.99575
    50.82294     57.06792    -24.99535
    45.68111     42.44625     -7.68028
    20.98104     23.52754    -10.36173
    33.55389     24.99378     -9.52154
    31.17543     36.06573    -12.48365
    42.32067     28.95210     -8.38164
    52.42465     51.65048     -8.88791
    36.73473     34.33272    -12.08122
    40.40770     54.50492     -8.99029
    23.53798     33.00011    -13.73836
    33.47670     36.87966    -16.30502
    20.62869     25.14592    -10.85768
    39.71997     54.13036    -10.48839
    37.92530     49.35580    -12.44230
    35.65955     28.51814    -13.04467
    49.11941     49.08097     -7.21896
    35.78524     37.15866    -14.84349
    25.61248     24.11037    -15.82416
    45.36862     42.73343     -8.01114
    31.27001     46.10845    -15.16127
    19.53708     27.47941    -14.46254
    46.55094     44.45518    -16.08130
    38.80382     30.74182    -14.46436
    23.59260     34.84070    -14.41390
    30.94220     23.06340    -14.43650
    35.74860     49.95532     -7.70511
    46.96053     37.75195    -11.66334
    51.62115     45.41478    -11.39266
    55.91020     65.51287    -22.58169
    33.16640     41.19940     -6.84530
    31.68130     13.26550    -28.55530
    42.43765     32.43816     -7.48368
    36.90690     24.60850    -16.54050
    31.71429     21.54501    -11.62585
    23.17611     37.14082     -8.93830
    47.62035     37.64169     -9.70929
    34.66712     31.07735    -11.10516
    55.90230     62.32160    -24.12560
    26.40896     20.68903    -12.46510
    26.43762     20.89061    -11.28537
    42.73767     28.79914    -10.32231
    40.99054     54.51778     -9.03239
    34.66424     46.02152     -9.36728
    44.61920     36.04324    -12.24026
    26.67570     23.94420    -17.96450
    33.62997     38.04950    -17.79262
    38.20879     29.61349     -8.90844
    30.87016     42.61923     -9.70367
    46.38633     38.46363    -14.58468
    24.62867     33.37974    -13.98909
    42.56824     28.59164    -11.56802
    38.05706     41.10922    -18.40937
    52.15601     47.91554    -10.82700
    34.32030     48.30865    -11.14981
    31.42013     42.71644    -13.30598
    41.26742     36.67518     -8.11647
    17.25433     27.32783     -5.25249
    43.50298     35.18851    -13.74749
    49.80737     36.82115    -12.37221
    49.60881     36.57686    -12.26637
    35.01338     36.57157    -13.89233
    31.61544     45.96432    -14.59758
    35.86809     31.81853    -12.69785
    35.44557     20.14573    -13.70008
    41.78159     31.53348    -13.34751
    46.33920     54.49780     -6.72030
    49.50705     45.42837    -10.31370
    45.29146     38.99314     -7.11751
    41.01603     29.16954    -15.20619
    35.40645     20.16626    -13.22955
    17.79915     26.38179     -6.75490
    60.63203     54.52791    -23.56573
    35.39412     19.99097    -13.77660
    33.05371     46.19677     -9.36111
    27.21540     11.38560     -5.57460
    21.49346     22.73972    -11.32003
    21.57802     22.74846    -10.74376
    45.43368     42.95548     -7.63612
    42.21663     42.00037     -9.27423
    35.46784     19.95411    -13.69593
    31.18018     43.60695     -9.66392
    17.86890     33.31230     -3.54400
    29.34078     33.65571    -11.60239
    34.27820     23.30980    -10.11930
    46.91680     37.05580     -7.52600
    39.44410     53.69988    -11.64274
    50.99108     44.99370    -11.14309
    53.35881     50.28359    -12.15592
    34.43110     43.09450    -20.58980
    22.24030     26.15899    -11.59529
    27.13872     38.58368    -12.20668
    20.24543     22.93481     -9.61432
    36.57151     25.64803     -8.58542
    27.38464     38.82635    -11.88454
    36.23109     25.23141     -8.92128
    29.59339     44.13109    -13.56511
    41.56013     30.92198    -14.83176
    32.88512     46.37608     -8.79357
    35.20871     20.13600    -13.80991
    42.30470     39.53322    -10.45523
    39.71787     54.10257    -11.23353
    58.38994     47.45787    -11.02286
    20.78460     29.74560     -9.72620
    43.24610     44.68840    -18.05850
    56.67740     60.55160     -9.56270
    42.95973     32.59867    -13.73572
    51.03566     40.45508    -12.29548
    40.58957     34.06816    -10.50772
    23.84950     21.80500    -18.29680
    50.37913     43.75593    -10.54184
    33.26652     32.43568     -7.36729
    35.64123     19.97632    -13.55443
    37.17298     27.28188    -21.94316
    35.50021     46.63155     -9.08469
    36.95207     25.84557     -9.20781
    41.08611     27.15597     -8.06106
    41.82812     32.86274     -7.32951
    31.17641     34.17278    -15.90948
    42.19166     37.23437    -11.33951
    54.52716     50.13273    -12.92553
    26.75384     20.62864    -11.94563
    49.47780     46.84670     -7.65100
    31.18882     30.90378    -11.77302
    26.35967     20.64799    -12.53547
    53.28565     51.21503     -7.77608
    45.38044     42.96251     -7.73429
    28.44979     24.99457    -14.27621
    37.18103     30.64798    -18.39794
    33.67451     26.37812     -9.18747
    30.98663     37.56378    -23.10210
    18.56615     31.29304     -8.72394
    40.54860     38.45990    -19.46670
    26.51797     38.78685    -12.98420
    36.30579     27.13828    -21.65506
    51.28400     41.55437    -12.02870
    30.02529     42.46310     -5.12147
    49.18358     42.71355    -13.91601
    41.33034     29.30569    -16.69274
    23.38213     37.18531     -8.00577
    45.17653     46.20340    -26.51443
    40.56406     31.37739     -7.99029
    54.93628     46.95320    -13.64066
    42.55632     28.77370    -11.36220
    59.85035     52.40235    -10.41242
    26.34079     20.63914    -12.83922
    36.63894     29.36892     -9.75769
    33.48539     47.00681    -13.30969
    44.01565     36.28986    -12.45644
    49.56725     36.58916    -12.02825
    26.43214     20.57680    -12.66921
    52.05830     52.08280    -12.49850
    46.05093     42.87768     -8.04553
    51.93268     52.21350     -8.65042
    51.92115     52.54935     -7.76582
    42.56721     37.92538     -7.37881
    51.24904     50.83383     -8.01605
    41.37620     26.79190    -13.86710
    51.75890     52.47931     -7.85407
    42.60708     37.94509     -7.44321
    45.47530     58.13070    -13.98000
    51.70755     40.28858    -12.22933
    39.67809     39.16028     -8.56669
    50.96380     64.25471    -25.37917
    45.68870     59.75300     -9.77230
    23.08161     37.10228     -8.95664
    33.55152     26.53794     -9.59890
    43.25723     41.22237    -13.51025
    48.31660     42.79509    -15.26357
    41.10755     27.44626     -7.62065
    50.65836     43.21468    -11.35359
    46.53930     48.89540    -29.01360
    51.19521     38.96259    -13.13176
    42.29372     28.56571     -8.60879
    34.59839     30.97388    -10.36293
    34.51925     46.43549    -10.36185
    42.06711     54.23176    -10.62897
    41.78251     25.16683    -10.86885
    26.76010     18.81160     -7.32450
    35.86951     29.01461     -9.83825
    57.44915     47.84446    -16.87183
    33.72543     26.34136    -20.66533
    39.69462     27.23749     -6.30265
    28.96070     27.17345    -12.64449
    22.79099     22.99097    -12.80702
    17.60656     26.21684     -8.62539
    49.15119     41.76982    -10.63375
    42.29924     37.58006    -10.96352
    51.82114     51.81870     -6.21734
    34.53360     31.00488    -10.71953
    25.29628     35.18133     -7.31472
    27.22376     39.02768    -12.70349
    32.61290     24.63979    -10.72381
    54.86480     59.73460     -8.00220
    29.33783     20.12173    -13.39499
    50.45807     40.48576    -12.05212
    29.65055     42.25252     -6.47807
    59.30989     51.64455     -9.26861
    50.90362     42.61047    -11.56553
    51.87950     52.15078     -8.06651
    51.78350     52.67698     -7.94934
    42.57647     38.21605     -6.96936
    32.62210     27.12026    -10.70782
    41.06950     48.15990    -22.65070
    51.88404     52.35062     -7.50774
    52.03244     52.16152     -7.10631
    26.89184     38.81640    -12.96902
    56.15560     63.33370    -20.96360
    43.70633     35.54726    -13.60987
    32.64371     42.61015    -11.46045
    45.97616     59.43251    -16.49017
    41.03145     29.97772     -6.84357
    28.72240     33.36090    -21.77620
    33.90743     48.13063    -11.48144
    21.10165     23.15479    -10.40361
    26.77680     26.24690     -8.44700
    38.76171     53.11847    -10.64425
    38.33326     31.45482     -7.60263
    37.72530     49.53751    -13.34239
    54.61300     43.71910    -15.58420
    35.78096     35.29793     -7.59381
    48.85889     48.34225    -15.47130
    35.59399     37.12949    -14.79090
    28.97812     39.59637    -11.13075
    36.33530     21.07230    -22.31485
    51.62766     52.41918     -9.03420
    41.86337     29.10337     -7.51272
    51.29213     41.06019    -12.41608
    42.58460     32.17002    -14.56527
    57.41147     65.52434    -23.60623
    29.98150     19.03190    -22.11260
    39.93560     36.78020    -12.50270
    26.85490     38.44142    -10.64229
    42.27257     53.92114    -10.70838
    35.67670     28.12619    -13.41185
    35.47956     20.20114    -13.79228
    29.29000     20.35240    -12.93072
    42.68944     57.20932    -10.27085
    19.64969     23.70528     -9.59348
    35.39931     19.59196    -13.86736
    23.45521     35.67218    -11.72451
    42.46346     28.34900    -12.71674
    59.23499     56.23225    -10.27058
    23.52800     19.46980    -17.71530
    40.68687     38.07579     -9.55507
    52.85899     43.48994    -12.90550
    20.32578     23.83022     -9.88356
    48.67294     48.15749    -14.78203
    36.09569     28.60569    -10.05467
    47.89486     45.53462     -8.73295
    33.30182     26.42475    -20.38543
    49.60876     45.89777    -10.78960
    31.87280     20.59970    -17.55220
    41.84140     25.26080    -20.14920
    44.08527     51.81655    -22.95216
    33.36983     36.55758    -17.29356
    41.62624     28.69221     -8.20251
    18.84436     30.91597     -9.14489
    19.92877     22.30790     -7.65706
    23.85310     18.00990    -15.17350
    42.43230     29.62104     -8.64196
    28.93113     22.85647    -11.17469
    51.48647     44.65446    -11.35936
    29.24494     42.68784    -15.59611
    50.03530     44.92620    -13.30080
    16.38495     26.80712     -6.64209
    53.39316     54.95527     -8.31898
    53.41684     54.67126     -7.94536
    22.45699     21.05372    -10.10134
    38.10477     32.46086    -20.32620
    40.82541     53.02402    -11.41745
    36.41811     29.58185     -9.07939
    38.14153     26.96871     -8.12087
    29.14133     39.69855    -11.12395
    52.89555     41.63969    -14.40403
    26.59993     20.71982    -12.42665
    36.98677     30.78122    -18.66856
    26.48611     20.66189    -12.54845
    32.73198     42.75557    -12.29665
    45.16481     40.62678    -13.48230
    45.31438     46.36631    -26.62020
    43.42226     56.18989    -13.51958
    34.97370     17.34560     -5.57550
    33.26149     44.67082    -12.45574
    24.61870     19.79740    -14.35230
    36.25591     29.19372    -14.14976
    43.47616     36.46789     -8.12739
    21.07355     23.21261    -10.74559
    31.87929     26.73829    -11.08110
    47.43658     43.54993     -7.90560
    36.61576     24.54964     -8.77576
    36.47313     24.61788     -8.86988
    31.03148     30.10143     -7.65421
    20.78430     28.26350     -8.84910
    51.58591     51.62221     -8.93828
    35.99514     21.11397    -15.21950
    31.35164     43.75909     -9.58947
    21.64059     22.78494    -10.75316
    55.70887     56.11285    -14.40578
    55.70623     56.32056    -14.54130
    53.85576     55.93790     -8.67438
    39.11554     32.28079     -8.47425
    35.71200     20.05562    -17.28697
    57.07089     47.93705    -16.77706
    35.52744     27.99465    -12.17789
    28.99689     20.80375    -12.36552
    54.17321     53.28607    -11.65196
    27.46992     26.67823    -23.57084
    39.47550     32.37833     -8.61450
    27.53508     26.75317    -23.62306
    49.08977     42.02620    -10.27884
    39.88480     44.21870    -21.71450
    55.73106     56.46365    -14.59229
    42.06085     36.99732    -11.80844
    25.97323     20.61795    -13.17551
    37.28334     29.70801    -10.29759
    17.47130     26.22080    -16.68800
    42.67863     34.70893    -11.37915
    42.65763     34.79606    -11.43162
    23.30165     37.14067     -9.78388
    53.59922     52.12804     -8.33435
    37.91520     46.93580    -17.84970
    48.32262     50.19240    -11.68620
    50.26450     44.09257    -10.66301
    22.82761     21.26219    -10.41631
    43.39860     41.36608     -9.49790
    53.94202     46.25982    -13.45157
    21.03569     23.97379     -9.54313
    49.17664     35.14779     -9.74853
    21.42644     23.95531    -10.93249
    16.82387     27.99610     -7.55822
    35.45506     19.89045    -13.37689
    23.88143     35.74470    -11.92086
    38.88730     32.82940    -13.76680
    30.22980     15.70690    -15.74770
    43.46076     28.16043     -9.95593
    36.06785     21.11322    -15.55629
    35.16500     31.33740    -20.25100
    21.86010     30.31000    -12.24100
    48.86725     35.46486    -11.44970
    53.73650     50.14922    -11.51708
    45.79350     49.08670    -22.09160
    47.40782     43.65753     -8.14937
    31.71635     44.42711     -9.27243
    34.84211     33.31888     -7.44786
    22.93176     35.55495    -10.03413
    29.59929     43.49367    -13.70720
    43.17533     57.50800     -9.42085
    40.30490     24.11620     -6.60510
    46.83472     44.24260    -14.91135
    59.95554     52.37771    -10.74947
    51.95642     46.29894    -11.29781
    42.22990     38.74264    -13.38541
    50.06096     44.03927    -10.53577
    38.30370     23.94830     -8.91820
    52.39124     49.19542    -11.81653
    36.04138     21.09290    -15.68406
    32.61037     44.65631    -12.81437
    33.60891     25.90470    -10.72445
    31.28357     37.74494    -23.73052
    31.65705     26.50986    -12.23208
    41.31760     52.31690    -14.82860
    39.91684     37.28110     -9.24512
    53.52503     49.89890    -11.81775
    49.85611     57.83657    -24.37333
    18.05555     25.89435     -7.11210
    51.97980     66.01210    -13.33990
    18.66742     24.74839     -8.33659
    31.13352     42.56411    -13.71223
    28.11329     38.81701    -11.76820
    50.86561     64.66890    -14.66108
    52.44867     59.57697    -23.90285
    55.62775     64.41796    -22.14842
    39.91667     32.06013    -11.74942
    45.24185     37.82117    -13.00095
    26.40628     37.74796     -9.79374
    41.41570     53.02850     -7.48610
    45.56780     26.47630    -13.16380
    39.40110     40.90210     -9.53460
    30.33820     37.81790    -19.32930
    32.82340     36.71140     -9.76700
    40.67659     54.98682     -9.05550
    42.50734     30.37372     -7.90627
    38.69116     29.42296     -9.52205
    45.74262     42.81560     -9.73301
    49.04224     42.50045     -9.98280
    47.35611     45.19924     -8.96811
    26.54856     20.66526    -12.79934
    41.52109     24.99937    -11.41985
    29.64706     36.26814    -13.34434
    32.76121     22.27621    -10.05356
    48.39852     42.60108     -9.43716
    22.00899     25.54574    -11.71452
    33.18579     37.12751    -15.74864
    30.66160     41.06190    -14.08760
    37.81780     32.79150     -8.25670
    18.47049     31.42969     -9.04518
    30.95190     37.88448    -23.41207
    40.60774     26.68071     -8.24463
    44.12863     36.56067    -12.69775
    41.89735     29.86479     -7.47288
    42.00509     29.36833     -7.70888
    17.22175     27.59197     -6.12190
    18.68183     23.66885     -6.29224
    26.85426     38.51437    -12.25839
    35.35242     36.35934    -14.05226
    45.02830     36.64387     -8.39341
    47.03154     43.38135     -8.31802
    59.72934     51.96299    -10.04134
    39.39311     32.36454     -8.39731
    31.19556     44.30745     -9.60470
    19.02587     23.72145     -6.09946
    23.15820     21.42410     -5.53430
    30.92451     42.85708     -9.45707
    50.94191     44.35875    -11.15671
    51.96400     44.97272    -11.63056
    23.59760     29.32030    -13.29600
    42.87186     34.53132    -11.64602
    48.19055     42.59660     -9.94194
    34.96190     35.96780    -17.15993
    24.86780     14.60160     -8.73950
    41.75436     30.75230    -14.55534
    51.54992     58.11984    -19.19716
    42.02866     28.70079    -13.42522
    36.05834     21.06162    -15.61026
    23.30255     23.67238    -13.04954
    33.58791     25.92949    -10.71819
    29.57350     28.33810    -19.65320
    49.00594     41.96097    -15.26149
    39.40707     53.63417    -11.09626
    49.79440     54.26780    -26.21010
    51.44055     49.95030     -9.27593
    51.48445     49.74447    -10.02550
    51.48957     49.74351     -9.80208
    43.78134     35.02238     -8.56435
    64.62510     57.33450    -26.74960
    41.50670     29.40145    -16.32100
    40.17871     32.65719    -14.65065
    37.48920     37.95930    -10.00680
    30.24730      9.53290    -16.80930
    41.17179     27.02809     -8.27200
    42.78486     39.77306     -6.59751
    36.03993     21.13549    -15.54651
    44.18099     33.18061    -15.79151
    41.15710     25.76320    -17.02690
    30.90910     34.28853    -14.29099
    30.47556     32.05415    -16.22389
    56.27390     53.54740    -12.86100
    33.56931     46.42941    -13.75343
    16.49600     29.29630    -16.03870
    42.80219     34.21783    -11.39682
    53.72396     45.70936    -13.53530
    47.81123     39.63991    -14.86437
    33.66159     26.10125    -10.44295
    51.88307     52.30163     -6.74675
    40.50836     33.51708    -10.71929
    53.40744     54.99553     -7.79266
    29.70901     35.58065    -15.25488
    33.53604     26.16920    -10.48703
    56.19269     65.38984    -22.59867
    48.48927     49.73775    -11.62417
    47.44647     33.88625     -8.39358
    40.12900     23.35350    -20.44900
    23.13080     23.06106    -12.37959
    25.35550     39.39550    -15.87860
    23.57619     25.08826    -13.49492
    30.19360     15.51390    -22.92640
    28.38260     18.26430    -13.36990
    37.65100     21.28806    -17.08276
    19.91661     23.33250     -9.14289
    47.96810     35.15956     -7.34703
    26.53061     38.05092    -12.41830
    52.43970     64.98020    -23.98260
    32.26779     42.71593    -12.15786
    41.98760     42.60780    -23.76900
    45.28787     40.76017    -12.75903
    26.79613     38.50917     -9.18136
    45.12417     40.78469    -12.95614
    33.24197     37.47100    -17.25737
    45.03790     49.15630    -27.34960
    34.18267     31.37397    -13.63178
    41.77328     30.87158    -15.78906
    26.64881     20.72063    -12.33386
    31.30687     43.98880     -9.62115
    30.26120     32.17348    -16.12420
    40.92580     27.62060    -20.48360
    42.90128     38.35181     -8.01115
    37.77550     45.24520    -21.96600
    37.74650     30.73250    -21.58330
    49.11851     57.11600    -23.37021
    42.88980     26.81090    -14.48280
    52.22561     47.59050    -10.98040
    31.73037     35.90119    -15.37198
    31.81941     35.89962    -15.22710
    35.84418     36.99136    -15.62978
    43.53124     55.84761    -13.98952
    42.11943     38.05298     -6.53338
    45.29831     35.90161    -10.91972
    40.41356     32.89050    -14.78410
    42.36853     37.69796     -6.43901
    42.37795     28.60399    -12.03201
    37.59356     32.79698    -12.65562
    42.83092     33.96075    -11.51921
    46.61343     46.40939     -6.53631
    47.61477     37.64661     -9.67809
    40.48800     32.95589    -15.00999
    40.40413     32.84298    -14.77806
    50.55901     43.66966    -10.91270
    32.02910     31.05970     -8.60630
    31.46283     34.26240    -16.20354
    34.51110     24.52160    -19.07710
    52.95192     44.15482    -12.53401
    44.86964     42.84184     -5.93373
    55.23120     49.96620     -3.99030
    32.56988     26.49307     -7.62343
    39.51005     31.85849    -14.54836
    35.49906     18.62307    -14.25105
    48.08664     50.07143    -12.27199
    39.67647     54.15050    -10.18794
    35.44900     27.76421    -14.23246
    48.20509     50.09916    -12.19460
    33.38660     39.33160    -21.26650
    48.73470     61.40290    -11.50270
    35.87558     30.26129    -11.43762
    18.56262     31.22476     -8.28396
    43.82472     34.28293     -8.00026
    49.68374     45.77340    -10.28498
    41.89459     27.43093     -8.18720
    45.82804     59.20619    -16.49793
    27.69900     39.58950     -6.07220
    53.77006     45.73488    -13.44523
    36.53195     28.65626    -18.73568
    34.27093     30.97943     -9.22684
    28.83043     37.82308    -15.37010
    41.07968     36.33622     -8.35043
    33.71368     38.26552    -18.00889
    37.77404     49.36318    -13.61111
    36.14400     37.72220     -9.44070
    16.01460     27.88150    -21.06910
    30.77680     27.94290    -10.40010
    41.08462     34.40182    -10.56746
    40.14059     28.37100     -6.97835
    17.89085     25.92482     -5.73066
    50.09053     57.92707    -20.82263
    42.07222     40.02299    -10.10123
    40.93469     53.06408    -10.71515
    35.74999     20.86746    -15.87035
    25.52350     14.22830    -15.46170
    23.25280     28.10120     -9.25690
    30.75800     42.63498    -13.51112
    48.53090     34.46125    -11.57117
    32.99440     14.82930    -12.25890
    40.60342     35.48257    -12.68563
    50.68762     43.89944    -10.99490
    41.44500     25.02200     -7.22820
    35.99890     21.14503    -14.58574
    41.89600     44.71240    -16.53980
    40.67352     32.90514    -11.19462
    35.05693     46.82097    -11.54292
    47.24918     44.17857    -14.01567
    46.94934     39.67253    -14.44953
    25.51528     38.33805     -6.61722
    35.64135     37.22380    -14.94938
    30.05140     34.26954    -13.35715
    49.66614     43.49832    -10.34433
    47.70791     43.68391     -8.54426
    37.88427     28.22386    -15.09355
    37.53750     35.57940    -10.89980
    34.93096     35.98338    -17.16742
    42.76757     34.90456    -12.01855
    37.85985     31.69730    -11.46966
    43.55264     34.21901    -11.63426
    39.72322     45.40707    -19.05953
    25.17271     33.58379    -13.99404
    26.19159     38.31038    -12.50722
    53.01000     51.78511     -7.55555
    22.64780     24.30780     -8.40420
    43.50164     33.96430     -8.38673
    52.61166     52.91855     -7.17586
    49.07418     42.22811    -10.42166
    33.66518     44.23075    -10.65713
    55.54183     51.05443    -13.26314
    39.34773     32.38620     -8.97615
    20.84940     19.39410    -12.48970
    37.12710     19.25490    -13.25670
    38.57731     31.65446     -7.76842
    21.45130     22.88145    -11.10815
    39.41130     29.35850    -24.47000
    29.23350     19.06460    -10.50650
    43.56325     33.97381     -8.46057
    51.28316     41.98138    -14.14744
    43.82976     34.92520    -14.22127
    40.13032     55.30560    -10.58735
    30.85250     26.72530     -8.67040
    40.03824     27.90066     -7.25324
    39.36552     53.99986    -11.56309
    40.30830     34.34497    -14.95762
    20.23770     24.77346    -10.52667
    42.11600     29.74672     -7.42621
    36.11022     21.29422    -15.65629
    35.97589     21.03173    -15.01915
    48.86797     49.42690    -10.81236
    43.94640     28.53020    -14.08800
    28.50454     39.29106    -11.78870
    53.65094     51.35531     -8.90819
    23.41767     24.20984    -13.90623
    44.51571     33.21399    -15.35359
    53.29760     56.71430    -24.11930
    48.13446     40.08680    -14.56851
    41.51022     29.03681    -15.32764
    42.03803     39.59328     -9.59920
    53.03069     51.47960     -7.94284
    49.85750     46.81460    -14.13820
    26.68310     20.87890    -11.69135
    35.99563     29.39388    -10.06392
    52.17710     64.52120    -13.20430
    63.63890     59.54110    -21.47440
    43.87240     46.62340    -23.87660
    28.57907     38.79917    -13.00034
    41.87699     29.65826    -13.71872
    33.21414     47.41494    -12.14493
    51.99297     46.79055    -11.50099
    35.84515     28.91147    -18.18991
    50.21050     49.60490    -15.33280
    37.93258     41.19428    -18.63256
    37.30221     29.58914    -10.47291
    35.59287     30.38316    -12.67596
    49.22880     39.52600    -14.66970
    36.41379     25.72534     -8.99100
    35.66793     30.27289    -12.82499
    41.42157     38.87384    -13.73876
    18.08720     28.36950    -18.64750
    53.01674     47.74529    -12.53407
    48.55121     35.48757    -11.67851
    40.10509     29.03355    -10.68496
    48.03561     50.41207    -12.58278
    27.16098     38.97970    -12.57229
    57.89994     56.57308     -8.58399
    26.81324     38.79721    -12.77329
    59.59970     51.27030    -15.21760
    36.63240     51.07660     -5.95940
    42.00069     28.50936     -7.77543
    16.76658     27.12899     -5.80772
    32.77094     22.35678    -10.86594
    35.47111     32.41983     -7.44084
    38.44290     46.34840    -21.20660
    39.46405     34.14623    -12.59489
    23.13688     37.24785     -8.87096
    39.75756     33.17691    -18.63573
    35.21890     16.95400    -12.52680
    38.50467     27.75695    -15.45783
    49.05494     35.78661    -11.88726
    38.27440     28.36460    -17.94510
    33.90460     29.79770    -20.04260
    22.67176     34.33043    -11.73210
    35.02272     30.84751    -12.18959
    58.30284     48.74860     -9.62503
    51.81972     46.04141    -10.62572
    43.01847     31.77327     -8.07998
    22.49469     22.58923    -13.78250
    32.65385     46.69089    -11.74971
    42.41902     26.76749     -9.49138
    37.80822     31.25159    -11.02426
    40.58854     31.36066     -8.04403
    42.78206     31.89184    -16.34497
    42.11019     54.15273    -10.96094
    40.60200     44.28370    -25.14600
    43.80866     33.76516     -7.99107
    32.71622     26.72293     -7.18317
    42.14314     31.89717    -11.89729
    43.67496     36.38302    -13.03239
    24.93121     36.25550    -12.65371
    42.39326     26.43015     -9.06716
    33.35973     26.50805    -11.01025
    29.28597     20.65263    -12.92120
    33.42928     38.10011    -17.64640
    28.89630     24.24160    -22.32350
    49.34165     34.87487     -9.46861
    42.67066     33.08614    -13.60809
    26.42794     20.68999    -12.41578
    29.84974     36.52284    -13.34955
    55.78943     56.31758    -14.94183
    23.25193     37.00668     -9.14579
    32.50968     24.37589    -11.26990
    47.11350     57.17400    -19.60400
    36.60755     48.21116     -9.67538
    16.29530     25.38540    -13.04020
    52.23393     59.75393    -23.36855
    14.84875     27.09644    -12.92114
    41.27120     33.67895    -11.38988
    52.03456     52.43630     -6.85174
    54.37316     46.97950    -13.09451
    34.09500     14.30000     -5.67740
    37.33940     29.20870    -21.84140
    35.31170     42.41710    -24.22580
    40.19092     32.87496    -11.39988
    30.12750     13.82510    -22.58130
    49.71827     57.75113    -20.59177
    60.92924     54.64963    -24.25835
    52.17110     48.81070     -7.24050
    22.53040     21.27079    -10.66734
    45.85498     37.40700     -9.79563
    51.88005     41.59765    -12.58441
    40.74216     34.27413    -16.14852
    21.87920     21.46820    -19.03910
    45.29869     46.42559    -26.71187
    50.96330     47.55530     -7.77730
    25.71450     39.31980     -9.21900
    44.92470     31.47050    -10.29290
    35.45696     18.58938    -14.45754
    50.55260     64.57982    -23.91270
    46.61667     46.24351     -6.57129
    43.92690     43.35860    -25.81570
    43.22981     31.64282     -8.32322
    58.74248     56.41571    -10.42362
    48.48436     42.64409     -9.04621
    28.68381     39.31741    -11.45087
    50.73279     59.07917    -24.02043
    30.22517     19.48154    -12.47718
    45.60694     39.52064     -6.87443
    50.82406     40.81115    -12.03616
    48.80483     42.55735    -10.32696
    48.80206     42.31469    -10.07760
    36.31734     25.18505     -8.55667
    41.28642     29.24410    -16.35637
    25.19319     22.76080    -14.77133
    28.78987     41.53787     -5.28984
    42.45534     28.47921    -12.96515
    42.68592     37.99592     -8.32856
    49.76331     37.20607    -12.45798
    39.95218     34.95623    -13.53804
    55.58560     48.26350    -15.06370
    33.59738     25.57222    -10.45512
    38.09691     31.77442    -19.83272
    24.69892     35.93134    -12.22754
    36.51050     41.11700    -17.67680
    27.37580     19.40650    -13.56040
    43.61260     47.63450    -22.50900
    51.32417     45.17251    -10.86041
    57.58050     64.72880    -20.73380
    20.18454     24.86805    -11.09294
    37.87694     29.59043     -9.59335
    19.86709     24.32048    -10.37684
    30.29153     36.40155    -13.21378
    27.60050     32.67590    -17.18070
    48.50920     42.53713     -9.98204
    35.85585     27.69534    -12.85146
    47.62420     47.50910    -26.54980
    40.49285     32.17684    -11.47536
    32.37669     45.71188    -14.25448
    17.56030     26.19625     -8.51660
    44.85328     40.50776    -12.97509
    36.46676     48.37287    -10.62550
    38.58622     32.54940    -20.61297
    32.42802     44.74991     -8.90842
    41.42966     40.23426    -10.32722
    25.31954     21.16341    -12.99035
    31.44668     31.03242    -11.96748
    36.69930     22.92220     -7.11420
    55.09330     46.70689    -14.51198
    32.54067     45.17707    -13.85497
    35.86348     28.52384    -13.10487
    48.10456     39.41957    -10.67107
    48.20017     39.78639    -10.75522
    35.85865     29.43728    -13.54034
    45.81940     50.76700     -8.41320
    42.84423     28.64199    -10.25752
    40.17123     33.33675    -15.10931
    21.50081     23.92736    -11.40852
    40.78201     27.24123     -8.08622
    44.73267     40.48705    -13.45076
    37.43149     32.71180    -12.07094
    36.73988     25.12481    -11.52408
    49.71470     61.23100    -21.37650
    25.77442     37.87570    -12.51303
    33.48009     38.02143    -17.78528
    27.80945     38.85764    -11.52775
    28.56701     35.27334    -11.40684
    39.72905     33.22241    -17.00358
    35.69421     32.08339     -8.03608
    35.13666     20.36364    -14.19652
    30.12240     27.94340     -5.97000
    31.22390     22.78460     -7.89610
    29.33240     27.36905    -12.58081
    35.90335     20.00331    -17.83508
    34.06720     18.10510    -11.82880
    52.86522     43.09460    -13.70306
    15.04560     27.53636    -12.48932
    29.21408     33.44135    -11.47045
    31.71655     21.29104    -12.13773
    28.56434     22.66811    -11.65725
    36.69137     34.17898    -12.10598
    51.69532     45.35585    -11.43708
    34.66959     45.11224    -12.67238
    38.79833     35.59556     -8.14401
    29.71220     36.38996    -13.86767
    31.65306     21.63714    -11.67792
    31.55302     35.83190    -15.60361
    24.83128     21.20100    -14.23203
    29.22891     34.01608    -12.16719
    28.01250     36.51400    -17.31020
    25.53094     39.20930    -13.11660
    52.98214     41.14839    -14.58086
    46.70730     32.84024     -6.82632
    46.60413     32.76881     -6.89610
    46.74966     32.78695     -6.89358
    25.86464     37.54263     -8.28222
    46.00440     61.43460    -21.12490
    53.38951     52.46322     -7.88870
    29.32868     42.95127    -15.04967
    36.37699     48.52673     -8.70222
    47.14860     34.21168     -9.37052
    50.39166     43.46756    -10.77141
    18.17360     26.44880    -13.23670
    35.42729     49.66981     -6.84987
    53.16169     43.86556    -12.60593
    53.75441     55.49740     -8.44418
    54.16188     49.80120    -11.96081
    36.11270     45.26220    -17.48320
    44.68980     43.27727    -10.79052
    17.91912     26.16133     -9.60354
    45.22362     43.18109    -10.91954
    29.70863     36.14145    -13.91309
    37.61682     32.55011    -13.18528
    35.73992     27.88040    -11.22372
    43.28766     28.45833    -10.49449
    27.78770     28.79800    -19.31580
    54.23749     53.05513    -11.80604
    33.41670     41.00530    -19.54690
    47.80436     35.26768    -11.20031
    35.58345     35.89084     -7.25872
    52.29074     40.88240    -13.18071
    26.71350     38.53867    -12.14766
    23.59777     24.47695    -13.65672
    35.15930     33.41870    -13.77510
    29.87725     36.22190    -13.59907
    39.22560     43.62550    -27.10760
    45.53003     37.15889     -9.26479
    42.66939     57.65207    -11.35139
    58.27590     48.50580    -21.62960
    15.19396     27.85908    -12.67108
    46.69621     43.35763     -7.52801
    31.54808     34.19820    -16.46534
    50.33780     44.34381    -10.43133
    41.46224     33.08300     -7.83721
    34.91368     45.66486     -9.04841
    41.88493     29.15974     -7.84293
    31.04956     42.57610    -13.44833
    42.43971     33.59334    -12.30701
    35.94985     20.92613    -14.87721
    35.76957     27.97460    -12.45302
    35.14477     36.80307    -14.43999
    45.42410     53.69910    -18.28400
    33.80111     31.72263    -10.43214
    36.32800     27.00429    -12.47933
    34.54180     46.91538    -12.03406
    52.07776     47.00187    -11.13517
    35.54890     23.84040    -10.64570
    22.99356     34.89125    -10.52505
    22.08923     26.09783    -12.01255
    43.81694     34.16439    -13.32729
    25.34202     34.97383     -9.42015
    33.61004     25.82019     -9.32148
    59.64336     54.28325    -21.13664
    59.96643     54.40008    -21.95911
    42.71935     28.72433    -10.20349
    42.80847     28.84011    -10.09407
    42.26530     33.79284    -11.90259
    18.34908     24.04297    -14.20519
    20.10430     22.30070    -18.06400
    31.58219     37.73873    -17.36293
    42.28093     34.84521    -13.12228
    37.77250     21.16934    -17.11694
    23.47435     23.16431    -12.42347
    51.65808     45.36196    -11.01203
    29.03618     39.87223    -11.31459
    32.61069     45.07764    -13.38915
    32.64660     45.16733    -13.38648
    33.35140     38.15157    -17.31741
    33.98590     27.81760    -10.62090
    35.68863     46.59849    -10.03706
    23.98760     27.03520    -18.04650
    22.84573     35.57914    -10.88237
    50.27486     43.45862    -10.95751
    37.74127     31.51577    -10.95117
    43.30763     34.52259     -8.27781
    42.73874     28.82121    -10.27147
    51.62367     51.42646     -7.32651
    43.55830     40.48090     -4.81850
    17.03597     26.29621     -9.35013
    43.96114     35.22877    -13.94352
    34.09032     48.38825    -10.26590
    25.67808     20.97762    -12.41150
    23.14398     37.07711     -9.42215
    29.81846     36.11276    -14.94949
    36.68265     30.06238     -7.76182
    27.09945     20.92685    -13.00615
    22.48720     35.76388    -10.34607
    34.01070     25.32119     -8.59482
    47.68180     34.98264     -7.62015
    34.60750     38.02690    -21.63930
    18.78204     31.13815     -9.31941
    43.48598     34.22539    -11.69965
    63.56700     57.22616    -23.39878
    37.88185     44.09149    -23.50994
    28.79247     42.03687     -5.77805
    54.95650     45.64500     -8.92050
    40.31310     31.33495     -8.66908
    47.40396     37.64723    -10.36403
    33.08104     32.51517     -7.68413
    29.60556     36.39142    -14.18716
    35.09180     33.91190    -18.83450
    27.39425     38.89674    -11.72226
    47.43666     34.23459     -8.00044
    38.81100     22.74720    -10.33140
    37.53367     32.30716    -11.71473
    41.01707     32.02541    -12.06715
    48.03750     49.49930    -22.54640
    39.27735     27.71133    -15.12993
    40.25078     33.68463    -11.25424
    36.84285     27.31790    -22.01167
    19.34661     30.14340     -9.77006
    34.69810     33.59550    -16.31990
    35.94990     20.61644    -16.17189
    50.69022     44.48622    -10.93551
    42.41514     34.29803    -12.08372
    31.43904     42.58787    -13.18096
    35.33734     31.49417    -13.53332
    49.54094     44.40705    -10.62270
    34.40920     45.20530    -11.03768
    32.04260     44.71850     -5.76230
    32.26410     14.60940     -8.98340
    49.01484     44.35398    -12.15642
    47.08531     34.87976    -10.55643
    55.96686     65.08571    -23.44987
    53.83184     50.70482     -9.17981
    36.51970     48.35077     -9.63520
    25.34410     21.91581    -12.46326
    34.47602     45.09958    -12.92673
    48.55045     45.47529    -17.80865
    27.16220     41.81880     -6.56650
    40.29426     34.71289    -10.13359
    44.96892     42.71836     -7.87980
    18.61332     31.62485     -8.09604
    22.46642     34.22317    -12.97033
    36.90129     29.57229     -9.80271
    18.49072     28.56882     -8.81911
    24.87264     39.15998    -13.15488
    26.16658     20.62539    -12.86469
    35.96967     47.05701     -9.72164
    48.54609     35.25258    -11.63631
    40.92740     38.44560     -9.57307
    23.03782     35.76411    -11.27961
    35.71951     34.70532     -8.39892
    28.59915     38.05746    -14.84955
    35.21652     29.05303    -17.35965
    38.33108     27.31350    -12.20416
    18.61172     23.74023    -13.87491
    22.09320     20.36050    -13.91980
    50.86240     63.58390    -10.17290
    43.27538     28.15346     -9.69863
    28.64741     34.77920    -12.00967
    36.66093     24.41833     -9.02417
    26.97317     20.90786    -12.10144
    58.46984     48.90926    -10.30398
    45.68753     39.94325     -6.69884
    39.32370     35.12960    -22.01330
    25.67042     24.05953    -15.16354
    46.75513     45.10348     -9.07859
    34.01732     43.06020    -17.29037
    23.89290     30.19230    -17.38090
    31.09525     43.86936     -9.88976
    46.67771     39.58694    -14.36818
    55.74061     56.19245    -14.47159
    59.68985     54.62271    -20.74508
    58.49562     48.89074    -10.04619
    56.11187     65.90872    -21.62484
    51.23329     38.88551    -13.20216
    43.51634     36.55295     -8.43763
    41.24120     51.32250    -16.82890
    40.14180     50.56540    -15.18710
    46.31780     59.10500    -13.12020
    20.23712     23.59581     -9.96947
    20.18805     23.55040     -9.07901
    37.61009     49.34671    -13.01203
    49.36395     41.71678    -14.84348
    26.97202     38.35090    -11.06794
    29.11120     15.29010    -10.75820
    51.24780     38.95751    -13.09708
    31.51208     34.20662    -15.40084
    46.28898     45.16316     -8.43119
    48.74777     48.20986    -15.35457
    50.08300     56.19730     -9.08960
    34.03748     43.00790    -17.48033
    42.78756     37.87643     -7.76699
    48.42311     49.74856    -11.49995
    19.74799     22.43172     -8.33341
    31.59490     26.44183    -11.54549
    24.11910     31.65590    -14.19770
    48.21870     42.63343     -9.89324
    51.61558     58.25536    -18.80664
    29.89900     39.27480    -15.11640
    34.56172     30.98957    -10.67793
    34.85510     45.30054    -13.45922
    38.60957     29.71941     -9.68500
    34.23807     48.41247    -10.85436
    21.04572     23.66154    -11.29133
    51.02198     40.64894    -12.37117
    40.94745     38.19186    -10.25982
    18.48396     28.29270     -9.68727
    41.23524     35.64834    -12.03170
    25.59467     22.47951    -13.03912
    54.00120     64.80940    -19.34930
    50.33931     45.44393    -10.60174
    38.29836     31.31434    -19.38804
    30.50810     19.00410     -7.59800
    41.16472     38.72635     -9.78095
    42.12257     33.52882    -12.74466
    50.63501     59.16073    -23.63507
    26.67111     38.65032    -12.59576
    32.42360     24.68251    -10.80975
    19.91350     26.11470     -7.88740
    50.16265     43.57839    -10.37804
    25.56430     37.97605     -6.91681
    51.07740     53.31000    -15.06350
    41.09309     35.08353    -11.47678
    56.56050     60.99320    -19.21710
    37.96313     27.90334    -11.65161
    41.80220     54.14071    -10.11269
    45.03290     31.48270    -15.08140
    52.15470     38.42500    -10.76880
    33.71106     47.37621    -12.26557
    58.97410     64.07940    -21.15830
    37.91775     44.19841    -23.56636
    37.72477     40.68233    -18.98244
    50.54735     56.82119    -25.25036
    45.15155     37.98503    -13.31645
    27.23190     17.19050    -14.70600
    53.31298     44.04982    -13.41685
    45.85810     52.15090    -21.02200
    37.17073     27.62994    -22.02291
    18.92417     31.16565     -8.07028
    32.29524     24.19155    -10.84457
    42.78342     34.88964     -7.56372
    18.02718     26.22286     -6.04533
    54.75379     49.88510    -13.31669
    42.90157     38.52976    -12.57271
    16.96380     23.96540    -10.14870
    42.56424     41.84050     -9.28935
    26.80230     12.92620     -8.95300
    49.92007     37.02082    -12.38078
    35.02216     49.53962     -6.01288
    40.68172     27.70860     -7.77976
    32.99360     28.94420    -10.75110
    50.09689     43.85802    -11.02204
    32.35257     25.12269    -10.40654
    43.01920     28.43073     -9.41149
    42.00491     28.93811    -13.37996
    15.83380     25.39500     -6.60680
    51.16184     57.35083    -24.23952
    37.71900     32.37443    -12.86623
    33.67092     44.63551    -13.04508
    31.61387     43.76335     -9.72530
    46.64915     38.01968    -15.02081
    34.83535     31.10860    -12.58115
    44.87721     42.81800     -7.12363
    42.79492     37.35150     -7.56848
    38.42117     41.40813    -18.28051
    36.02663     21.10501    -15.72401
    52.27090     52.44637     -7.04634
    20.62090     25.06050    -19.23630
    33.99497     44.92012    -12.67546
    53.22600     42.76532    -14.44701
    33.51744     38.15088    -17.97195
    64.60260     55.96750    -25.49600
    57.47726     47.83949    -16.94181
    26.64339     38.33479    -12.25411
    55.10430     56.03850     -8.77580
    34.08713     26.40494    -20.36356
    21.57574     23.09847    -11.82285
    22.49727     26.42356    -12.24765
    19.34844     27.60737     -7.21991
    19.63062     27.36359    -14.31996
    28.19796     24.61673    -15.01230
    35.01094     32.80096     -7.17480
    25.12850     32.76800    -17.31850
    21.38355     23.04701    -11.39848
    54.61129     46.88941    -13.87040
    48.82955     56.40619    -23.49411
    34.86110     25.91790    -13.95890
    49.30620     64.84760    -26.27330
    30.96525     42.19045     -9.99494
    23.57233     24.51235    -13.70768
    60.42100     50.59010    -20.36510
    51.62802     52.61812     -8.63439
    35.43301     29.26608    -10.28785
    18.90012     25.05095     -8.58166
    52.53504     47.02792    -11.73177
    40.02470     24.98110    -13.12710
    21.59263     24.27384    -11.49164
    49.58048     57.68305    -23.69886
    58.90550     50.36640    -17.29480
    42.80471     37.83482    -11.75274
    24.64845     33.75472    -14.01472
    25.89790     32.00640    -13.19250
    31.33950     24.58480     -7.06100
    59.49008     51.23722    -10.09098
    52.58899     41.21480    -13.89107
    41.84676     36.58892    -11.77284
    42.41149     26.95969    -10.55593
    31.37160     34.32400     -9.00520
    50.19370     62.41980    -26.10540
    40.54080     41.92350    -11.80240
    47.94092     39.00755    -15.15157
    17.85378     27.14466     -5.82460
    30.27063     32.15121    -16.08879
    52.65187     48.22482    -11.80170
    18.95774     31.02177     -6.96266
    51.24614     41.22878    -12.23407
    34.31986     31.25497     -9.97205
    35.93573     46.70873     -9.29469
    34.12359     44.41875    -10.14125
    44.37590     30.46530    -13.50520
    29.24819     20.53854    -13.07338
    44.04850     35.33089    -13.78915
    28.38386     24.94148    -14.05157
    49.83630     62.97820    -21.28470
    59.46695     50.83141    -10.50134
    38.28459     49.38426    -11.08305
    49.30151     44.02187    -12.54589
    41.00810     31.56480    -19.21380
    30.31138     19.42329    -12.91335
    53.66643     45.58160    -13.42407
    18.20386     28.16500     -8.31079
    39.77640     26.12720    -22.34250
    37.56120     24.48320     -6.56660
    40.76762     34.34339    -10.50705
    51.41665     42.36863    -12.11474
    30.32021     32.15236    -16.08661
    45.54611     42.41608     -7.91562
    42.75867     39.27689     -6.40462
    49.41828     42.57340     -9.83136
    39.77678     45.68553    -18.37947
