    43.41686     41.41850     -9.72353
    29.10900     42.07198     -6.16359
    39.16885     36.46197     -8.53317
    39.34768     32.22783     -9.16959
    40.19614     32.45048    -13.77729
    43.43060     41.43633     -9.75153
    55.82034     57.28664     -9.84366
    33.30580     17.84170    -15.31120
    52.45791     41.31253    -13.73196
    40.30984     32.90453    -14.85159
    38.01692     27.05654     -8.35438
    43.79868     36.40404     -8.26752
    42.05778     29.46733     -7.83966
    41.49530     50.84940    -19.94120
    43.03972     41.15019    -13.59524
    51.29835     40.80954    -12.46303
    36.19045     21.13533    -22.24311
    53.06882     43.58861    -13.29767
    31.53665     37.69040    -16.96499
    50.79476     64.61279    -15.12557
    19.03523     28.06273     -7.76488
    46.71174     39.09491    -14.49967
    42.16008     37.19676    -11.49408
    48.93437     42.36043    -14.88577
    40.47738     54.79372     -9.65842
    33.85020     20.85440    -17.85220
    40.22777     54.59293     -9.98517
    18.91489     28.12160     -7.98680
    42.57102     28.69388    -10.94148
    21.75553     22.76802    -10.47617
    39.06261     27.77367    -14.91324
    26.33462     20.80313    -12.33659
    35.47512     36.87335    -14.63111
    35.47724     36.87065    -14.63429
    38.60326     31.72236    -14.20324
    33.82077     46.20244     -9.72741
    42.42001     38.97799    -12.09895
    48.87997     42.11169    -10.22602
    25.73558     21.01304    -11.74822
    53.45807     49.81747    -11.82382
    39.66300     39.17096     -8.58671
    31.97781     23.12107     -8.04916
    33.15707     46.32647    -10.03635
    41.55861     27.49312     -8.45963
    40.80912     27.57104     -8.03272
    47.42883     37.58444    -10.36055
    56.20380     62.35240    -17.98270
    42.04776     39.81861    -10.11566
    28.37070     40.67040    -13.65690
    48.26651     39.86882    -10.67800
    26.49551     38.60475    -12.42164
    34.87080     31.45646    -13.72138
    29.65813     19.97015    -12.92608
    31.22079     43.53421     -9.57867
    49.26525     49.01766     -7.45892
    38.97324     31.38012    -14.42434
    33.61092     20.46794    -12.41799
    34.93250     18.55510     -9.84340
    46.50560     40.92520    -10.37440
    25.61862     21.20217    -12.12174
    39.98787     28.49892     -8.31642
    40.18544     28.26686     -8.09170
    28.65164     22.62440    -11.84009
    44.03769     51.89077    -23.35707
    32.67817     22.44965    -11.01100
    20.03313     22.97039     -8.92482
    49.59680     37.17130     -8.03180
    48.25539     39.84742    -10.68044
    30.86000     30.05838     -7.70720
    43.42798     41.43656     -9.74413
    44.85030     47.70500     -5.77110
    57.09790     65.56876    -23.32300
    43.12185     34.74152    -12.54626
    34.92413     36.01535    -17.27288
    42.35884     30.07085     -7.84690
    42.25323     29.75156     -7.88743
    37.74590     26.71980    -18.65540
    40.41859     32.15198    -12.29729
    52.25707     47.76205    -11.15300
    63.51976     57.31462    -23.68834
    52.02880     46.08759     -9.36434
    41.30010     36.23470    -22.85650
    49.88582     37.06211    -12.40753
    36.54274     25.05196     -9.26318
    42.37983     33.67972    -12.34913
    42.51022     33.99370    -12.16382
    45.89279     43.05905     -7.80184
    35.76992     28.24070    -11.90324
    51.61421     41.57797    -12.79313
    54.91970     50.34296    -13.10732
    32.42050     22.69444     -9.70099
    42.51046     57.05024    -10.25054
    55.85419     64.86301    -22.65694
    55.89575     64.97809    -22.60116
    55.89652     64.97875    -22.60146
    21.21088     23.36273    -10.69483
    35.75966     30.32242    -12.21747
    55.84903     64.85953    -22.62525
    33.57826     20.43098    -12.47971
    33.56085     20.42758    -12.49862
    33.57597     20.43586    -12.47963
    53.64820     49.90116    -11.86204
    50.75196     64.38640    -24.53967
    38.90815     36.15450     -8.30270
    30.08949     36.49834    -13.51411
    45.45240     34.36470     -9.65390
    42.61345     37.93081     -7.25808
    42.57035     28.67631    -11.14144
    37.91906     28.39345    -14.92485
    25.31101     35.12669     -8.42026
    56.62273     65.48890    -22.90824
    18.55862     25.24904     -7.96409
    24.35026     33.40986    -13.90156
    38.53497     27.17058    -12.16380
    55.82124     57.28636     -9.82528
    18.66979     28.09824     -7.84654
    55.82168     57.28758     -9.82253
    55.82274     57.28973     -9.82483
    52.49606     51.52457     -9.35063
    47.70320     45.95270    -14.10210
    40.30777     33.83547    -11.35607
    32.73970     25.93380    -17.92810
    36.38098     48.02102     -9.79987
    33.49288     38.01724    -17.71242
    21.34290     23.33721    -10.80465
    51.10445     44.88777    -11.08334
    20.03680     22.98425     -8.88240
    45.65860     42.96217     -7.73121
    28.47957     24.99581    -14.09137
    33.12616     32.35225     -7.40918
    26.42859     20.77165    -12.35540
    30.09097     41.83975    -10.00586
    50.97665     40.62219    -12.24446
    30.54107     42.22768     -9.85037
    49.14774     35.94519    -11.71187
    33.01108     44.94612    -13.03769
    59.62872     51.87260    -10.04587
    33.59312     20.45153    -12.46098
    31.23096     43.64003     -9.57669
    46.20570     32.72890    -11.25580
    50.81607     45.34759    -10.95300
    52.46668     41.29753    -13.74823
    33.71815     26.36663    -20.40724
    57.78140     45.95380    -19.94950
    58.41423     47.54574    -11.13238
    52.37385     52.00773     -7.79920
    18.67370     24.49300    -17.50850
    42.62664     37.93817     -7.29901
    32.58410     28.10750    -21.45320
    37.57315     32.30976    -11.94727
    34.17950     22.68200    -16.91630
    43.15073     34.37741    -10.30602
    53.20384     51.72032     -7.99929
    31.29186     43.67399     -9.56829
    42.13737     28.76898     -8.33924
    48.45359     45.30016    -17.51637
    33.29530     44.74355    -12.36579
    17.87551     27.78393     -7.09142
    36.56294     25.11357     -9.26172
    36.09120     31.10600    -21.94950
    42.40458     41.99946     -9.22049
    45.46085     42.89544     -7.68583
    51.71237     49.67153    -10.22225
    34.55103     45.96353     -9.87996
    53.44608     55.00591     -8.15704
    42.18328     26.89330     -9.29641
    49.85026     37.01039    -12.37696
    31.26792     43.72942     -9.60385
    33.31830     15.36970    -29.73350
    35.08917     46.33843     -9.86178
    39.95366     33.86617    -11.61634
    49.40726     57.37303    -23.72240
    35.51853     20.26406    -13.99752
    35.67671     20.51044    -14.54509
    39.30397     29.19213     -9.46462
    43.43431     41.46955     -9.75285
    40.15612     28.04283     -7.54087
    38.76475     34.25019    -14.03515
    48.13980     62.62900    -16.83150
    29.71801     43.47559    -13.66568
    42.81873     28.59994    -10.23328
    43.71094     35.29717    -13.32921
    25.39537     22.35067    -13.41110
    58.45546     56.44465     -9.78596
    41.92380     46.97900    -10.85520
    56.69980     52.80560     -9.72560
    42.70138     30.82587     -7.93267
    50.86897     57.10208    -24.80059
    45.49690     42.85217     -7.74298
    21.00787     23.40412    -10.49333
    33.34548     25.19372     -9.85721
    31.17543     36.06573    -12.48365
    42.35230     29.03997     -8.74341
    52.38294     51.95670     -8.01189
    36.71426     34.26013    -12.09291
    40.41688     54.69169     -9.65429
    23.97556     33.25630    -13.82334
    33.36495     37.09639    -16.78423
    20.41761     24.83697    -10.77308
    39.97919     54.35487    -10.32254
    37.87041     49.39207    -12.66427
    35.76315     28.34562    -12.75314
    49.24985     49.02434     -7.43358
    35.49241     36.88922    -14.64492
    25.63984     24.08637    -15.51226
    45.45638     42.88523     -7.90475
    31.56786     45.98183    -14.79038
    19.58124     27.42473    -14.39522
    46.80952     44.31155    -15.18045
    38.94167     31.12136    -14.50580
    23.59260     34.84070    -14.41390
    30.94220     23.06340    -14.43650
    35.46886     49.75344     -7.00955
    47.35041     37.62014    -10.56957
    51.49332     45.38043    -11.01994
    56.01541     65.14950    -22.63026
    33.16640     41.19940     -6.84530
    31.68130     13.26550    -28.55530
    42.18004     32.49690     -7.68178
    36.90690     24.60850    -16.54050
    31.69573     21.49407    -11.80336
    23.20754     37.12920     -9.00359
    47.44312     37.59991    -10.29877
    34.60272     31.16341    -11.31367
    55.90230     62.32160    -24.12560
    26.32464     20.79946    -12.34368
    26.35813     20.79805    -12.24847
    42.66087     28.67059    -10.41798
    40.70476     54.66333     -9.66706
    34.78093     46.16787     -9.89950
    44.27875     35.99743    -12.52329
    26.67570     23.94420    -17.96450
    33.49549     38.00823    -17.69313
    37.94181     29.56849     -9.68462
    30.77550     42.62659     -9.73528
    46.58783     38.77397    -14.57625
    24.40035     33.41442    -13.91303
    42.62052     28.65259    -11.03744
    38.02489     41.09746    -18.56814
    52.32082     47.63335    -11.30833
    34.09949     48.24001    -11.04315
    31.53070     42.66433    -12.99720
    41.17878     36.51515     -8.22693
    17.23237     27.36909     -6.23376
    43.51048     35.11014    -13.20047
    49.70079     36.78630    -12.27018
    49.64346     36.69796    -12.21798
    35.40999     36.81881    -14.51315
    31.80269     45.84446    -14.54899
    35.43482     31.55229    -13.10019
    35.56480     20.32115    -14.18170
    41.72632     31.41430    -13.68027
    46.33920     54.49780     -6.72030
    49.86007     45.42751    -10.56818
    45.49428     39.39734     -6.93558
    41.37147     29.23021    -15.70736
    35.45549     20.13928    -13.81626
    17.56092     26.57175     -7.02723
    60.44330     54.52280    -23.06745
    35.49297     20.11721    -13.97663
    33.16755     46.32006     -9.93098
    27.21540     11.38560     -5.57460
    21.39405     23.16507    -10.86318
    21.37838     23.16450    -10.80503
    45.47518     42.88482     -7.71788
    42.53249     41.91437     -9.29699
    35.47443     20.00088    -13.92916
    31.24178     43.63285     -9.59057
    17.86890     33.31230     -3.54400
    29.40763     33.99701    -12.18971
    34.27820     23.30980    -10.11930
    46.91680     37.05580     -7.52600
    39.45220     53.83788    -10.90146
    51.01545     44.85584    -11.04852
    53.63046     49.94076    -11.88876
    34.43110     43.09450    -20.58980
    22.21949     26.08471    -11.88377
    26.95597     38.63762    -12.18413
    20.32664     23.18183     -9.49382
    36.53737     25.16177     -9.00242
    27.25003     38.72915    -12.11298
    36.52010     25.11622     -9.01836
    29.62958     43.59905    -13.76184
    41.69626     31.02362    -14.46766
    33.02704     46.33361     -9.88128
    35.46131     20.16787    -13.89690
    42.13545     39.66137    -10.48354
    39.77965     54.21408    -10.65272
    58.41167     47.53646    -11.12082
    20.78460     29.74560     -9.72620
    43.24610     44.68840    -18.05850
    56.67740     60.55160     -9.56270
    42.61550     32.62876    -13.79090
    51.12291     40.74602    -12.31591
    40.56270     34.02893    -11.00602
    23.84950     21.80500    -18.29680
    50.32734     43.91850    -10.83837
    33.13849     32.36856     -7.41788
    35.50908     20.20101    -13.94944
    36.90166     27.33494    -21.91624
    35.39236     46.57105     -9.76085
    36.60877     25.41076     -9.07180
    41.08895     27.36172     -8.14784
    41.91652     32.76928     -7.57920
    31.26679     34.22168    -15.58324
    42.20471     37.25037    -11.49796
    54.34933     50.13771    -12.52863
    26.47943     20.74738    -12.36666
    49.47780     46.84670     -7.65100
    31.31056     30.96452    -11.86483
    26.32545     20.79682    -12.35569
    53.27535     51.58974     -8.09466
    45.46123     42.89375     -7.83956
    28.44308     24.95608    -14.19866
    37.08931     30.71089    -18.52571
    33.57900     26.04358    -10.01165
    31.06916     37.72174    -23.39747
    18.72162     31.21075     -8.47811
    40.54860     38.45990    -19.46670
    26.70249     38.62704    -12.34704
    36.84439     27.31829    -21.89673
    51.25922     41.24977    -12.40630
    29.65982     42.31113     -5.88564
    48.96671     42.35717    -14.81853
    41.38899     29.23780    -15.79020
    23.21766     37.13150     -8.94010
    45.25837     46.32461    -26.60987
    40.49277     31.35877     -8.22086
    54.69365     46.82697    -13.74667
    42.61628     28.66249    -10.99922
    59.65973     51.95141    -10.08014
    26.32440     20.79632    -12.37262
    36.63358     29.41068     -9.75991
    33.50405     47.07383    -12.73932
    44.02897     35.99975    -12.87564
    49.64115     36.69865    -12.20471
    26.34330     20.78661    -12.36923
    52.05830     52.08280    -12.49850
    45.74353     42.95401     -7.85269
    52.05549     52.14310     -7.89025
    52.00415     52.21568     -7.73651
    42.61594     37.93461     -7.30625
    51.49720     51.13391     -7.98748
    41.37620     26.79190    -13.86710
    51.99086     52.21059     -7.73314
    42.61816     37.93570     -7.30984
    45.47530     58.13070    -13.98000
    51.27790     40.68174    -12.36991
    39.66460     39.16984     -8.58459
    50.76436     64.38198    -24.59652
    45.68870     59.75300     -9.77230
    23.20228     37.12705     -9.00461
    33.52916     26.11846     -9.97158
    43.06268     41.15781    -13.58626
    48.80221     42.45654    -14.98976
    40.86210     27.56233     -7.95619
    50.44779     43.57100    -11.02303
    46.53930     48.89540    -29.01360
    51.22375     38.93673    -13.14300
    42.43106     28.73799     -9.08636
    34.56302     31.11222    -10.89708
    34.71953     46.33218    -10.08984
    42.01253     54.13813    -10.53903
    41.65908     25.08777    -11.12900
    26.76010     18.81160     -7.32450
    36.15811     29.11585    -10.06984
    57.33894     47.87204    -16.86403
    33.71675     26.36843    -20.43031
    39.80080     27.44242     -6.59640
    29.13619     27.26580    -12.61442
    23.03657     23.16614    -12.94393
    17.72363     26.20991     -7.85006
    48.91777     42.21440    -10.18721
    42.29342     37.47540    -11.54278
    51.91268     52.01169     -7.36947
    34.54755     31.12513    -10.97052
    25.31096     35.12508     -8.35365
    27.05302     38.70313    -12.19285
    32.64537     24.71149    -10.60990
    54.86480     59.73460     -8.00220
    29.53081     20.12542    -12.93143
    50.90778     40.63199    -12.21062
    29.31162     42.15885     -6.06937
    59.55598     51.69318     -9.96135
    51.15837     42.31455    -12.17550
    52.00163     52.12315     -7.83663
    51.96730     52.31233     -7.73446
    42.62058     37.99036     -7.26049
    32.26349     26.80306    -11.09219
    41.06950     48.15990    -22.65070
    52.00035     52.20038     -7.72002
    52.09213     52.16824     -7.70714
    26.88430     38.63682    -12.25981
    56.15560     63.33370    -20.96360
    43.81767     35.57205    -13.18401
    32.41954     42.68371    -12.09135
    45.90623     59.32566    -16.49383
    41.03145     29.97772     -6.84357
    28.72240     33.36090    -21.77620
    33.89058     47.93281    -11.42153
    21.07398     23.33267    -10.51144
    26.77680     26.24690     -8.44700
    38.76171     53.11847    -10.64425
    38.66488     31.75540     -7.94524
    37.84978     49.40250    -12.75084
    54.61300     43.71910    -15.58420
    35.70858     35.29801     -7.72518
    48.76538     48.24242    -15.21761
    35.48175     36.88760    -14.64199
    28.76195     39.42963    -11.51589
    36.20575     21.12867    -22.25069
    51.88749     52.26192     -7.96598
    42.03678     29.29077     -7.91472
    51.30792     41.04947    -12.49841
    42.46486     32.11191    -14.07240
    57.10294     65.56423    -23.31437
    29.98150     19.03190    -22.11260
    39.93560     36.78020    -12.50270
    26.82615     38.53663    -11.79060
    42.02398     54.12082    -10.54346
    35.76258     28.21859    -12.79498
    35.62515     20.42139    -14.37201
    29.47984     20.18813    -12.91577
    42.68300     57.25658    -10.29887
    20.10073     23.34053     -9.38810
    35.45675     19.91308    -13.91359
    23.32260     35.60454    -11.19187
    42.38622     28.69180    -12.09570
    58.77045     56.37089    -10.12257
    23.52800     19.46980    -17.71530
    40.72987     38.15650     -9.63795
    53.05171     43.58171    -13.26414
    20.46418     23.64494    -10.02228
    48.75502     48.23213    -15.17919
    36.15370     28.98417    -10.25360
    47.55942     45.36909     -8.82424
    33.69314     26.37307    -20.41471
    49.74291     45.58170    -10.52849
    31.87280     20.59970    -17.55220
    41.84140     25.26080    -20.14920
    44.04271     51.88293    -23.31433
    33.35801     36.90115    -16.70470
    41.99374     28.84076     -8.13569
    18.80173     31.07826     -8.63864
    19.95045     22.67789     -8.46534
    23.85310     18.00990    -15.17350
    42.25578     29.55569     -8.10335
    28.67631     22.65039    -11.76285
    51.23094     44.86627    -11.13315
    29.40287     43.03580    -14.79715
    49.82283     44.70852    -12.83198
    16.77310     27.07141     -6.18213
    53.50665     55.12523     -8.22615
    53.48712     55.06359     -8.17927
    22.59675     21.18766    -10.37863
    38.25450     32.20693    -20.20103
    40.87700     53.04293    -11.08587
    36.51303     29.41516     -9.72346
    38.03008     27.04726     -8.32972
    28.78191     39.46101    -11.46415
    52.59572     41.32142    -13.91726
    26.40925     20.76934    -12.35505
    37.07849     30.71831    -18.54079
    26.33776     20.79569    -12.35386
    32.42446     42.69182    -12.13796
    45.03993     40.63293    -13.14459
    45.26605     46.33369    -26.61576
    43.47371     56.02829    -13.74146
    34.97370     17.34560     -5.57550
    33.45585     44.80314    -12.40803
    24.61870     19.79740    -14.35230
    35.96959     29.36176    -13.56325
    43.73527     36.41461     -8.25947
    21.05958     23.34803    -10.52754
    31.95184     26.67740    -11.37698
    47.13623     43.48866     -8.05360
    36.52330     24.99297     -9.00720
    36.51535     24.99677     -9.01244
    30.87810     30.06292     -7.70160
    20.78430     28.26350     -8.84910
    51.90994     51.95852     -8.16212
    35.89363     20.87341    -15.20294
    31.27667     43.70086     -9.57917
    21.38070     23.18107    -10.81216
    55.73377     56.27203    -14.58026
    55.73362     56.28360    -14.58781
    53.60767     55.33594     -8.32714
    39.08251     32.11194     -8.50560
    35.83164     20.15185    -17.25958
    57.31786     47.87720    -16.85875
    35.75559     28.02287    -12.54168
    29.26376     20.45955    -12.87896
    54.20356     53.17704    -11.72471
    27.50068     26.71361    -23.59550
    39.23971     32.23546     -8.69225
    27.50432     26.71779    -23.59840
    48.81376     42.32816    -10.06031
    39.88480     44.21870    -21.71450
    55.73501     56.29158    -14.59066
    42.18646     37.22577    -11.52000
    26.21289     20.80845    -12.48230
    37.18394     29.54816     -9.79509
    17.47130     26.22080    -16.68800
    42.79523     34.38926    -11.84168
    42.79195     34.40260    -11.84422
    23.21454     37.12919     -9.05071
    53.25618     51.77234     -8.03544
    37.91520     46.93580    -17.84970
    48.34631     49.96186    -11.79999
    50.26782     44.07705    -10.93809
    22.61741     21.19928    -10.39619
    43.40085     41.44571     -9.71269
    54.22605     46.35016    -13.59361
    20.87357     23.80066    -10.45937
    48.91998     35.24948    -10.74189
    21.29467     23.43992    -10.83947
    16.94682     27.87122     -7.11437
    35.45911     19.96259    -13.87191
    23.65288     35.73624    -11.50349
    38.56120     32.33451    -13.92254
    30.22980     15.70690    -15.74770
    42.90644     28.56586    -10.14257
    35.93112     20.92558    -15.33233
    35.16500     31.33740    -20.25100
    21.86010     30.31000    -12.24100
    48.80436     35.34813    -11.19303
    53.83462     49.97878    -12.00898
    45.79350     49.08670    -22.09160
    47.13463     43.49466     -8.06718
    31.41074     43.91139     -9.51831
    35.09048     32.86750     -7.42197
    23.06632     35.53647    -10.88770
    29.54937     43.30011    -14.20049
    42.81255     57.37660    -10.23226
    40.30490     24.11620     -6.60510
    46.87125     44.28412    -14.98801
    59.72805     52.09197    -10.18001
    51.95564     46.35775    -10.99554
    42.21342     38.78749    -12.92220
    50.16326     44.04813    -10.92344
    38.30370     23.94830     -8.91820
    52.30295     49.07287    -11.21725
    35.92695     20.84682    -15.58814
    32.89611     44.89134    -12.99137
    33.57703     25.92127    -10.03049
    31.08571     37.73184    -23.43249
    31.77503     26.59514    -11.59049
    41.31760     52.31690    -14.82860
    40.16873     37.57817     -9.30176
    53.66887     49.92504    -11.90061
    49.84302     57.48681    -24.02545
    18.03100     25.88461     -7.72496
    51.97980     66.01210    -13.33990
    18.70687     25.03247     -8.14715
    31.28026     42.64813    -13.25137
    28.04144     39.03534    -11.92011
    50.80224     64.61871    -15.07653
    52.34728     59.66052    -23.65059
    55.84997     64.86128    -22.61778
    40.10260     32.32031    -11.72485
    45.19922     37.89853    -13.14991
    26.34427     37.99363     -9.13207
    41.41570     53.02850     -7.48610
    45.56780     26.47630    -13.16380
    39.40110     40.90210     -9.53460
    30.33820     37.81790    -19.32930
    32.82340     36.71140     -9.76700
    40.48073     54.79462     -9.62568
    42.43876     30.26428     -7.88794
    38.69512     29.43553     -9.67674
    45.51107     42.90926     -8.50646
    48.82075     42.38950    -10.04351
    47.05339     45.23477     -8.81500
    26.37847     20.77872    -12.40488
    41.64452     25.07843    -11.15970
    29.86509     36.27214    -13.90149
    32.64365     22.48590    -10.54773
    48.73811     42.40796     -9.97227
    22.20660     26.05053    -11.89041
    33.34874     37.11021    -16.75322
    30.66160     41.06190    -14.08760
    37.81780     32.79150     -8.25670
    18.71316     31.22101     -8.51524
    31.06723     37.73962    -23.41474
    40.80899     27.02548     -8.14788
    44.11304     36.22378    -12.66265
    42.04838     29.69082     -7.72156
    42.07777     29.38253     -7.91599
    17.22243     27.39337     -6.33002
    18.84426     23.69368     -6.20122
    26.88530     38.59370    -12.09915
    35.43929     36.81506    -14.54486
    45.32261     36.99046     -9.04026
    47.03641     43.45920     -8.05413
    59.62643     51.82955    -10.06084
    39.19756     32.20248     -8.62923
    31.36687     43.89855     -9.54632
    18.86344     23.69662     -6.19048
    23.15820     21.42410     -5.53430
    31.08061     43.24261     -9.62782
    50.80618     44.42571    -11.00273
    51.53072     45.17428    -11.20751
    23.59760     29.32030    -13.29600
    42.85113     34.36423    -12.01479
    48.68515     42.45512     -9.95611
    34.92835     36.00894    -17.25625
    24.86780     14.60160     -8.73950
    41.70996     30.98961    -14.43581
    51.58092     58.18382    -19.01278
    41.89167     28.98207    -13.89153
    35.90884     20.82009    -15.50551
    23.25572     23.71035    -13.20789
    33.57586     25.92265    -10.03014
    29.57350     28.33810    -19.65320
    48.93727     42.31707    -14.92389
    39.48662     53.87253    -10.83849
    49.79440     54.26780    -26.21010
    51.52027     49.87279     -9.73840
    51.53363     49.78876     -9.89097
    51.53392     49.78871     -9.87852
    43.51495     34.43622     -8.39073
    64.62510     57.33450    -26.74960
    41.47492     29.28795    -15.47444
    40.24191     32.75921    -14.65476
    37.48920     37.95930    -10.00680
    30.24730      9.53290    -16.80930
    41.19050     27.31138     -8.25705
    42.77249     39.53880     -6.50644
    35.92956     20.92682    -15.33178
    44.33902     33.19637    -15.58475
    41.15710     25.76320    -17.02690
    31.01522     34.21964    -15.02429
    30.33991     32.12842    -16.13606
    56.27390     53.54740    -12.86100
    33.51753     46.83988    -13.26017
    16.49600     29.29630    -16.03870
    42.73348     34.23989    -11.91075
    53.84680     45.91006    -13.48308
    47.52722     39.53493    -14.71413
    33.57659     25.94772    -10.03379
    51.98513     52.22835     -7.61398
    40.49607     33.74040    -11.09907
    53.50744     55.12747     -8.19682
    29.76309     35.88025    -14.90715
    33.54295     26.00625    -10.08946
    56.21240     65.16895    -22.76967
    48.35560     49.93653    -11.79653
    47.42338     34.32118     -8.48459
    40.12900     23.35350    -20.44900
    23.05550     23.17005    -12.92011
    25.35550     39.39550    -15.87860
    23.52130     24.51032    -13.58393
    30.19360     15.51390    -22.92640
    28.38260     18.26430    -13.36990
    37.70836     21.23201    -17.09890
    20.09689     23.27102     -9.28000
    47.68299     34.78538     -7.78349
    26.70566     38.51244    -12.26478
    52.43970     64.98020    -23.98260
    32.12921     42.67672    -12.41337
    41.98760     42.60780    -23.76900
    45.04679     40.64036    -13.10429
    26.43768     38.08824     -9.23532
    45.03767     40.64173    -13.11527
    33.43603     37.69523    -17.38710
    45.03790     49.15630    -27.34960
    34.65772     31.42635    -13.73348
    41.71273     30.90069    -14.82115
    26.41197     20.76939    -12.34988
    31.34479     43.80106     -9.54377
    30.32796     32.13507    -16.13050
    40.92580     27.62060    -20.48360
    42.65628     38.15296     -7.30524
    37.77550     45.24520    -21.96600
    37.74650     30.73250    -21.58330
    49.36595     57.31930    -23.65134
    42.88980     26.81090    -14.48280
    52.30629     47.50940    -11.33595
    31.70257     35.87888    -15.39929
    31.70754     35.87880    -15.39121
    35.53549     36.92103    -14.76121
    43.47979     56.00921    -13.76764
    42.56297     37.96476     -7.20144
    45.29831     35.90161    -10.91972
    40.27768     32.87184    -14.85417
    42.59725     37.90947     -7.22756
    42.51378     28.69302    -11.42924
    37.65863     32.43347    -12.32108
    42.71266     34.12480    -11.93325
    46.61496     46.33107     -6.55283
    47.44281     37.60018    -10.29704
    40.28183     32.87548    -14.86676
    40.27716     32.86919    -14.85383
    50.36619     43.87543    -10.87831
    32.02910     31.05970     -8.60630
    31.28276     34.22667    -15.59963
    34.51110     24.52160    -19.07710
    53.03697     43.74437    -13.08719
    45.15188     42.84844     -7.19121
    55.23120     49.96620     -3.99030
    32.63897     26.60159     -7.41557
    39.19430     31.70483    -14.24423
    35.46989     18.72351    -14.29106
    48.31147     49.97855    -11.87475
    39.78514     54.17182    -10.53825
    35.69866     27.97328    -12.97079
    48.33194     49.96461    -11.84332
    33.38660     39.33160    -21.26650
    48.73470     61.40290    -11.50270
    35.77148     30.12073    -11.54340
    18.72142     31.20695     -8.45359
    43.53846     34.32118     -8.34504
    49.88354     45.52827    -10.55087
    41.57163     27.19514     -8.59048
    45.89797     59.31304    -16.49427
    27.69900     39.58950     -6.07220
    53.84937     45.91148    -13.47806
    36.07903     28.81302    -18.33429
    34.25925     31.23220    -10.05717
    28.72124     37.93374    -15.12433
    41.16832     36.49625     -8.23997
    33.50340     38.02777    -17.71140
    37.83445     49.39393    -12.83542
    36.14400     37.72220     -9.44070
    16.01460     27.88150    -21.06910
    30.77680     27.94290    -10.40010
    40.75693     34.23912    -11.01380
    40.09918     28.10842     -7.50536
    17.93580     26.10977     -6.73080
    49.91477     57.84400    -20.71363
    42.03584     39.83019    -10.12922
    40.88310     53.04517    -11.04673
    35.86293     20.76417    -15.45079
    25.52350     14.22830    -15.46170
    23.25280     28.10120     -9.25690
    30.96282     42.76357    -13.33240
    48.44099     34.98301    -11.46178
    32.99440     14.82930    -12.25890
    40.67289     35.13235    -12.35907
    50.50337     44.06922    -10.91758
    41.44500     25.02200     -7.22820
    35.87591     20.85263    -15.10175
    41.89600     44.71240    -16.53980
    40.50971     32.99169    -11.49221
    35.10266     46.66098    -10.46966
    46.93686     44.26111    -14.80373
    47.29094     39.49390    -14.61723
    25.68847     37.99323     -7.35785
    35.49217     36.90358    -14.66827
    29.94469     34.09084    -13.08092
    50.02952     43.83241    -10.89782
    47.25817     43.52876     -8.15108
    38.14698     28.20056    -15.03171
    37.53750     35.57940    -10.89980
    34.92662     36.00981    -17.25667
    43.00366     34.58206    -12.11350
    37.67262     32.08934    -11.91041
    43.12582     34.43625    -11.80496
    39.74851     45.53854    -18.73845
    24.67334     33.51710    -13.96378
    26.61378     38.52628    -12.30932
    52.96035     51.78187     -8.05350
    22.64780     24.30780     -8.40420
    43.44987     34.29856     -8.57526
    52.34364     52.46430     -7.46641
    48.79990     42.34707    -10.05732
    33.87696     44.46091    -10.68027
    55.42664     50.84206    -13.33561
    39.20645     32.21407     -8.67676
    20.84940     19.39410    -12.48970
    37.12710     19.25490    -13.25670
    38.88996     31.95561     -8.20720
    21.35842     23.22019    -10.84023
    39.41130     29.35850    -24.47000
    29.23350     19.06460    -10.50650
    43.47241     34.28007     -8.60918
    51.41778     41.84818    -12.73652
    43.70591     35.10928    -13.46123
    40.36237     54.88664     -9.86369
    30.85250     26.72530     -8.67040
    40.29826     27.90659     -7.64924
    39.59913     54.01379    -10.89268
    40.30253     34.15631    -14.79968
    20.30631     24.62195    -10.59355
    42.06999     29.55597     -7.80359
    35.95496     20.96812    -15.40766
    35.82904     20.77925    -15.00040
    48.48490     49.78417    -11.53420
    43.94640     28.53020    -14.08800
    28.49038     39.22603    -11.75860
    53.32648     51.55497     -8.20974
    23.43800     24.19286    -13.44693
    44.35768     33.19823    -15.56035
    53.29760     56.71430    -24.11930
    47.85436     39.61510    -14.80578
    41.59656     29.17396    -14.96575
    42.03394     39.80625    -10.10125
    52.89944     51.73895     -8.08901
    49.85750     46.81460    -14.13820
    26.42860     20.77532    -12.30869
    36.18707     29.38988    -10.29907
    52.17710     64.52120    -13.20430
    63.63890     59.54110    -21.47440
    43.87240     46.62340    -23.87660
    28.53251     38.77885    -12.87529
    41.80671     29.27809    -14.18343
    33.44521     47.21557    -12.16713
    52.10379     46.86835    -11.21353
    35.86141     28.87970    -18.11039
    50.21050     49.60490    -15.33280
    38.01795     41.10220    -18.58058
    37.18499     29.54153     -9.80486
    35.51592     30.46290    -12.44569
    49.22880     39.52600    -14.66970
    36.53022     25.21576     -9.02755
    35.60708     30.26431    -12.54664
    41.42157     38.87384    -13.73876
    18.08720     28.36950    -18.64750
    52.51970     47.77059    -11.63972
    48.76572     35.36508    -11.27173
    39.76564     29.14674    -10.16781
    48.28572     50.02415    -11.93725
    26.97806     38.67193    -12.20979
    58.15258     56.51318     -9.35886
    26.84170     38.60822    -12.24765
    59.59970     51.27030    -15.21760
    36.63240     51.07660     -5.95940
    42.04240     28.85572     -8.11907
    17.14206     27.22420     -6.26750
    32.64419     22.49039    -10.59300
    35.25648     32.65327     -7.51126
    38.44290     46.34840    -21.20660
    39.58000     34.20460    -12.78256
    23.20536     37.13517     -8.99984
    39.74875     33.19097    -18.13137
    35.21890     16.95400    -12.52680
    38.61687     27.95649    -15.02601
    48.89475     35.49312    -11.34928
    38.27440     28.36460    -17.94510
    33.90460     29.79770    -20.04260
    22.72775     34.61640    -11.65509
    35.10060     30.94659    -12.16244
    58.41608     48.84391     -9.97130
    51.75275     45.88644    -10.92543
    42.76539     31.64459     -7.93932
    22.87127     22.96707    -13.06171
    32.97112     46.50420    -10.81057
    42.20668     26.87691     -9.33767
    37.76400     31.64991    -11.36440
    40.49414     31.35783     -8.22385
    42.72104     31.97780    -15.79502
    42.01493     54.13373    -10.55753
    40.60200     44.28370    -25.14600
    43.57021     34.21465     -8.36956
    32.64713     26.61441     -7.39103
    42.03142     31.78478    -12.34543
    43.97050     36.03449    -12.92516
    24.73940     36.07178    -12.40678
    42.30928     26.78387     -9.48917
    33.44273     26.17951    -10.25911
    29.36407     20.33347    -12.93271
    33.46643     37.89411    -17.55754
    28.89630     24.24160    -22.32350
    49.05361     35.16267    -10.35262
    42.50327     32.96925    -13.33385
    26.33052     20.79772    -12.33810
    29.88735     36.31392    -13.85062
    55.73826     56.28344    -14.61014
    23.21177     37.12173     -9.01515
    32.48164     24.60095    -10.80895
    47.11350     57.17400    -19.60400
    36.49037     48.23756     -9.74911
    16.29530     25.38540    -13.04020
    52.33532     59.67038    -23.62081
    15.01936     27.47495    -12.70651
    41.03401     33.78700    -11.34983
    52.01013     52.22963     -7.63748
    54.54008     46.72758    -13.65484
    34.09500     14.30000     -5.67740
    37.33940     29.20870    -21.84140
    35.31170     42.41710    -24.22580
    40.26008     32.95729    -11.71657
    30.12750     13.82510    -22.58130
    49.83588     57.79080    -21.18254
    60.67144     54.56709    -23.64378
    52.17110     48.81070     -7.24050
    22.60084     21.19976    -10.41018
    45.52535     37.14281     -9.29367
    51.80194     41.48968    -12.98270
    40.44746     34.26481    -15.32604
    21.87920     21.46820    -19.03910
    45.26518     46.33700    -26.62087
    50.96330     47.55530     -7.77730
    25.71450     39.31980     -9.21900
    44.92470     31.47050    -10.29290
    35.46991     18.69201    -14.31721
    50.74144     64.40010    -24.51480
    46.61514     46.32183     -6.55477
    43.92690     43.35860    -25.81570
    42.97532     31.52080     -8.07084
    58.52935     56.42934     -9.87147
    48.72769     42.45207     -9.91344
    28.57614     39.26053    -11.73236
    50.68662     59.11768    -23.83849
    29.93419     19.68722    -12.84507
    45.51903     39.44737     -6.91310
    51.11645     40.79317    -12.29848
    48.78489     42.36542    -10.05204
    48.78473     42.35190    -10.03814
    36.52491     25.11364     -8.99804
    41.38654     29.23437    -15.77146
    25.38349     22.51762    -13.67224
    28.97742     41.95098     -5.95178
    42.38577     28.69905    -12.10954
    42.61448     37.92721     -7.45886
    49.80308     36.95770    -12.35220
    40.13997     34.63314    -13.36655
    55.58560     48.26350    -15.06370
    33.52851     25.82849    -10.06032
    38.24755     32.01442    -20.03348
    24.69839     36.04323    -12.36740
    36.51050     41.11700    -17.67680
    27.37580     19.40650    -13.56040
    43.61260     47.63450    -22.50900
    51.22144     45.11347    -11.06884
    57.58050     64.72880    -20.73380
    20.29743     24.68898    -10.67090
    37.76931     29.55969     -9.71986
    20.26069     24.23380    -10.30799
    30.04123     36.30938    -13.65088
    27.60050     32.67590    -17.18070
    48.76120     42.39091    -10.01472
    35.78148     27.99495    -12.59639
    47.62420     47.50910    -26.54980
    40.45035     32.37897    -11.77422
    32.08151     45.62480    -14.22773
    17.72720     26.20338     -7.79228
    45.02257     40.62629    -13.11633
    36.48252     48.24657     -9.80206
    38.28134     32.21186    -20.21701
    32.20810     44.65016     -9.02090
    41.94767     39.89335    -10.06399
    25.58393     21.23169    -12.60772
    31.32494     30.97168    -11.87567
    36.69930     22.92220     -7.11420
    54.71383     46.81032    -13.81581
    32.54911     45.20450    -13.58054
    35.77451     28.34593    -12.75650
    48.23948     39.80526    -10.68242
    48.25117     39.83930    -10.68541
    35.78751     29.77746    -12.93787
    45.81940     50.76700     -8.41320
    42.67228     28.64656    -10.44683
    40.30211     33.24850    -15.09861
    21.27487     23.49647    -10.86193
    40.92331     27.45621     -8.04208
    45.01585     40.62514    -13.14284
    37.57713     32.38602    -12.13529
    36.73988     25.12481    -11.52408
    49.71470     61.23100    -21.37650
    26.01846     38.07001    -12.54245
    33.46135     37.84144    -17.50388
    27.59148     38.83681    -11.95688
    28.69783     34.89412    -11.75624
    40.16090     32.99931    -15.59047
    35.38067     32.48690     -7.60489
    35.48946     20.23924    -14.03066
    30.12240     27.94340     -5.97000
    31.86999     23.07295     -8.02727
    29.15691     27.27670    -12.61088
    35.84231     20.14893    -17.29012
    34.06720     18.10510    -11.82880
    53.05553     43.52185    -13.34387
    15.03033     27.49947    -12.68245
    29.32830     33.81986    -11.94841
    31.69585     21.47992    -11.83188
    28.65587     22.63990    -11.78974
    36.71184     34.25157    -12.09429
    51.45499     45.32246    -11.14743
    34.39404     45.09429    -12.35876
    38.87422     36.05349     -8.25907
    29.87461     36.28533    -13.92528
    31.69232     21.49921    -11.80626
    31.69269     35.87502    -15.41220
    25.12880     21.16947    -13.53880
    29.27621     34.16662    -12.14814
    28.01250     36.51400    -17.31020
    25.22013     39.18601    -13.13467
    52.64917     41.30951    -14.01053
    46.68816     32.80098     -6.86945
    46.68241     32.79700     -6.87334
    46.69052     32.79801     -6.87320
    25.89344     37.91420     -8.00556
    46.00440     61.43460    -21.12490
    53.12606     51.95511     -7.89151
    29.48333     43.19501    -14.45697
    36.47658     48.26394     -9.68544
    47.35714     34.40036     -9.06820
    50.35687     43.86417    -10.87043
    18.17360     26.44880    -13.23670
    35.40386     49.71322     -6.85497
    53.06322     43.63793    -13.19776
    53.53242     55.16364     -8.23484
    53.97102     49.97670    -12.18759
    36.11270     45.26220    -17.48320
    45.05032     43.16908    -10.64870
    17.63544     26.20407     -8.63784
    45.15234     43.11867    -10.49358
    29.86852     36.26508    -13.93319
    37.68624     32.39588    -12.43629
    35.78511     28.03769    -12.33499
    42.82708     28.60554    -10.42486
    27.78770     28.79800    -19.31580
    54.20714     53.16416    -11.73329
    33.41670     41.00530    -19.54690
    48.29703     35.16634    -11.21289
    35.68332     35.49358     -7.54220
    52.14169     41.11750    -13.33275
    26.81890     38.56811    -12.07453
    23.47367     24.31475    -13.51272
    35.15930     33.41870    -13.77510
    29.88381     36.27596    -13.91032
    39.22560     43.62550    -27.10760
    45.45259     37.07718     -9.17086
    42.76154     57.39112    -10.42689
    58.27590     48.50580    -21.62960
    15.03860     27.51745    -12.69258
    46.62312     43.31756     -7.91529
    31.31881     34.21989    -15.70484
    50.37233     44.19241    -10.82842
    41.82859     32.83045     -7.60785
    34.74680     45.99168     -9.72094
    42.03798     29.29391     -7.93312
    31.16895     42.65510    -13.31269
    42.55766     33.88046    -12.23030
    35.77317     20.68283    -14.81842
    35.77494     28.01217    -12.55606
    35.45671     36.86941    -14.62244
    45.42410     53.69910    -18.28400
    34.18821     31.33874    -10.20574
    36.18210     27.21784    -12.59433
    34.43406     46.80545    -11.30479
    52.17407     47.11494    -11.22490
    35.54890     23.84040    -10.64570
    22.93517     35.23161    -11.05727
    22.21107     26.08130    -11.90702
    43.56934     34.64263    -12.89569
    25.31351     35.11352     -8.47098
    33.57939     25.91135     -9.94325
    59.82147     54.43370    -21.43581
    60.09407     54.47485    -22.15026
    42.62312     28.68820    -10.24499
    42.66205     28.69983    -10.28839
    42.48340     34.02781    -12.07172
    18.47308     23.90004    -14.04925
    20.10430     22.30070    -18.06400
    31.54145     37.69550    -17.00701
    42.60648     34.56911    -12.31311
    37.71514     21.22539    -17.10080
    23.15953     23.26529    -12.83578
    51.49988     45.38332    -10.98054
    28.77604     39.47069    -11.47478
    32.88493     44.96997    -13.11418
    32.81075     45.03847    -13.22239
    33.47997     38.01392    -17.66665
    33.98590     27.81760    -10.62090
    35.40645     46.59810     -9.91400
    23.98760     27.03520    -18.04650
    23.05313     35.46571    -11.01908
    50.28002     43.79578    -10.86420
    37.69289     31.89837    -11.57553
    43.44108     34.36677     -8.56043
    42.65073     28.69604    -10.35128
    51.86787     51.93700     -7.67519
    43.55830     40.48090     -4.81850
    17.51768     26.21842     -8.88158
    43.84975     35.39773    -13.31951
    34.08668     48.24445    -10.99389
    26.05710     20.90861    -12.42977
    23.20575     37.12565     -9.03055
    29.86358     36.25138    -14.00663
    36.58612     29.80260     -8.55628
    26.64482     20.76827    -12.41184
    22.91584     35.52196    -10.76171
    33.64200     25.55929     -9.61739
    47.54091     34.63262     -8.34969
    34.60750     38.02690    -21.63930
    18.79631     31.09160     -8.66684
    43.09381     34.48262    -12.01163
    63.52474     57.30528    -23.65776
    37.89880     44.14197    -23.53658
    29.20920     42.10152     -6.00221
    54.95650     45.64500     -8.92050
    40.31270     31.49982     -8.42368
    47.42046     37.60369    -10.36511
    33.12815     32.37299     -7.43554
    29.86277     36.27901    -13.94846
    35.09180     33.91190    -18.83450
    27.19665     38.73825    -12.06140
    47.51752     34.50628     -8.22079
    38.81100     22.74720    -10.33140
    37.62353     32.18725    -11.91097
    40.94291     32.08731    -12.14887
    48.03750     49.49930    -22.54640
    39.02445     27.77364    -14.98109
    40.41207     33.79521    -11.23317
    36.88326     27.33695    -21.92005
    19.34661     30.14340     -9.77006
    34.69810     33.59550    -16.31990
    35.86357     20.73395    -15.43475
    50.69937     44.48351    -10.95484
    42.70543     34.25265    -11.96359
    31.60707     42.65945    -12.91609
    35.07334     31.34261    -13.09255
    49.88163     44.25311    -10.93153
    34.39606     45.29287    -11.08622
    32.04260     44.71850     -5.76230
    32.26410     14.60940     -8.98340
    49.41054     44.25261    -11.57482
    47.35609     34.65237     -9.96739
    55.99947     65.06301    -22.69431
    53.63532     51.09050     -8.73492
    36.48547     48.24534     -9.74687
    25.39967     21.82204    -13.01719
    34.25054     45.03811    -12.43824
    48.46381     45.31864    -17.54723
    27.16220     41.81880     -6.56650
    40.70547     34.43999    -10.78412
    45.36941     42.83774     -7.69764
    18.72258     31.23325     -8.43424
    22.61973     34.37073    -12.13134
    36.74627     29.44633     -9.74101
    18.56424     28.23679     -8.28814
    25.18344     39.18326    -13.13681
    26.28317     20.80507    -12.40644
    35.70055     46.94859     -9.93332
    48.76543     35.35198    -11.26938
    40.93528     38.37530     -9.75154
    23.10783     35.55847    -11.00141
    35.72821     35.10245     -7.91837
    28.70835     37.94680    -15.09532
    35.64505     28.94392    -17.88032
    38.38172     27.34522    -12.06748
    18.48772     23.88316    -14.03085
    22.09320     20.36050    -13.91980
    50.86240     63.58390    -10.17290
    42.88991     28.57148    -10.13362
    28.88870     34.60566    -11.91096
    36.52524     24.94405     -9.02867
    26.50845     20.76383    -12.35631
    58.42539     48.85286    -10.00913
    45.52352     39.47092     -6.90332
    39.32370     35.12960    -22.01330
    25.64306     24.08353    -15.47544
    46.99521     45.22088     -8.82325
    34.02684     43.03551    -17.38006
    23.89290     30.19230    -17.38090
    31.26895     43.72543     -9.59441
    46.92356     39.29712    -14.52788
    55.73554     56.27646    -14.58393
    59.82406     54.45261    -21.41399
    58.42683     48.85183     -9.99477
    56.20523     65.49948    -22.48392
    51.22587     38.93243    -13.14693
    43.73751     36.41935     -8.27676
    41.24120     51.32250    -16.82890
    40.14180     50.56540    -15.18710
    46.31780     59.10500    -13.12020
    20.44630     23.57199     -9.94935
    20.23107     23.36037     -9.44040
    37.85285     49.39157    -12.69602
    49.05326     42.23608    -14.81300
    26.86557     38.55741    -11.86506
    29.11120     15.29010    -10.75820
    51.22668     38.93644    -13.14107
    31.28550     34.22356    -15.55490
    46.73543     45.17219     -8.77012
    48.75919     48.23505    -15.21110
    50.08300     56.19730     -9.08960
    34.02796     43.03259    -17.39064
    42.62822     37.93188     -7.32788
    48.35191     49.93713    -11.78961
    19.94584     22.70303     -8.53661
    31.86447     26.62924    -11.46623
    24.11910     31.65590    -14.19770
    48.69428     42.44991     -9.95987
    51.58458     58.19138    -18.99102
    29.89900     39.27480    -15.11640
    34.55296     31.12004    -10.91041
    34.53227     45.13246    -12.79156
    38.50267     29.50181     -9.59548
    34.09491     48.24580    -11.02669
    21.12977     23.48899    -10.75439
    51.12748     40.78413    -12.31715
    40.93640     38.36116     -9.78982
    18.52274     28.23143     -8.39953
    40.90083     35.25078    -11.97405
    25.40593     22.34299    -13.37914
    54.00120     64.80940    -19.34930
    50.53444     45.29932    -10.82669
    38.22981     31.72154    -19.76822
    30.50810     19.00410     -7.59800
    41.02022     38.47839     -9.76530
    42.33027     33.68483    -12.34509
    50.68118     59.12222    -23.81701
    26.81120     38.59601    -12.24959
    32.47685     24.61804    -10.78331
    19.91350     26.11470     -7.88740
    50.26397     43.85363    -10.80741
    25.70096     37.95459     -7.42008
    51.07740     53.31000    -15.06350
    40.82017     34.79225    -11.35105
    56.56050     60.99320    -19.21710
    38.23241     27.52233    -11.96054
    41.77314     54.22332    -10.29879
    45.03290     31.48270    -15.08140
    52.15470     38.42500    -10.76880
    33.71013     47.36343    -11.93733
    58.97410     64.07940    -21.15830
    37.90080     44.14793    -23.53972
    37.97776     41.04874    -18.62399
    50.85361     57.08833    -24.81480
    45.19418     37.90767    -13.16749
    27.23190     17.19050    -14.70600
    53.07817     43.63622    -13.26478
    45.85810     52.15090    -21.02200
    36.91859     27.36046    -21.92829
    18.74157     31.20365     -8.44168
    32.47164     24.57895    -10.79437
    43.26188     34.59383     -8.16854
    17.81712     26.31555     -6.96719
    54.54556     50.09014    -12.80235
    42.52719     38.52051    -12.39261
    16.96380     23.96540    -10.14870
    43.10089     41.61084     -9.57255
    26.80230     12.92620     -8.95300
    49.81182     36.94737    -12.34790
    35.33638     49.67762     -6.70093
    40.67801     27.66810     -7.89203
    32.99360     28.94420    -10.75110
    50.19652     43.95853    -10.97802
    32.47613     24.65183    -10.76008
    42.73106     28.62406     -9.96860
    41.83554     29.02369    -14.10223
    15.83380     25.39500     -6.60680
    50.90123     57.12951    -24.73944
    37.74182     32.22385    -12.32750
    33.54093     44.83562    -12.61914
    31.36190     43.78850     -9.54958
    46.52587     38.38269    -14.73136
    34.92616     31.13963    -12.26883
    45.35042     42.84496     -7.55947
    42.68112     37.82074     -7.36888
    38.05447     41.12662    -18.54875
    35.92613     20.84750    -15.59037
    52.17599     52.20889     -7.65175
    20.62090     25.06050    -19.23630
    33.89436     44.86416    -12.19422
    53.08381     43.25396    -13.71228
    33.48922     38.01388    -17.70313
    64.60260     55.96750    -25.49600
    57.34050     47.87176    -16.86793
    26.80272     38.54931    -12.07166
    55.10430     56.03850     -8.77580
    33.73690     26.37197    -20.41349
    21.39361     23.26894    -10.96799
    22.23982     26.11481    -11.92547
    19.10672     27.99692     -7.65062
    19.58646     27.41827    -14.38728
    28.40638     24.91148    -14.29748
    35.23084     32.67451     -7.49643
    25.12850     32.76800    -17.31850
    21.35645     23.28018    -10.88628
    54.56467     46.72141    -13.71608
    49.00437     56.78869    -23.49486
    34.86110     25.91790    -13.95890
    49.30620     64.84760    -26.27330
    30.76026     42.43108     -9.77976
    23.47225     24.31672    -13.51556
    60.42100     50.59010    -20.36510
    51.93819     52.29720     -7.83496
    35.94666     29.30524    -10.33398
    18.71984     25.04934     -8.16080
    52.27451     47.13607    -11.39944
    40.02470     24.98110    -13.12710
    21.30280     23.74137    -10.94471
    49.62948     57.61613    -22.81732
    58.90550     50.36640    -17.29480
    42.43126     37.69106    -11.69405
    24.54703     33.49716    -13.94470
    25.89790     32.00640    -13.19250
    31.33950     24.58480     -7.06100
    59.59169     51.73463    -10.03830
    52.46175     41.30228    -13.73424
    42.09328     37.07724    -11.50740
    42.30876     26.82298     -9.58752
    31.37160     34.32400     -9.00520
    50.19370     62.41980    -26.10540
    40.54080     41.92350    -11.80240
    47.72549     39.46381    -14.84439
    17.58807     26.98908     -6.30406
    30.32849     32.13383    -16.12853
    52.42172     48.06294    -11.43876
    18.75092     31.19805     -8.29012
    51.27582     41.14553    -12.45708
    34.41387     31.16820    -10.51487
    35.57039     46.64112     -9.68806
    34.08419     44.70795    -10.73463
    44.37590     30.46530    -13.50520
    29.37026     20.31389    -12.94260
    43.88982     35.49414    -13.23932
    28.43941     24.95312    -14.18614
    49.83630     62.97820    -21.28470
    59.48722     51.41306     -9.99329
    37.94323     49.38709    -12.34967
    49.42652     44.23410    -11.59653
    41.00810     31.56480    -19.21380
    30.01590     19.60256    -12.84999
    53.84360     45.90294    -13.47688
    18.19474     28.10997     -7.91730
    39.77640     26.12720    -22.34250
    37.56120     24.48320     -6.56660
    40.68862     34.18668    -11.03276
    51.35635     42.02392    -12.50248
    30.33125     32.13389    -16.12841
    45.48086     42.83517     -7.78501
    42.77103     39.51115     -6.49569
    48.85289     42.38434    -10.02726
    39.75149     45.55406    -18.70055
