    43.15081     41.58709     -9.60044
    29.32506     42.15433     -6.00086
    38.98431     36.22406     -8.36550
    39.28629     31.98224     -8.50969
    40.38423     32.69887    -13.52582
    43.15748     41.58357     -9.60385
    55.82150     57.28757     -9.82912
    33.30580     17.84170    -15.31120
    52.00075     41.31764    -13.24195
    40.28172     32.89450    -14.26130
    38.02348     27.05191     -8.34209
    43.75728     36.41264     -8.26791
    42.12933     29.55311     -8.19040
    41.49530     50.84940    -19.94120
    43.05116     41.15399    -13.59076
    51.59977     41.13855    -12.81458
    36.19808     21.13201    -22.24689
    53.06328     43.54608    -13.33417
    31.53904     37.69294    -16.98593
    50.79849     64.61574    -15.10113
    18.67826     28.09227     -7.90659
    47.04366     39.11218    -14.65755
    42.24390     37.43379    -11.61737
    48.93524     42.34886    -14.88843
    40.35476     54.45512    -10.11399
    33.85020     20.85440    -17.85220
    40.21662     54.42561    -10.13806
    18.67122     28.09102     -7.90371
    42.54309     28.77016    -10.26328
    21.75553     22.76802    -10.47617
    38.63378     27.97593    -14.97683
    26.18652     20.91087    -12.36972
    35.47336     36.87208    -14.62915
    35.47336     36.87207    -14.62916
    38.80216     31.66799    -14.21032
    33.56250     46.34881    -10.15532
    42.10964     38.96111    -12.28582
    48.79219     42.35399    -10.04253
    25.80061     21.07242    -12.14829
    53.95355     50.00217    -12.18730
    39.66380     39.17040     -8.58565
    32.09298     22.95458     -8.64840
    33.28722     46.34798    -10.16054
    41.33747     27.24360     -8.59149
    40.71739     27.60826     -8.19573
    47.41716     37.60162    -10.37815
    56.20380     62.35240    -17.98270
    42.07607     39.64930    -10.51521
    28.37070     40.67040    -13.65690
    48.25318     39.84029    -10.68156
    26.60873     38.63802    -12.23711
    34.84297     31.40839    -13.53135
    29.55964     20.10587    -12.90231
    31.20747     43.50077     -9.58661
    49.25757     49.02099     -7.44629
    38.80597     31.66487    -14.21563
    33.58391     20.44286    -12.46723
    34.93250     18.55510     -9.84340
    46.50560     40.92520    -10.37440
    26.11219     20.96714    -12.40006
    39.98381     28.34126     -8.51545
    40.35656     27.96949     -8.25349
    28.66125     22.63819    -11.79769
    44.04019     51.88686    -23.33577
    32.54947     22.56826    -10.30629
    20.20833     23.10237     -9.21667
    49.59680     37.17130     -8.03180
    48.25314     39.84022    -10.68156
    30.86902     30.06064     -7.70441
    43.15084     41.58715     -9.60050
    44.85030     47.70500     -5.77110
    56.59075     65.45931    -22.90299
    43.05096     34.53717    -12.35152
    34.92636     36.01138    -17.26197
    42.30558     30.15430     -8.01201
    42.22237     29.66620     -8.18782
    37.74590     26.71980    -18.65540
    40.57612     32.42139    -12.21430
    52.25270     47.52006    -11.25591
    63.52224     57.30996    -23.67310
    52.02880     46.08759     -9.36434
    41.30010     36.23470    -22.85650
    49.72334     36.81901    -12.26533
    36.56644     25.11726     -9.40106
    42.55080     33.31295    -12.88049
    42.74032     33.99410    -12.38821
    45.97215     43.09227     -7.98320
    35.80414     28.10313    -12.68982
    51.71798     41.32581    -12.93471
    55.15736     50.65101    -13.14908
    32.32551     22.75781     -9.49197
    42.68066     57.25579    -10.30107
    56.17145     65.15969    -22.73321
    56.21458     65.20475    -22.73895
    56.21459     65.20476    -22.73895
    21.01487     23.36986    -10.40617
    35.67138     30.09630    -12.23840
    56.13177     65.13439    -22.71438
    33.58381     20.44274    -12.46743
    33.58375     20.44273    -12.46748
    33.58380     20.44276    -12.46743
    54.02135     50.03343    -12.24307
    50.75259     64.38948    -24.55030
    38.98350     36.22310     -8.36478
    30.06292     36.28193    -13.72237
    45.45240     34.36470     -9.65390
    42.62204     37.95599     -7.29826
    42.55662     28.75331    -10.34042
    38.23504     28.18622    -14.98273
    25.31182     35.12178     -8.41498
    56.31857     65.26417    -22.79357
    18.59509     25.19164     -8.05526
    24.40766     33.42671    -13.91289
    38.38440     27.34415    -12.06543
    55.82150     57.28757     -9.82906
    18.54686     28.03634     -7.80509
    55.82150     57.28758     -9.82905
    55.82150     57.28758     -9.82906
    52.66934     51.56345     -8.99091
    47.70320     45.95270    -14.10210
    40.42981     34.07375    -12.04118
    32.73970     25.93380    -17.92810
    36.31014     47.99531     -9.78765
    33.43740     37.63911    -17.32664
    21.07522     23.37752    -10.48324
    50.78673     44.84838    -10.96277
    20.20834     23.10241     -9.21653
    45.85384     43.05248     -7.93728
    28.44223     24.95425    -14.19310
    33.13092     32.36456     -7.42083
    26.19016     20.90873    -12.36998
    30.09097     41.83975    -10.00586
    51.16306     40.82385    -12.36107
    30.41686     42.21361     -9.88725
    49.17079     36.00369    -11.66287
    32.99928     45.16444    -13.02263
    59.60989     51.79590    -10.04871
    33.58385     20.44281    -12.46737
    31.24767     43.57507     -9.57100
    46.20570     32.72890    -11.25580
    50.82715     45.27892    -10.82361
    52.06114     41.31221    -13.30791
    33.71624     26.37001    -20.41641
    57.78140     45.95380    -19.94950
    58.41295     47.54111    -11.12662
    52.38220     51.95516     -7.95878
    18.67370     24.49300    -17.50850
    42.62208     37.95601     -7.29838
    32.58410     28.10750    -21.45320
    37.71019     32.15079    -12.05847
    34.17950     22.68200    -16.91630
    43.14649     34.40136    -10.80822
    53.04053     51.64128     -8.20074
    31.24982     43.57892     -9.57027
    42.31778     29.09185     -9.07336
    48.45868     45.30937    -17.53175
    33.57207     44.95877    -12.16172
    17.99614     27.73182     -7.33829
    36.56650     25.11745     -9.40105
    36.09120     31.10600    -21.94950
    42.68462     41.83949     -9.36654
    45.58868     42.96354     -7.91811
    51.74304     49.58297    -10.23329
    34.76975     46.39056    -10.09648
    53.51435     55.13656     -8.22001
    41.79650     27.05250     -8.97408
    49.71638     36.80814    -12.25750
    31.24974     43.57909     -9.57038
    33.31830     15.36970    -29.73350
    34.96869     46.47197    -10.05516
    39.94964     33.92957    -11.80297
    49.60128     57.27885    -23.19036
    35.70649     20.43047    -14.81685
    35.70887     20.43447    -14.82555
    39.07137     29.17947     -9.66074
    43.11339     41.60752     -9.58173
    40.11825     27.93045     -7.75865
    38.76475     34.25019    -14.03515
    48.13980     62.62900    -16.83150
    29.56292     43.33139    -14.15170
    42.58405     28.72986    -10.32080
    43.71774     35.34257    -12.76716
    25.43759     22.01987    -13.22248
    58.47891     56.43920     -9.79045
    41.92380     46.97900    -10.85520
    56.69980     52.80560     -9.72560
    42.52071     30.99609     -7.93010
    50.43529     57.23174    -24.29976
    45.58879     42.96341     -7.91829
    20.84319     23.36483    -10.19681
    33.12752     25.33855    -10.26319
    31.17543     36.06573    -12.48365
    42.40005     29.02501     -9.41331
    52.38223     51.95501     -7.95944
    36.71305     34.25586    -12.09360
    40.27004     54.46467    -10.10262
    24.31689     33.39117    -13.89433
    33.42645     37.55758    -17.24834
    20.34157     24.54032    -10.56152
    39.99469     54.29953    -10.24714
    37.87015     49.39343    -12.65926
    35.81491     28.24685    -12.75993
    49.25753     49.02101     -7.44621
    35.47341     36.87213    -14.62919
    25.64144     24.08495    -15.49391
    45.52398     42.98737     -8.27044
    31.90063     45.74896    -14.40898
    19.58384     27.42151    -14.39126
    46.87235     44.28567    -14.99132
    38.83505     31.60545    -14.25040
    23.59260     34.84070    -14.41390
    30.94220     23.06340    -14.43650
    35.40324     49.71488     -6.85563
    47.41692     37.60173    -10.37880
    51.21774     45.33659    -10.75190
    56.29428     65.24842    -22.78235
    33.16640     41.19940     -6.84530
    31.68130     13.26550    -28.55530
    42.33814     32.12714     -7.78117
    36.90690     24.60850    -16.54050
    31.69464     21.49108    -11.81380
    23.20927     37.12850     -9.00636
    47.41721     37.60167    -10.37796
    34.69040     31.21462    -11.78545
    55.90230     62.32160    -24.12560
    26.18649     20.91086    -12.36974
    26.18806     20.90966    -12.36855
    42.50444     28.83205    -10.05005
    40.92388     54.40905    -10.17133
    34.86888     46.45825    -10.05983
    44.10768     35.65927    -12.62584
    26.67570     23.94420    -17.96450
    33.42975     37.58181    -17.27172
    38.10503     29.41364     -9.71841
    30.96467     43.11301     -9.68182
    46.80078     38.90259    -14.63125
    24.40781     33.42672    -13.91293
    42.55852     28.75102    -10.34740
    38.01878     41.09376    -18.58033
    52.24060     47.46746    -11.23024
    33.90419     47.80726    -11.49742
    31.75930     42.68028    -12.74334
    41.17357     36.50573     -8.23343
    17.25333     27.32020     -6.70646
    43.60630     35.20299    -12.67417
    49.62657     36.67219    -12.15672
    49.62639     36.67191    -12.15655
    35.47316     36.87191    -14.62878
    32.12785     45.59570    -14.11887
    35.43482     31.55229    -13.10019
    35.70847     20.43378    -14.82426
    41.96362     31.60793    -14.02350
    46.33920     54.49780     -6.72030
    49.86498     45.50134    -10.56342
    45.51222     39.43842     -6.91739
    41.61432     29.16668    -14.90793
    35.69930     20.41574    -14.78842
    17.54593     26.68134     -7.28860
    60.18335     54.49172    -22.37553
    35.68847     20.29745    -14.77885
    33.28725     46.34796    -10.16021
    27.21540     11.38560     -5.57460
    21.23567     23.28475    -10.59093
    21.18174     23.29126    -10.53565
    45.64746     42.98277     -7.92079
    43.03611     41.64919     -9.54291
    35.68801     20.29617    -14.77727
    31.21323     43.51261     -9.58447
    17.86890     33.31230     -3.54400
    29.24189     34.29551    -12.18483
    34.27820     23.30980    -10.11930
    46.91680     37.05580     -7.52600
    39.32578     53.70231    -10.63756
    50.56140     44.78477    -10.95460
    54.02370     50.03427    -12.24542
    34.43110     43.09450    -20.58980
    22.21925     26.08284    -11.90161
    27.02363     38.65782    -12.06738
    20.52049     23.25979     -9.73071
    36.54914     25.11686     -9.18865
    27.33004     38.75898    -12.05339
    36.54908     25.11672     -9.18870
    29.56494     43.33602    -14.14285
    41.77206     31.26077    -14.18679
    33.19568     46.35914    -10.17164
    35.70643     20.43031    -14.81728
    42.10857     39.35631    -11.23157
    39.99283     54.29847    -10.24926
    58.41295     47.54109    -11.12658
    20.78460     29.74560     -9.72620
    43.24610     44.68840    -18.05850
    56.67740     60.55160     -9.56270
    42.46276     32.85767    -13.25704
    51.34023     41.02254    -12.53948
    40.51190     34.20559    -11.66888
    23.84950     21.80500    -18.29680
    50.28845     44.26658    -11.08665
    33.13096     32.36461     -7.42086
    35.70673     20.43066    -14.81809
    36.88702     27.33765    -21.91533
    35.10950     46.59321    -10.02228
    36.54949     25.11850     -9.18927
    41.23039     27.30073     -8.50330
    42.15268     32.43909     -7.70069
    31.18025     34.21661    -15.39420
    42.24404     37.43396    -11.61739
    54.26474     50.16494    -12.43746
    26.22798     20.88281    -12.36646
    49.47780     46.84670     -7.65100
    31.31773     30.96809    -11.87023
    26.18650     20.91085    -12.36978
    53.20065     51.56192     -8.25958
    45.52435     42.98720     -8.26795
    28.44211     24.95413    -14.19343
    37.08392     30.71459    -18.53323
    33.48407     25.82478    -10.01994
    31.07402     37.73104    -23.41485
    18.78993     31.10481     -8.58325
    40.54860     38.45990    -19.46670
    26.87580     38.59246    -12.10428
    36.88684     27.33760    -21.91527
    51.53943     41.23779    -12.74498
    29.38653     42.18405     -5.98501
    48.93534     42.34885    -14.88822
    41.60251     29.17273    -14.95261
    23.20930     37.12851     -9.00616
    45.26318     46.33174    -26.61548
    40.08796     31.60534     -8.40902
    54.38024     46.50144    -13.65129
    42.54563     28.76783    -10.27595
    59.61009     51.79647    -10.04887
    26.18649     20.91085    -12.36983
    36.71823     29.49678     -9.97689
    33.70300     47.35665    -12.13545
    43.90385     35.57969    -12.86932
    49.62638     36.67192    -12.15651
    26.18695     20.91051    -12.36960
    52.05830     52.08280    -12.49850
    45.92923     43.07824     -7.94564
    52.20146     52.02951     -7.90826
    52.18571     52.05528     -7.83554
    42.62205     37.95600     -7.29841
    51.49720     51.13391     -7.98748
    41.37620     26.79190    -13.86710
    52.18106     52.05729     -7.83338
    42.62206     37.95600     -7.29842
    45.47530     58.13070    -13.98000
    51.25478     40.92150    -12.45221
    39.66380     39.17040     -8.58565
    50.75263     64.38947    -24.55047
    45.68870     59.75300     -9.77230
    23.20925     37.12849     -9.00636
    33.48497     25.82748    -10.01960
    43.05124     41.15401    -13.59074
    48.93469     42.34929    -14.88885
    40.77322     27.55024     -8.17450
    50.35910     43.86988    -11.05769
    46.53930     48.89540    -29.01360
    51.22543     38.93520    -13.14366
    42.41789     28.97969     -9.52563
    34.62233     31.16180    -11.27091
    34.55691     46.47856    -10.17822
    41.57947     54.27085    -10.33181
    41.65182     25.08311    -11.14430
    26.76010     18.81160     -7.32450
    36.43232     29.49457    -10.34056
    57.33245     47.87366    -16.86357
    33.71624     26.37002    -20.41648
    39.80080     27.44242     -6.59640
    29.14652     27.27123    -12.61266
    23.16200     23.50953    -13.13101
    17.73640     26.26753     -7.70009
    48.79230     42.35430    -10.04241
    42.24643     37.46111    -11.63319
    51.87999     51.77250     -7.87564
    34.65847     31.17483    -11.42573
    25.31182     35.12177     -8.41477
    27.09432     38.68337    -12.05903
    32.80164     24.92550    -10.49861
    54.86480     59.73460     -8.00220
    29.55924     20.10636    -12.90233
    51.17916     40.83953    -12.37698
    29.32620     42.15485     -6.00041
    59.60967     51.79535    -10.04845
    51.44555     41.87117    -12.61674
    52.16936     51.98888     -7.91168
    52.14108     52.09851     -7.80044
    42.62206     37.95617     -7.29826
    31.99259     26.68898    -11.35171
    41.06950     48.15990    -22.65070
    52.18618     52.05504     -7.83567
    52.18715     52.05469     -7.83582
    26.96286     38.63600    -12.07441
    56.15560     63.33370    -20.96360
    43.85837     35.51605    -12.85971
    32.05591     42.68076    -12.46848
    45.90211     59.31937    -16.49405
    41.03145     29.97772     -6.84357
    28.72240     33.36090    -21.77620
    33.86321     47.72275    -11.61419
    20.85527     23.31821    -10.17256
    26.77680     26.24690     -8.44700
    39.05680     53.42602    -10.65859
    39.10160     32.04120     -8.48494
    37.87008     49.39346    -12.65953
    54.61300     43.71910    -15.58420
    35.70910     35.27803     -7.74762
    48.75988     48.23655    -15.20268
    35.47338     36.87213    -14.62918
    28.47749     39.16686    -11.93266
    36.19812     21.13199    -22.24691
    52.11048     52.05728     -7.82547
    42.09294     29.42518     -8.23966
    51.56901     41.24012    -12.77712
    42.28169     32.12955    -13.99556
    56.68949     65.46349    -22.99789
    29.98150     19.03190    -22.11260
    39.93560     36.78020    -12.50270
    26.79455     38.52778    -11.51642
    41.74059     54.22945    -10.38144
    35.80422     28.10368    -12.69309
    35.70871     20.43419    -14.82501
    29.55908     20.10655    -12.90228
    42.68207     57.25742    -10.30129
    20.13768     23.05027     -9.08510
    35.62794     20.01356    -14.57753
    23.51745     35.51857    -11.54682
    42.50813     28.70171    -11.32198
    58.48124     56.43866     -9.79325
    23.52800     19.46980    -17.71530
    40.74412     38.16369     -9.67065
    53.06322     43.54605    -13.33407
    20.64611     23.53109    -10.10899
    48.75985     48.23652    -15.20256
    36.60264     29.45322    -10.11950
    47.26575     45.29466     -8.81450
    33.71616     26.37003    -20.41643
    49.86462     45.50182    -10.56329
    31.87280     20.59970    -17.55220
    41.84140     25.26080    -20.14920
    44.04021     51.88684    -23.33563
    33.36837     37.12029    -16.83092
    42.19321     29.32413     -8.45625
    18.85182     30.99794     -8.71517
    19.99033     22.80690     -8.67094
    23.85310     18.00990    -15.17350
    42.31015     29.28538     -8.87083
    28.66132     22.63827    -11.79745
    50.99251     45.02522    -10.93822
    29.56021     43.32665    -14.16227
    50.10126     44.41969    -11.31391
    17.20282     27.26681     -6.60427
    53.51454     55.13693     -8.22023
    53.51448     55.13674     -8.22008
    22.60497     21.19554    -10.39495
    38.25330     32.03921    -20.05539
    40.88004     53.04405    -11.06636
    36.58694     29.50048    -10.00641
    38.02352     27.05189     -8.34201
    28.62476     39.31618    -11.68295
    52.23636     41.31545    -13.49977
    26.18822     20.90957    -12.36888
    37.08388     30.71461    -18.53327
    26.18653     20.91084    -12.36977
    31.91625     42.68046    -12.59820
    45.03258     40.63329    -13.12473
    45.26321     46.33177    -26.61550
    43.47674     56.01878    -13.75451
    34.97370     17.34560     -5.57550
    33.59301     45.01739    -12.26549
    24.61870     19.79740    -14.35230
    35.91333     29.49022    -13.37000
    43.75708     36.41267     -8.26789
    20.85523     23.31826    -10.17261
    31.99049     26.68808    -11.35378
    46.87279     43.39749     -8.02469
    36.54909     25.11634     -9.18866
    36.54907     25.11635     -9.18868
    30.86908     30.06066     -7.70439
    20.78430     28.26350     -8.84910
    52.09566     51.96971     -7.92637
    35.72066     20.47347    -14.86696
    31.24854     43.57672     -9.57076
    21.23352     23.28526    -10.58872
    55.73524     56.28139    -14.59053
    55.73523     56.28143    -14.59055
    53.51485     55.13758     -8.22054
    39.27078     31.98789     -8.50639
    35.83696     20.15039    -17.27480
    57.33239     47.87368    -16.86355
    35.84176     28.01424    -12.68204
    29.33955     20.36249    -12.91009
    54.20534     53.17062    -11.72899
    27.50249     26.71569    -23.59695
    39.46377     31.89802     -8.48368
    27.50251     26.71571    -23.59695
    48.79185     42.35480    -10.04187
    39.88480     44.21870    -21.71450
    55.73524     56.28145    -14.59056
    42.24398     37.43388    -11.61745
    26.14032     20.92208    -12.42084
    36.89747     29.45973     -9.99617
    17.47130     26.22080    -16.68800
    42.90784     34.35148    -12.13376
    42.90654     34.35062    -12.13194
    23.20929     37.12850     -9.00650
    53.13556     51.64538     -8.17261
    37.91520     46.93580    -17.84970
    48.35796     49.93452    -11.78560
    50.30807     44.39230    -11.13668
    22.60504     21.19558    -10.39500
    43.08542     41.62254     -9.56763
    54.27188     46.38180    -13.61607
    20.77247     23.72362    -10.41786
    48.72257     35.34083    -11.16803
    21.11281     23.40260    -10.56627
    17.19819     27.48817     -6.79016
    35.66282     20.20716    -14.67385
    23.57815     35.57313    -11.55110
    38.69866     31.87541    -14.09276
    30.22980     15.70690    -15.74770
    42.70804     28.64808    -10.32854
    35.72161     20.47523    -14.87043
    35.16500     31.33740    -20.25100
    21.86010     30.31000    -12.24100
    48.76539     35.40881    -11.22495
    54.02588     50.03473    -12.24733
    45.79350     49.08670    -22.09160
    46.87279     43.39751     -8.02473
    31.39167     43.76492     -9.49685
    35.23472     32.67681     -7.50470
    23.25135     35.43441    -11.31111
    29.56221     43.33049    -14.15414
    42.68277     57.25816    -10.30117
    40.30490     24.11620     -6.60510
    46.87254     44.28559    -14.99072
    59.61047     51.79741    -10.04927
    52.11960     46.99058    -10.91600
    42.10060     38.85484    -12.58495
    50.22931     44.30670    -11.16444
    38.30370     23.94830     -8.91820
    51.75798     49.56432    -10.26027
    35.73129     20.44762    -15.07332
    32.82415     45.18041    -13.22030
    33.43352     25.75353    -10.05363
    31.07407     37.73107    -23.41495
    31.98994     26.68783    -11.35444
    41.31760     52.31690    -14.82860
    40.60076     38.02283     -9.56547
    54.02489     50.03448    -12.24651
    50.02000     57.35151    -23.48410
    17.97377     25.96547     -7.80679
    51.97980     66.01210    -13.33990
    18.59839     25.18752     -8.05726
    31.71903     42.68008    -12.78092
    28.06177     39.02200    -11.97435
    50.79851     64.61576    -15.10097
    52.34132     59.66543    -23.63575
    56.17144     65.15969    -22.73309
    40.54275     32.49427    -12.24481
    45.19671     37.90309    -13.15867
    26.00889     37.98105     -8.22942
    41.41570     53.02850     -7.48610
    45.56780     26.47630    -13.16380
    39.40110     40.90210     -9.53460
    30.33820     37.81790    -19.32930
    32.82340     36.71140     -9.76700
    40.40264     54.52763    -10.03319
    42.34096     30.29318     -7.99098
    38.72459     29.29824     -9.75017
    45.54625     42.99760     -8.34262
    48.79187     42.35499    -10.04182
    47.19905     45.27785     -8.81205
    26.18706     20.91049    -12.36971
    41.65178     25.08309    -11.14440
    29.93538     36.20074    -14.04334
    32.49580     22.61383    -10.10920
    48.79162     42.35505    -10.04160
    22.21921     26.08274    -11.90163
    33.42015     37.51101    -17.20351
    30.66160     41.06190    -14.08760
    37.81780     32.79150     -8.25670
    18.78991     31.10484     -8.58337
    31.07401     37.73109    -23.41490
    40.80899     27.02548     -8.14788
    44.04978     35.73951    -12.77683
    42.09839     29.62740     -8.05808
    42.14732     29.51570     -8.26952
    17.36129     27.38270     -6.79650
    18.85382     23.69515     -6.19587
    26.91330     38.60617    -12.09850
    35.47325     36.87190    -14.62888
    45.43317     37.06990     -9.16787
    46.68039     43.33019     -8.00542
    59.60989     51.79577    -10.04876
    39.39615     31.92988     -8.49243
    31.38195     43.75251     -9.50200
    18.85388     23.69515     -6.19583
    23.15820     21.42410     -5.53430
    31.14409     43.39418     -9.61143
    50.58494     44.61189    -11.01294
    51.28775     45.35199    -10.86674
    23.59760     29.32030    -13.29600
    42.97081     34.42264    -12.20385
    48.79145     42.35520    -10.04155
    34.92637     36.01136    -17.26192
    24.86780     14.60160     -8.73950
    41.77210     31.26066    -14.18669
    51.58274     58.18759    -19.00193
    41.62231     29.16231    -14.87806
    35.72825     20.43933    -15.05702
    23.24872     23.73904    -13.23563
    33.43351     25.75354    -10.05363
    29.57350     28.33810    -19.65320
    48.93525     42.34872    -14.88855
    39.60395     53.96318    -10.47747
    49.79440     54.26780    -26.21010
    51.73743     49.58970    -10.22280
    51.74249     49.58333    -10.23226
    51.74021     49.58602    -10.22817
    43.42306     34.36962     -8.66509
    64.62510     57.33450    -26.74960
    41.61464     29.16686    -14.90720
    40.36616     32.75616    -13.64134
    37.48920     37.95930    -10.00680
    30.24730      9.53290    -16.80930
    41.33342     27.24440     -8.58778
    42.77177     39.52502     -6.50108
    35.72161     20.47523    -14.87043
    44.34832     33.19730    -15.57259
    41.15710     25.76320    -17.02690
    31.17542     34.21616    -15.38499
    30.33192     32.13279    -16.13089
    56.27390     53.54740    -12.86100
    33.54895     47.07162    -12.67283
    16.49600     29.29630    -16.03870
    42.89634     34.26117    -12.00708
    54.18189     46.28251    -13.58675
    47.26103     39.28887    -14.68555
    33.43351     25.75362    -10.05364
    52.18104     52.05735     -7.83301
    40.46603     33.69718    -11.77334
    53.51454     55.13693     -8.22014
    29.76309     35.88025    -14.90715
    33.43341     25.75380    -10.05382
    56.29778     65.24982    -22.78454
    48.35799     49.93444    -11.78559
    47.47735     34.54579     -8.64551
    40.12900     23.35350    -20.44900
    23.16206     23.50954    -13.13094
    25.35550     39.39550    -15.87860
    23.50138     24.43015    -13.55518
    30.19360     15.51390    -22.92640
    28.38260     18.26430    -13.36990
    37.71174     21.22871    -17.09985
    20.36284     23.21302     -9.49879
    47.48047     34.54804     -8.62778
    26.83101     38.57456    -12.10918
    52.43970     64.98020    -23.98260
    31.77578     42.68012    -12.72840
    41.98760     42.60780    -23.76900
    45.03261     40.63331    -13.12460
    26.00918     37.98135     -8.22974
    45.03258     40.63331    -13.12463
    33.42941     37.57956    -17.26962
    45.03790     49.15630    -27.34960
    34.83851     31.41015    -13.54203
    41.73161     31.16426    -14.26737
    26.18840     20.90948    -12.36891
    31.34899     43.70417     -9.51802
    30.33189     32.13281    -16.13087
    40.92580     27.62060    -20.48360
    42.62224     37.95733     -7.29807
    37.77550     45.24520    -21.96600
    37.74650     30.73250    -21.58330
    49.60162     57.35538    -22.91335
    42.88980     26.81090    -14.48280
    52.23424     47.42685    -11.21744
    31.70094     35.87757    -15.40089
    31.70095     35.87757    -15.40087
    35.47355     36.87223    -14.62955
    43.47676     56.01872    -13.75459
    42.62188     37.95609     -7.29808
    45.29831     35.90161    -10.91972
    40.28160     32.89369    -14.26132
    42.62199     37.95592     -7.29816
    42.56967     28.72843    -10.47007
    37.71024     32.15343    -12.06282
    42.86687     34.25427    -12.19490
    46.61505     46.32646     -6.55380
    47.41720     37.60167    -10.37796
    40.26275     32.90973    -14.45679
    40.31062     32.85674    -14.12955
    50.29570     44.26433    -11.07907
    32.02910     31.05970     -8.60630
    31.18030     34.21662    -15.39425
    34.51110     24.52160    -19.07710
    53.06313     43.54730    -13.33258
    45.21323     42.84736     -7.30501
    55.23120     49.96620     -3.99030
    32.64304     26.60798     -7.40334
    38.80628     31.66673    -14.21465
    35.46990     18.70781    -14.30410
    48.35785     49.93457    -11.78583
    39.93862     54.24783    -10.27011
    35.72425     27.97998    -12.85509
    48.35791     49.93453    -11.78574
    33.38660     39.33160    -21.26650
    48.73470     61.40290    -11.50270
    35.98428     29.80597    -11.39181
    18.78993     31.10480     -8.58318
    43.42313     34.36926     -8.66495
    49.86594     45.50139    -10.56371
    41.59838     27.09106     -8.80042
    45.90209     59.31933    -16.49405
    27.69900     39.58950     -6.07220
    54.24837     46.35587    -13.60839
    35.87584     28.87475    -18.12333
    34.33805     31.23015    -10.40970
    28.71481     37.94025    -15.10987
    41.17353     36.50567     -8.23347
    33.44122     37.66715    -17.35364
    37.87003     49.39344    -12.65979
    36.14400     37.72220     -9.44070
    16.01460     27.88150    -21.06910
    30.77680     27.94290    -10.40010
    40.56998     34.32089    -11.72513
    40.11808     27.93065     -7.75854
    17.83278     26.25032     -7.01943
    49.72671     57.60543    -22.26751
    42.07603     39.64933    -10.51525
    40.88006     53.04405    -11.06624
    35.72342     20.42422    -15.03432
    25.52350     14.22830    -15.46170
    23.25280     28.10120     -9.25690
    31.44481     42.68132    -13.03164
    48.52614     35.19703    -11.11911
    32.99440     14.82930    -12.25890
    40.48924     34.70878    -12.38327
    50.34889     44.33019    -11.06613
    41.44500     25.02200     -7.22820
    35.72055     20.47355    -14.86642
    41.89600     44.71240    -16.53980
    40.52721     32.80788    -12.16739
    34.89551     46.53334    -10.19518
    46.87274     44.28552    -14.99015
    47.11918     39.16883    -14.66920
    25.98960     37.97939     -8.17942
    35.47341     36.87218    -14.62926
    29.33249     34.22586    -12.27496
    50.13047     44.19278    -11.22044
    47.03619     43.45596     -8.05383
    38.50320     28.04445    -14.97936
    37.53750     35.57940    -10.89980
    34.92637     36.01136    -17.26192
    43.16628     34.67394    -12.33480
    37.71050     32.15011    -12.05835
    43.03827     34.48536    -12.12522
    39.75000     45.54628    -18.71956
    24.52613     33.47284    -13.93693
    26.79255     38.55799    -12.11424
    52.46367     51.92127     -7.99942
    22.64780     24.30780     -8.40420
    43.42082     34.36929     -8.67851
    52.34364     52.46430     -7.46641
    48.79181     42.35486    -10.04186
    34.04570     44.77610    -10.96350
    55.30622     50.75662    -13.25219
    39.28522     31.98206     -8.50616
    20.84940     19.39410    -12.48970
    37.12710     19.25490    -13.25670
    39.21400     32.01190     -8.50879
    21.15497     23.33339    -10.53931
    39.41130     29.35850    -24.47000
    29.23350     19.06460    -10.50650
    43.41755     34.36943     -8.70081
    51.54427     41.50226    -12.73874
    43.76599     35.39758    -12.87225
    40.29487     54.53866    -10.02402
    30.85250     26.72530     -8.67040
    40.36180     27.79710     -7.89575
    39.39536     53.77477    -10.63872
    40.23834     34.19339    -13.67543
    20.34128     24.53517    -10.55797
    42.11149     29.58999     -8.11460
    35.78170     20.59733    -15.12351
    35.71592     20.45865    -14.84969
    48.35889     49.93337    -11.78376
    43.94640     28.53020    -14.08800
    28.36492     39.12721    -11.94342
    53.22203     51.55158     -8.26664
    23.28171     23.81890    -13.26712
    44.34838     33.19730    -15.57251
    53.29760     56.71430    -24.11930
    47.55191     39.48937    -14.73763
    41.61523     29.16636    -14.90484
    42.07603     39.64926    -10.51517
    52.43778     51.89924     -8.01063
    49.85750     46.81460    -14.13820
    26.19045     20.90774    -12.36760
    36.29595     29.62187    -10.78639
    52.17710     64.52120    -13.20430
    63.63890     59.54110    -21.47440
    43.87240     46.62340    -23.87660
    28.52952     38.89299    -12.64112
    41.61730     29.16627    -14.89718
    33.83351     47.57827    -11.75323
    52.16943     47.24364    -11.16518
    35.87185     28.87596    -18.11916
    50.21050     49.60490    -15.33280
    38.01876     41.09378    -18.58037
    36.89747     29.45971     -9.99620
    35.50414     30.32549    -12.33948
    49.22880     39.52600    -14.66970
    36.54912     25.11703     -9.18873
    35.61700     30.12704    -12.39441
    42.00822     38.82796    -12.84322
    18.08720     28.36950    -18.64750
    52.28443     47.64823    -11.29162
    48.76527     35.40887    -11.22519
    39.76564     29.14674    -10.16781
    48.35777     49.93471    -11.78603
    27.08179     38.67875    -12.06098
    58.47670     56.43971     -9.78763
    26.91316     38.60621    -12.09896
    59.59970     51.27030    -15.21760
    36.63240     51.07660     -5.95940
    42.19900     29.30818     -8.48386
    17.29601     27.22063     -6.78426
    32.49580     22.61385    -10.10934
    35.23584     32.67536     -7.50538
    38.44290     46.34840    -21.20660
    39.94974     34.16369    -12.83627
    23.20926     37.12852     -9.00634
    39.74875     33.19097    -18.13137
    35.21890     16.95400    -12.52680
    38.51823     28.03666    -14.97892
    48.95334     35.68334    -11.42765
    38.27440     28.36460    -17.94510
    33.90460     29.79770    -20.04260
    22.95261     35.02695    -11.48770
    35.04018     30.94552    -12.22011
    58.42275     48.84952     -9.99167
    51.57845     45.79436    -10.66740
    42.54314     31.60571     -7.88102
    22.99318     23.12092    -12.99261
    33.11904     46.37613    -10.20823
    41.98709     26.96736     -9.15134
    37.69954     32.13975    -12.01447
    40.08796     31.60533     -8.40903
    42.72104     31.97780    -15.79502
    41.74056     54.22949    -10.38148
    40.60200     44.28370    -25.14600
    43.42340     34.36873     -8.66524
    32.64306     26.60802     -7.40326
    42.40093     32.46669    -13.58155
    43.91883     35.59995    -12.86682
    24.71896     36.05755    -12.38715
    42.01205     26.95796     -9.17567
    33.47704     25.83245    -10.02743
    29.55741     20.10846    -12.90249
    33.42966     37.58145    -17.27130
    28.89630     24.24160    -22.32350
    48.74770     35.34647    -11.15923
    42.49230     33.01559    -13.13091
    26.18651     20.91085    -12.36972
    29.93545     36.20087    -14.04318
    55.73525     56.28143    -14.59062
    23.20928     37.12848     -9.00639
    32.69679     24.79580    -10.57611
    47.11350     57.17400    -19.60400
    36.31189     47.99819     -9.78718
    16.29530     25.38540    -13.04020
    52.34128     59.66547    -23.63565
    15.02940     27.49722    -12.69389
    40.55540     34.05088    -11.66548
    52.18419     52.05602     -7.83455
    54.30059     46.41368    -13.62525
    34.09500     14.30000     -5.67740
    37.33940     29.20870    -21.84140
    35.31170     42.41710    -24.22580
    40.49060     32.73401    -12.44221
    30.12750     13.82510    -22.58130
    49.67449     57.54272    -22.41965
    60.42956     54.52649    -23.02130
    52.17110     48.81070     -7.24050
    22.60499     21.19558    -10.39505
    45.43380     37.07038     -9.16865
    51.68827     41.29738    -12.90380
    40.40268     34.23128    -15.16339
    21.87920     21.46820    -19.03910
    45.26321     46.33178    -26.61552
    50.96330     47.55530     -7.77730
    25.71450     39.31980     -9.21900
    44.92470     31.47050    -10.29290
    35.46990     18.70771    -14.30418
    50.75255     64.38952    -24.55022
    46.61505     46.32644     -6.55380
    43.92690     43.35860    -25.81570
    42.54183     31.68544     -7.87678
    58.47914     56.43915     -9.79072
    48.79158     42.35519    -10.04142
    28.47165     39.16399    -11.93487
    50.68391     59.11994    -23.82778
    29.59288     20.06726    -12.90086
    45.51230     39.43857     -6.91732
    51.37369     41.07031    -12.57343
    48.79176     42.35492    -10.04185
    48.79176     42.35487    -10.04180
    36.54910     25.11672     -9.18863
    41.61112     29.16844    -14.92015
    25.42043     22.13328    -13.29184
    29.28504     42.13480     -6.01032
    42.50596     28.70241    -11.33364
    42.62204     37.95598     -7.29888
    49.69137     36.76969    -12.22917
    40.30066     34.49259    -12.80578
    55.58560     48.26350    -15.06370
    33.21767     25.47235    -10.20650
    38.25328     32.03861    -20.05487
    24.71883     36.05746    -12.38703
    36.51050     41.11700    -17.67680
    27.37580     19.40650    -13.56040
    43.61260     47.63450    -22.50900
    51.01593     45.11937    -10.91399
    57.58050     64.72880    -20.73380
    20.34126     24.53538    -10.55821
    37.53560     29.43740     -9.80556
    20.34318     24.52356    -10.55135
    30.07672     36.21934    -13.80097
    27.60050     32.67590    -17.18070
    48.79169     42.35500    -10.04173
    35.84184     28.01415    -12.68221
    47.62420     47.50910    -26.54980
    40.54758     32.56944    -12.17039
    32.31655     45.48578    -13.88141
    17.71168     26.34666     -7.61251
    45.03253     40.63327    -13.12464
    36.39663     48.10772     -9.77030
    38.25339     32.03922    -20.05544
    32.20810     44.65016     -9.02090
    42.06334     39.71550    -10.36283
    25.98905     21.11847    -12.56022
    31.31777     30.96811    -11.87027
    36.69930     22.92220     -7.11420
    54.39715     46.51996    -13.65700
    32.50139     45.37247    -13.64305
    35.81495     28.24685    -12.75994
    48.25309     39.84009    -10.68157
    48.25313     39.84020    -10.68158
    35.73070     29.95389    -12.43131
    45.81940     50.76700     -8.41320
    42.53554     28.78686    -10.21353
    40.22252     33.31802    -14.40927
    21.14158     23.40856    -10.60562
    40.82005     27.52791     -8.21017
    45.03251     40.63326    -13.12472
    37.71014     32.15136    -12.05944
    36.73988     25.12481    -11.52408
    49.71470     61.23100    -21.37650
    26.01846     38.07001    -12.54245
    33.42949     37.58001    -17.26998
    27.51065     38.82432    -12.01681
    28.87638     34.65548    -11.88855
    40.11859     33.06997    -15.53747
    35.23647     32.67451     -7.50581
    35.70779     20.43277    -14.82228
    30.12240     27.94340     -5.97000
    31.98459     23.04565     -8.25757
    29.14658     27.27127    -12.61264
    35.83699     20.15039    -17.27490
    34.06720     18.10510    -11.82880
    53.06324     43.54587    -13.33432
    15.02944     27.49730    -12.69381
    29.34630     34.09468    -12.18788
    31.69464     21.49103    -11.81389
    28.66126     22.63824    -11.79753
    36.71305     34.25584    -12.09360
    51.13710     45.26195    -10.88967
    34.03598     45.00499    -11.86048
    38.98340     36.22279     -8.36465
    29.93541     36.20078    -14.04342
    31.69463     21.49109    -11.81381
    31.70091     35.87756    -15.40094
    25.12880     21.16947    -13.53880
    29.23648     34.30112    -12.18072
    28.01250     36.51400    -17.31020
    25.20184     39.18464    -13.13574
    52.46231     41.30196    -13.75591
    46.68704     32.79867     -6.87199
    46.68702     32.79866     -6.87200
    46.68704     32.79866     -6.87200
    25.99910     37.98012     -8.20413
    46.00440     61.43460    -21.12490
    53.12729     51.64930     -8.17050
    29.56200     43.33016    -14.15494
    36.39661     48.10778     -9.76994
    47.47682     34.54590     -8.64952
    50.26723     44.17655    -11.07668
    18.17360     26.44880    -13.23670
    35.40303     49.71476     -6.85515
    53.06326     43.54623    -13.33386
    53.51462     55.13705     -8.22026
    54.06240     50.05168    -12.27844
    36.11270     45.26220    -17.48320
    45.10117     43.14395    -10.57138
    17.78069     26.07853     -8.25426
    45.10149     43.14380    -10.57090
    29.93539     36.20072    -14.04344
    37.71222     32.15196    -12.06505
    35.84185     28.01429    -12.68140
    42.59248     28.70730    -10.50863
    27.78770     28.79800    -19.31580
    54.20536     53.17058    -11.72901
    33.41670     41.00530    -19.54690
    48.68362     35.30848    -11.14683
    35.70902     35.27864     -7.74705
    51.74720     41.22482    -12.97040
    26.91309     38.60609    -12.09842
    23.34201     23.98051    -13.34274
    35.15930     33.41870    -13.77510
    29.93543     36.20075    -14.04337
    39.22560     43.62550    -27.10760
    45.43357     37.07017     -9.16827
    42.68231     57.25784    -10.30169
    58.27590     48.50580    -21.62960
    15.02946     27.49735    -12.69384
    46.39188     43.22993     -7.96861
    31.18041     34.21660    -15.39458
    50.31981     44.58315    -11.05301
    42.05585     32.58230     -7.66009
    34.86656     46.36002    -10.05710
    42.11260     29.39658     -8.31434
    31.67355     42.68002    -12.82291
    42.73881     33.98387    -12.39658
    35.70989     20.43683    -14.82878
    35.84182     28.01421    -12.68209
    35.47330     36.87207    -14.62912
    45.42410     53.69910    -18.28400
    34.39063     31.21750    -10.57358
    36.18210     27.21784    -12.59433
    34.23364     46.90479    -11.22053
    52.23226     47.42068    -11.21570
    35.54890     23.84040    -10.64570
    23.15178     35.29150    -11.38001
    22.21922     26.08283    -11.90169
    43.11687     34.58770    -12.34646
    25.31183     35.12174     -8.41514
    33.43352     25.75350    -10.05336
    60.10613     54.48083    -22.17294
    60.17843     54.49104    -22.36258
    42.49925     28.83813    -10.02369
    42.50025     28.83776    -10.02754
    42.76576     34.08173    -12.32450
    18.48038     23.89163    -14.04008
    20.10430     22.30070    -18.06400
    31.53906     37.69296    -16.98607
    42.60648     34.56911    -12.31311
    37.71176     21.22869    -17.09985
    23.20713     23.62576    -13.18256
    51.21334     45.33247    -10.75306
    28.64008     39.33163    -11.65798
    32.65368     45.30451    -13.44410
    32.78923     45.26036    -13.28432
    33.43629     37.63129    -17.31896
    33.98590     27.81760    -10.62090
    35.10019     46.58416    -10.02626
    23.98760     27.03520    -18.04650
    23.15428     35.29511    -11.37856
    50.23743     44.20205    -11.10048
    37.71055     32.14917    -12.05676
    43.38771     34.37283     -8.92275
    42.49960     28.83808    -10.02507
    52.07149     51.99831     -7.83467
    43.55830     40.48090     -4.81850
    17.59669     26.19663     -8.68465
    43.85847     35.51551    -12.86013
    33.95774     47.95294    -11.33096
    26.01900     21.08728    -12.53787
    23.20926     37.12849     -9.00644
    29.93537     36.20067    -14.04367
    36.58612     29.80260     -8.55628
    26.60268     20.76690    -12.39468
    23.05981     35.43255    -11.05583
    33.57246     25.80107     -9.89033
    47.47759     34.54686     -8.64642
    34.60750     38.02690    -21.63930
    18.85180     30.99798     -8.71526
    43.01775     34.44800    -12.20691
    63.52226     57.30994    -23.67300
    37.89980     44.14494    -23.53815
    29.32588     42.15467     -6.00020
    54.95650     45.64500     -8.92050
    39.62480     31.82815     -8.47484
    47.41713     37.60168    -10.37817
    33.13092     32.36463     -7.42091
    29.93537     36.20076    -14.04349
    35.09180     33.91190    -18.83450
    27.27047     38.74978    -12.03051
    47.47764     34.54636     -8.64469
    38.81100     22.74720    -10.33140
    37.71034     32.15041    -12.05835
    40.72070     32.42403    -12.52870
    48.03750     49.49930    -22.54640
    38.61820     27.98399    -14.97742
    40.43183     34.06114    -12.01096
    36.88696     27.33766    -21.91534
    19.34661     30.14340     -9.77006
    34.69810     33.59550    -16.31990
    35.71969     20.41421    -15.01774
    50.51449     44.59567    -11.07167
    42.86684     34.25467    -12.19499
    31.75954     42.68027    -12.74309
    35.00689     31.29693    -12.90737
    50.09799     44.47783    -11.09824
    33.92980     45.01366    -11.81249
    32.04260     44.71850     -5.76230
    32.26410     14.60940     -8.98340
    49.64488     44.38628    -11.80868
    47.47432     34.54579     -8.66880
    56.29712     65.24949    -22.78430
    53.63532     51.09050     -8.73492
    36.39664     48.10772     -9.77013
    25.46950     21.68779    -13.06175
    33.89944     44.99784    -12.01003
    48.45872     45.30943    -17.53185
    27.16220     41.81880     -6.56650
    40.61367     34.50697    -11.73924
    45.49896     42.93612     -7.91898
    18.78994     31.10488     -8.58312
    22.76698     34.72145    -11.67520
    36.79010     29.49340     -9.96123
    18.62237     28.07643     -7.87322
    25.20173     39.18463    -13.13574
    26.14054     20.92207    -12.42060
    35.90549     47.49833     -9.86581
    48.76527     35.40883    -11.22518
    40.76350     38.18373     -9.68230
    23.17325     35.32565    -11.36042
    35.70922     35.27694     -7.74869
    28.71477     37.94029    -15.10978
    35.86965     28.87662    -18.11685
    38.38286     27.34594    -12.06441
    18.48042     23.89157    -14.04002
    22.09320     20.36050    -13.91980
    50.86240     63.58390    -10.17290
    42.68981     28.65661    -10.34864
    29.20624     34.31584    -12.14381
    36.54906     25.11602     -9.18873
    26.34712     20.83397    -12.36196
    58.42277     48.84954     -9.99179
    45.51231     39.43865     -6.91729
    39.32370     35.12960    -22.01330
    25.64146     24.08495    -15.49379
    47.19887     45.27781     -8.81207
    34.02740     43.03405    -17.38533
    23.89290     30.19230    -17.38090
    31.24852     43.57679     -9.57080
    47.11408     39.16400    -14.66886
    55.73524     56.28140    -14.59054
    60.03121     54.47043    -21.97613
    58.42278     48.84954     -9.99174
    56.40812     65.47824    -22.70501
    51.22543     38.93519    -13.14368
    43.75709     36.41269     -8.26794
    41.24120     51.32250    -16.82890
    40.14180     50.56540    -15.18710
    46.31780     59.10500    -13.12020
    20.60188     23.50664    -10.03337
    20.49244     23.31260     -9.74017
    37.87009     49.39343    -12.65936
    48.93561     42.34847    -14.88821
    26.95927     38.63250    -12.05600
    29.11120     15.29010    -10.75820
    51.22544     38.93520    -13.14366
    31.18031     34.21661    -15.39411
    47.06749     45.24483     -8.80697
    48.75986     48.23653    -15.20266
    50.08300     56.19730     -9.08960
    34.02740     43.03405    -17.38537
    42.62209     37.95599     -7.29847
    48.35797     49.93444    -11.78557
    20.10639     23.00412     -9.00447
    31.99022     26.68793    -11.35406
    24.11910     31.65590    -14.19770
    48.79148     42.35518    -10.04156
    51.58276     58.18761    -19.00187
    29.89900     39.27480    -15.11640
    34.64567     31.17015    -11.37017
    34.26220     45.06481    -12.25976
    38.48652     29.33256     -9.65393
    33.91263     47.82529    -11.47486
    20.87805     23.58172    -10.43061
    51.43685     41.10735    -12.63971
    40.74476     38.16433     -9.67113
    18.67217     28.09282     -7.90854
    40.62858     34.71589    -11.93232
    25.43934     22.01441    -13.21837
    54.00120     64.80940    -19.34930
    50.71758     45.11125    -10.86501
    38.25323     32.03770    -20.05405
    30.50810     19.00410     -7.59800
    41.07708     38.46446    -10.00002
    42.57349     33.44270    -12.76714
    50.68389     59.11996    -23.82772
    26.91102     38.60542    -12.09943
    32.80112     24.92521    -10.49915
    19.91350     26.11470     -7.88740
    50.24229     44.22269    -11.09706
    25.98963     37.97927     -8.17961
    51.07740     53.31000    -15.06350
    40.61711     34.52274    -11.75225
    56.56050     60.99320    -19.21710
    38.38132     27.34773    -12.06337
    41.57416     54.27293    -10.32841
    45.03290     31.48270    -15.08140
    52.15470     38.42500    -10.76880
    33.85631     47.56110    -11.72273
    58.97410     64.07940    -21.15830
    37.89980     44.14496    -23.53815
    38.01864     41.09361    -18.58050
    50.43525     57.23170    -24.29980
    45.19669     37.90311    -13.15873
    27.23190     17.19050    -14.70600
    53.06331     43.54622    -13.33407
    45.85810     52.15090    -21.02200
    36.88707     27.33773    -21.91537
    18.78999     31.10479     -8.58314
    32.65968     24.75457    -10.60602
    43.42543     34.37100     -8.63738
    17.74807     26.30282     -7.53255
    54.16449     50.10055    -12.36339
    42.16364     38.86272    -12.43216
    16.96380     23.96540    -10.14870
    43.08266     41.62405     -9.56627
    26.80230     12.92620     -8.95300
    49.69140     36.76966    -12.22916
    35.40283     49.71465     -6.85467
    40.65512     27.59859     -8.08933
    32.99360     28.94420    -10.75110
    50.22704     44.30335    -11.16574
    32.82038     24.95073    -10.48571
    42.55313     28.76987    -10.18768
    41.62214     29.16243    -14.87872
    15.83380     25.39500     -6.60680
    50.55786     57.20011    -24.49045
    37.80936     32.12376    -12.26319
    33.68244     45.01032    -12.24832
    31.34904     43.70414     -9.51804
    46.69115     38.79591    -14.62460
    34.87647     31.17179    -12.18379
    45.49878     42.93611     -7.91851
    42.62225     37.95565     -7.29860
    38.01888     41.09386    -18.58027
    35.73173     20.44820    -15.07549
    52.18958     52.05410     -7.83616
    20.62090     25.06050    -19.23630
    33.73569     44.98219    -12.08614
    53.06349     43.54123    -13.34013
    33.43710     37.63701    -17.32460
    64.60260     55.96750    -25.49600
    57.33246     47.87366    -16.86358
    26.89832     38.60050    -12.10086
    55.10430     56.03850     -8.77580
    33.71630     26.37003    -20.41643
    21.23639     23.31577    -10.61471
    22.21931     26.08294    -11.90174
    18.68393     28.09007     -7.90039
    19.58386     27.42149    -14.39124
    28.44200     24.95399    -14.19374
    35.23576     32.67542     -7.50533
    25.12850     32.76800    -17.31850
    21.14193     23.34870    -10.53726
    54.30067     46.41366    -13.62544
    49.00437     56.78869    -23.49486
    34.86110     25.91790    -13.95890
    49.30620     64.84760    -26.27330
    30.67884     42.58340     -9.79073
    23.34201     23.98052    -13.34275
    60.42100     50.59010    -20.36510
    52.12509     52.08274     -7.80259
    36.02500     29.68037    -11.27173
    18.59843     25.18757     -8.05731
    52.23272     47.41958    -11.21633
    40.02470     24.98110    -13.12710
    21.29537     23.62881    -10.90598
    49.89774     57.39948    -23.20211
    58.90550     50.36640    -17.29480
    42.24616     37.44499    -11.62399
    24.40827     33.42698    -13.91303
    25.89790     32.00640    -13.19250
    31.33950     24.58480     -7.06100
    59.60978     51.79547    -10.04869
    51.94132     41.28540    -13.17864
    42.24319     37.43237    -11.61694
    42.06608     26.94006     -9.22650
    31.37160     34.32400     -9.00520
    50.19370     62.41980    -26.10540
    40.54080     41.92350    -11.80240
    47.25935     39.28694    -14.68559
    17.45875     27.13858     -6.86611
    30.33189     32.13280    -16.13087
    52.26647     47.56123    -11.26976
    18.79002     31.10477     -8.58267
    51.53948     41.23747    -12.74514
    34.52594     31.19281    -11.01471
    35.36439     46.81966     -9.96325
    34.05393     44.91161    -11.32713
    44.37590     30.46530    -13.50520
    29.55874     20.10694    -12.90236
    43.86324     35.52297    -12.86224
    28.44210     24.95412    -14.19339
    49.83630     62.97820    -21.28470
    59.60881     51.79269    -10.04801
    37.87037     49.39341    -12.65828
    49.72148     44.39326    -11.72448
    41.00810     31.56480    -19.21380
    29.62691     20.02827    -12.89828
    54.03420     46.11905    -13.53886
    18.28045     27.93551     -7.61120
    39.77640     26.12720    -22.34250
    37.56120     24.48320     -6.56660
    40.56438     34.28979    -11.72639
    51.46617     41.80714    -12.64190
    30.33190     32.13280    -16.13087
    45.58874     42.96336     -7.91842
    42.77176     39.52493     -6.50105
    48.79197     42.35498    -10.04177
    39.75000     45.54632    -18.71944
