    43.10514     41.61187     -9.57755
    29.32991     42.15663     -5.99937
    38.98382     36.22343     -8.36505
    39.34394     31.95096     -8.49401
    40.43846     32.71007    -13.18140
    43.10612     41.61135     -9.57805
    55.82150     57.28757     -9.82908
    33.30580     17.84170    -15.31120
    51.83270     41.28747    -13.06228
    40.34831     32.86091    -13.81302
    38.02350     27.05190     -8.34206
    43.75717     36.41266     -8.26791
    42.12050     29.58407     -8.26178
    41.49530     50.84940    -19.94120
    43.05119     41.15400    -13.59075
    51.60237     41.16878    -12.81746
    36.19810     21.13200    -22.24690
    53.06328     43.54564    -13.33466
    31.53905     37.69295    -16.98599
    50.79850     64.61575    -15.10106
    18.63914     28.07641     -7.87741
    47.04184     39.10278    -14.66060
    42.24451     37.43911    -11.62052
    48.93523     42.34884    -14.88845
    40.55505     54.39309    -10.17498
    33.85020     20.85440    -17.85220
    40.20167     54.35008    -10.19071
    18.63811     28.07623     -7.87699
    42.51138     28.83173    -10.12397
    21.75553     22.76802    -10.47617
    38.56517     28.01197    -14.97812
    26.17209     20.93006    -12.38480
    35.47335     36.87208    -14.62914
    35.47335     36.87208    -14.62914
    38.69177     31.73437    -14.00137
    33.56348     46.37721    -10.16831
    42.09143     39.19333    -11.70069
    48.79185     42.35474    -10.04193
    25.80061     21.07242    -12.14829
    54.02473     50.03550    -12.24612
    39.66380     39.17040     -8.58565
    32.14030     22.91436     -8.82077
    33.30449     46.35757    -10.17063
    41.30874     27.24078     -8.59774
    40.72978     27.57765     -8.24911
    47.41713     37.60166    -10.37820
    56.20380     62.35240    -17.98270
    42.07941     39.59059    -10.66482
    28.37070     40.67040    -13.65690
    48.25314     39.84021    -10.68157
    26.61687     38.64230    -12.21349
    34.84107     31.40914    -13.53591
    29.54120     20.12749    -12.90274
    31.20762     43.48992     -9.58114
    49.25755     49.02100     -7.44626
    38.79288     31.68984    -14.20047
    33.58384     20.44279    -12.46736
    34.93250     18.55510     -9.84340
    46.50560     40.92520    -10.37440
    26.10674     20.97979    -12.41750
    40.10503     28.19437     -8.41347
    40.32887     27.97074     -8.31273
    28.66127     22.63823    -11.79758
    44.04020     51.88685    -23.33571
    32.50693     22.60435    -10.15063
    20.26539     23.10782     -9.28490
    49.59680     37.17130     -8.03180
    48.25314     39.84020    -10.68157
    30.86905     30.06065     -7.70440
    43.10515     41.61188     -9.57756
    44.85030     47.70500     -5.77110
    56.56865     65.46540    -22.87583
    43.04540     34.50826    -12.33842
    34.92637     36.01137    -17.26194
    42.25287     30.04413     -8.09612
    42.21535     29.69986     -8.27237
    37.74590     26.71980    -18.65540
    40.58038     32.50055    -12.31362
    52.22996     47.43292    -11.20864
    63.52225     57.30995    -23.67306
    52.02880     46.08759     -9.36434
    41.30010     36.23470    -22.85650
    49.70173     36.78583    -12.24095
    36.57035     25.11764     -9.44850
    42.58779     33.37228    -12.86668
    42.78344     34.01474    -12.42235
    45.97674     43.10452     -8.02626
    35.81617     28.07798    -12.72520
    51.68362     41.29443    -12.90018
    54.90912     50.52255    -12.94696
    32.32424     22.75882     -9.48784
    42.68176     57.25708    -10.30127
    56.19029     65.18034    -22.73486
    56.25769     65.23837    -22.75403
    56.25769     65.23837    -22.75403
    20.98160     23.36138    -10.34153
    35.74467     30.02191    -12.05262
    56.16829     65.16202    -22.72805
    33.58382     20.44277    -12.46739
    33.58382     20.44277    -12.46740
    33.58382     20.44278    -12.46739
    54.07543     50.06171    -12.28705
    50.75259     64.38949    -24.55033
    38.98371     36.22329     -8.36495
    30.07196     36.24500    -13.76919
    45.45240     34.36470     -9.65390
    42.62207     37.95609     -7.29835
    42.52969     28.79805    -10.22771
    38.23504     28.18622    -14.98273
    25.31182     35.12176     -8.41497
    56.32379     65.27815    -22.78698
    18.59698     25.18930     -8.05641
    24.40699     33.42641    -13.91273
    38.38308     27.34568    -12.06455
    55.82150     57.28757     -9.82907
    18.51040     28.01111     -7.77344
    55.82150     57.28758     -9.82907
    55.82150     57.28758     -9.82907
    52.95035     51.57845     -8.53204
    47.70320     45.95270    -14.10210
    40.41732     34.04444    -12.25700
    32.73970     25.93380    -17.92810
    36.27619     47.95732     -9.79384
    33.43121     37.59288    -17.28231
    21.04072     23.37184    -10.41846
    50.73935     44.87254    -10.94867
    20.23915     23.09402     -9.24110
    45.86789     43.06813     -7.98194
    28.44213     24.95414    -14.19337
    33.13093     32.36459     -7.42086
    26.17262     20.92975    -12.38484
    30.09097     41.83975    -10.00586
    51.16994     40.83054    -12.36787
    30.39697     42.21906     -9.89395
    49.17558     36.01874    -11.67613
    33.05499     45.19618    -12.94659
    59.60981     51.79563    -10.04868
    33.58383     20.44278    -12.46738
    31.21349     43.50076     -9.57886
    46.20570     32.72890    -11.25580
    50.78102     45.27585    -10.78250
    51.93525     41.28043    -13.17430
    33.71624     26.37002    -20.41643
    57.78140     45.95380    -19.94950
    58.41295     47.54110    -11.12660
    52.40760     51.92432     -7.96885
    18.67370     24.49300    -17.50850
    42.62207     37.95609     -7.29837
    32.58410     28.10750    -21.45320
    37.72254     32.14631    -12.08223
    34.17950     22.68200    -16.91630
    43.15067     34.39719    -10.84400
    53.01665     51.61262     -8.27125
    31.24831     43.55919     -9.56505
    42.37404     29.04359     -9.39568
    48.45870     45.30940    -17.53179
    33.71196     44.98756    -12.02440
    17.99626     27.70859     -7.34523
    36.57036     25.11766     -9.44850
    36.09120     31.10600    -21.94950
    42.68462     41.83949     -9.36654
    45.64589     42.99579     -7.97359
    51.74406     49.58152    -10.23506
    34.82896     46.46446    -10.10491
    53.51453     55.13690     -8.22018
    41.71426     27.07759     -8.91573
    49.70071     36.78425    -12.23981
    31.24830     43.55922     -9.56506
    33.31830     15.36970    -29.73350
    34.95135     46.53316    -10.07296
    39.94964     33.92957    -11.80297
    49.80581     57.27111    -23.38416
    35.71035     20.40484    -14.87785
    35.71070     20.40542    -14.87911
    39.03568     29.23140     -9.80855
    43.05562     41.63870     -9.55271
    40.12965     27.89182     -7.79466
    38.76475     34.25019    -14.03515
    48.13980     62.62900    -16.83150
    29.56252     43.33101    -14.15296
    42.55953     28.76785    -10.23688
    43.74126     35.35195    -12.71374
    25.43981     21.96136    -13.19969
    58.47898     56.43918     -9.79050
    41.92380     46.97900    -10.85520
    56.69980     52.80560     -9.72560
    42.43657     30.97905     -7.93928
    50.34856     57.25713    -24.11596
    45.64591     42.99578     -7.97361
    20.84773     23.33263    -10.15938
    33.19986     25.43768    -10.21323
    31.17543     36.06573    -12.48365
    42.39880     29.04699     -9.46481
    52.40761     51.92430     -7.96894
    36.71305     34.25585    -12.09360
    40.26546     54.39145    -10.16017
    24.31689     33.39117    -13.89433
    33.42481     37.54490    -17.23642
    20.34179     24.53459    -10.55788
    39.92458     54.18373    -10.29809
    37.87014     49.39343    -12.65925
    35.82587     28.21994    -12.78999
    49.25755     49.02100     -7.44624
    35.47336     36.87209    -14.62915
    25.64145     24.08495    -15.49386
    45.57626     43.01481     -8.30642
    31.90063     45.74896    -14.40898
    19.58385     27.42150    -14.39125
    46.87251     44.28561    -14.99082
    38.82103     31.63376    -14.23331
    23.59260     34.84070    -14.41390
    30.94220     23.06340    -14.43650
    35.40306     49.71478     -6.85522
    47.41709     37.60168    -10.37829
    51.17372     45.34353    -10.69178
    56.32025     65.27585    -22.78535
    33.16640     41.19940     -6.84530
    31.68130     13.26550    -28.55530
    42.31849     32.10272     -7.77668
    36.90690     24.60850    -16.54050
    31.69463     21.49107    -11.81383
    23.20927     37.12850     -9.00636
    47.41714     37.60167    -10.37817
    34.70623     31.21641    -11.85453
    55.90230     62.32160    -24.12560
    26.17209     20.93006    -12.38480
    26.17231     20.92989    -12.38463
    42.49130     28.86357    -10.01757
    40.90838     54.37540    -10.20615
    34.85563     46.51972    -10.07870
    44.08716     35.61304    -12.58855
    26.67570     23.94420    -17.96450
    33.42529     37.54844    -17.23983
    38.23754     29.36551     -9.74247
    30.99174     43.16076     -9.66776
    46.85105     38.94185    -14.63846
    24.40702     33.42641    -13.91273
    42.53830     28.78564    -10.27419
    38.01877     41.09375    -18.58036
    52.22506     47.41284    -11.19659
    33.88554     47.73331    -11.57522
    31.76025     42.68044    -12.74213
    41.17355     36.50570     -8.23345
    17.30950     27.30441     -6.77292
    43.57008     35.14243    -12.59642
    49.60263     36.63904    -12.13249
    49.60260     36.63900    -12.13247
    35.47332     36.87205    -14.62909
    32.22084     45.54841    -14.00102
    35.43482     31.55229    -13.10019
    35.71064     20.40532    -14.87893
    41.98731     31.65455    -14.03625
    46.33920     54.49780     -6.72030
    49.86515     45.50149    -10.56346
    45.51227     39.43853     -6.91734
    41.61485     29.16653    -14.90614
    35.70668     20.39538    -14.86496
    17.55946     26.70081     -7.33045
    60.19042     54.49276    -22.39398
    35.69188     20.27422    -14.83392
    33.30450     46.35757    -10.17059
    27.21540     11.38560     -5.57460
    21.22337     23.28151    -10.54592
    21.19802     23.28906    -10.52510
    45.66760     43.00275     -7.97401
    43.04434     41.64478     -9.54705
    35.69181     20.27404    -14.83369
    31.20846     43.49165     -9.58083
    17.86890     33.31230     -3.54400
    29.20385     34.31529    -12.13934
    34.27820     23.30980    -10.11930
    46.91680     37.05580     -7.52600
    39.36498     53.73322    -10.59183
    50.52522     44.80680    -10.95424
    54.07578     50.06183    -12.28739
    34.43110     43.09450    -20.58980
    22.21925     26.08284    -11.90166
    27.03996     38.66031    -12.04194
    20.60936     23.26958     -9.83382
    36.55340     25.11697     -9.24093
    27.38748     38.77820    -12.02686
    36.55339     25.11695     -9.24094
    29.56282     43.33168    -14.15167
    41.81636     31.33624    -14.16163
    33.22520     46.35859    -10.17530
    35.71034     20.40482    -14.87791
    42.08930     39.29468    -11.43424
    39.94249     54.19969    -10.29069
    58.41295     47.54110    -11.12660
    20.78460     29.74560     -9.72620
    43.24610     44.68840    -18.05850
    56.67740     60.55160     -9.56270
    42.45782     32.86015    -13.28219
    51.40176     41.06532    -12.60499
    40.47975     34.24656    -11.87324
    23.84950     21.80500    -18.29680
    50.28696     44.33364    -11.11258
    33.13094     32.36460     -7.42087
    35.71038     20.40487    -14.87803
    36.88698     27.33766    -21.91533
    35.10175     46.64781    -10.03827
    36.55345     25.11721     -9.24102
    41.23589     27.28233     -8.54332
    42.18633     32.36978     -7.71617
    31.17947     34.21653    -15.39269
    42.24453     37.43913    -11.62052
    54.29458     50.18289    -12.46047
    26.20988     20.90428    -12.38027
    49.47780     46.84670     -7.65100
    31.31775     30.96810    -11.87025
    26.17209     20.93006    -12.38481
    53.16360     51.52740     -8.37301
    45.58881     43.01810     -8.30097
    28.44211     24.95412    -14.19342
    37.08390     30.71460    -18.53325
    33.46115     25.77588    -10.02667
    31.07403     37.73106    -23.41489
    18.80890     31.07208     -8.62359
    40.54860     38.45990    -19.46670
    26.90209     38.59915    -12.07481
    36.88696     27.33765    -21.91532
    51.55257     41.23877    -12.76030
    29.34152     42.16225     -5.99641
    48.93524     42.34884    -14.88842
    41.61313     29.16742    -14.91266
    23.20928     37.12850     -9.00633
    45.26320     46.33176    -26.61550
    40.08796     31.60533     -8.40902
    54.30703     46.42062    -13.62750
    42.52003     28.81826    -10.16913
    59.60984     51.79571    -10.04871
    26.17209     20.93006    -12.38482
    36.64495     29.55697    -10.15471
    33.73388     47.39026    -12.07553
    43.89960     35.54310    -12.80532
    49.54328     36.55210    -12.06843
    26.17215     20.93001    -12.38478
    52.05830     52.08280    -12.49850
    45.93421     43.09017     -7.98621
    52.23264     52.00090     -7.90678
    52.20837     52.02239     -7.85741
    42.62207     37.95609     -7.29837
    51.49720     51.13391     -7.98748
    41.37620     26.79190    -13.86710
    52.20770     52.02268     -7.85710
    42.62207     37.95609     -7.29837
    45.47530     58.13070    -13.98000
    51.25025     40.91797    -12.44880
    39.66380     39.17040     -8.58565
    50.75259     64.38949    -24.55035
    45.68870     59.75300     -9.77230
    23.20927     37.12850     -9.00636
    33.48759     25.80068    -10.00295
    43.05121     41.15400    -13.59075
    48.93515     42.34890    -14.88851
    40.78315     27.52324     -8.23275
    50.35910     43.86988    -11.05769
    46.53930     48.89540    -29.01360
    51.22543     38.93520    -13.14367
    42.41715     29.00073     -9.56773
    34.64494     31.16503    -11.37018
    34.54134     46.51998    -10.17701
    41.50434     54.28186    -10.31934
    41.65180     25.08310    -11.14434
    26.76010     18.81160     -7.32450
    36.43132     29.57520    -10.49263
    57.33244     47.87367    -16.86357
    33.71623     26.37002    -20.41644
    39.80080     27.44242     -6.59640
    29.14655     27.27125    -12.61265
    23.19729     23.60996    -13.18137
    17.74270     26.25765     -7.74494
    48.79187     42.35479    -10.04192
    42.24488     37.44310    -11.62283
    51.86559     51.69091     -7.89782
    34.67906     31.17772    -11.51671
    25.31182     35.12176     -8.41494
    27.11997     38.69033    -12.06054
    32.88327     25.03379    -10.44180
    54.86480     59.73460     -8.00220
    29.54114     20.12756    -12.90274
    51.17229     40.83283    -12.37019
    29.33008     42.15671     -5.99931
    59.60978     51.79554    -10.04865
    51.45999     41.82238    -12.63445
    52.19920     51.96150     -7.91042
    52.17421     52.06749     -7.82261
    42.62207     37.95611     -7.29835
    31.99107     26.68832    -11.35324
    41.06950     48.15990    -22.65070
    52.20844     52.02235     -7.85743
    52.20858     52.02230     -7.85745
    26.98501     38.64096    -12.04545
    56.15560     63.33370    -20.96360
    43.86633     35.50287    -12.79083
    31.97092     42.68059    -12.54736
    45.90210     59.31935    -16.49405
    41.03145     29.97772     -6.84357
    28.72240     33.36090    -21.77620
    33.85945     47.67849    -11.65548
    20.85392     23.31526    -10.15232
    26.77680     26.24690     -8.44700
    39.20111     53.57312    -10.64102
    39.10160     32.04120     -8.48494
    37.87014     49.39344    -12.65929
    54.61300     43.71910    -15.58420
    35.70911     35.27789     -7.74776
    48.75987     48.23654    -15.20264
    35.47336     36.87209    -14.62915
    28.49843     39.15939    -11.96823
    36.19810     21.13200    -22.24690
    52.15539     52.03267     -7.84867
    42.10840     29.44285     -8.37814
    51.58511     41.24231    -12.79553
    42.20694     32.02063    -14.03845
    56.60131     65.46468    -22.90899
    29.98150     19.03190    -22.11260
    39.93560     36.78020    -12.50270
    26.74860     38.48994    -11.22038
    41.72494     54.23352    -10.37656
    35.81618     28.07806    -12.72568
    35.71067     20.40538    -14.87904
    29.54112     20.12759    -12.90273
    42.68197     57.25732    -10.30130
    20.15155     23.02751     -9.07676
    35.66543     20.13936    -14.74001
    23.53043     35.50034    -11.58966
    42.50721     28.70201    -11.32696
    58.47932     56.43911     -9.79091
    23.52800     19.46980    -17.71530
    40.80985     38.22775     -9.73252
    53.06327     43.54564    -13.33464
    20.66931     23.52279    -10.11774
    48.75986     48.23653    -15.20262
    36.68518     29.49155    -10.09946
    47.21793     45.28262     -8.81273
    33.71622     26.37003    -20.41644
    49.86510     45.50156    -10.56345
    31.87280     20.59970    -17.55220
    41.84140     25.26080    -20.14920
    44.04020     51.88685    -23.33569
    33.36837     37.12029    -16.83092
    42.21647     29.33467     -8.62674
    18.86865     30.96889     -8.75098
    19.99033     22.80690     -8.67094
    23.85310     18.00990    -15.17350
    42.34636     29.21535     -9.15646
    28.66128     22.63824    -11.79754
    51.00436     45.09844    -10.88124
    29.56213     43.33031    -14.15451
    50.20766     44.42239    -11.21185
    17.23161     27.25254     -6.65989
    53.51456     55.13696     -8.22021
    53.51455     55.13693     -8.22019
    22.60500     21.19556    -10.39499
    38.25330     32.03876    -20.05500
    40.88005     53.04405    -11.06631
    36.57084     29.56629    -10.18152
    38.02350     27.05190     -8.34204
    28.63130     39.32278    -11.67229
    52.21452     41.30657    -13.47897
    26.17234     20.92987    -12.38468
    37.08390     30.71460    -18.53325
    26.17209     20.93006    -12.38481
    31.84270     42.68040    -12.66612
    45.03257     40.63329    -13.12467
    45.26320     46.33177    -26.61550
    43.47675     56.01875    -13.75454
    34.97370     17.34560     -5.57550
    33.62222     45.03592    -12.22631
    24.61870     19.79740    -14.35230
    35.91333     29.49022    -13.37000
    43.75714     36.41267     -8.26791
    20.85391     23.31527    -10.15233
    31.99076     26.68819    -11.35354
    46.86114     43.39395     -8.02772
    36.55340     25.11689     -9.24093
    36.55339     25.11690     -9.24093
    30.86905     30.06065     -7.70440
    20.78430     28.26350     -8.84910
    52.10487     51.95893     -7.87199
    35.71489     20.42337    -14.89435
    31.24812     43.55887     -9.56512
    21.20557     23.28819    -10.53284
    55.73524     56.28142    -14.59056
    55.73524     56.28142    -14.59056
    53.51461     55.13705     -8.22026
    39.34167     31.95179     -8.49353
    35.83697     20.15039    -17.27484
    57.33243     47.87367    -16.86356
    35.85274     27.99191    -12.71237
    29.33955     20.36249    -12.91009
    54.20535     53.17060    -11.72900
    27.50250     26.71570    -23.59695
    39.49524     31.88055     -8.47616
    27.50250     26.71570    -23.59695
    48.79180     42.35486    -10.04184
    39.88480     44.21870    -21.71450
    55.73524     56.28142    -14.59056
    42.24452     37.43912    -11.62053
    26.12670     20.94047    -12.43502
    36.89430     29.48975    -10.08723
    17.47130     26.22080    -16.68800
    42.92493     34.34542    -12.15997
    42.92474     34.34529    -12.15970
    23.20927     37.12850     -9.00638
    53.14162     51.60306     -8.22975
    37.91520     46.93580    -17.84970
    48.35803     49.93439    -11.78547
    50.33390     44.46796    -11.13329
    22.60501     21.19557    -10.39500
    43.05154     41.64089     -9.55065
    54.26298     46.37196    -13.61318
    20.81131     23.68965    -10.42385
    48.74963     35.39926    -11.21963
    21.10471     23.40796    -10.53831
    17.24859     27.45558     -6.79212
    35.68420     20.24613    -14.80370
    23.55437     35.52074    -11.59282
    38.76991     31.73512    -14.17397
    30.22980     15.70690    -15.74770
    42.70026     28.65172    -10.33712
    35.71503     20.42363    -14.89486
    35.16500     31.33740    -20.25100
    21.86010     30.31000    -12.24100
    48.79559     35.46620    -11.26970
    54.07609     50.06190    -12.28767
    45.79350     49.08670    -22.09160
    46.86114     43.39395     -8.02773
    31.47715     43.84192     -9.44251
    35.23556     32.67571     -7.50522
    23.23831     35.36842    -11.38656
    29.56242     43.33087    -14.15332
    42.68207     57.25742    -10.30128
    40.30490     24.11620     -6.60510
    46.87254     44.28559    -14.99073
    59.60990     51.79585    -10.04877
    52.12837     47.07199    -10.93932
    42.09458     38.90505    -12.46284
    50.25893     44.38488    -11.16552
    38.30370     23.94830     -8.91820
    51.74624     49.57879    -10.23899
    35.72485     20.40153    -15.08679
    32.74855     45.26486    -13.32765
    33.38349     25.67605    -10.08256
    31.07404     37.73107    -23.41491
    31.99068     26.68815    -11.35364
    41.31760     52.31690    -14.82860
    40.60076     38.02283     -9.56547
    54.07595     50.06186    -12.28755
    49.99892     57.35217    -23.41022
    17.97615     25.96502     -7.83132
    51.97980     66.01210    -13.33990
    18.59746     25.18870     -8.05671
    31.75438     42.68041    -12.74761
    27.97074     38.98098    -11.99774
    50.79850     64.61575    -15.10104
    52.34130     59.66545    -23.63571
    56.19028     65.18034    -22.73484
    40.54254     32.58918    -12.42929
    45.19670     37.90310    -13.15870
    26.00068     37.98036     -8.20810
    41.41570     53.02850     -7.48610
    45.56780     26.47630    -13.16380
    39.40110     40.90210     -9.53460
    30.33820     37.81790    -19.32930
    32.82340     36.71140     -9.76700
    40.44394     54.46390    -10.10266
    42.29010     30.28707     -8.05866
    38.83540     29.27504     -9.80293
    45.60107     43.02628     -8.37546
    48.79181     42.35489    -10.04183
    47.17782     45.27254     -8.81121
    26.17217     20.93001    -12.38480
    41.65180     25.08310    -11.14436
    29.94685     36.17396    -14.07973
    32.46177     22.64256     -9.98645
    48.79177     42.35490    -10.04180
    22.21924     26.08282    -11.90166
    33.42389     37.53811    -17.22988
    30.66160     41.06190    -14.08760
    37.81780     32.79150     -8.25670
    18.80890     31.07208     -8.62361
    31.07403     37.73107    -23.41490
    40.80899     27.02548     -8.14788
    44.07997     35.69186    -12.68919
    42.08962     29.64901     -8.13919
    42.15408     29.51677     -8.40305
    17.40777     27.36491     -6.85388
    18.85385     23.69515     -6.19585
    26.93416     38.61090    -12.07153
    35.47334     36.87205    -14.62910
    45.43346     37.07012     -9.16821
    46.62640     43.31417     -8.01232
    59.60981     51.79561    -10.04869
    39.48538     31.88520     -8.47743
    31.39875     43.75021     -9.48619
    18.85385     23.69515     -6.19585
    23.15820     21.42410     -5.53430
    31.15280     43.40177     -9.60243
    50.55401     44.65111    -11.01505
    51.31035     45.41494    -10.80063
    23.59760     29.32030    -13.29600
    42.96724     34.39751    -12.19414
    48.79174     42.35492    -10.04179
    34.92637     36.01137    -17.26193
    24.86780     14.60160     -8.73950
    41.81636     31.33622    -14.16162
    51.58275     58.18760    -19.00190
    41.61602     29.16590    -14.90178
    35.72267     20.39325    -15.07419
    23.24695     23.74203    -13.24106
    33.41195     25.71242    -10.06202
    29.57350     28.33810    -19.65320
    48.93523     42.34882    -14.88847
    39.61905     53.95675    -10.45360
    49.79440     54.26780    -26.21010
    51.74324     49.58250    -10.23353
    51.74398     49.58157    -10.23491
    51.74364     49.58196    -10.23431
    43.41656     34.37015     -8.71151
    64.62510     57.33450    -26.74960
    41.61490     29.16656    -14.90604
    40.39753     32.77918    -13.45477
    37.48920     37.95930    -10.00680
    30.24730      9.53290    -16.80930
    41.30815     27.24089     -8.59720
    42.77176     39.52498     -6.50107
    35.71503     20.42363    -14.89486
    44.34835     33.19730    -15.57256
    41.15710     25.76320    -17.02690
    31.17876     34.21647    -15.39134
    30.33190     32.13280    -16.13088
    56.27390     53.54740    -12.86100
    33.39029     46.48795    -12.76684
    16.49600     29.29630    -16.03870
    42.91211     34.24731    -12.05664
    54.24985     46.35747    -13.60890
    47.22404     39.24996    -14.68440
    33.41195     25.71243    -10.06202
    52.20769     52.02269     -7.85704
    40.44527     33.84734    -11.91380
    53.51456     55.13696     -8.22020
    29.76309     35.88025    -14.90715
    33.41194     25.71246    -10.06204
    56.32076     65.27605    -22.78567
    48.35804     49.93438    -11.78547
    47.47736     34.54636     -8.64689
    40.12900     23.35350    -20.44900
    23.18716     23.58403    -13.17018
    25.35550     39.39550    -15.87860
    23.50138     24.43015    -13.55518
    30.19360     15.51390    -22.92640
    28.38260     18.26430    -13.36990
    37.71175     21.22870    -17.09985
    20.45379     23.22975     -9.61455
    47.47782     34.54669     -8.64430
    26.85152     38.57944    -12.07929
    52.43970     64.98020    -23.98260
    31.76266     42.68042    -12.73995
    41.98760     42.60780    -23.76900
    45.03257     40.63329    -13.12465
    26.00073     37.98040     -8.20815
    45.03256     40.63329    -13.12466
    33.42524     37.54811    -17.23953
    45.03790     49.15630    -27.34960
    34.84042     31.40940    -13.53747
    41.76771     31.24333    -14.20936
    26.17236     20.92986    -12.38468
    31.32135     43.64423     -9.52428
    30.33190     32.13280    -16.13087
    40.92580     27.62060    -20.48360
    42.62210     37.95628     -7.29832
    37.77550     45.24520    -21.96600
    37.74650     30.73250    -21.58330
    49.65342     57.32840    -23.00930
    42.88980     26.81090    -14.48280
    52.22413     47.40692    -11.19472
    31.70093     35.87757    -15.40090
    31.70094     35.87757    -15.40090
    35.47338     36.87210    -14.62920
    43.47675     56.01875    -13.75456
    42.62204     37.95610     -7.29832
    45.29831     35.90161    -10.91972
    40.35779     32.84674    -13.74239
    42.62206     37.95608     -7.29833
    42.55258     28.76038    -10.36972
    37.72255     32.14669    -12.08287
    42.88058     34.22494    -12.24340
    46.61505     46.32645     -6.55380
    47.41714     37.60167    -10.37817
    40.29802     32.90952    -14.14058
    40.38316     32.80485    -13.57461
    50.28802     44.33332    -11.11148
    32.02910     31.05970     -8.60630
    31.17948     34.21654    -15.39269
    34.51110     24.52160    -19.07710
    53.06326     43.54582    -13.33443
    45.21323     42.84736     -7.30501
    55.23120     49.96620     -3.99030
    32.64305     26.60800     -7.40331
    38.79292     31.69012    -14.20033
    35.46990     18.70777    -14.30413
    48.35802     49.93440    -11.78550
    39.91640     54.17619    -10.30145
    35.72425     27.97998    -12.85509
    48.35803     49.93439    -11.78549
    33.38660     39.33160    -21.26650
    48.73470     61.40290    -11.50270
    36.05376     29.81339    -11.33348
    18.80890     31.07208     -8.62358
    43.41657     34.37010     -8.71149
    49.86529     45.50150    -10.56351
    41.45744     27.15498     -8.70760
    45.90210     59.31935    -16.49405
    27.69900     39.58950     -6.07220
    54.25955     46.36817    -13.61206
    35.87294     28.87563    -18.12030
    34.37079     31.22278    -10.51298
    28.71479     37.94027    -15.10983
    41.17355     36.50570     -8.23345
    33.43176     37.59697    -17.28625
    37.87013     49.39343    -12.65932
    36.14400     37.72220     -9.44070
    16.01460     27.88150    -21.06910
    30.77680     27.94290    -10.40010
    40.53402     34.33833    -11.89609
    40.12963     27.89185     -7.79464
    17.83278     26.25032     -7.01943
    49.69811     57.56473    -22.36875
    42.07941     39.59060    -10.66483
    40.88005     53.04405    -11.06629
    35.72110     20.38750    -15.06637
    25.52350     14.22830    -15.46170
    23.25280     28.10120     -9.25690
    31.44481     42.68132    -13.03164
    48.57480     35.23147    -11.12768
    32.99440     14.82930    -12.25890
    40.51198     34.68054    -12.28294
    50.33150     44.38912    -11.09415
    41.44500     25.02200     -7.22820
    35.71542     20.42574    -14.89651
    41.89600     44.71240    -16.53980
    40.51269     32.75717    -12.49453
    34.88306     46.57204    -10.18306
    46.87257     44.28558    -14.99065
    47.10735     39.15249    -14.67047
    25.99787     37.98011     -8.20081
    35.47336     36.87209    -14.62916
    29.27189     34.24759    -12.19400
    50.09539     44.21699    -11.29125
    47.03619     43.45596     -8.05383
    38.49172     28.05068    -14.97924
    37.53750     35.57940    -10.89980
    34.92637     36.01137    -17.26193
    43.17371     34.66228    -12.33194
    37.72259     32.14621    -12.08222
    43.04206     34.47263    -12.13371
    39.75000     45.54630    -18.71951
    24.44349     33.44065    -13.92016
    26.80272     38.55840    -12.08366
    52.47809     51.89899     -8.00266
    22.64780     24.30780     -8.40420
    43.41624     34.37010     -8.71347
    52.34364     52.46430     -7.46641
    48.79180     42.35487    -10.04184
    34.03685     44.87254    -11.29732
    55.18109     50.67721    -13.15958
    39.46919     31.89281     -8.47943
    20.84940     19.39410    -12.48970
    37.12710     19.25490    -13.25670
    39.33339     31.95529     -8.49388
    21.13912     23.32202    -10.48686
    39.41130     29.35850    -24.47000
    29.23350     19.06460    -10.50650
    43.41576     34.37012     -8.71672
    51.56419     41.43930    -12.76357
    43.80643     35.44649    -12.81504
    40.29560     54.50806    -10.05520
    30.85250     26.72530     -8.67040
    40.37648     27.76076     -7.94860
    39.51566     53.86509    -10.51591
    40.28299     34.16888    -13.41691
    20.34174     24.53383    -10.55737
    42.10708     29.61430     -8.20553
    35.78170     20.59733    -15.12351
    35.71257     20.41301    -14.88564
    48.35817     49.93423    -11.78520
    43.94640     28.53020    -14.08800
    28.43564     39.13868    -11.97089
    53.18552     51.52453     -8.35077
    23.27882     23.82005    -13.27227
    44.34835     33.19730    -15.57254
    53.29760     56.71430    -24.11930
    47.55191     39.48937    -14.73763
    41.61499     29.16649    -14.90569
    42.07941     39.59059    -10.66481
    52.45814     51.87103     -8.01808
    49.85750     46.81460    -14.13820
    26.17266     20.92961    -12.38449
    36.32690     29.66680    -10.84083
    52.17710     64.52120    -13.20430
    63.63890     59.54110    -21.47440
    43.87240     46.62340    -23.87660
    28.51035     38.87668    -12.66757
    41.61529     29.16647    -14.90457
    33.82203     47.59342    -11.78363
    52.15713     47.24054    -11.13986
    35.87236     28.87580    -18.11969
    50.21050     49.60490    -15.33280
    38.01877     41.09376    -18.58036
    36.89430     29.48975    -10.08724
    35.53673     30.29156    -12.25624
    49.22880     39.52600    -14.66970
    36.55340     25.11700     -9.24094
    35.68477     30.06056    -12.21094
    42.05552     38.84617    -12.69902
    18.08720     28.36950    -18.64750
    52.27888     47.62134    -11.28486
    48.79557     35.46621    -11.26973
    39.76564     29.14674    -10.16781
    48.35801     49.93442    -11.78553
    27.06409     38.66887    -12.03974
    58.47866     56.43926     -9.79009
    26.93414     38.61091    -12.07159
    59.59970     51.27030    -15.21760
    36.63240     51.07660     -5.95940
    42.24237     29.27400     -8.74499
    17.34362     27.21562     -6.84739
    32.46177     22.64256     -9.98647
    35.23572     32.67550     -7.50532
    38.44290     46.34840    -21.20660
    40.00595     34.16333    -12.75886
    23.20927     37.12850     -9.00636
    39.74875     33.19097    -18.13137
    35.21890     16.95400    -12.52680
    38.49392     28.04955    -14.97917
    48.99534     35.75595    -11.48284
    38.27440     28.36460    -17.94510
    33.90460     29.79770    -20.04260
    23.00855     35.08046    -11.48781
    35.01630     30.95741    -12.14978
    58.42276     48.84953     -9.99172
    51.51838     45.75699    -10.59381
    42.41874     31.75740     -7.83644
    22.99318     23.12092    -12.99261
    33.14272     46.37088    -10.19692
    41.91505     26.99597     -9.08711
    37.71152     32.14722    -12.05618
    40.08796     31.60533     -8.40902
    42.72104     31.97780    -15.79502
    41.65039     54.25161    -10.35494
    40.60200     44.28370    -25.14600
    43.41661     34.37002     -8.71153
    32.64305     26.60800     -7.40329
    42.39193     32.54772    -13.55223
    43.91985     35.56590    -12.80982
    24.71890     36.05751    -12.38710
    41.91869     26.99460     -9.09066
    33.46012     25.77700    -10.02777
    29.54088     20.12787    -12.90276
    33.42528     37.54838    -17.23977
    28.89630     24.24160    -22.32350
    48.73382     35.36829    -11.19331
    42.51321     33.07347    -13.10315
    26.17209     20.93006    -12.38480
    29.94686     36.17398    -14.07970
    55.73524     56.28142    -14.59057
    23.20927     37.12850     -9.00637
    32.76864     24.88725    -10.52429
    47.11350     57.17400    -19.60400
    36.27644     47.95774     -9.79377
    16.29530     25.38540    -13.04020
    52.34130     59.66545    -23.63569
    15.02943     27.49728    -12.69385
    40.52343     34.13810    -11.83511
    52.20815     52.02249     -7.85727
    54.26717     46.37661    -13.61452
    34.09500     14.30000     -5.67740
    37.33940     29.20870    -21.84140
    35.31170     42.41710    -24.22580
    40.47603     32.76514    -12.78082
    30.12750     13.82510    -22.58130
    49.67014     57.49494    -22.55159
    60.42956     54.52649    -23.02130
    52.17110     48.81070     -7.24050
    22.60500     21.19557    -10.39501
    45.43356     37.07018     -9.16832
    51.67929     41.29028    -12.89567
    40.40268     34.23128    -15.16339
    21.87920     21.46820    -19.03910
    45.26320     46.33177    -26.61550
    50.96330     47.55530     -7.77730
    25.71450     39.31980     -9.21900
    44.92470     31.47050    -10.29290
    35.46990     18.70775    -14.30414
    50.75258     64.38950    -24.55031
    46.61505     46.32645     -6.55380
    43.92690     43.35860    -25.81570
    42.45835     31.81987     -7.84074
    58.47902     56.43918     -9.79054
    48.79176     42.35492    -10.04177
    28.45121     39.14405    -11.96965
    50.68390     59.11995    -23.82775
    29.57027     20.09364    -12.90164
    45.51228     39.43855     -6.91733
    51.46897     41.13420    -12.67447
    48.79179     42.35488    -10.04183
    48.79179     42.35487    -10.04183
    36.55340     25.11695     -9.24093
    41.61439     29.16679    -14.90792
    25.42043     22.13328    -13.29184
    29.32407     42.15378     -6.00075
    42.50689     28.70211    -11.32866
    42.62207     37.95608     -7.29844
    49.66404     36.72931    -12.19917
    40.32005     34.45143    -12.73165
    55.58560     48.26350    -15.06370
    33.21302     25.45720    -10.20496
    38.25330     32.03868    -20.05493
    24.71889     36.05750    -12.38708
    36.51050     41.11700    -17.67680
    27.37580     19.40650    -13.56040
    43.61260     47.63450    -22.50900
    50.95638     45.12141    -10.87279
    57.58050     64.72880    -20.73380
    20.34174     24.53387    -10.55740
    37.73186     29.40426     -9.84050
    20.34202     24.53214    -10.55640
    30.08810     36.19251    -13.83737
    27.60050     32.67590    -17.18070
    48.79178     42.35489    -10.04182
    35.85275     27.99190    -12.71240
    47.62420     47.50910    -26.54980
    40.53706     32.60432    -12.45995
    32.42351     45.43694    -13.74203
    17.73909     26.26919     -7.73216
    45.03256     40.63329    -13.12466
    36.34993     48.04824     -9.77945
    38.25331     32.03876    -20.05501
    32.20810     44.65016     -9.02090
    42.07352     39.65536    -10.50367
    25.98649     21.11671    -12.56284
    31.31775     30.96810    -11.87025
    36.69930     22.92220     -7.11420
    54.31498     46.42938    -13.63012
    32.51280     45.39362    -13.62947
    35.82587     28.21994    -12.78999
    48.25313     39.84018    -10.68157
    48.25314     39.84020    -10.68157
    35.78328     29.92494    -12.21545
    45.81940     50.76700     -8.41320
    42.50247     28.84677    -10.07603
    40.24803     33.32631    -14.22459
    21.11346     23.40962    -10.55010
    40.84997     27.49205     -8.28136
    45.03255     40.63328    -13.12467
    37.72253     32.14639    -12.08238
    36.73988     25.12481    -11.52408
    49.71470     61.23100    -21.37650
    26.01846     38.07001    -12.54245
    33.42526     37.54817    -17.23958
    27.49176     38.81203    -12.02924
    28.87638     34.65548    -11.88855
    39.92533     33.13320    -16.89289
    35.23581     32.67538     -7.50538
    35.71054     20.40518    -14.87864
    30.12240     27.94340     -5.97000
    32.04913     22.99133     -8.49062
    29.14655     27.27125    -12.61265
    35.83698     20.15039    -17.27486
    34.06720     18.10510    -11.82880
    53.06327     43.54561    -13.33468
    15.02943     27.49729    -12.69384
    29.34630     34.09468    -12.18788
    31.69463     21.49106    -11.81384
    28.66127     22.63823    -11.79756
    36.71305     34.25585    -12.09360
    51.11719     45.29844    -10.81751
    33.99651     44.96967    -11.78208
    38.98369     36.22324     -8.36493
    29.94685     36.17396    -14.07974
    31.69463     21.49107    -11.81383
    31.70093     35.87757    -15.40091
    25.23024     21.32870    -13.39492
    29.20306     34.31610    -12.13874
    28.01250     36.51400    -17.31020
    25.20179     39.18464    -13.13574
    52.46231     41.30196    -13.75591
    46.68703     32.79867     -6.87200
    46.68703     32.79867     -6.87200
    46.68703     32.79867     -6.87200
    25.99926     37.98022     -8.20441
    46.00440     61.43460    -21.12490
    53.14041     51.60363     -8.22944
    29.56239     43.33083    -14.15344
    36.34993     48.04824     -9.77939
    47.47729     34.54637     -8.64747
    50.26176     44.24910    -11.12323
    18.17360     26.44880    -13.23670
    35.40303     49.71476     -6.85515
    53.06327     43.54567    -13.33461
    53.51457     55.13698     -8.22022
    54.08142     50.06437    -12.29221
    36.11270     45.26220    -17.48320
    45.10131     43.14389    -10.57118
    17.78373     26.08059     -8.25092
    45.10136     43.14386    -10.57111
    29.94685     36.17395    -14.07974
    37.72284     32.14648    -12.08319
    35.85275     27.99192    -12.71228
    42.58962     28.70405    -10.61816
    27.78770     28.79800    -19.31580
    54.20535     53.17060    -11.72900
    33.41670     41.00530    -19.54690
    48.71720     35.35690    -11.18906
    35.70910     35.27798     -7.74768
    51.70952     41.22694    -12.93119
    26.93413     38.61089    -12.07152
    23.28762     23.84363    -13.28331
    35.15930     33.41870    -13.77510
    29.94686     36.17396    -14.07973
    39.22560     43.62550    -27.10760
    45.43352     37.07015     -9.16827
    42.68200     57.25738    -10.30136
    58.27590     48.50580    -21.62960
    15.02944     27.49730    -12.69385
    46.19614     43.17015     -7.97816
    31.17949     34.21653    -15.39274
    50.31163     44.62366    -11.05486
    42.11209     32.49673     -7.68385
    34.88199     46.43526    -10.06943
    42.13280     29.42238     -8.45206
    31.73786     42.68039    -12.76288
    42.75418     33.91760    -12.48560
    35.71085     20.40577    -14.87959
    35.85275     27.99191    -12.71238
    35.47334     36.87208    -14.62914
    45.42410     53.69910    -18.28400
    34.39118     31.21849    -10.57805
    36.18210     27.21784    -12.59433
    34.41627     46.84366    -10.89503
    52.22384     47.40602    -11.19446
    35.54890     23.84040    -10.64570
    23.17927     35.28724    -11.42278
    22.21924     26.08284    -11.90167
    43.08895     34.55770    -12.31023
    25.31182     35.12176     -8.41499
    33.41196     25.71242    -10.06198
    60.12834     54.48401    -22.23114
    60.18970     54.49266    -22.39209
    42.47757     28.88426     -9.95473
    42.48144     28.87895     -9.97196
    42.77756     34.00829    -12.41667
    18.48040     23.89160    -14.04005
    20.10430     22.30070    -18.06400
    31.53905     37.69295    -16.98601
    42.60648     34.56911    -12.31311
    37.71175     21.22870    -17.09985
    23.21369     23.65209    -13.19988
    51.16418     45.33173    -10.69794
    28.63354     39.32503    -11.66864
    32.60836     45.35863    -13.50772
    32.67858     45.33326    -13.41763
    33.43104     37.59174    -17.28119
    33.98590     27.81760    -10.62090
    35.10039     46.64649    -10.03885
    23.98760     27.03520    -18.04650
    23.17963     35.28777    -11.42257
    50.25134     44.26077    -11.13006
    37.72259     32.14607    -12.08198
    43.40341     34.37155     -8.81117
    42.47762     28.88425     -9.95493
    52.10135     51.96310     -7.85861
    43.55830     40.48090     -4.81850
    17.59669     26.19663     -8.68465
    43.86635     35.50279    -12.79089
    33.92504     47.85854    -11.43693
    26.00338     21.10279    -12.55315
    23.20927     37.12850     -9.00638
    29.94685     36.17395    -14.07978
    36.58612     29.80260     -8.55628
    26.60268     20.76690    -12.39468
    23.05981     35.43255    -11.05583
    33.57246     25.80107     -9.89033
    47.47740     34.54651     -8.64702
    34.60750     38.02690    -21.63930
    18.86865     30.96889     -8.75100
    43.03052     34.44049    -12.21648
    63.52225     57.30995    -23.67304
    37.89980     44.14495    -23.53815
    29.33003     42.15668     -5.99928
    54.95650     45.64500     -8.92050
    39.55660     31.85483     -8.47391
    47.41713     37.60167    -10.37820
    33.13093     32.36460     -7.42087
    29.94685     36.17396    -14.07975
    35.09180     33.91190    -18.83450
    27.32552     38.76744    -12.00468
    47.47741     34.54644     -8.64677
    38.81100     22.74720    -10.33140
    37.72256     32.14625    -12.08222
    40.56232     32.58311    -12.51223
    48.03750     49.49930    -22.54640
    38.56289     28.01315    -14.97821
    40.42682     34.07860    -12.15018
    36.88697     27.33766    -21.91533
    19.34661     30.14340     -9.77006
    34.69810     33.59550    -16.31990
    35.72055     20.38604    -15.06395
    50.49093     44.63240    -11.06944
    42.88545     34.24027    -12.23220
    31.76029     42.68044    -12.74209
    34.96329     31.28782    -12.76190
    50.13210     44.53322    -11.10523
    33.88976     44.98170    -11.88440
    32.04260     44.71850     -5.76230
    32.26410     14.60940     -8.98340
    49.67759     44.38926    -11.77272
    47.47692     34.54636     -8.65028
    56.32066     65.27601    -22.78563
    53.63532     51.09050     -8.73492
    36.28881     47.97372     -9.79128
    25.45145     21.67649    -13.07595
    33.88533     44.97940    -11.91322
    48.45870     45.30940    -17.53181
    27.16220     41.81880     -6.56650
    40.56275     34.46782    -11.87858
    45.52847     42.96070     -7.97792
    18.80890     31.07209     -8.62357
    22.76698     34.72145    -11.67520
    36.64195     29.56178    -10.17835
    18.61866     28.06923     -7.86338
    25.20178     39.18464    -13.13574
    26.12673     20.94046    -12.43498
    35.90929     47.52510     -9.86618
    48.79557     35.46620    -11.26973
    40.81267     38.23067     -9.73422
    23.18240     35.29223    -11.41992
    35.70913     35.27773     -7.74792
    28.71479     37.94027    -15.10982
    35.87204     28.87590    -18.11935
    38.38286     27.34594    -12.06440
    18.48040     23.89160    -14.04005
    22.09320     20.36050    -13.91980
    50.86240     63.58390    -10.17290
    42.69760     28.65296    -10.34005
    29.19864     34.31825    -12.13336
    36.55339     25.11685     -9.24094
    26.38959     20.83037    -12.37550
    58.42277     48.84953     -9.99174
    45.51228     39.43856     -6.91733
    39.32370     35.12960    -22.01330
    25.64145     24.08495    -15.49384
    47.17780     45.27253     -8.81121
    34.02740     43.03405    -17.38535
    23.89290     30.19230    -17.38090
    31.24812     43.55888     -9.56512
    47.10660     39.15178    -14.67042
    55.73524     56.28142    -14.59056
    60.07392     54.47638    -22.08830
    58.42277     48.84953     -9.99173
    56.49821     65.46982    -22.80190
    51.22543     38.93520    -13.14367
    43.75714     36.41267     -8.26792
    41.24120     51.32250    -16.82890
    40.14180     50.56540    -15.18710
    46.31780     59.10500    -13.12020
    20.64042     23.49575    -10.05913
    20.53510     23.28862     -9.76208
    37.87014     49.39343    -12.65926
    48.93528     42.34878    -14.88842
    26.98449     38.64045    -12.04276
    29.11120     15.29010    -10.75820
    51.22543     38.93520    -13.14367
    31.17948     34.21653    -15.39267
    47.06749     45.24483     -8.80697
    48.75987     48.23653    -15.20264
    50.08300     56.19730     -9.08960
    34.02740     43.03405    -17.38535
    42.62207     37.95609     -7.29838
    48.35804     49.93438    -11.78546
    20.10157     22.97582     -8.96869
    31.99072     26.68817    -11.35358
    24.11910     31.65590    -14.19770
    48.79175     42.35492    -10.04179
    51.58275     58.18760    -19.00190
    29.89900     39.27480    -15.11640
    34.67719     31.17704    -11.50861
    34.26220     45.06481    -12.25976
    38.60608     29.30660     -9.71290
    33.88677     47.73594    -11.57193
    20.85305     23.57644    -10.37962
    51.50880     41.15050    -12.71679
    40.80994     38.22784     -9.73259
    18.63825     28.07649     -7.87769
    40.58552     34.71369    -12.07167
    25.44007     21.96057    -13.19909
    54.00120     64.80940    -19.34930
    50.69786     45.12876    -10.83923
    38.25329     32.03854    -20.05481
    30.50810     19.00410     -7.59800
    41.33748     38.77031    -10.16640
    42.59110     33.39121    -12.85015
    50.68390     59.11995    -23.82775
    26.93383     38.61079    -12.07166
    32.88319     25.03375    -10.44188
    19.91350     26.11470     -7.88740
    50.24551     44.27495    -11.12781
    25.99787     37.98010     -8.20084
    51.07740     53.31000    -15.06350
    40.56325     34.47012    -11.88047
    56.56050     60.99320    -19.21710
    38.38263     27.34620    -12.06425
    41.50356     54.28216    -10.31885
    45.03290     31.48270    -15.08140
    52.15470     38.42500    -10.76880
    33.86842     47.52429    -11.71627
    58.97410     64.07940    -21.15830
    37.89980     44.14495    -23.53815
    38.01875     41.09373    -18.58038
    50.34856     57.25712    -24.11597
    45.19670     37.90310    -13.15870
    27.23190     17.19050    -14.70600
    53.06328     43.54566    -13.33464
    45.85810     52.15090    -21.02200
    36.88699     27.33767    -21.91533
    18.80891     31.07208     -8.62357
    32.67114     24.76731    -10.59678
    43.42113     34.36991     -8.67565
    17.76235     26.27003     -7.60677
    54.25357     50.15854    -12.42902
    42.10969     38.86939    -12.52649
    16.96380     23.96540    -10.14870
    43.05114     41.64111     -9.55046
    26.80230     12.92620     -8.95300
    49.66404     36.72931    -12.19916
    35.40300     49.71474     -6.85508
    40.66768     27.56884     -8.13896
    32.99360     28.94420    -10.75110
    50.23529     44.36302    -11.17531
    32.88600     25.03747    -10.43992
    42.53090     28.81030    -10.09920
    41.61600     29.16591    -14.90188
    15.83380     25.39500     -6.60680
    50.45902     57.22641    -24.32591
    37.76010     32.13596    -12.15968
    33.76788     45.00059    -12.05682
    31.32136     43.64422     -9.52428
    46.75692     38.85821    -14.62933
    34.85787     31.17190    -12.11619
    45.52844     42.96070     -7.97785
    42.62210     37.95604     -7.29840
    38.01878     41.09377    -18.58035
    35.72492     20.40162    -15.08711
    52.22112     52.03277     -7.85662
    20.62090     25.06050    -19.23630
    33.79486     44.99276    -12.00919
    53.06331     43.54494    -13.33553
    33.43116     37.59257    -17.28201
    64.60260     55.96750    -25.49600
    57.33244     47.87367    -16.86357
    26.93198     38.61007    -12.07187
    55.10430     56.03850     -8.77580
    33.71624     26.37003    -20.41644
    21.21272     23.31685    -10.56387
    22.21925     26.08285    -11.90168
    18.63996     28.07609     -7.87650
    19.58385     27.42150    -14.39125
    28.44209     24.95410    -14.19346
    35.23571     32.67551     -7.50531
    25.12850     32.76800    -17.31850
    21.11153     23.35159    -10.48183
    54.26718     46.37661    -13.61455
    49.00437     56.78869    -23.49486
    34.86110     25.91790    -13.95890
    49.30620     64.84760    -26.27330
    30.68801     42.64281     -9.78570
    23.31898     23.92643    -13.32052
    60.42100     50.59010    -20.36510
    52.17023     52.07117     -7.81504
    35.95029     29.82386    -11.59649
    18.59746     25.18871     -8.05671
    52.22391     47.40586    -11.19456
    40.02470     24.98110    -13.12710
    21.29537     23.62881    -10.90598
    49.96446     57.36375    -23.33679
    58.90550     50.36640    -17.29480
    42.24484     37.44074    -11.62148
    24.40708     33.42645    -13.91275
    25.89790     32.00640    -13.19250
    31.33950     24.58480     -7.06100
    59.60980     51.79556    -10.04868
    51.82943     41.27854    -13.05911
    42.24441     37.43890    -11.62045
    41.97472     26.97365     -9.14124
    31.37160     34.32400     -9.00520
    50.19370     62.41980    -26.10540
    40.54080     41.92350    -11.80240
    47.18964     39.22175    -14.68008
    17.53956     27.22228     -6.97503
    30.33190     32.13280    -16.13087
    52.24743     47.49051    -11.23819
    18.80891     31.07207     -8.62351
    51.57280     41.24105    -12.78221
    34.55853     31.19461    -11.14275
    35.36911     46.88331     -9.97139
    34.01004     44.92463    -11.49871
    44.37590     30.46530    -13.50520
    29.54107     20.12765    -12.90275
    43.86704     35.50388    -12.79120
    28.44211     24.95412    -14.19341
    49.83630     62.97820    -21.28470
    59.60966     51.79516    -10.04858
    37.87018     49.39343    -12.65910
    49.68877     44.39028    -11.76044
    41.00810     31.56480    -19.21380
    29.60541     20.05298    -12.89976
    54.07984     46.16956    -13.55365
    18.16003     27.81493     -7.48941
    39.77640     26.12720    -22.34250
    37.56120     24.48320     -6.56660
    40.52814     34.28401    -11.88980
    51.48877     41.71633    -12.67003
    30.33190     32.13280    -16.13087
    45.61823     42.98730     -7.97463
    42.77176     39.52497     -6.50107
    48.79182     42.35489    -10.04182
    39.75000     45.54630    -18.71949
