    43.08599     41.62224     -9.56794
    29.33066     42.15699     -5.99916
    38.98377     36.22336     -8.36501
    39.37295     31.93589     -8.48792
    40.44736     32.71985    -13.11550
    43.08636     41.62205     -9.56813
    55.82150     57.28757     -9.82908
    33.30580     17.84170    -15.31120
    51.80411     41.28080    -13.03219
    40.39581     32.82000    -13.45518
    38.02350     27.05190     -8.34205
    43.75716     36.41267     -8.26791
    42.12026     29.58093     -8.32223
    41.49530     50.84940    -19.94120
    43.05120     41.15400    -13.59075
    51.59862     41.17524    -12.81367
    36.19810     21.13200    -22.24690
    53.06328     43.54560    -13.33471
    31.53905     37.69295    -16.98600
    50.79850     64.61575    -15.10105
    18.62366     28.06890     -7.86515
    47.04048     39.09919    -14.66144
    42.24458     37.43967    -11.62085
    48.93523     42.34884    -14.88845
    40.65066     54.38546    -10.18488
    33.85020     20.85440    -17.85220
    40.20513     54.31902    -10.21089
    18.62326     28.06883     -7.86499
    42.49547     28.86205    -10.05766
    21.75553     22.76802    -10.47617
    38.54246     28.02394    -14.97847
    26.16664     20.93799    -12.39150
    35.47335     36.87208    -14.62914
    35.47335     36.87208    -14.62914
    38.74240     31.71105    -14.10058
    33.61236     46.42533    -10.23679
    42.08658     39.24798    -11.56439
    48.79182     42.35482    -10.04187
    25.80061     21.07242    -12.14829
    54.05162     50.04932    -12.26788
    39.66380     39.17040     -8.58565
    32.15941     22.89817     -8.89018
    33.31518     46.37450    -10.44100
    41.29252     27.24163     -8.59584
    40.72989     27.56567     -8.26114
    47.41713     37.60167    -10.37820
    56.20380     62.35240    -17.98270
    42.08106     39.52586    -10.83417
    28.37070     40.67040    -13.65690
    48.25314     39.84020    -10.68157
    26.60568     38.64267    -12.20235
    34.84087     31.40922    -13.53639
    29.53278     20.13733    -12.90299
    31.21057     43.48751     -9.57665
    49.25755     49.02100     -7.44625
    38.78103     31.69405    -14.17662
    33.58383     20.44278    -12.46738
    34.93250     18.55510     -9.84340
    46.50560     40.92520    -10.37440
    26.10114     20.98706    -12.42463
    40.12616     28.16245     -8.40843
    40.33272     27.95628     -8.32908
    28.66127     22.63823    -11.79757
    44.04020     51.88685    -23.33570
    32.50693     22.60435    -10.15063
    20.28262     23.10299     -9.29832
    49.59680     37.17130     -8.03180
    48.25314     39.84020    -10.68157
    30.86905     30.06065     -7.70440
    43.08599     41.62225     -9.56795
    44.85030     47.70500     -5.77110
    56.56087     65.46616    -22.86743
    43.04876     34.49947    -12.34008
    34.92637     36.01137    -17.26194
    42.22530     29.96852     -8.14302
    42.21122     29.69821     -8.32911
    37.74590     26.71980    -18.65540
    40.56505     32.54303    -12.38479
    52.22097     47.40495    -11.18896
    63.52225     57.30995    -23.67305
    52.02880     46.08759     -9.36434
    41.30010     36.23470    -22.85650
    49.70141     36.78534    -12.24060
    36.57226     25.11774     -9.47182
    42.59974     33.38829    -12.87020
    42.78257     33.97049    -12.47126
    45.98241     43.11093     -8.04379
    35.82124     28.06711    -12.73953
    51.67755     41.28823    -12.89442
    54.83855     50.48444    -12.89054
    32.32411     22.75893     -9.48740
    42.68188     57.25722    -10.30129
    56.20423     65.19242    -22.73875
    56.25978     65.23564    -22.75837
    56.27444     65.25021    -22.76089
    20.97920     23.35807    -10.32771
    35.77407     30.00180    -11.98561
    56.17735     65.16957    -22.73085
    33.58382     20.44278    -12.46739
    33.58382     20.44278    -12.46739
    33.58382     20.44278    -12.46739
    54.10279     50.07677    -12.30877
    50.75259     64.38949    -24.55033
    38.98373     36.22331     -8.36497
    30.07695     36.22878    -13.79026
    45.45240     34.36470     -9.65390
    42.62207     37.95610     -7.29836
    42.51754     28.82426    -10.17561
    38.23504     28.18622    -14.98273
    25.31182     35.12176     -8.41496
    56.33061     65.28678    -22.78659
    18.59718     25.18906     -8.05654
    24.40038     33.42382    -13.91137
    38.38294     27.34584    -12.06446
    55.82150     57.28757     -9.82907
    18.49167     27.99722     -7.75741
    55.82150     57.28758     -9.82907
    55.82150     57.28758     -9.82907
    53.02988     51.56751     -8.43917
    47.70320     45.95270    -14.10210
    40.41258     34.04689    -12.30896
    32.73970     25.93380    -17.92810
    36.25491     47.93326     -9.79805
    33.42891     37.57566    -17.26585
    21.01720     23.36578    -10.37784
    50.69111     44.84738    -10.95643
    20.24470     23.08274     -9.23504
    45.87456     43.07491     -7.99964
    28.44212     24.95413    -14.19340
    33.13093     32.36460     -7.42086
    26.16684     20.93787    -12.39151
    30.09097     41.83975    -10.00586
    51.17067     40.83125    -12.36859
    30.39389     42.22821     -9.89470
    49.17569     36.02215    -11.67969
    33.02913     45.21813    -12.97335
    59.60980     51.79560    -10.04868
    33.58383     20.44278    -12.46739
    31.21281     43.49165     -9.57578
    46.20570     32.72890    -11.25580
    50.76553     45.27992    -10.76554
    51.90309     41.27435    -13.14041
    33.71623     26.37002    -20.41644
    57.78140     45.95380    -19.94950
    58.41295     47.54110    -11.12660
    52.42113     51.91041     -7.97249
    18.67370     24.49300    -17.50850
    42.62207     37.95610     -7.29836
    32.58410     28.10750    -21.45320
    37.72439     32.14568    -12.08586
    34.17950     22.68200    -16.91630
    43.15294     34.39344    -10.85169
    53.01801     51.59865     -8.29190
    31.25104     43.55406     -9.56044
    42.38348     29.03977     -9.46610
    48.45870     45.30940    -17.53180
    33.75218     44.99160    -11.98701
    17.99510     27.69994     -7.34735
    36.57226     25.11775     -9.47182
    36.09120     31.10600    -21.94950
    42.68462     41.83949     -9.36654
    45.67001     43.00910     -7.99486
    51.74416     49.58136    -10.23524
    34.82572     46.49102    -10.11074
    53.51455     55.13694     -8.22020
    41.67870     27.08954     -8.89164
    49.68954     36.76751    -12.22743
    31.25104     43.55407     -9.56044
    33.31830     15.36970    -29.73350
    34.91528     46.57854    -10.12858
    39.94964     33.92957    -11.80297
    49.86101     57.28306    -23.40097
    35.71150     20.39277    -14.90373
    35.71164     20.39299    -14.90422
    39.05114     29.23668     -9.84841
    43.03698     41.64878     -9.54335
    40.13918     27.87133     -7.80419
    38.76475     34.25019    -14.03515
    48.13980     62.62900    -16.83150
    29.56248     43.33097    -14.15310
    42.54994     28.78520    -10.20467
    43.74495     35.34478    -12.68636
    25.43866     21.94379    -13.19472
    58.47899     56.43918     -9.79051
    41.92380     46.97900    -10.85520
    56.69980     52.80560     -9.72560
    42.41455     31.12231     -7.92661
    50.37132     57.25080    -24.15921
    45.67002     43.00909     -7.99487
    20.85311     23.31811    -10.14629
    33.21222     25.45050    -10.20278
    31.17543     36.06573    -12.48365
    42.39392     29.07821     -9.45323
    52.42113     51.91040     -7.97253
    36.71305     34.25585    -12.09360
    40.26988     54.35839    -10.18342
    24.31689     33.39117    -13.89433
    33.42315     37.53235    -17.22446
    20.34181     24.53398    -10.55750
    39.93236     54.16259    -10.30835
    37.87014     49.39343    -12.65924
    35.83044     28.20970    -12.80269
    49.25755     49.02100     -7.44625
    35.47336     36.87208    -14.62914
    25.64145     24.08495    -15.49385
    45.59833     43.02614     -8.32000
    31.90063     45.74896    -14.40898
    19.58385     27.42150    -14.39125
    46.87253     44.28560    -14.99076
    38.82103     31.63376    -14.23331
    23.59260     34.84070    -14.41390
    30.94220     23.06340    -14.43650
    35.40304     49.71477     -6.85518
    47.41711     37.60167    -10.37824
    51.17465     45.36963    -10.65618
    56.32926     65.28590    -22.78596
    33.16640     41.19940     -6.84530
    31.68130     13.26550    -28.55530
    42.30632     32.10678     -7.77303
    36.90690     24.60850    -16.54050
    31.69463     21.49107    -11.81383
    23.20927     37.12850     -9.00636
    47.41713     37.60167    -10.37819
    34.70994     31.21697    -11.87156
    55.90230     62.32160    -24.12560
    26.16664     20.93799    -12.39150
    26.16672     20.93792    -12.39143
    42.48780     28.87421    -10.01701
    40.90650     54.36163    -10.21839
    34.87872     46.57341    -10.13077
    44.08075     35.59616    -12.56820
    26.67570     23.94420    -17.96450
    33.42333     37.53370    -17.22576
    38.30872     29.34842     -9.76239
    30.99390     43.16351     -9.66486
    46.87096     38.95777    -14.64114
    24.40039     33.42382    -13.91138
    42.52589     28.80793    -10.22386
    38.01877     41.09375    -18.58036
    52.21910     47.39728    -11.18436
    33.87874     47.70489    -11.60490
    31.75653     42.68051    -12.74543
    41.17355     36.50570     -8.23345
    17.33254     27.30326     -6.80008
    43.56740     35.12792    -12.57221
    49.58977     36.62090    -12.11926
    49.58976     36.62089    -12.11925
    35.47334     36.87207    -14.62912
    32.24779     45.53826    -13.96663
    35.43482     31.55229    -13.10019
    35.71161     20.39295    -14.90414
    41.94505     31.57028    -14.08891
    46.33920     54.49780     -6.72030
    49.86517     45.50151    -10.56347
    45.51227     39.43854     -6.91733
    41.61491     29.16652    -14.90595
    35.70823     20.38346    -14.89333
    17.57011     26.70056     -7.35144
    60.19781     54.49381    -22.41337
    35.69293     20.26312    -14.85769
    33.30671     46.36177    -10.17415
    27.21540     11.38560     -5.57460
    21.21540     23.28099    -10.52492
    21.19286     23.28841    -10.50740
    45.67830     43.01176     -7.99502
    43.03267     41.65110     -9.54119
    35.69290     20.26305    -14.85760
    31.21089     43.48817     -9.57653
    17.86890     33.31230     -3.54400
    29.19118     34.32102    -12.12346
    34.27820     23.30980    -10.11930
    46.91680     37.05580     -7.52600
    39.40220     53.76339    -10.56634
    50.51749     44.82158    -10.95038
    54.10292     50.07681    -12.30890
    34.43110     43.09450    -20.58980
    22.21925     26.08284    -11.90167
    27.04646     38.66085    -12.02639
    20.62203     23.26658     -9.84046
    36.55550     25.11705     -9.26659
    27.39817     38.78003    -12.01609
    36.55550     25.11704     -9.26660
    29.56259     43.33122    -14.15260
    41.83525     31.37106    -14.14963
    33.23696     46.36018    -10.17719
    35.71150     20.39276    -14.90375
    42.03966     39.25508    -11.38143
    39.93920     54.16869    -10.30552
    58.41295     47.54110    -11.12660
    20.78460     29.74560     -9.72620
    43.24610     44.68840    -18.05850
    56.67740     60.55160     -9.56270
    42.45801     32.87092    -13.28216
    51.41828     41.07577    -12.62283
    40.46795     34.26100    -11.93777
    23.84950     21.80500    -18.29680
    50.28900     44.35945    -11.11944
    33.13093     32.36460     -7.42087
    35.71152     20.39278    -14.90380
    36.88698     27.33766    -21.91533
    35.09940     46.67507    -10.04371
    36.55552     25.11714     -9.26663
    41.22470     27.28040     -8.54653
    42.19826     32.34091     -7.72198
    31.17939     34.21653    -15.39253
    42.24458     37.43968    -11.62085
    54.30088     50.18657    -12.46537
    26.20382     20.91307    -12.38725
    49.47780     46.84670     -7.65100
    31.31775     30.96810    -11.87025
    26.16664     20.93799    -12.39150
    53.17139     51.51401     -8.38273
    45.60313     43.02740     -8.31792
    28.44211     24.95412    -14.19341
    37.08390     30.71460    -18.53325
    33.45169     25.75511    -10.02930
    31.07403     37.73107    -23.41490
    18.81813     31.05614     -8.64327
    40.54860     38.45990    -19.46670
    26.91162     38.60102    -12.05722
    36.88697     27.33766    -21.91532
    51.55155     41.23623    -12.75977
    29.33510     42.15914     -5.99803
    48.93523     42.34884    -14.88844
    41.61425     29.16686    -14.90844
    23.20927     37.12850     -9.00635
    45.26320     46.33177    -26.61550
    40.08796     31.60533     -8.40902
    54.28756     46.39912    -13.62117
    42.51385     28.83197    -10.15324
    59.60982     51.79563    -10.04869
    26.16664     20.93799    -12.39150
    36.66557     29.57336    -10.16316
    33.71520     47.30294    -12.08173
    43.90218     35.53170    -12.77419
    49.52683     36.52907    -12.05165
    26.16666     20.93797    -12.39149
    52.05830     52.08280    -12.49850
    45.93963     43.09626     -8.00275
    52.25128     51.98786     -7.90227
    52.22077     52.00847     -7.86387
    42.62207     37.95610     -7.29837
    51.49720     51.13391     -7.98748
    41.37620     26.79190    -13.86710
    52.22051     52.00858     -7.86375
    42.62207     37.95610     -7.29837
    45.47530     58.13070    -13.98000
    51.24920     40.91407    -12.44828
    39.66380     39.17040     -8.58565
    50.75259     64.38949    -24.55034
    45.68870     59.75300     -9.77230
    23.20927     37.12850     -9.00636
    33.49237     25.79325     -9.99305
    43.05120     41.15400    -13.59075
    48.93520     42.34886    -14.88847
    40.77999     27.51465     -8.24800
    50.35910     43.86988    -11.05769
    46.53930     48.89540    -29.01360
    51.22543     38.93520    -13.14367
    42.41554     29.01060     -9.58359
    34.67065     31.17361    -11.48204
    34.54442     46.53892    -10.16931
    41.47590     54.28374    -10.31676
    41.65180     25.08310    -11.14435
    26.76010     18.81160     -7.32450
    36.42009     29.61029    -10.56497
    57.33243     47.87367    -16.86357
    33.71623     26.37002    -20.41644
    39.80080     27.44242     -6.59640
    29.14655     27.27125    -12.61265
    23.20852     23.64236    -13.19761
    17.74667     26.25217     -7.76357
    48.79182     42.35484    -10.04186
    42.24472     37.44119    -11.62173
    51.88207     51.68831     -7.90162
    34.68368     31.17846    -11.53801
    25.31182     35.12176     -8.41495
    27.17244     38.70728    -12.05523
    32.91172     25.07069    -10.42152
    54.86480     59.73460     -8.00220
    29.53276     20.13736    -12.90299
    51.17156     40.83212    -12.36947
    29.33073     42.15702     -5.99913
    59.60979     51.79557    -10.04867
    51.46888     41.78961    -12.64545
    52.21700     51.94904     -7.90614
    52.18805     52.05784     -7.82587
    42.62207     37.95611     -7.29836
    31.99091     26.68825    -11.35340
    41.06950     48.15990    -22.65070
    52.22080     52.00845     -7.86388
    52.22085     52.00843     -7.86388
    26.99387     38.64247    -12.02838
    56.15560     63.33370    -20.96360
    43.86885     35.49271    -12.75886
    31.93130     42.68053    -12.58406
    45.90210     59.31935    -16.49405
    41.03145     29.97772     -6.84357
    28.72240     33.36090    -21.77620
    33.85636     47.65772    -11.67549
    20.85547     23.31148    -10.14360
    26.77680     26.24690     -8.44700
    39.20111     53.57312    -10.64102
    39.10160     32.04120     -8.48494
    37.87014     49.39344    -12.65926
    54.61300     43.71910    -15.58420
    35.70911     35.27788     -7.74778
    48.75987     48.23653    -15.20264
    35.47335     36.87208    -14.62914
    28.51593     39.16045    -11.97934
    36.19810     21.13200    -22.24690
    52.14663     52.02402     -7.84540
    42.12044     29.47224     -8.42875
    51.58449     41.23980    -12.79546
    42.16908     31.92882    -14.11023
    56.57334     65.46589    -22.88010
    29.98150     19.03190    -22.11260
    39.93560     36.78020    -12.50270
    26.74927     38.48690    -11.17728
    41.70190     54.23911    -10.36988
    35.82124     28.06714    -12.73971
    35.71163     20.39298    -14.90419
    29.53275     20.13737    -12.90299
    42.68196     57.25731    -10.30130
    20.15034     23.01200     -9.05928
    35.67877     20.19464    -14.80353
    23.53452     35.49301    -11.60545
    42.50711     28.70204    -11.32749
    58.47912     56.43915     -9.79066
    23.52800     19.46980    -17.71530
    40.84958     38.26985     -9.76572
    53.06327     43.54560    -13.33470
    20.69881     23.50856    -10.13411
    48.75987     48.23653    -15.20263
    36.68223     29.51719    -10.15110
    47.20140     45.27846     -8.81211
    33.71623     26.37003    -20.41644
    49.86515     45.50153    -10.56346
    31.87280     20.59970    -17.55220
    41.84140     25.26080    -20.14920
    44.04020     51.88685    -23.33570
    33.36837     37.12029    -16.83092
    42.22978     29.32424     -8.72578
    18.87686     30.95472     -8.76847
    19.99033     22.80690     -8.67094
    23.85310     18.00990    -15.17350
    42.35293     29.19913     -9.23600
    28.66128     22.63823    -11.79755
    51.00317     45.12507    -10.85619
    29.56233     43.33070    -14.15369
    50.22272     44.42650    -11.19795
    17.23161     27.25254     -6.65989
    53.51456     55.13696     -8.22021
    53.51456     55.13695     -8.22020
    22.60500     21.19557    -10.39500
    38.25330     32.03872    -20.05496
    40.88005     53.04405    -11.06630
    36.57215     29.58799    -10.19367
    38.02350     27.05190     -8.34205
    28.63199     39.32347    -11.67116
    52.29109     41.30514    -13.56455
    26.16673     20.93792    -12.39145
    37.08390     30.71460    -18.53325
    26.16664     20.93799    -12.39150
    31.81534     42.68043    -12.69131
    45.03256     40.63329    -13.12467
    45.26320     46.33177    -26.61550
    43.47675     56.01875    -13.75455
    34.97370     17.34560     -5.57550
    33.63985     45.04243    -12.21214
    24.61870     19.79740    -14.35230
    35.91333     29.49022    -13.37000
    43.75715     36.41267     -8.26791
    20.85547     23.31149    -10.14360
    31.99079     26.68820    -11.35351
    46.85192     43.39120     -8.02938
    36.55550     25.11702     -9.26659
    36.55549     25.11702     -9.26659
    30.86905     30.06065     -7.70440
    20.78430     28.26350     -8.84910
    52.11618     51.94755     -7.87075
    35.71324     20.39985    -14.91003
    31.25097     43.55394     -9.56046
    21.19574     23.28807    -10.51035
    55.73524     56.28142    -14.59056
    55.73524     56.28142    -14.59056
    53.51458     55.13700     -8.22023
    39.37208     31.93621     -8.48774
    35.83698     20.15039    -17.27485
    57.33243     47.87367    -16.86357
    35.85732     27.98216    -12.72510
    29.33955     20.36249    -12.91009
    54.20535     53.17060    -11.72900
    27.50250     26.71570    -23.59695
    39.51690     31.86929     -8.47182
    27.50250     26.71570    -23.59695
    48.79180     42.35487    -10.04183
    39.88480     44.21870    -21.71450
    55.73524     56.28142    -14.59056
    42.24458     37.43968    -11.62085
    26.12423     20.95233    -12.43753
    36.90148     29.50646    -10.13869
    17.47130     26.22080    -16.68800
    42.93069     34.33856    -12.17152
    42.93804     34.35568    -12.15877
    23.20927     37.12850     -9.00637
    53.11571     51.58568     -8.29235
    37.91520     46.93580    -17.84970
    48.35804     49.93438    -11.78545
    50.32220     44.47977    -11.13875
    22.60500     21.19557    -10.39500
    43.03542     41.64962     -9.54257
    54.25562     46.36382    -13.61079
    20.80734     23.67019    -10.39708
    48.76203     35.42370    -11.24007
    21.10135     23.40755    -10.52387
    17.24859     27.45558     -6.79212
    35.68782     20.24396    -14.83993
    23.54367     35.50080    -11.60666
    38.76494     31.72105    -14.15547
    30.22980     15.70690    -15.74770
    42.69943     28.65210    -10.33803
    35.71455     20.40655    -14.91506
    35.16500     31.33740    -20.25100
    21.86010     30.31000    -12.24100
    48.80746     35.48909    -11.28827
    54.10304     50.07684    -12.30900
    45.79350     49.08670    -22.09160
    46.85192     43.39121     -8.02938
    31.51929     43.88162     -9.41601
    35.23564     32.67560     -7.50527
    23.24034     35.35470    -11.40861
    29.56244     43.33092    -14.15323
    42.68200     57.25735    -10.30130
    40.30490     24.11620     -6.60510
    46.87254     44.28559    -14.99073
    59.60984     51.79568    -10.04871
    52.12363     47.07151    -10.93136
    42.09039     38.93499    -12.39141
    50.26191     44.40860    -11.16875
    38.30370     23.94830     -8.91820
    51.74500     49.58032    -10.23675
    35.72297     20.38034    -15.09551
    32.73131     45.29233    -13.35124
    33.32650     25.59728    -10.12071
    31.07404     37.73107    -23.41490
    31.99076     26.68818    -11.35355
    41.31760     52.31690    -14.82860
    40.60076     38.02283     -9.56547
    54.10298     50.07683    -12.30896
    49.99595     57.34848    -23.40519
    17.97880     25.96175     -7.84402
    51.97980     66.01210    -13.33990
    18.59736     25.18883     -8.05665
    31.75429     42.68050    -12.74753
    27.96410     38.97545    -12.00305
    50.79850     64.61575    -15.10105
    52.34130     59.66545    -23.63570
    56.20423     65.19242    -22.73875
    40.52945     32.62320    -12.53231
    45.19670     37.90310    -13.15870
    25.99982     37.98028     -8.20585
    41.41570     53.02850     -7.48610
    45.56780     26.47630    -13.16380
    39.40110     40.90210     -9.53460
    30.33820     37.81790    -19.32930
    32.82340     36.71140     -9.76700
    40.47468     54.44071    -10.12563
    42.25398     30.18736     -8.10566
    38.75298     29.28321     -9.82946
    45.62424     43.03818     -8.38854
    48.79180     42.35488    -10.04183
    47.16697     45.26981     -8.81079
    26.16667     20.93797    -12.39150
    41.65180     25.08310    -11.14435
    29.95196     36.16134    -14.09670
    32.41062     22.68580     -9.80103
    48.79178     42.35488    -10.04182
    22.21924     26.08283    -11.90167
    33.42280     37.52976    -17.22196
    30.66160     41.06190    -14.08760
    37.81780     32.79150     -8.25670
    18.81813     31.05614     -8.64327
    31.07403     37.73107    -23.41490
    40.80899     27.02548     -8.14788
    44.07997     35.69186    -12.68919
    42.08373     29.65204     -8.18101
    42.15532     29.51233     -8.46555
    17.42742     27.36222     -6.87766
    18.85385     23.69515     -6.19585
    26.94254     38.61234    -12.05541
    35.47335     36.87207    -14.62913
    45.43350     37.07014     -9.16824
    46.54757     43.28977     -8.01461
    59.60980     51.79559    -10.04868
    39.51313     31.87106     -8.47230
    31.40773     43.75124     -9.47814
    18.85385     23.69515     -6.19585
    23.15820     21.42410     -5.53430
    31.14195     43.38220     -9.60472
    50.54710     44.66941    -11.01205
    51.31035     45.41494    -10.80063
    23.59760     29.32030    -13.29600
    42.96997     34.38783    -12.19976
    48.79178     42.35489    -10.04181
    34.92637     36.01137    -17.26193
    24.86780     14.60160     -8.73950
    41.83526     31.37105    -14.14962
    51.58275     58.18760    -19.00190
    41.61536     29.16627    -14.90429
    35.72214     20.37717    -15.09069
    23.24712     23.74553    -13.24427
    33.33738     25.61117    -10.11287
    29.57350     28.33810    -19.65320
    48.93523     42.34883    -14.88846
    39.63238     53.95591    -10.44630
    49.79440     54.26780    -26.21010
    51.74385     49.58174    -10.23466
    51.74413     49.58138    -10.23518
    51.74401     49.58153    -10.23496
    43.41571     34.37023     -8.71778
    64.62510     57.33450    -26.74960
    41.61493     29.16653    -14.90591
    40.42199     32.77479    -13.27458
    37.48920     37.95930    -10.00680
    30.24730      9.53290    -16.80930
    41.29230     27.24168     -8.59563
    42.77176     39.52498     -6.50107
    35.71455     20.40655    -14.91506
    44.34835     33.19730    -15.57255
    41.15710     25.76320    -17.02690
    31.17912     34.21650    -15.39201
    30.33190     32.13280    -16.13088
    56.27390     53.54740    -12.86100
    33.28668     46.08877    -12.82238
    16.49600     29.29630    -16.03870
    42.90211     34.23567    -12.17873
    54.25061     46.35829    -13.60915
    47.21138     39.23640    -14.68411
    33.40600     25.69774    -10.06282
    52.22051     52.00858     -7.86373
    40.43220     33.91863    -11.97481
    53.51456     55.13696     -8.22021
    29.76309     35.88025    -14.90715
    33.40599     25.69775    -10.06283
    56.32945     65.28598    -22.78609
    48.35804     49.93438    -11.78545
    47.47737     34.54642     -8.64703
    40.12900     23.35350    -20.44900
    23.19551     23.60915    -13.18337
    25.35550     39.39550    -15.87860
    23.50138     24.43015    -13.55518
    30.19360     15.51390    -22.92640
    28.38260     18.26430    -13.36990
    37.71175     21.22870    -17.09985
    20.46863     23.22000     -9.61952
    47.47754     34.54654     -8.64604
    26.85838     38.58031    -12.06129
    52.43970     64.98020    -23.98260
    31.75745     42.68050    -12.74460
    41.98760     42.60780    -23.76900
    45.03256     40.63329    -13.12466
    25.99983     37.98030     -8.20587
    45.03256     40.63329    -13.12466
    33.42331     37.53358    -17.22564
    45.03790     49.15630    -27.34960
    34.84062     31.40932    -13.53699
    41.78775     31.28161    -14.18969
    26.16674     20.93791    -12.39145
    31.32112     43.63507     -9.52117
    30.33190     32.13280    -16.13087
    40.92580     27.62060    -20.48360
    42.62208     37.95617     -7.29835
    37.77550     45.24520    -21.96600
    37.74650     30.73250    -21.58330
    49.67296     57.31648    -23.05262
    42.88980     26.81090    -14.48280
    52.21874     47.39502    -11.18364
    31.70093     35.87757    -15.40090
    31.70093     35.87757    -15.40090
    35.47336     36.87209    -14.62916
    43.47675     56.01875    -13.75455
    42.62206     37.95610     -7.29835
    45.29831     35.90161    -10.91972
    40.37567     32.83068    -13.60214
    42.62207     37.95609     -7.29835
    42.54460     28.77552    -10.33852
    37.72439     32.14582    -12.08610
    42.87762     34.18955    -12.27768
    46.61505     46.32645     -6.55380
    47.41713     37.60167    -10.37819
    40.31110     32.90610    -14.04031
    40.39391     32.80054    -13.48500
    50.28940     44.35933    -11.11901
    32.02910     31.05970     -8.60630
    31.17939     34.21653    -15.39253
    34.51110     24.52160    -19.07710
    53.06327     43.54567    -13.33462
    45.21323     42.84736     -7.30501
    55.23120     49.96620     -3.99030
    32.64305     26.60800     -7.40330
    38.78104     31.69415    -14.17657
    35.46990     18.70776    -14.30413
    48.35804     49.93438    -11.78547
    39.92923     54.15971    -10.30963
    35.78586     28.00150    -12.78179
    48.35804     49.93438    -11.78546
    33.38660     39.33160    -21.26650
    48.73470     61.40290    -11.50270
    36.09748     29.80867    -11.26859
    18.81813     31.05614     -8.64326
    43.41571     34.37021     -8.71777
    49.86522     45.50151    -10.56349
    41.41492     27.17165     -8.68282
    45.90210     59.31935    -16.49405
    27.69900     39.58950     -6.07220
    54.25431     46.36238    -13.61036
    35.87264     28.87572    -18.11998
    34.37709     31.22145    -10.53309
    28.71479     37.94027    -15.10983
    41.17355     36.50570     -8.23345
    33.42913     37.57723    -17.26735
    37.87014     49.39343    -12.65927
    36.14400     37.72220     -9.44070
    16.01460     27.88150    -21.06910
    30.77680     27.94290    -10.40010
    40.52294     34.33103    -11.94003
    40.13917     27.87134     -7.80419
    17.83278     26.25032     -7.01943
    49.68947     57.54316    -22.42525
    42.07990     39.56202    -10.74001
    40.88005     53.04405    -11.06630
    35.72154     20.37498    -15.08771
    25.52350     14.22830    -15.46170
    23.25280     28.10120     -9.25690
    31.44481     42.68132    -13.03164
    48.57480     35.23147    -11.12768
    32.99440     14.82930    -12.25890
    40.53471     34.69078    -12.21765
    50.32950     44.41252    -11.10057
    41.44500     25.02200     -7.22820
    35.71470     20.40736    -14.91569
    41.89600     44.71240    -16.53980
    40.49715     32.77999    -12.62862
    34.88919     46.59339    -10.17064
    46.87255     44.28559    -14.99070
    47.10507     39.14849    -14.67106
    25.99874     37.98019     -8.20307
    35.47336     36.87208    -14.62915
    29.25512     34.25426    -12.17216
    50.08760     44.22867    -11.31107
    47.03619     43.45596     -8.05383
    38.47814     28.05787    -14.97940
    37.53750     35.57940    -10.89980
    34.92637     36.01137    -17.26193
    43.18146     34.66151    -12.32901
    37.72441     32.14564    -12.08586
    43.04442     34.46490    -12.13747
    39.75000     45.54630    -18.71950
    24.42659     33.43405    -13.91672
    26.80950     38.55911    -12.06336
    52.49012     51.88646     -8.00531
    22.64780     24.30780     -8.40420
    43.41558     34.37021     -8.71852
    52.34364     52.46430     -7.46641
    48.79180     42.35487    -10.04183
    34.02301     44.90328    -11.43867
    55.09704     50.62942    -13.09387
    39.50695     31.87397     -8.47307
    20.84940     19.39410    -12.48970
    37.12710     19.25490    -13.25670
    39.36892     31.93755     -8.48787
    21.13296     23.31912    -10.46742
    39.41130     29.35850    -24.47000
    29.23350     19.06460    -10.50650
    43.41540     34.37022     -8.71977
    51.56981     41.42156    -12.77078
    43.81303     35.44553    -12.78359
    40.29560     54.50806    -10.05520
    30.85250     26.72530     -8.67040
    40.38490     27.74260     -7.96570
    39.59288     53.92090    -10.47011
    40.31018     34.15295    -13.23538
    20.34179     24.53369    -10.55730
    42.10306     29.61793     -8.25149
    35.78170     20.59733    -15.12351
    35.71235     20.39589    -14.90671
    48.35809     49.93432    -11.78535
    43.94640     28.53020    -14.08800
    28.44286     39.13664    -11.98138
    53.17977     51.51292     -8.37424
    23.27893     23.82375    -13.27579
    44.34835     33.19730    -15.57255
    53.29760     56.71430    -24.11930
    47.55191     39.48937    -14.73763
    41.61496     29.16650    -14.90578
    42.01532     39.46268    -10.76597
    52.47114     51.85739     -8.02145
    49.85750     46.81460    -14.13820
    26.16686     20.93781    -12.39138
    36.32960     29.68460    -10.86936
    52.17710     64.52120    -13.20430
    63.63890     59.54110    -21.47440
    43.87240     46.62340    -23.87660
    28.50813     38.87242    -12.67626
    41.61508     29.16650    -14.90535
    33.80621     47.53585    -11.80779
    52.19315     47.33147    -11.16269
    35.87241     28.87579    -18.11974
    50.21050     49.60490    -15.33280
    38.01877     41.09375    -18.58036
    36.90148     29.50646    -10.13869
    35.54519     30.28711    -12.22538
    49.22880     39.52600    -14.66970
    36.55550     25.11706     -9.26660
    35.70060     30.05279    -12.17212
    42.07473     38.86308    -12.61482
    18.08720     28.36950    -18.64750
    52.27888     47.62134    -11.28486
    48.80745     35.48910    -11.28829
    39.76564     29.14674    -10.16781
    48.35803     49.93439    -11.78548
    27.05568     38.66411    -12.02555
    58.47887     56.43921     -9.79035
    26.94254     38.61234    -12.05543
    59.59970     51.27030    -15.21760
    36.63240     51.07660     -5.95940
    42.25673     29.26242     -8.84695
    17.36435     27.21622     -6.87387
    32.44750     22.65462     -9.93479
    35.23571     32.67552     -7.50531
    38.44290     46.34840    -21.20660
    40.01706     34.15831    -12.74479
    23.20927     37.12850     -9.00636
    39.80332     33.17312    -17.74866
    35.21890     16.95400    -12.52680
    38.47898     28.05744    -14.97937
    49.00242     35.77078    -11.49505
    38.27440     28.36460    -17.94510
    33.90460     29.79770    -20.04260
    23.02404     35.08897    -11.49663
    35.02014     30.95423    -12.13089
    58.42277     48.84953     -9.99173
    51.50181     45.75754    -10.57162
    42.38472     31.78729     -7.82743
    22.99318     23.12092    -12.99261
    33.21922     46.40705    -10.99107
    41.89381     27.00492     -9.06954
    37.72018     32.14603    -12.07591
    40.08796     31.60533     -8.40902
    42.72104     31.97780    -15.79502
    41.61666     54.25821    -10.34720
    40.60200     44.28370    -25.14600
    43.41573     34.37018     -8.71778
    32.64305     26.60800     -7.40330
    42.36739     32.50350    -13.59676
    43.92247     35.55375    -12.77909
    24.71890     36.05751    -12.38709
    41.89520     27.00440     -9.07089
    33.45612     25.76065    -10.02573
    29.53266     20.13747    -12.90300
    33.42333     37.53368    -17.22574
    28.89630     24.24160    -22.32350
    48.70913     35.35017    -11.18658
    42.53554     33.14780    -13.05382
    26.16664     20.93799    -12.39150
    29.95196     36.16135    -14.09669
    55.73524     56.28142    -14.59056
    23.20927     37.12850     -9.00637
    32.79942     24.92721    -10.50244
    47.11350     57.17400    -19.60400
    36.25501     47.93342     -9.79802
    16.29530     25.38540    -13.04020
    52.34130     59.66545    -23.63570
    15.02943     27.49729    -12.69385
    40.50763     34.18427    -11.90778
    52.22069     52.00851     -7.86381
    54.25722     46.36560    -13.61130
    34.09500     14.30000     -5.67740
    37.33940     29.20870    -21.84140
    35.31170     42.41710    -24.22580
    40.46135     32.79420    -12.90729
    30.12750     13.82510    -22.58130
    49.67246     57.47501    -22.60822
    60.42956     54.52649    -23.02130
    52.17110     48.81070     -7.24050
    22.60500     21.19557    -10.39500
    45.43353     37.07016     -9.16829
    51.67590     41.28664    -12.89269
    40.40268     34.23128    -15.16339
    21.87920     21.46820    -19.03910
    45.26320     46.33177    -26.61550
    50.96330     47.55530     -7.77730
    25.71450     39.31980     -9.21900
    44.92470     31.47050    -10.29290
    35.46990     18.70776    -14.30414
    50.75259     64.38949    -24.55032
    46.61505     46.32645     -6.55380
    43.92690     43.35860    -25.81570
    42.42138     31.86527     -7.82666
    58.47900     56.43918     -9.79052
    48.79178     42.35489    -10.04181
    28.44880     39.13869    -11.98090
    50.68390     59.11995    -23.82775
    29.56049     20.10506    -12.90196
    45.51228     39.43855     -6.91733
    51.48468     41.14278    -12.69154
    48.79179     42.35487    -10.04183
    48.79179     42.35487    -10.04183
    36.55550     25.11704     -9.26659
    41.61473     29.16662    -14.90663
    25.42043     22.13328    -13.29184
    29.32843     42.15590     -5.99968
    42.50699     28.70208    -11.32814
    42.62207     37.95610     -7.29839
    49.64910     36.70756    -12.18313
    40.33318     34.44163    -12.68267
    55.58560     48.26350    -15.06370
    33.21725     25.45796    -10.19962
    38.25330     32.03868    -20.05493
    24.71889     36.05750    -12.38709
    36.51050     41.11700    -17.67680
    27.37580     19.40650    -13.56040
    43.61260     47.63450    -22.50900
    50.93736     45.12876    -10.85465
    57.58050     64.72880    -20.73380
    20.34179     24.53371    -10.55732
    37.81512     29.39451     -9.86422
    20.34190     24.53305    -10.55693
    30.09320     36.17990    -13.85435
    27.60050     32.67590    -17.18070
    48.79179     42.35488    -10.04182
    35.85732     27.98216    -12.72511
    47.62420     47.50910    -26.54980
    40.52736     32.62898    -12.54402
    32.43487     45.43924    -13.72793
    17.74529     26.25658     -7.75869
    45.03256     40.63329    -13.12466
    36.32418     48.01660     -9.78445
    38.25330     32.03872    -20.05496
    32.20810     44.65016     -9.02090
    42.07625     39.62534    -10.57837
    25.98450     21.12385    -12.56344
    31.31775     30.96810    -11.87025
    36.69930     22.92220     -7.11420
    54.29060     46.40246    -13.62217
    32.51634     45.40381    -13.62525
    35.83044     28.20970    -12.80269
    48.25313     39.84019    -10.68157
    48.25314     39.84020    -10.68157
    35.79951     29.92069    -12.17369
    45.81940     50.76700     -8.41320
    42.49206     28.86780    -10.03934
    40.25851     33.32391    -14.15884
    21.11075     23.41055    -10.53731
    40.84684     27.48368     -8.29563
    45.03256     40.63329    -13.12467
    37.72439     32.14571    -12.08592
    36.73988     25.12481    -11.52408
    49.71470     61.23100    -21.37650
    26.01846     38.07001    -12.54245
    33.42332     37.53360    -17.22566
    27.49549     38.81129    -12.03135
    28.87638     34.65548    -11.88855
    39.87077     33.15105    -17.27560
    35.23574     32.67547     -7.50533
    35.71158     20.39290    -14.90403
    30.12240     27.94340     -5.97000
    32.07731     22.96755     -8.59264
    29.14655     27.27125    -12.61265
    35.83698     20.15039    -17.27485
    34.06720     18.10510    -11.82880
    53.06327     43.54559    -13.33472
    15.02943     27.49729    -12.69384
    29.34630     34.09468    -12.18788
    31.69463     21.49106    -11.81384
    28.66127     22.63823    -11.79756
    36.71305     34.25585    -12.09360
    51.12399     45.31805    -10.78646
    33.97112     44.97189    -11.81645
    38.98372     36.22329     -8.36496
    29.95196     36.16135    -14.09670
    31.69463     21.49107    -11.81383
    31.70093     35.87757    -15.40090
    25.29860     21.43617    -13.29635
    29.19088     34.32133    -12.12323
    28.01250     36.51400    -17.31020
    25.20179     39.18464    -13.13574
    52.46231     41.30196    -13.75591
    46.68703     32.79867     -6.87200
    46.68703     32.79867     -6.87200
    46.68703     32.79867     -6.87200
    25.99927     37.98023     -8.20444
    46.00440     61.43460    -21.12490
    53.13370     51.58547     -8.26739
    29.56243     43.33090    -14.15328
    36.32417     48.01661     -9.78443
    47.47734     34.54642     -8.64725
    50.26249     44.27881    -11.13639
    18.17360     26.44880    -13.23670
    35.40303     49.71476     -6.85515
    53.06328     43.54561    -13.33469
    53.51457     55.13697     -8.22021
    54.10508     50.07779    -12.31074
    36.11270     45.26220    -17.48320
    45.10132     43.14388    -10.57116
    17.78484     26.08069     -8.25383
    45.10134     43.14387    -10.57113
    29.95196     36.16134    -14.09670
    37.72450     32.14574    -12.08623
    35.85732     27.98217    -12.72507
    42.59131     28.69879    -10.68117
    27.78770     28.79800    -19.31580
    54.20535     53.17060    -11.72900
    33.41670     41.00530    -19.54690
    48.72972     35.37952    -11.20808
    35.70911     35.27791     -7.74774
    51.70194     41.22719    -12.92361
    26.94253     38.61234    -12.05540
    23.28229     23.83276    -13.28001
    35.15930     33.41870    -13.77510
    29.95196     36.16135    -14.09670
    39.22560     43.62550    -27.10760
    45.43352     37.07015     -9.16827
    42.68197     57.25733    -10.30132
    58.27590     48.50580    -21.62960
    15.02944     27.49729    -12.69385
    46.17470     43.16659     -7.99114
    31.17940     34.21653    -15.39255
    50.30925     44.64095    -11.05485
    42.11209     32.49673     -7.68385
    34.86560     46.44428    -10.08039
    42.14167     29.44425     -8.50263
    31.74798     42.68049    -12.75336
    42.76182     33.91285    -12.50135
    35.71169     20.39312    -14.90440
    35.85732     27.98216    -12.72511
    35.47335     36.87208    -14.62914
    45.42410     53.69910    -18.28400
    34.38488     31.21981    -10.55795
    36.18210     27.21784    -12.59433
    34.51875     46.82134    -10.71442
    52.21863     47.39467    -11.18355
    35.54890     23.84040    -10.64570
    23.18520     35.28079    -11.43982
    22.21924     26.08284    -11.90167
    43.08629     34.54811    -12.30346
    25.31182     35.12176     -8.41497
    33.40600     25.69774    -10.06281
    60.13900     54.48552    -22.25910
    60.19754     54.49377    -22.41265
    42.46451     28.90940     -9.91383
    42.47495     28.89403     -9.95930
    42.79451     34.01876    -12.43089
    18.48040     23.89160    -14.04005
    20.10430     22.30070    -18.06400
    31.53905     37.69295    -16.98600
    42.60648     34.56911    -12.31311
    37.71175     21.22870    -17.09985
    23.21478     23.65846    -13.20468
    51.14652     45.33629    -10.67620
    28.63285     39.32433    -11.66977
    32.55284     45.39045    -13.57874
    32.65546     45.35506    -13.44844
    33.42885     37.57523    -17.26542
    33.98590     27.81760    -10.62090
    35.09888     46.67457    -10.04394
    23.98760     27.03520    -18.04650
    23.18533     35.28099    -11.43974
    50.25852     44.28327    -11.13899
    37.72441     32.14559    -12.08577
    43.41069     34.37076     -8.75584
    42.45734     28.92347     -9.87859
    52.11484     51.94914     -7.86564
    43.55830     40.48090     -4.81850
    17.59669     26.19663     -8.68465
    43.86886     35.49268    -12.75888
    33.92504     47.85854    -11.43693
    26.00061     21.11146    -12.55526
    23.20927     37.12850     -9.00637
    29.95196     36.16134    -14.09672
    36.58612     29.80260     -8.55628
    26.60268     20.76690    -12.39468
    23.05981     35.43255    -11.05583
    33.57246     25.80107     -9.89033
    47.47738     34.54648     -8.64708
    34.60750     38.02690    -21.63930
    18.87686     30.95472     -8.76847
    43.03539     34.43271    -12.22286
    63.52225     57.30995    -23.67305
    37.89980     44.14495    -23.53815
    29.33071     42.15701     -5.99912
    54.95650     45.64500     -8.92050
    39.56978     31.84718     -8.46987
    47.41712     37.60167    -10.37821
    33.13093     32.36460     -7.42087
    29.95196     36.16135    -14.09671
    35.09180     33.91190    -18.83450
    27.37450     38.77592    -12.00762
    47.47738     34.54645     -8.64699
    38.81100     22.74720    -10.33140
    37.72440     32.14566    -12.08586
    40.52744     32.63130    -12.63033
    48.03750     49.49930    -22.54640
    38.54159     28.02439    -14.97850
    40.42208     34.08619    -12.19968
    36.88697     27.33766    -21.91533
    19.34661     30.14340     -9.77006
    34.69810     33.59550    -16.31990
    35.72133     20.37442    -15.08678
    50.48506     44.64942    -11.06622
    42.89193     34.23298    -12.24579
    31.75655     42.68051    -12.74542
    34.95596     31.28690    -12.73741
    50.13805     44.55398    -11.10947
    33.89470     44.98124    -11.89109
    32.04260     44.71850     -5.76230
    32.26410     14.60940     -8.98340
    49.68105     44.38958    -11.76892
    47.47720     34.54642     -8.64833
    56.32941     65.28596    -22.78607
    53.63532     51.09050     -8.73492
    36.25973     47.93953     -9.79707
    25.45906     21.68410    -13.06092
    33.89301     44.98036    -11.90210
    48.45870     45.30940    -17.53180
    27.16220     41.81880     -6.56650
    40.55580     34.50879    -11.95482
    45.54882     42.97322     -8.00018
    18.81813     31.05614     -8.64326
    22.76698     34.72145    -11.67520
    36.66443     29.57519    -10.17219
    18.61583     28.06616     -7.85979
    25.20178     39.18464    -13.13574
    26.12424     20.95233    -12.43752
    35.89818     47.52250     -9.87008
    48.80745     35.48909    -11.28829
    40.85066     38.27097     -9.76637
    23.18639     35.28269    -11.43873
    35.70912     35.27782     -7.74783
    28.71479     37.94027    -15.10982
    35.87229     28.87582    -18.11961
    38.38286     27.34594    -12.06440
    18.48040     23.89160    -14.04005
    22.09320     20.36050    -13.91980
    50.86240     63.58390    -10.17290
    42.69842     28.65258    -10.33915
    29.18919     34.32215    -12.12117
    36.55549     25.11700     -9.26660
    26.45544     20.81076    -12.38143
    58.42277     48.84953     -9.99174
    45.51228     39.43855     -6.91733
    39.32370     35.12960    -22.01330
    25.64145     24.08495    -15.49385
    47.16696     45.26981     -8.81079
    34.02740     43.03405    -17.38535
    23.89290     30.19230    -17.38090
    31.25097     43.55394     -9.56047
    47.10479     39.14822    -14.67104
    55.73524     56.28142    -14.59056
    60.09074     54.47873    -22.13244
    58.42277     48.84953     -9.99173
    56.45108     65.40071    -22.81223
    51.22543     38.93520    -13.14367
    43.75715     36.41267     -8.26791
    41.24120     51.32250    -16.82890
    40.14180     50.56540    -15.18710
    46.31780     59.10500    -13.12020
    20.64711     23.49114    -10.05749
    20.56424     23.28406     -9.78760
    37.87014     49.39343    -12.65925
    48.93525     42.34882    -14.88844
    26.99367     38.64228    -12.02736
    29.11120     15.29010    -10.75820
    51.22543     38.93520    -13.14367
    31.17939     34.21653    -15.39252
    47.06749     45.24483     -8.80697
    48.75987     48.23653    -15.20263
    50.08300     56.19730     -9.08960
    34.02740     43.03405    -17.38535
    42.62207     37.95610     -7.29837
    48.35804     49.93438    -11.78545
    20.11336     22.97597     -8.98147
    31.99078     26.68819    -11.35353
    24.11910     31.65590    -14.19770
    48.79178     42.35489    -10.04182
    51.58275     58.18760    -19.00190
    29.89900     39.27480    -15.11640
    34.68297     31.17820    -11.53491
    34.26220     45.06481    -12.25976
    38.53391     29.31276     -9.75528
    33.87921     47.70590    -11.60365
    20.84799     23.57120    -10.36193
    51.52590     41.15943    -12.73541
    40.84962     38.26989     -9.76575
    18.62332     28.06893     -7.86526
    40.56280     34.70345    -12.13696
    25.43875     21.94348    -13.19449
    54.00120     64.80940    -19.34930
    50.68106     45.13139    -10.82924
    38.25330     32.03863    -20.05489
    30.50810     19.00410     -7.59800
    41.42382     38.86290    -10.24054
    42.60101     33.39552    -12.86389
    50.68390     59.11995    -23.82775
    26.94242     38.61230    -12.05546
    32.91169     25.07067    -10.42155
    19.91350     26.11470     -7.88740
    50.25007     44.29990    -11.13627
    25.99874     37.98018     -8.20308
    51.07740     53.31000    -15.06350
    40.54759     34.46220    -11.93428
    56.56050     60.99320    -19.21710
    38.38277     27.34604    -12.06435
    41.38256     54.29500    -10.30213
    45.03290     31.48270    -15.08140
    52.15470     38.42500    -10.76880
    33.86649     47.46436    -11.71836
    58.97410     64.07940    -21.15830
    37.89980     44.14495    -23.53815
    38.01876     41.09375    -18.58037
    50.22845     57.27617    -23.90926
    45.19670     37.90310    -13.15870
    27.23190     17.19050    -14.70600
    53.06328     43.54561    -13.33470
    45.85810     52.15090    -21.02200
    36.88698     27.33767    -21.91533
    18.81814     31.05613     -8.64326
    32.67114     24.76731    -10.59678
    43.41745     34.37014     -8.70408
    17.76763     26.26150     -7.63048
    54.28522     50.17727    -12.45336
    42.09542     38.87195    -12.54892
    16.96380     23.96540    -10.14870
    43.03527     41.64970     -9.54249
    26.80230     12.92620     -8.95300
    49.64910     36.70756    -12.18313
    35.40302     49.71475     -6.85513
    40.66789     27.55754     -8.15017
    32.99360     28.94420    -10.75110
    50.23741     44.38564    -11.17971
    32.91276     25.07209    -10.42080
    42.52383     28.82557    -10.07908
    41.61535     29.16628    -14.90432
    15.83380     25.39500     -6.60680
    50.41351     57.23906    -24.23941
    37.73874     32.14172    -12.11544
    33.80080     45.00055    -12.01602
    31.32112     43.63507     -9.52117
    46.78601     38.88405    -14.63215
    34.82267     31.21694    -12.10476
    45.53351     42.96402     -7.94642
    42.62208     37.95608     -7.29838
    38.01877     41.09376    -18.58036
    35.72439     20.38600    -15.10455
    52.23744     52.02248     -7.86259
    20.62090     25.06050    -19.23630
    33.81110     44.99756    -11.99782
    53.06329     43.54533    -13.33504
    33.42890     37.57555    -17.26574
    64.60260     55.96750    -25.49600
    57.33243     47.87367    -16.86357
    26.94171     38.61202    -12.05554
    55.10430     56.03850     -8.77580
    33.71624     26.37003    -20.41644
    21.20392     23.31657    -10.54330
    22.21925     26.08284    -11.90167
    18.62397     28.06878     -7.86480
    19.58385     27.42150    -14.39125
    28.44210     24.95411    -14.19343
    35.23570     32.67552     -7.50531
    25.12850     32.76800    -17.31850
    21.10083     23.35338    -10.46159
    54.25723     46.36560    -13.61131
    49.00437     56.78869    -23.49486
    34.86110     25.91790    -13.95890
    49.30620     64.84760    -26.27330
    30.59807     42.51186     -9.81915
    23.29426     23.86439    -13.29422
    60.42100     50.59010    -20.36510
    52.17315     52.08462     -7.79373
    35.88420     29.88880    -11.77282
    18.59736     25.18883     -8.05665
    52.21866     47.39461    -11.18358
    40.02470     24.98110    -13.12710
    21.29537     23.62881    -10.90598
    49.98279     57.35290    -23.37714
    58.90550     50.36640    -17.29480
    42.24470     37.44030    -11.62122
    24.40042     33.42383    -13.91138
    25.89790     32.00640    -13.19250
    31.33950     24.58480     -7.06100
    59.60980     51.79557    -10.04868
    51.79060     41.27182    -13.01788
    42.24454     37.43959    -11.62083
    41.95088     26.98257     -9.11966
    31.37160     34.32400     -9.00520
    50.19370     62.41980    -26.10540
    40.54080     41.92350    -11.80240
    47.16712     39.20036    -14.67844
    17.55400     27.22643     -6.99576
    30.33190     32.13280    -16.13087
    52.24047     47.46781    -11.22448
    18.81814     31.05613     -8.64323
    51.57979     41.23932    -12.79037
    34.56897     31.19548    -11.18553
    35.36974     46.90949     -9.97589
    33.98140     44.93758    -11.60775
    44.37590     30.46530    -13.50520
    29.53273     20.13739    -12.90300
    43.86912     35.49310    -12.75900
    28.44211     24.95412    -14.19341
    49.83630     62.97820    -21.28470
    59.60974     51.79542    -10.04864
    37.87016     49.39343    -12.65919
    49.77024     44.35437    -11.66631
    41.00810     31.56480    -19.21380
    29.60541     20.05298    -12.89976
    54.07984     46.16956    -13.55365
    18.09392     27.76158     -7.43517
    39.77640     26.12720    -22.34250
    37.56120     24.48320     -6.56660
    40.51515     34.29443    -11.95391
    51.47988     41.74910    -12.65903
    30.33190     32.13280    -16.13087
    45.63514     42.99859     -7.99667
    42.77176     39.52497     -6.50107
    48.79180     42.35488    -10.04183
    39.75000     45.54630    -18.71950
