    43.03482     41.64994     -9.54227
    29.33110     42.15720     -5.99903
    38.98374     36.22332     -8.36498
    39.44239     31.90014     -8.47422
    40.45997     32.74060    -13.00501
    43.03484     41.64993     -9.54228
    55.82150     57.28757     -9.82908
    33.30580     17.84170    -15.31120
    51.78588     41.27149    -13.01462
    40.43880     32.79628    -13.14426
    38.02350     27.05190     -8.34205
    43.75715     36.41267     -8.26791
    42.11757     29.55755     -8.47882
    41.49530     50.84940    -19.94120
    43.05120     41.15400    -13.59075
    51.57192     41.17273    -12.78616
    36.19810     21.13200    -22.24690
    53.06328     43.54557    -13.33474
    31.53905     37.69295    -16.98600
    50.79850     64.61575    -15.10105
    18.58049     28.04468     -7.83005
    47.05792     39.10869    -14.66560
    42.24461     37.44000    -11.62104
    48.93523     42.34884    -14.88845
    40.75105     54.33582    -10.22706
    33.85020     20.85440    -17.85220
    40.20687     54.24128    -10.26077
    18.58047     28.04468     -7.83004
    42.47232     28.91555     -9.98954
    21.75553     22.76802    -10.47617
    38.51687     28.03744    -14.97884
    26.16270     20.95699    -12.40527
    35.47335     36.87208    -14.62914
    35.47335     36.87208    -14.62914
    38.78173     31.68446    -14.17322
    33.53201     46.39318    -10.57924
    42.06049     39.23704    -11.51744
    48.79180     42.35487    -10.04183
    25.80061     21.07242    -12.14829
    54.07827     50.06358    -12.28920
    39.66380     39.17040     -8.58565
    32.20452     22.86003     -9.05380
    33.28402     46.14726    -11.20719
    41.24913     27.24572     -8.58556
    40.77990     27.51316     -8.31826
    47.41712     37.60167    -10.37821
    56.20380     62.35240    -17.98270
    42.04702     39.40820    -11.02383
    28.37070     40.67040    -13.65690
    48.25314     39.84020    -10.68157
    26.61092     38.64441    -12.16349
    34.84075     31.40927    -13.53667
    29.51416     20.15908    -12.90356
    31.26788     43.55360     -9.54278
    49.25755     49.02100     -7.44625
    38.78388     31.68351    -14.17746
    33.58383     20.44278    -12.46739
    34.93250     18.55510     -9.84340
    46.50560     40.92520    -10.37440
    26.06443     21.02839    -12.46725
    40.15321     28.10923     -8.42472
    40.30273     27.95855     -8.37327
    28.66128     22.63823    -11.79756
    44.04020     51.88685    -23.33570
    32.50693     22.60435    -10.15063
    20.31422     23.08588     -9.31171
    49.59680     37.17130     -8.03180
    48.25314     39.84020    -10.68157
    30.86905     30.06065     -7.70440
    43.03482     41.64994     -9.54227
    44.85030     47.70500     -5.77110
    56.50934     65.42696    -22.84856
    43.05643     34.47376    -12.35666
    34.92637     36.01137    -17.26193
    42.18325     29.94006     -8.25312
    42.18891     29.57570     -8.53183
    37.74590     26.71980    -18.65540
    40.55405     32.56781    -12.43037
    52.21325     47.38419    -11.16054
    63.52225     57.30995    -23.67305
    52.02880     46.08759     -9.36434
    41.30010     36.23470    -22.85650
    49.69581     36.77692    -12.23438
    36.57785     25.11799     -9.54023
    42.66001     33.53053    -12.79773
    42.81006     33.99054    -12.49434
    45.99118     43.12425     -8.07252
    35.85010     28.04541    -12.75571
    51.68534     41.28969    -12.90428
    54.61150     50.35915    -12.71070
    32.32228     22.76047     -9.48083
    42.68195     57.25730    -10.30130
    56.20847     65.19551    -22.74042
    56.29390     65.26167    -22.77078
    56.31271     65.27637    -22.77734
    20.97824     23.34689    -10.29595
    35.86817     29.96197    -11.82887
    56.20439     65.19214    -22.73913
    33.58383     20.44278    -12.46739
    33.58383     20.44278    -12.46739
    33.58383     20.44278    -12.46739
    54.17791     50.11845    -12.36815
    50.75259     64.38949    -24.55033
    38.98374     36.22332     -8.36498
    30.08197     36.21368    -13.81006
    45.45240     34.36470     -9.65390
    42.62207     37.95610     -7.29836
    42.50119     28.86513    -10.13114
    38.37921     28.11011    -14.98074
    25.31182     35.12176     -8.41496
    56.33748     65.29455    -22.78697
    18.59729     25.18892     -8.05661
    24.38396     33.41739    -13.90802
    38.38286     27.34593    -12.06441
    55.82150     57.28757     -9.82907
    18.44257     27.96232     -7.71778
    55.82150     57.28758     -9.82907
    55.82150     57.28758     -9.82907
    53.08103     51.56143     -8.34074
    47.70320     45.95270    -14.10210
    40.40424     34.23440    -12.26549
    32.73970     25.93380    -17.92810
    36.18288     47.85559     -9.81370
    33.42290     37.53044    -17.22264
    21.00212     23.35296    -10.32800
    50.61491     44.81742    -10.96711
    20.21500     23.02483     -9.14134
    45.88391     43.08843     -8.02847
    28.44211     24.95412    -14.19341
    33.13093     32.36460     -7.42087
    26.16271     20.95698    -12.40527
    30.23092     42.02195     -9.95442
    51.17109     40.83166    -12.36900
    30.34163     42.16729     -9.91370
    49.16952     36.02299    -11.68372
    33.03995     45.30952    -12.96532
    59.60980     51.79558    -10.04868
    33.58383     20.44278    -12.46739
    31.26801     43.55383     -9.54274
    46.20570     32.72890    -11.25580
    50.72677     45.26724    -10.74334
    51.91562     41.27744    -13.15612
    33.71623     26.37002    -20.41644
    57.78140     45.95380    -19.94950
    58.41295     47.54110    -11.12660
    52.44453     51.88450     -7.97514
    18.67370     24.49300    -17.50850
    42.62207     37.95610     -7.29836
    32.58410     28.10750    -21.45320
    37.72547     32.14531    -12.08798
    34.17950     22.68200    -16.91630
    43.15548     34.37393    -10.87657
    52.91534     51.63058     -8.25061
    31.27014     43.55731     -9.54188
    42.43067     28.99035     -9.72916
    48.45870     45.30940    -17.53180
    33.77899     45.01596    -12.02092
    17.98563     27.68702     -7.34398
    36.57785     25.11799     -9.54023
    36.09120     31.10600    -21.94950
    42.68462     41.83949     -9.36654
    45.70461     43.03261     -8.02839
    51.74423     49.58127    -10.23535
    34.80342     46.57333    -10.16189
    53.51456     55.13696     -8.22021
    41.60105     27.11437     -8.84230
    49.69514     36.77593    -12.23365
    31.27014     43.55731     -9.54188
    33.31830     15.36970    -29.73350
    34.89203     46.66248    -10.17263
    39.94964     33.92957    -11.80297
    49.87305     57.28844    -23.37933
    35.71450     20.36061    -14.97602
    35.71637     20.35804    -15.01040
    38.88338     29.26361     -9.90562
    42.99111     41.67360     -9.52034
    40.15947     27.82478     -7.82899
    38.76475     34.25019    -14.03515
    48.13980     62.62900    -16.83150
    29.56246     43.33094    -14.15318
    42.54388     28.80680    -10.19979
    43.80729     35.38743    -12.64863
    25.44193     21.91702    -13.17574
    58.47900     56.43918     -9.79051
    41.92380     46.97900    -10.85520
    56.69980     52.80560     -9.72560
    42.37050     31.61899     -7.85524
    50.28320     57.26550    -24.00328
    45.70461     43.03261     -8.02839
    20.85798     23.29802    -10.11602
    33.22367     25.45536    -10.18975
    31.17543     36.06573    -12.48365
    42.37271     29.15147     -9.40798
    52.44453     51.88450     -7.97514
    36.71305     34.25585    -12.09360
    40.37738     54.30221    -10.22670
    24.34984     33.40405    -13.90105
    33.41793     37.49304    -17.18693
    20.34182     24.53363    -10.55728
    39.99640     54.13637    -10.32053
    37.87014     49.39343    -12.65924
    35.85642     28.18991    -12.81715
    49.25755     49.02100     -7.44625
    35.47335     36.87208    -14.62914
    25.64145     24.08495    -15.49385
    45.62916     43.04653     -8.34641
    31.90063     45.74896    -14.40898
    19.58385     27.42150    -14.39125
    46.87254     44.28559    -14.99073
    38.82103     31.63376    -14.23331
    23.59260     34.84070    -14.41390
    30.94220     23.06340    -14.43650
    35.40303     49.71476     -6.85515
    47.41712     37.60167    -10.37821
    51.20414     45.42761    -10.57899
    56.33741     65.29450    -22.78694
    33.16640     41.19940     -6.84530
    31.68130     13.26550    -28.55530
    42.28045     32.05526     -7.77576
    36.90690     24.60850    -16.54050
    31.69463     21.49107    -11.81383
    23.20927     37.12850     -9.00636
    47.41712     37.60167    -10.37821
    34.71799     31.22559    -11.91944
    55.90230     62.32160    -24.12560
    26.16270     20.95699    -12.40527
    26.16271     20.95698    -12.40527
    42.46885     28.92154     -9.97356
    40.89509     54.33640    -10.23684
    34.85725     46.64346    -10.18616
    44.06850     35.55738    -12.50319
    26.67570     23.94420    -17.96450
    33.41794     37.49312    -17.18700
    38.35035     29.33418     -9.84410
    30.99338     43.15233     -9.65747
    46.96566     39.03402    -14.65361
    24.38396     33.41739    -13.90802
    42.51290     28.83954    -10.19818
    38.01877     41.09375    -18.58036
    52.21314     47.38376    -11.16029
    33.86372     47.65311    -11.60321
    31.73331     42.68065    -12.76660
    41.17355     36.50570     -8.23345
    17.37635     27.31995     -6.84555
    43.56495     35.09077    -12.52427
    49.50885     36.50602    -12.03556
    49.50315     36.49776    -12.02949
    35.47335     36.87208    -14.62914
    32.26949     45.56956    -13.94369
    35.43482     31.55229    -13.10019
    35.71568     20.35910    -14.99768
    41.92077     31.51344    -14.14286
    46.33920     54.49780     -6.72030
    49.86518     45.50152    -10.56347
    45.51228     39.43854     -6.91733
    41.61494     29.16651    -14.90584
    35.71156     20.35030    -14.96956
    17.62024     26.76951     -7.38846
    60.22241     54.49728    -22.47789
    35.69800     20.23508    -14.95780
    33.34299     46.34777    -10.63065
    27.21540     11.38560     -5.57460
    21.21016     23.26873    -10.47887
    21.10999     23.28818    -10.38967
    45.74973     43.04642     -8.02802
    42.99087     41.67373     -9.52022
    35.69720     20.23496    -14.94558
    31.26790     43.55364     -9.54278
    17.86890     33.31230     -3.54400
    29.16634     34.33173    -12.09184
    34.27820     23.30980    -10.11930
    46.91680     37.05580     -7.52600
    39.56029     53.87038    -10.48388
    50.50867     44.86997    -10.93574
    54.17792     50.11846    -12.36815
    34.43110     43.09450    -20.58980
    22.21925     26.08284    -11.90167
    27.06741     38.66331    -11.98480
    20.71426     23.28098     -9.94381
    36.56164     25.11731     -9.34185
    27.41891     38.78184    -11.98834
    36.56164     25.11731     -9.34185
    29.56246     43.33096    -14.15315
    41.85985     31.41258    -14.14631
    33.30170     46.36778    -10.33302
    35.71567     20.35909    -14.99766
    42.00423     39.20629    -11.39910
    40.06221     54.15212    -10.31371
    58.41295     47.54110    -11.12660
    20.78460     29.74560     -9.72620
    43.24610     44.68840    -18.05850
    56.67740     60.55160     -9.56270
    42.53947     33.14303    -13.08045
    51.43303     41.08503    -12.63948
    40.42322     34.31304    -12.11454
    23.84950     21.80500    -18.29680
    50.25592     44.40718    -11.16712
    33.13093     32.36460     -7.42087
    35.71567     20.35909    -14.99766
    36.88697     27.33766    -21.91533
    35.08591     46.74092    -10.07301
    36.56165     25.11731     -9.34185
    41.18782     27.27982     -8.54233
    42.19987     32.31442     -7.72500
    31.17934     34.21652    -15.39243
    42.24461     37.44000    -11.62104
    54.32222     50.19860    -12.48214
    26.19962     20.93277    -12.40263
    49.47780     46.84670     -7.65100
    31.31775     30.96810    -11.87025
    26.16270     20.95699    -12.40527
    53.02920     51.56749     -8.31622
    45.62943     43.04660     -8.34629
    28.44211     24.95412    -14.19341
    37.08390     30.71460    -18.53325
    33.45213     25.73367    -10.01839
    31.07403     37.73107    -23.41490
    18.84489     31.00993     -8.70030
    40.54860     38.45990    -19.46670
    26.91221     38.59646    -12.01283
    36.88697     27.33766    -21.91533
    51.54721     41.23327    -12.75640
    29.33135     42.15732     -5.99897
    48.93523     42.34884    -14.88845
    41.61491     29.16653    -14.90598
    23.20927     37.12850     -9.00636
    45.26320     46.33177    -26.61550
    40.08796     31.60533     -8.40902
    54.25168     46.35947    -13.60950
    42.49217     28.88074    -10.08496
    59.60980     51.79558    -10.04868
    26.16270     20.95699    -12.40527
    36.70338     29.61329    -10.20755
    33.75684     47.32428    -11.75843
    43.90452     35.50161    -12.69593
    49.49964     36.49265    -12.02572
    26.16270     20.95699    -12.40527
    52.05830     52.08280    -12.49850
    45.94796     43.10886     -8.02988
    52.28199     51.96573     -7.88529
    52.25259     51.98115     -7.86720
    42.62207     37.95610     -7.29836
    51.49720     51.13391     -7.98748
    41.37620     26.79190    -13.86710
    52.25258     51.98116     -7.86720
    42.62207     37.95610     -7.29836
    45.47530     58.13070    -13.98000
    51.25577     40.91491    -12.45605
    39.66380     39.17040     -8.58565
    50.75259     64.38949    -24.55033
    45.68870     59.75300     -9.77230
    23.20927     37.12850     -9.00636
    33.48779     25.77021     -9.98828
    43.05120     41.15400    -13.59075
    48.93522     42.34884    -14.88845
    40.80509     27.47787     -8.29703
    50.35910     43.86988    -11.05769
    46.53930     48.89540    -29.01360
    51.22543     38.93520    -13.14367
    42.40556     29.05081     -9.59949
    34.69271     31.18858    -11.59284
    34.42570     46.67277    -10.39894
    41.36941     54.29058    -10.30546
    41.65180     25.08310    -11.14435
    26.76010     18.81160     -7.32450
    36.50785     29.64129    -10.49283
    57.33243     47.87367    -16.86357
    33.71623     26.37002    -20.41644
    39.80080     27.44242     -6.59640
    29.14655     27.27125    -12.61265
    23.21415     23.66491    -13.21205
    17.75978     26.24866     -7.80078
    48.79180     42.35487    -10.04183
    42.24462     37.44008    -11.62109
    51.91288     51.66865     -7.90906
    34.69344     31.18885    -11.59596
    25.31182     35.12176     -8.41496
    27.21945     38.71863    -12.02693
    33.04041     25.23084    -10.32658
    54.86480     59.73460     -8.00220
    29.51416     20.15908    -12.90356
    51.17114     40.83171    -12.36905
    29.33110     42.15720     -5.99903
    59.60980     51.79558    -10.04868
    51.47407     41.77048    -12.65186
    52.24617     51.92775     -7.88995
    52.22585     52.13508     -7.74745
    42.62207     37.95610     -7.29836
    31.99081     26.68821    -11.35349
    41.06950     48.15990    -22.65070
    52.25259     51.98115     -7.86720
    52.27234     51.97092     -7.87867
    27.01868     38.64654    -11.98366
    56.15560     63.33370    -20.96360
    43.87084     35.46269    -12.68122
    31.89547     42.68050    -12.61720
    45.90210     59.31935    -16.49405
    41.03145     29.97772     -6.84357
    28.72240     33.36090    -21.77620
    33.83377     47.56123    -11.64292
    20.85811     23.29766    -10.11587
    26.77680     26.24690     -8.44700
    39.20111     53.57312    -10.64102
    39.10160     32.04120     -8.48494
    37.87014     49.39343    -12.65924
    54.61300     43.71910    -15.58420
    35.70911     35.27787     -7.74778
    48.75987     48.23653    -15.20263
    35.47335     36.87208    -14.62914
    28.53223     39.15737    -11.99933
    36.19810     21.13200    -22.24690
    52.14629     51.97688     -7.85180
    42.11841     29.54410     -8.49352
    51.55240     41.23379    -12.76203
    42.12095     31.79456    -14.23665
    56.54919     65.45470    -22.86530
    29.98150     19.03190    -22.11260
    39.93560     36.78020    -12.50270
    26.76508     38.48774    -11.12389
    41.67556     54.24501    -10.36287
    35.85010     28.04542    -12.75572
    35.71636     20.35803    -15.01040
    29.51416     20.15908    -12.90356
    42.68195     57.25730    -10.30130
    20.15669     22.98323     -9.03568
    35.69165     20.21584    -14.91395
    23.54551     35.48076    -11.63741
    42.53711     28.69639    -11.14867
    58.47900     56.43918     -9.79052
    23.52800     19.46980    -17.71530
    40.80656     38.22876     -9.73327
    53.06328     43.54557    -13.33474
    20.71790     23.48938    -10.12335
    48.75987     48.23653    -15.20263
    36.65887     29.58290    -10.24889
    47.16363     45.26897     -8.81066
    33.71623     26.37002    -20.41644
    49.86518     45.50152    -10.56347
    31.87280     20.59970    -17.55220
    41.84140     25.26080    -20.14920
    44.04020     51.88685    -23.33570
    33.36837     37.12029    -16.83092
    42.22604     29.36527     -8.82313
    18.90064     30.91365     -8.81917
    19.99033     22.80690     -8.67094
    23.85310     18.00990    -15.17350
    42.34711     29.19699     -9.32622
    28.66128     22.63823    -11.79756
    50.96667     45.13810    -10.84916
    29.56245     43.33093    -14.15321
    50.25037     44.47558    -11.18403
    17.23161     27.25254     -6.65989
    53.51456     55.13696     -8.22021
    53.51456     55.13696     -8.22021
    22.60500     21.19557    -10.39500
    38.25330     32.03869    -20.05494
    40.88005     53.04405    -11.06630
    36.59016     29.63493    -10.23707
    38.02350     27.05190     -8.34205
    28.63240     39.32388    -11.67050
    52.40582     41.30301    -13.69278
    26.16271     20.95698    -12.40527
    37.08390     30.71460    -18.53325
    26.16270     20.95699    -12.40527
    31.77532     42.68055    -12.72800
    45.03256     40.63329    -13.12466
    45.26320     46.33177    -26.61550
    43.47675     56.01875    -13.75455
    34.97370     17.34560     -5.57550
    33.69208     45.08458    -12.19024
    24.61870     19.79740    -14.35230
    35.91333     29.49022    -13.37000
    43.75715     36.41267     -8.26791
    20.85811     23.29766    -10.11587
    31.99081     26.68821    -11.35350
    46.79794     43.37518     -8.03505
    36.56164     25.11730     -9.34185
    36.56164     25.11730     -9.34185
    30.86905     30.06065     -7.70440
    20.78430     28.26350     -8.84910
    52.14071     51.90385     -7.87815
    35.71577     20.35949    -14.99801
    31.27014     43.55730     -9.54188
    21.17173     23.28410    -10.45276
    55.73524     56.28142    -14.59056
    55.73524     56.28142    -14.59056
    53.51456     55.13697     -8.22021
    39.44234     31.90015     -8.47421
    35.74642     20.30522    -15.58735
    57.33243     47.87367    -16.86357
    35.88330     27.96266    -12.73958
    29.33955     20.36249    -12.91009
    54.20535     53.17060    -11.72900
    27.50250     26.71570    -23.59695
    39.57155     31.84115     -8.46116
    27.50250     26.71570    -23.59695
    48.79179     42.35487    -10.04183
    39.88480     44.21870    -21.71450
    55.73524     56.28142    -14.59056
    42.24461     37.44000    -11.62104
    26.12671     20.98026    -12.44168
    36.78609     29.57076    -10.27825
    17.47130     26.22080    -16.68800
    42.94014     34.31499    -12.20904
    42.94434     34.32488    -12.20160
    23.20927     37.12850     -9.00637
    53.08582     51.56244     -8.33256
    37.91520     46.93580    -17.84970
    48.35805     49.93437    -11.78545
    50.32517     44.52551    -11.13650
    22.60500     21.19557    -10.39500
    42.99103     41.67364     -9.52029
    54.22987     46.33536    -13.60242
    20.80562     23.62221    -10.33842
    48.75012     35.42621    -11.24912
    21.08242     23.39984    -10.47023
    17.24859     27.45558     -6.79212
    35.69216     20.21859    -14.91597
    23.54602     35.48119    -11.63747
    38.77426     31.69661    -14.16311
    30.22980     15.70690    -15.74770
    42.69895     28.65233    -10.33856
    35.71901     20.35475    -15.05737
    35.16500     31.33740    -20.25100
    21.86010     30.31000    -12.24100
    48.82859     35.53655    -11.32901
    54.20897     50.13568    -12.39269
    45.79350     49.08670    -22.09160
    46.79794     43.37518     -8.03505
    31.56339     43.91195     -9.38411
    35.23569     32.67553     -7.50530
    23.25228     35.33673    -11.44991
    29.56246     43.33094    -14.15318
    42.68196     57.25730    -10.30130
    40.30490     24.11620     -6.60510
    46.87254     44.28559    -14.99073
    59.60980     51.79558    -10.04868
    52.11590     47.06802    -10.90680
    42.08703     38.91633    -12.44784
    50.25966     44.44766    -11.17543
    38.30370     23.94830     -8.91820
    51.74427     49.58122    -10.23543
    35.72143     20.34983    -15.10408
    32.80087     45.31749    -13.26644
    33.27508     25.51960    -10.15198
    31.07403     37.73107    -23.41490
    31.99081     26.68820    -11.35350
    41.31760     52.31690    -14.82860
    40.60076     38.02283     -9.56547
    54.17792     50.11846    -12.36816
    49.97178     57.34455    -23.36731
    17.98820     25.95961     -7.87058
    51.97980     66.01210    -13.33990
    18.59730     25.18890     -8.05661
    31.73319     42.68065    -12.76672
    27.91412     38.95143    -12.00466
    50.79850     64.61575    -15.10105
    52.34130     59.66545    -23.63570
    56.20847     65.19551    -22.74042
    40.49370     32.69192    -12.77658
    45.19670     37.90310    -13.15870
    25.99931     37.98024     -8.20454
    41.41570     53.02850     -7.48610
    45.56780     26.47630    -13.16380
    39.40110     40.90210     -9.53460
    30.33820     37.81790    -19.32930
    32.82340     36.71140     -9.76700
    40.62350     54.41211    -10.15772
    42.18485     29.95226     -8.25104
    38.69483     29.28821     -9.90351
    45.65691     43.05981     -8.41588
    48.79179     42.35487    -10.04183
    47.14523     45.26436     -8.80996
    26.16270     20.95699    -12.40527
    41.65180     25.08310    -11.14435
    29.97165     36.13670    -14.11522
    32.34179     22.74397     -9.55160
    48.79179     42.35487    -10.04183
    22.21925     26.08284    -11.90167
    33.41791     37.49290    -17.18679
    30.66160     41.06190    -14.08760
    37.81780     32.79150     -8.25670
    18.84489     31.00993     -8.70030
    31.07403     37.73107    -23.41490
    40.80899     27.02548     -8.14788
    44.07997     35.69186    -12.68919
    42.07641     29.62392     -8.33478
    42.15489     29.48924     -8.62201
    17.53412     27.41538     -6.97489
    18.85385     23.69515     -6.19585
    26.96603     38.61619    -12.01307
    35.47335     36.87208    -14.62914
    45.43351     37.07015     -9.16826
    46.47226     43.27069     -8.03233
    59.60980     51.79558    -10.04868
    39.57134     31.84125     -8.46119
    31.40123     43.72069     -9.47345
    18.85385     23.69515     -6.19585
    23.15820     21.42410     -5.53430
    31.09311     43.29569     -9.61533
    50.52697     44.70804    -11.01022
    51.31035     45.41494    -10.80063
    23.59760     29.32030    -13.29600
    42.97715     34.36201    -12.22913
    48.79179     42.35487    -10.04183
    34.92637     36.01137    -17.26193
    24.86780     14.60160     -8.73950
    41.85985     31.41258    -14.14631
    51.58275     58.18760    -19.00190
    41.61497     29.16650    -14.90575
    35.72138     20.34965    -15.10381
    23.24640     23.75080    -13.25056
    33.29380     25.54275    -10.13810
    29.57350     28.33810    -19.65320
    48.93523     42.34884    -14.88845
    39.69267     53.96027    -10.42950
    49.79440     54.26780    -26.21010
    51.74421     49.58129    -10.23532
    51.74422     49.58127    -10.23535
    51.74422     49.58128    -10.23534
    43.41521     34.37028     -8.72143
    64.62510     57.33450    -26.74960
    41.61494     29.16651    -14.90584
    40.44121     32.79196    -13.12855
    37.48920     37.95930    -10.00680
    30.24730      9.53290    -16.80930
    41.24912     27.24572     -8.58555
    42.77176     39.52498     -6.50107
    35.71653     20.35879    -15.01100
    44.34835     33.19730    -15.57255
    41.15710     25.76320    -17.02690
    31.17932     34.21652    -15.39240
    30.33190     32.13280    -16.13088
    56.27390     53.54740    -12.86100
    33.18548     45.86373    -12.22723
    16.49600     29.29630    -16.03870
    42.89481     34.18790    -12.29847
    54.22959     46.33505    -13.60232
    47.17687     39.20252    -14.68206
    33.35849     25.62243    -10.09001
    52.25258     51.98116     -7.86720
    40.34554     34.09448    -12.06907
    53.51456     55.13696     -8.22021
    29.91833     36.08633    -14.28870
    33.32851     25.58577    -10.11242
    56.33742     65.29451    -22.78694
    48.35805     49.93437    -11.78545
    47.47737     34.54645     -8.64712
    40.12900     23.35350    -20.44900
    23.21342     23.66305    -13.21125
    25.35550     39.39550    -15.87860
    23.50138     24.43015    -13.55518
    30.19360     15.51390    -22.92640
    28.38260     18.26430    -13.36990
    37.71175     21.22870    -17.09985
    20.51579     23.22569     -9.66681
    47.47738     34.54646     -8.64706
    26.86085     38.57603    -12.01329
    52.43970     64.98020    -23.98260
    31.73336     42.68065    -12.76656
    41.98760     42.60780    -23.76900
    45.03256     40.63329    -13.12466
    25.99931     37.98024     -8.20454
    45.03256     40.63329    -13.12466
    33.41793     37.49311    -17.18699
    45.03790     49.15630    -27.34960
    34.84073     31.40927    -13.53671
    41.85438     31.40243    -14.15021
    26.16271     20.95698    -12.40527
    31.33723     43.63552     -9.50463
    30.33190     32.13280    -16.13087
    40.92580     27.62060    -20.48360
    42.62207     37.95611     -7.29836
    37.77550     45.24520    -21.96600
    37.74650     30.73250    -21.58330
    49.69898     57.29936    -23.11062
    42.88980     26.81090    -14.48280
    52.21312     47.38363    -11.16025
    31.70093     35.87757    -15.40090
    31.70093     35.87757    -15.40090
    35.47335     36.87208    -14.62914
    43.47675     56.01875    -13.75455
    42.62207     37.95610     -7.29836
    45.29831     35.90161    -10.91972
    40.43863     32.79507    -13.14681
    42.62207     37.95610     -7.29836
    42.54005     28.79162    -10.35140
    37.72547     32.14532    -12.08799
    42.87603     34.13449    -12.34141
    46.61505     46.32645     -6.55380
    47.41712     37.60167    -10.37821
    40.41995     32.82293    -13.27007
    40.43964     32.79339    -13.14028
    50.28568     44.39034    -11.14822
    32.02910     31.05970     -8.60630
    31.17934     34.21652    -15.39243
    34.51110     24.52160    -19.07710
    53.06328     43.54557    -13.33473
    45.21323     42.84736     -7.30501
    55.23120     49.96620     -3.99030
    32.64305     26.60800     -7.40330
    38.78389     31.68352    -14.17746
    35.46990     18.70776    -14.30414
    48.35805     49.93437    -11.78545
    39.93054     54.11673    -10.33019
    35.85039     28.00007    -12.74323
    48.35805     49.93437    -11.78545
    33.38660     39.33160    -21.26650
    48.73470     61.40290    -11.50270
    36.19487     29.80032    -11.14778
    18.84489     31.00993     -8.70030
    43.41521     34.37028     -8.72143
    49.86518     45.50152    -10.56347
    41.31800     27.20876     -8.63383
    45.90210     59.31935    -16.49405
    27.69900     39.58950     -6.07220
    54.22979     46.33528    -13.60239
    35.87246     28.87577    -18.11979
    34.38077     31.22068    -10.54483
    28.71479     37.94027    -15.10983
    41.17355     36.50570     -8.23345
    33.42291     37.53052    -17.22273
    37.87014     49.39343    -12.65925
    36.14400     37.72220     -9.44070
    16.01460     27.88150    -21.06910
    30.77680     27.94290    -10.40010
    40.49354     34.37475    -12.06738
    40.15947     27.82478     -7.82899
    17.83278     26.25032     -7.01943
    49.68144     57.51099    -22.51164
    42.04695     39.41022    -11.01859
    40.88005     53.04405    -11.06630
    35.72135     20.34953    -15.10365
    25.52350     14.22830    -15.46170
    23.25280     28.10120     -9.25690
    31.44481     42.68132    -13.03164
    48.57480     35.23147    -11.12768
    32.99440     14.82930    -12.25890
    40.54797     34.69676    -12.17955
    50.29867     44.45371    -11.13601
    41.44500     25.02200     -7.22820
    35.71709     20.37452    -14.98613
    41.89600     44.71240    -16.53980
    40.46616     32.74857    -12.94501
    34.89057     46.66330    -10.17497
    46.87254     44.28559    -14.99073
    47.11971     39.15630    -14.67461
    25.99925     37.98023     -8.20438
    35.47335     36.87208    -14.62914
    29.22439     34.26698    -12.13260
    49.98589     44.19687    -11.44010
    47.03619     43.45596     -8.05383
    38.45090     28.07227    -14.97975
    37.53750     35.57940    -10.89980
    34.92637     36.01137    -17.26193
    43.22129     34.67669    -12.34754
    37.72547     32.14531    -12.08798
    43.03743     34.41604    -12.17783
    39.75000     45.54630    -18.71950
    24.42659     33.43405    -13.91672
    26.79892     38.54826    -12.01528
    52.51139     51.86177     -8.00708
    22.64780     24.30780     -8.40420
    43.41521     34.37028     -8.72147
    52.34364     52.46430     -7.46641
    48.79179     42.35487    -10.04183
    33.97357     44.94576    -11.67302
    55.09704     50.62942    -13.09387
    39.57100     31.84141     -8.46123
    20.84940     19.39410    -12.48970
    37.12710     19.25490    -13.25670
    39.44216     31.90023     -8.47422
    21.11696     23.31150    -10.41870
    39.41130     29.35850    -24.47000
    29.23350     19.06460    -10.50650
    43.41520     34.37028     -8.72154
    51.57047     41.40560    -12.77320
    43.75614     35.34246    -12.66076
    40.29560     54.50806    -10.05520
    30.85250     26.72530     -8.67040
    40.39725     27.70367     -7.99982
    39.60441     53.90374    -10.46339
    40.34889     34.14568    -13.02389
    20.34182     24.53361    -10.55726
    42.08439     29.61108     -8.36285
    35.78170     20.59733    -15.12351
    35.71640     20.35820    -15.01054
    48.35805     49.93437    -11.78544
    43.94640     28.53020    -14.08800
    28.44837     39.12993    -12.00020
    53.16375     51.49491     -8.39108
    23.27805     23.82955    -13.28281
    44.34835     33.19730    -15.57255
    53.29760     56.71430    -24.11930
    47.55191     39.48937    -14.73763
    41.61495     29.16651    -14.90583
    41.96859     39.33794    -10.93025
    52.49423     51.83165     -8.02393
    49.85750     46.81460    -14.13820
    26.16272     20.95698    -12.40526
    36.30287     29.75414    -10.99149
    52.17710     64.52120    -13.20430
    63.63890     59.54110    -21.47440
    43.87240     46.62340    -23.87660
    28.50784     38.86566    -12.69121
    41.61495     29.16651    -14.90581
    33.82391     47.54095    -11.64225
    52.21170     47.38009    -11.15908
    35.87244     28.87578    -18.11978
    50.21050     49.60490    -15.33280
    38.01877     41.09375    -18.58036
    36.93352     29.54843    -10.23261
    35.64787     30.18626    -12.19109
    49.22880     39.52600    -14.66970
    36.56164     25.11731     -9.34185
    35.70205     30.06331    -12.21001
    42.08616     38.90425    -12.48179
    18.08720     28.36950    -18.64750
    52.27888     47.62134    -11.28486
    48.82859     35.53655    -11.32902
    39.76564     29.14674    -10.16781
    48.35805     49.93437    -11.78545
    27.06792     38.66349    -11.98475
    58.47899     56.43918     -9.79050
    26.96603     38.61619    -12.01307
    59.59970     51.27030    -15.21760
    36.63240     51.07660     -5.95940
    42.28000     29.26334     -9.03928
    17.37813     27.31510     -6.84966
    32.41051     22.68588     -9.80080
    35.23570     32.67553     -7.50531
    38.44290     46.34840    -21.20660
    40.14208     34.16701    -12.51268
    23.20927     37.12850     -9.00636
    39.83516     33.16270    -17.52531
    35.21890     16.95400    -12.52680
    38.45094     28.07224    -14.97975
    49.08887     35.90735    -11.59923
    38.27440     28.36460    -17.94510
    33.90460     29.79770    -20.04260
    23.07738     35.12948    -11.51054
    35.07562     30.93597    -12.21863
    58.42277     48.84953     -9.99173
    51.48617     45.77618    -10.52148
    42.32407     31.89133     -7.80667
    22.99318     23.12092    -12.99261
    33.27534     46.28744    -11.20853
    41.81971     27.03330     -9.01102
    37.72524     32.14533    -12.08743
    40.08796     31.60533     -8.40902
    42.72104     31.97780    -15.79502
    41.48633     54.27592    -10.32492
    40.60200     44.28370    -25.14600
    43.41521     34.37028     -8.72143
    32.64305     26.60800     -7.40330
    42.39540     32.61704    -13.49954
    43.91854     35.51528    -12.69613
    24.71890     36.05750    -12.38709
    41.81979     27.03327     -9.01109
    33.48240     25.76531     -9.99313
    29.51415     20.15909    -12.90356
    33.41794     37.49312    -17.18700
    28.89630     24.24160    -22.32350
    48.68618     35.34445    -11.19286
    42.61002     33.37463    -12.91320
    26.16270     20.95699    -12.40527
    29.97165     36.13670    -14.11522
    55.73524     56.28142    -14.59056
    23.20927     37.12850     -9.00636
    32.88835     25.04081    -10.43829
    47.11350     57.17400    -19.60400
    36.18289     47.85560     -9.81369
    16.29530     25.38540    -13.04020
    52.34130     59.66545    -23.63570
    15.02943     27.49729    -12.69385
    40.46353     34.24221    -12.07858
    52.25259     51.98115     -7.86720
    54.22996     46.33546    -13.60244
    34.09500     14.30000     -5.67740
    37.33940     29.20870    -21.84140
    35.31170     42.41710    -24.22580
    40.46075     32.74474    -12.99341
    30.12750     13.82510    -22.58130
    49.68049     57.50719    -22.52184
    60.42956     54.52649    -23.02130
    52.17110     48.81070     -7.24050
    22.60500     21.19557    -10.39500
    45.43352     37.07015     -9.16827
    51.67754     41.28291    -12.89614
    40.40268     34.23128    -15.16339
    21.87920     21.46820    -19.03910
    45.26320     46.33177    -26.61550
    50.96330     47.55530     -7.77730
    25.71450     39.31980     -9.21900
    44.92470     31.47050    -10.29290
    35.46990     18.70776    -14.30414
    50.75259     64.38949    -24.55033
    46.61505     46.32645     -6.55380
    43.92690     43.35860    -25.81570
    42.35304     31.81363     -7.82299
    58.47900     56.43918     -9.79051
    48.79179     42.35487    -10.04183
    28.44870     39.13005    -12.00018
    50.68390     59.11995    -23.82775
    29.53911     20.13002    -12.90263
    45.51228     39.43854     -6.91733
    51.49780     41.14792    -12.70671
    48.79179     42.35487    -10.04183
    48.79179     42.35487    -10.04183
    36.56164     25.11731     -9.34185
    41.61493     29.16651    -14.90588
    25.42043     22.13328    -13.29184
    29.33097     42.15714     -5.99906
    42.51278     28.70118    -11.29145
    42.62207     37.95610     -7.29837
    49.60786     36.64842    -12.13979
    40.41764     34.44646    -12.40008
    55.58560     48.26350    -15.06370
    33.22395     25.45577    -10.18957
    38.25330     32.03869    -20.05494
    24.71890     36.05750    -12.38709
    36.51050     41.11700    -17.67680
    27.37580     19.40650    -13.56040
    43.61260     47.63450    -22.50900
    50.90087     45.14893    -10.81718
    57.58050     64.72880    -20.73380
    20.34182     24.53361    -10.55727
    38.07574     29.37006     -9.92661
    20.34183     24.53358    -10.55724
    30.09287     36.13983    -13.93143
    27.60050     32.67590    -17.18070
    48.79179     42.35487    -10.04183
    35.88330     27.96266    -12.73958
    47.62420     47.50910    -26.54980
    40.47438     32.72268    -12.90500
    32.53182     45.52953    -13.60327
    17.75970     26.24891     -7.80051
    45.03256     40.63329    -13.12466
    36.25118     47.93091     -9.79902
    38.25330     32.03869    -20.05494
    32.20810     44.65016     -9.02090
    42.07625     39.62534    -10.57837
    25.98354     21.14591    -12.56333
    31.31775     30.96810    -11.87025
    36.69930     22.92220     -7.11420
    54.26475     46.37391    -13.61375
    32.57991     45.49238    -13.54135
    35.85642     28.18991    -12.81715
    48.25314     39.84020    -10.68157
    48.25314     39.84020    -10.68157
    35.80546     29.92423    -12.21767
    45.81940     50.76700     -8.41320
    42.47952     28.90277    -10.02150
    40.18205     33.47395    -15.07957
    21.09104     23.40374    -10.48334
    40.86381     27.47339     -8.37159
    45.03256     40.63329    -13.12466
    37.72547     32.14531    -12.08798
    36.73988     25.12481    -11.52408
    49.71470     61.23100    -21.37650
    26.01846     38.07001    -12.54245
    33.41793     37.49311    -17.18700
    27.51400     38.81192    -12.01482
    28.87638     34.65548    -11.88855
    39.91418     33.21841    -16.94128
    35.23570     32.67552     -7.50531
    35.71568     20.35910    -14.99767
    30.12240     27.94340     -5.97000
    32.14580     22.90966     -8.84090
    29.14655     27.27125    -12.61265
    35.80324     20.21590    -16.63408
    34.06720     18.10510    -11.82880
    53.06328     43.54557    -13.33474
    15.02943     27.49729    -12.69385
    29.34630     34.09468    -12.18788
    31.69463     21.49107    -11.81383
    28.66128     22.63823    -11.79756
    36.71305     34.25585    -12.09360
    51.10966     45.35021    -10.72669
    33.93143     44.99101    -11.91818
    38.98374     36.22332     -8.36498
    29.97165     36.13670    -14.11522
    31.69463     21.49107    -11.81383
    31.70093     35.87757    -15.40090
    25.34818     21.51279    -13.22360
    29.16632     34.33174    -12.09183
    28.01250     36.51400    -17.31020
    25.20179     39.18464    -13.13574
    52.43704     41.30243    -13.72768
    46.68703     32.79867     -6.87200
    46.68703     32.79867     -6.87200
    46.68703     32.79867     -6.87200
    25.99928     37.98024     -8.20446
    46.00440     61.43460    -21.12490
    53.08682     51.56243     -8.33117
    29.56245     43.33094    -14.15319
    36.25118     47.93091     -9.79902
    47.47736     34.54645     -8.64713
    50.24937     44.32505    -11.17055
    18.17360     26.44880    -13.23670
    35.40303     49.71476     -6.85515
    53.06328     43.54557    -13.33474
    53.51456     55.13696     -8.22021
    54.23015     50.14741    -12.40945
    36.11270     45.26220    -17.48320
    45.10133     43.14388    -10.57114
    17.78022     26.12047     -8.14895
    45.10133     43.14387    -10.57114
    29.97165     36.13670    -14.11522
    37.72548     32.14531    -12.08800
    35.88330     27.96266    -12.73958
    42.60377     28.67964    -10.79900
    27.78770     28.79800    -19.31580
    54.20535     53.17060    -11.72900
    33.41670     41.00530    -19.54690
    48.74539     35.41965    -11.24438
    35.70911     35.27787     -7.74778
    51.70157     41.22553    -12.92498
    26.96603     38.61619    -12.01307
    23.27824     23.83005    -13.28304
    35.15930     33.41870    -13.77510
    29.97165     36.13670    -14.11522
    39.22560     43.62550    -27.10760
    45.43352     37.07015     -9.16826
    42.68195     57.25730    -10.30130
    58.27590     48.50580    -21.62960
    15.02943     27.49729    -12.69385
    46.13565     43.16559     -8.04259
    31.17934     34.21652    -15.39243
    50.29910     44.67059    -11.05456
    42.11209     32.49673     -7.68385
    34.86560     46.44428    -10.08039
    42.19679     29.40715     -8.80306
    31.73283     42.68065    -12.76705
    42.80209     33.97009    -12.50472
    35.71637     20.35804    -15.01041
    35.88330     27.96266    -12.73958
    35.47335     36.87208    -14.62914
    45.42410     53.69910    -18.28400
    34.38120     31.22059    -10.54621
    36.18210     27.21784    -12.59433
    34.52061     46.86822    -10.65695
    52.21312     47.38362    -11.16024
    35.54890     23.84040    -10.64570
    23.19821     35.26816    -11.47503
    22.21925     26.08284    -11.90167
    42.96756     34.31907    -12.30409
    25.31182     35.12176     -8.41496
    33.30685     25.55906    -10.12851
    60.17058     54.48998    -22.34191
    60.22240     54.49728    -22.47785
    42.45039     28.95398     -9.89071
    42.45213     28.95127     -9.89833
    42.83048     34.05830    -12.44467
    18.48040     23.89160    -14.04005
    20.10430     22.30070    -18.06400
    31.53905     37.69295    -16.98600
    42.60648     34.56911    -12.31311
    37.71175     21.22870    -17.09985
    23.21449     23.66580    -13.21244
    51.15073     45.39387    -10.60486
    28.63244     39.32393    -11.67043
    32.58194     45.49164    -13.53875
    32.59545     45.49633    -13.52335
    33.42289     37.53041    -17.22262
    33.98590     27.81760    -10.62090
    35.08588     46.74089    -10.07303
    23.98760     27.03520    -18.04650
    23.19822     35.26817    -11.47502
    50.19453     44.32703    -11.22698
    37.72547     32.14530    -12.08797
    43.41493     34.37031     -8.72355
    42.44999     28.95476     -9.88875
    52.14358     51.91123     -7.87481
    43.55830     40.48090     -4.81850
    17.59669     26.19663     -8.68465
    43.87084     35.46269    -12.68122
    33.92504     47.85854    -11.43693
    25.99077     21.14092    -12.56064
    23.20927     37.12850     -9.00637
    29.97165     36.13670    -14.11522
    36.58612     29.80260     -8.55628
    26.55923     20.77984    -12.39077
    23.05981     35.43255    -11.05583
    33.51806     25.78816     -9.95653
    47.47737     34.54646     -8.64712
    34.60750     38.02690    -21.63930
    18.90064     30.91365     -8.81917
    43.03427     34.39434    -12.24477
    63.52225     57.30995    -23.67305
    37.89980     44.14495    -23.53815
    29.33110     42.15720     -5.99903
    54.95650     45.64500     -8.92050
    39.62415     31.81875     -8.45849
    47.41712     37.60167    -10.37821
    33.13093     32.36460     -7.42087
    29.97165     36.13670    -14.11522
    35.09180     33.91190    -18.83450
    27.37475     38.77820    -11.96038
    47.47737     34.54645     -8.64711
    38.81100     22.74720    -10.33140
    37.72547     32.14531    -12.08798
    40.47438     32.72281    -12.90981
    48.03750     49.49930    -22.54640
    38.49043     28.05140    -14.97921
    40.41026     34.19233    -12.24933
    36.88697     27.33766    -21.91533
    19.34661     30.14340     -9.77006
    34.69810     33.59550    -16.31990
    35.72133     20.34950    -15.10360
    50.47298     44.68257    -11.05714
    42.89424     34.18775    -12.30221
    31.73331     42.68065    -12.76660
    34.94977     31.29564    -12.73218
    50.14411     44.59167    -11.11680
    33.90358     44.99664    -11.94731
    32.04260     44.71850     -5.76230
    32.26410     14.60940     -8.98340
    49.77122     44.35146    -11.66700
    47.47736     34.54645     -8.64719
    56.33742     65.29451    -22.78694
    53.63532     51.09050     -8.73492
    36.22703     47.90326     -9.80393
    25.48396     21.70535    -13.01556
    33.90348     44.99660    -11.94792
    48.45870     45.30940    -17.53180
    27.16220     41.81880     -6.56650
    40.53757     34.54665    -12.07216
    45.58932     42.99882     -8.02978
    18.84489     31.00993     -8.70030
    22.76698     34.72145    -11.67520
    36.70332     29.61339    -10.20805
    18.58005     28.04453     -7.82975
    25.20179     39.18464    -13.13574
    26.16034     20.95779    -12.40783
    35.68227     47.34564     -9.93452
    48.82859     35.53655    -11.32902
    40.93632     38.35727     -9.85382
    23.19828     35.26827    -11.47497
    35.70911     35.27787     -7.74779
    28.71479     37.94027    -15.10983
    35.87244     28.87578    -18.11977
    38.38286     27.34594    -12.06440
    18.48040     23.89160    -14.04005
    22.09320     20.36050    -13.91980
    50.86240     63.58390    -10.17290
    42.69890     28.65236    -10.33862
    29.16623     34.33179    -12.09171
    36.56164     25.11730     -9.34185
    26.54439     20.78426    -12.38943
    58.42277     48.84953     -9.99173
    45.51228     39.43854     -6.91733
    39.32370     35.12960    -22.01330
    25.64145     24.08495    -15.49385
    47.14523     45.26436     -8.80996
    34.02740     43.03405    -17.38535
    23.89290     30.19230    -17.38090
    31.27014     43.55730     -9.54188
    47.11969     39.15629    -14.67461
    55.73524     56.28142    -14.59056
    60.13192     54.48453    -22.24050
    58.42277     48.84953     -9.99173
    56.40273     65.34573    -22.80961
    51.22543     38.93520    -13.14367
    43.75715     36.41267     -8.26791
    41.24120     51.32250    -16.82890
    40.14180     50.56540    -15.18710
    46.31780     59.10500    -13.12020
    20.69044     23.46543    -10.07012
    20.59364     23.26488     -9.79096
    37.87014     49.39343    -12.65924
    48.93523     42.34884    -14.88845
    27.01867     38.64653    -11.98361
    29.11120     15.29010    -10.75820
    51.22543     38.93520    -13.14367
    31.17934     34.21652    -15.39243
    47.12224     45.25858     -8.80907
    48.75987     48.23653    -15.20263
    50.08300     56.19730     -9.08960
    34.02740     43.03405    -17.38535
    42.62207     37.95610     -7.29836
    48.35805     49.93437    -11.78545
    20.12080     22.95475     -8.96706
    31.99081     26.68821    -11.35350
    24.11910     31.65590    -14.19770
    48.79179     42.35487    -10.04183
    51.58275     58.18760    -19.00190
    29.89900     39.27480    -15.11640
    34.69340     31.18884    -11.59578
    34.26220     45.06481    -12.25976
    38.47975     29.31663     -9.85029
    33.86910     47.67966    -11.60116
    20.84542     23.56000    -10.33074
    51.55385     41.16941    -12.76659
    40.93627     38.35721     -9.85378
    18.58047     28.04468     -7.83006
    40.54953     34.69747    -12.17506
    25.42584     21.84842    -13.18429
    54.00120     64.80940    -19.34930
    50.63643     45.11608    -10.82109
    38.25330     32.03868    -20.05493
    30.50810     19.00410     -7.59800
    41.53178     38.92260    -10.47594
    42.63727     33.46503    -12.84825
    50.68390     59.11995    -23.82775
    26.96603     38.61619    -12.01308
    33.04041     25.23084    -10.32658
    19.91350     26.11470     -7.88740
    50.19665     44.35089    -11.21468
    25.99925     37.98023     -8.20438
    51.07740     53.31000    -15.06350
    40.51052     34.47594    -12.09117
    56.56050     60.99320    -19.21710
    38.38285     27.34594    -12.06440
    41.18668     54.31705    -10.27224
    45.03290     31.48270    -15.08140
    52.15470     38.42500    -10.76880
    33.79148     47.24738    -11.40642
    58.97410     64.07940    -21.15830
    37.89980     44.14495    -23.53815
    38.01877     41.09375    -18.58037
    50.11966     57.29492    -23.70482
    45.19670     37.90310    -13.15870
    27.23190     17.19050    -14.70600
    53.06328     43.54557    -13.33474
    45.85810     52.15090    -21.02200
    36.88697     27.33766    -21.91533
    18.84489     31.00993     -8.70030
    32.67114     24.76731    -10.59678
    43.41531     34.37027     -8.72067
    17.78305     26.25617     -7.67443
    54.32135     50.19808    -12.48147
    42.08731     38.90475    -12.47812
    16.96380     23.96540    -10.14870
    42.99102     41.67365     -9.52029
    26.80230     12.92620     -8.95300
    49.60786     36.64842    -12.13979
    35.40303     49.71476     -6.85515
    40.66095     27.53404     -8.16933
    32.99360     28.94420    -10.75110
    50.25627     44.44443    -11.17705
    33.06455     25.26112    -10.30890
    42.50868     28.85979    -10.08586
    41.61497     29.16650    -14.90575
    15.83380     25.39500     -6.60680
    50.32201     57.25813    -24.07388
    37.72627     32.14509    -12.08963
    33.82304     45.02052    -12.04287
    31.33723     43.63552     -9.50463
    46.85150     38.93972    -14.63956
    34.84030     31.25429    -12.25720
    45.45140     42.93740     -7.75830
    42.62207     37.95610     -7.29836
    38.01877     41.09375    -18.58036
    35.72150     20.35014    -15.10459
    52.25352     51.98193     -7.86713
    20.62090     25.06050    -19.23630
    33.82361     45.02036    -12.04185
    53.06328     43.54556    -13.33476
    33.42290     37.53043    -17.22264
    64.60260     55.96750    -25.49600
    57.33243     47.87367    -16.86357
    26.96599     38.61618    -12.01308
    55.10430     56.03850     -8.77580
    33.71623     26.37002    -20.41644
    21.18203     23.31284    -10.49053
    22.21925     26.08284    -11.90167
    18.58051     28.04467     -7.83003
    19.58385     27.42150    -14.39125
    28.44211     24.95412    -14.19341
    35.23570     32.67553     -7.50531
    25.12850     32.76800    -17.31850
    21.06512     23.35314    -10.39802
    54.22996     46.33546    -13.60244
    49.00437     56.78869    -23.49486
    34.86110     25.91790    -13.95890
    49.30620     64.84760    -26.27330
    30.39377     42.23647     -9.89450
    23.27891     23.83181    -13.28383
    60.42100     50.59010    -20.36510
    52.22439     52.16637     -7.72032
    35.87375     29.93344    -11.84389
    18.59730     25.18890     -8.05661
    52.21312     47.38361    -11.16024
    40.02470     24.98110    -13.12710
    21.29537     23.62881    -10.90598
    49.97105     57.34480    -23.36575
    58.90550     50.36640    -17.29480
    42.24462     37.44003    -11.62106
    24.38396     33.41739    -13.90802
    25.89790     32.00640    -13.19250
    31.33950     24.58480     -7.06100
    59.60980     51.79558    -10.04868
    51.76910     41.26399    -12.99665
    42.24461     37.44000    -11.62104
    41.87948     27.01047     -9.05903
    31.37160     34.32400     -9.00520
    50.19370     62.41980    -26.10540
    40.54080     41.92350    -11.80240
    47.13745     39.17083    -14.67685
    17.57471     27.23429     -7.02224
    30.33190     32.13280    -16.13087
    52.22581     47.42584    -11.19138
    18.84489     31.00993     -8.70030
    51.54879     41.23344    -12.75810
    34.59450     31.20274    -11.29658
    35.34905     46.95887     -9.99677
    33.95470     44.95968    -11.75234
    44.37590     30.46530    -13.50520
    29.51416     20.15909    -12.90356
    43.87086     35.46271    -12.68123
    28.44211     24.95412    -14.19341
    49.83630     62.97820    -21.28470
    59.60980     51.79557    -10.04868
    37.87015     49.39343    -12.65924
    49.84884     44.30621    -11.58266
    41.00810     31.56480    -19.21380
    29.60541     20.05298    -12.89976
    54.07984     46.16956    -13.55365
    18.04587     27.72196     -7.39855
    39.77640     26.12720    -22.34250
    37.56120     24.48320     -6.56660
    40.47787     34.35546    -12.12337
    51.47469     41.76823    -12.65262
    30.33190     32.13280    -16.13087
    45.66950     43.02229     -8.02994
    42.77176     39.52498     -6.50107
    48.79180     42.35487    -10.04183
    39.75000     45.54630    -18.71950
