    43.05103     41.64117     -9.55040
    29.33106     42.15718     -5.99904
    38.98374     36.22332     -8.36498
    39.42220     31.91051     -8.47815
    40.45587     32.73811    -13.03761
    43.05109     41.64114     -9.55043
    55.82150     57.28757     -9.82908
    33.30580     17.84170    -15.31120
    51.78680     41.27302    -13.01500
    40.43284     32.79722    -13.17560
    38.02350     27.05190     -8.34205
    43.75715     36.41267     -8.26791
    42.11940     29.56555     -8.43314
    41.49530     50.84940    -19.94120
    43.05120     41.15400    -13.59075
    51.59863     41.17723    -12.81468
    36.19810     21.13200    -22.24690
    53.06328     43.54557    -13.33474
    31.53905     37.69295    -16.98600
    50.79850     64.61575    -15.10105
    18.59485     28.05310     -7.84175
    47.04741     39.10138    -14.66374
    42.24461     37.43997    -11.62103
    48.93523     42.34884    -14.88845
    40.78851     54.35597    -10.21512
    33.85020     20.85440    -17.85220
    40.20219     54.26130    -10.24814
    18.59479     28.05309     -7.84173
    42.48252     28.89227    -10.02582
    21.75553     22.76802    -10.47617
    38.52248     28.03448    -14.97876
    26.16332     20.95094    -12.40149
    35.47335     36.87208    -14.62914
    35.47335     36.87208    -14.62914
    38.77534     31.69050    -14.16231
    33.54563     46.40685    -10.46368
    42.06791     39.24951    -11.50852
    48.79180     42.35486    -10.04184
    25.80061     21.07242    -12.14829
    54.07827     50.06358    -12.28920
    39.66380     39.17040     -8.58565
    32.19126     22.87124     -9.00572
    33.29617     46.21077    -11.04416
    41.26275     27.24419     -8.58941
    40.77925     27.52129     -8.31003
    47.41712     37.60167    -10.37821
    56.20380     62.35240    -17.98270
    42.05765     39.43800    -10.98183
    28.37070     40.67040    -13.65690
    48.25314     39.84020    -10.68157
    26.60791     38.64423    -12.17579
    34.84076     31.40926    -13.53665
    29.51943     20.15293    -12.90340
    31.25628     43.54361     -9.55103
    49.25755     49.02100     -7.44625
    38.78098     31.68802    -14.17341
    33.58383     20.44278    -12.46739
    34.93250     18.55510     -9.84340
    46.50560     40.92520    -10.37440
    26.07339     21.01615    -12.45578
    40.14916     28.12115     -8.41716
    40.31159     27.95778     -8.36028
    28.66128     22.63823    -11.79756
    44.04020     51.88685    -23.33570
    32.50693     22.60435    -10.15063
    20.30458     23.09094     -9.30783
    49.59680     37.17130     -8.03180
    48.25314     39.84020    -10.68157
    30.86905     30.06065     -7.70440
    43.05103     41.64117     -9.55040
    44.85030     47.70500     -5.77110
    56.52362     65.43872    -22.85305
    43.05504     34.48288    -12.35240
    34.92637     36.01137    -17.26193
    42.19764     29.96768     -8.19952
    42.19510     29.61439     -8.46884
    37.74590     26.71980    -18.65540
    40.55405     32.56781    -12.43037
    52.21493     47.38799    -11.16821
    63.52225     57.30995    -23.67305
    52.02880     46.08759     -9.36434
    41.30010     36.23470    -22.85650
    49.69634     36.77773    -12.23498
    36.57601     25.11791     -9.51769
    42.63871     33.47818    -12.82698
    42.80516     33.99133    -12.48607
    45.98888     43.12046     -8.06619
    35.83993     28.05182    -12.75202
    51.69642     41.30112    -12.91530
    54.64396     50.37700    -12.73645
    32.32140     22.76122     -9.47762
    42.68194     57.25729    -10.30130
    56.21068     65.19732    -22.74112
    56.28807     65.25747    -22.76845
    56.30405     65.27029    -22.77376
    20.97825     23.35007    -10.30514
    35.80870     29.98947    -11.93000
    56.19998     65.18850    -22.73774
    33.58383     20.44278    -12.46739
    33.58383     20.44278    -12.46739
    33.58383     20.44278    -12.46739
    54.15530     50.10588    -12.35029
    50.75259     64.38949    -24.55033
    38.98374     36.22332     -8.36498
    30.08197     36.21368    -13.81006
    45.45240     34.36470     -9.65390
    42.62207     37.95610     -7.29836
    42.50450     28.85463    -10.13906
    38.32944     28.13639    -14.98143
    25.31182     35.12176     -8.41496
    56.33621     65.29339    -22.78666
    18.59728     25.18893     -8.05660
    24.38798     33.41896    -13.90884
    38.38287     27.34592    -12.06441
    55.82150     57.28757     -9.82907
    18.45664     27.97180     -7.72900
    55.82150     57.28758     -9.82907
    55.82150     57.28758     -9.82907
    53.08843     51.56097     -8.35396
    47.70320     45.95270    -14.10210
    40.40399     34.11341    -12.35073
    32.73970     25.93380    -17.92810
    36.21087     47.88468     -9.80722
    33.42481     37.54482    -17.23638
    21.00416     23.35666    -10.34009
    50.62638     44.81274    -10.96707
    20.21506     23.03466     -9.15241
    45.88156     43.08463     -8.02212
    28.44211     24.95412    -14.19341
    33.13093     32.36460     -7.42087
    26.16335     20.95093    -12.40149
    30.17829     41.95312     -9.97377
    51.17105     40.83162    -12.36896
    30.34859     42.17587     -9.91116
    49.17311     36.02496    -11.68403
    33.02887     45.28120    -12.98380
    59.60980     51.79558    -10.04868
    33.58383     20.44278    -12.46739
    31.25660     43.54421     -9.55090
    46.20570     32.72890    -11.25580
    50.74250     45.28786    -10.74067
    51.90507     41.27544    -13.14407
    33.71623     26.37002    -20.41644
    57.78140     45.95380    -19.94950
    58.41295     47.54110    -11.12660
    52.43971     51.89012     -7.97653
    18.67370     24.49300    -17.50850
    42.62207     37.95610     -7.29836
    32.58410     28.10750    -21.45320
    37.72537     32.14534    -12.08778
    34.17950     22.68200    -16.91630
    43.15611     34.38262    -10.86946
    52.92986     51.62926     -8.25639
    31.26218     43.55332     -9.54866
    42.42848     28.98647     -9.70139
    48.45870     45.30940    -17.53180
    33.77479     45.00627    -12.00110
    17.98861     27.68864     -7.34598
    36.57601     25.11791     -9.51769
    36.09120     31.10600    -21.94950
    42.68462     41.83949     -9.36654
    45.69629     43.02640     -8.02133
    51.74422     49.58128    -10.23534
    34.81375     46.54716    -10.14013
    53.51456     55.13696     -8.22021
    41.62400     27.10723     -8.85654
    49.69461     36.77513    -12.23305
    31.26218     43.55332     -9.54866
    33.31830     15.36970    -29.73350
    34.90054     46.63698    -10.15687
    39.94964     33.92957    -11.80297
    49.87950     57.28712    -23.39566
    35.71347     20.37104    -14.95109
    35.71528     20.36828    -14.98445
    38.93551     29.25651     -9.89021
    43.00540     41.66587     -9.52751
    40.15607     27.83607     -7.82061
    38.76475     34.25019    -14.03515
    48.13980     62.62900    -16.83150
    29.56246     43.33094    -14.15317
    42.54179     28.80563    -10.18543
    43.80149     35.39012    -12.66620
    25.44086     21.92713    -13.18225
    58.47900     56.43918     -9.79051
    41.92380     46.97900    -10.85520
    56.69980     52.80560     -9.72560
    42.38165     31.46955     -7.87995
    50.31775     57.25932    -24.06580
    45.69629     43.02640     -8.02133
    20.85736     23.30294    -10.12533
    33.21891     25.45197    -10.19449
    31.17543     36.06573    -12.48365
    42.37764     29.13734     -9.40615
    52.43971     51.89012     -7.97653
    36.71305     34.25585    -12.09360
    40.30276     54.31534    -10.21359
    24.31689     33.39117    -13.89433
    33.41964     37.50595    -17.19925
    20.34182     24.53366    -10.55730
    39.97372     54.14232    -10.31772
    37.87014     49.39343    -12.65924
    35.84727     28.19570    -12.81384
    49.25755     49.02100     -7.44625
    35.47335     36.87208    -14.62914
    25.64145     24.08495    -15.49385
    45.62183     43.04111     -8.34051
    31.90063     45.74896    -14.40898
    19.58385     27.42150    -14.39125
    46.87254     44.28559    -14.99074
    38.82103     31.63376    -14.23331
    23.59260     34.84070    -14.41390
    30.94220     23.06340    -14.43650
    35.40303     49.71476     -6.85516
    47.41712     37.60167    -10.37821
    51.19636     45.41279    -10.59900
    56.33601     65.29326    -22.78657
    33.16640     41.19940     -6.84530
    31.68130     13.26550    -28.55530
    42.27973     32.12506     -7.76508
    36.90690     24.60850    -16.54050
    31.69463     21.49107    -11.81383
    23.20927     37.12850     -9.00636
    47.41713     37.60167    -10.37821
    34.71333     31.22313    -11.89864
    55.90230     62.32160    -24.12560
    26.16332     20.95094    -12.40149
    26.16333     20.95093    -12.40148
    42.47345     28.90794     -9.98397
    40.90021     54.34331    -10.23235
    34.89521     46.63623    -10.15719
    44.05842     35.56077    -12.53303
    26.67570     23.94420    -17.96450
    33.41967     37.50614    -17.19944
    38.34702     29.33577     -9.81503
    30.98922     43.15075     -9.66173
    46.97702     39.04347    -14.65499
    24.38798     33.41896    -13.90884
    42.51212     28.83786    -10.18319
    38.01877     41.09375    -18.58036
    52.21465     47.38687    -11.16754
    33.86337     47.63807    -11.60807
    31.74093     42.68061    -12.75964
    41.17355     36.50570     -8.23345
    17.36451     27.31106     -6.83521
    43.56779     35.10568    -12.53728
    49.53216     36.53878    -12.05931
    49.51723     36.51716    -12.04342
    35.47335     36.87208    -14.62914
    32.31149     45.52648    -13.88742
    35.43482     31.55229    -13.10019
    35.71349     20.37107    -14.95115
    41.91917     31.51258    -14.13599
    46.33920     54.49780     -6.72030
    49.86518     45.50152    -10.56347
    45.51228     39.43854     -6.91733
    41.61494     29.16651    -14.90585
    35.71048     20.36115    -14.94347
    17.61079     26.75943     -7.37928
    60.21421     54.49613    -22.45636
    35.69683     20.24342    -14.93332
    33.33775     46.36835    -10.50240
    27.21540     11.38560     -5.57460
    21.21717     23.27092    -10.49698
    21.12529     23.28984    -10.41578
    45.73068     43.03700     -8.02104
    43.00477     41.66620     -9.52719
    35.69474     20.24308    -14.90133
    31.25632     43.54371     -9.55101
    17.86890     33.31230     -3.54400
    29.17294     34.32892    -12.10028
    34.27820     23.30980    -10.11930
    46.91680     37.05580     -7.52600
    39.51671     53.84460    -10.50405
    50.50379     44.84598    -10.94645
    54.15532     50.10589    -12.35031
    34.43110     43.09450    -20.58980
    22.21925     26.08284    -11.90167
    27.06284     38.66323    -11.99807
    20.68454     23.27873     -9.91259
    36.55962     25.11722     -9.31705
    27.41466     38.78201    -11.99733
    36.55962     25.11722     -9.31705
    29.56248     43.33098    -14.15310
    41.85164     31.39916    -14.14633
    33.28557     46.36752    -10.25728
    35.71347     20.37104    -14.95110
    42.00872     39.21941    -11.37816
    40.03529     54.15735    -10.31106
    58.41295     47.54110    -11.12660
    20.78460     29.74560     -9.72620
    43.24610     44.68840    -18.05850
    56.67740     60.55160     -9.56270
    42.51779     33.07601    -13.12620
    51.43219     41.08390    -12.63829
    40.44617     34.30033    -12.05704
    23.84950     21.80500    -18.29680
    50.26150     44.39489    -11.15830
    33.13093     32.36460     -7.42087
    35.71348     20.37105    -14.95110
    36.88697     27.33766    -21.91533
    35.09326     46.72465    -10.06377
    36.55962     25.11723     -9.31705
    41.19988     27.27953     -8.54479
    42.20265     32.31690     -7.72538
    31.17934     34.21652    -15.39244
    42.24461     37.43997    -11.62103
    54.31351     50.19371    -12.47529
    26.20037     20.92660    -12.39828
    49.47780     46.84670     -7.65100
    31.31775     30.96810    -11.87025
    26.16332     20.95094    -12.40149
    53.06016     51.55711     -8.33091
    45.62253     43.04130     -8.34020
    28.44211     24.95412    -14.19341
    37.08390     30.71460    -18.53325
    33.45056     25.73711    -10.02214
    31.07403     37.73107    -23.41490
    18.83612     31.02507     -8.68162
    40.54860     38.45990    -19.46670
    26.91291     38.59821    -12.02673
    36.88697     27.33766    -21.91533
    51.54774     41.23363    -12.75658
    29.33170     42.15749     -5.99888
    48.93523     42.34884    -14.88845
    41.61484     29.16656    -14.90622
    23.20927     37.12850     -9.00636
    45.26320     46.33177    -26.61550
    40.08796     31.60533     -8.40902
    54.26176     46.37061    -13.61278
    42.49736     28.86696    -10.10177
    59.60980     51.79559    -10.04868
    26.16332     20.95094    -12.40149
    36.69628     29.60048    -10.19202
    33.73844     47.27696    -11.89311
    43.90560     35.51233    -12.71965
    49.50805     36.50376    -12.03356
    26.16332     20.95094    -12.40149
    52.05830     52.08280    -12.49850
    45.94578     43.10529     -8.02390
    52.26776     51.97457     -7.88520
    52.24250     51.98816     -7.86788
    42.62207     37.95610     -7.29836
    51.49720     51.13391     -7.98748
    41.37620     26.79190    -13.86710
    52.24247     51.98818     -7.86786
    42.62207     37.95610     -7.29836
    45.47530     58.13070    -13.98000
    51.25372     40.91419    -12.45369
    39.66380     39.17040     -8.58565
    50.75259     64.38949    -24.55033
    45.68870     59.75300     -9.77230
    23.20927     37.12850     -9.00636
    33.48966     25.77516     -9.98814
    43.05120     41.15400    -13.59075
    48.93522     42.34884    -14.88846
    40.77223     27.49972     -8.26529
    50.35910     43.86988    -11.05769
    46.53930     48.89540    -29.01360
    51.22543     38.93520    -13.14367
    42.41201     29.02958     -9.61182
    34.68593     31.18519    -11.56279
    34.41041     46.63321    -10.35441
    41.40423     54.28823    -10.30947
    41.65180     25.08310    -11.14435
    26.76010     18.81160     -7.32450
    36.49263     29.62795    -10.49333
    57.33243     47.87367    -16.86357
    33.71623     26.37002    -20.41644
    39.80080     27.44242     -6.59640
    29.14655     27.27125    -12.61265
    23.21354     23.66095    -13.20897
    17.75525     26.24752     -7.79105
    48.79180     42.35487    -10.04183
    42.24463     37.44019    -11.62115
    51.90512     51.67684     -7.90677
    34.68783     31.18589    -11.57095
    25.31182     35.12176     -8.41496
    27.21257     38.71787    -12.03734
    33.00193     25.18377    -10.35536
    54.86480     59.73460     -8.00220
    29.51943     20.15293    -12.90340
    51.17118     40.83175    -12.36909
    29.33107     42.15718     -5.99904
    59.60980     51.79558    -10.04868
    51.47358     41.77231    -12.65125
    52.23236     51.93592     -7.88990
    52.21626     52.06990     -7.80629
    42.62207     37.95610     -7.29836
    31.99082     26.68821    -11.35348
    41.06950     48.15990    -22.65070
    52.24251     51.98816     -7.86788
    52.24251     51.98816     -7.86788
    27.01240     38.64582    -11.99778
    56.15560     63.33370    -20.96360
    43.87181     35.47342    -12.70444
    31.89547     42.68050    -12.61720
    45.90210     59.31935    -16.49405
    41.03145     29.97772     -6.84357
    28.72240     33.36090    -21.77620
    33.83981     47.58050    -11.67751
    20.85770     23.30197    -10.12493
    26.77680     26.24690     -8.44700
    39.20111     53.57312    -10.64102
    39.10160     32.04120     -8.48494
    37.87014     49.39343    -12.65925
    54.61300     43.71910    -15.58420
    35.70911     35.27787     -7.74778
    48.75987     48.23653    -15.20263
    35.47335     36.87208    -14.62914
    28.52937     39.15856    -11.99438
    36.19810     21.13200    -22.24690
    52.15476     52.01547     -7.83636
    42.12161     29.53034     -8.47162
    51.56132     41.23500    -12.77132
    42.14902     31.88638    -14.15030
    56.56063     65.46185    -22.87077
    29.98150     19.03190    -22.11260
    39.93560     36.78020    -12.50270
    26.76061     38.48740    -11.13687
    41.67556     54.24501    -10.36287
    35.83993     28.05182    -12.75205
    35.71528     20.36827    -14.98444
    29.51943     20.15293    -12.90340
    42.68195     57.25730    -10.30130
    20.15562     22.99226     -9.04419
    35.68971     20.22088    -14.88610
    23.54162     35.48313    -11.62886
    42.52561     28.69919    -11.21003
    58.47902     56.43918     -9.79053
    23.52800     19.46980    -17.71530
    40.80314     38.22463     -9.72879
    53.06328     43.54557    -13.33474
    20.71589     23.49398    -10.13015
    48.75987     48.23653    -15.20263
    36.66488     29.56407    -10.22660
    47.17473     45.27176     -8.81109
    33.71623     26.37002    -20.41644
    49.86518     45.50152    -10.56347
    31.87280     20.59970    -17.55220
    41.84140     25.26080    -20.14920
    44.04020     51.88685    -23.33570
    33.36837     37.12029    -16.83092
    42.23637     29.33753     -8.83046
    18.89285     30.92710     -8.80256
    19.99033     22.80690     -8.67094
    23.85310     18.00990    -15.17350
    42.35006     29.19564     -9.30349
    28.66128     22.63823    -11.79756
    50.94344     45.09905    -10.86366
    29.56244     43.33091    -14.15325
    50.24626     44.46113    -11.18469
    17.23161     27.25254     -6.65989
    53.51456     55.13696     -8.22021
    53.51456     55.13696     -8.22021
    22.60500     21.19557    -10.39500
    38.25330     32.03869    -20.05494
    40.88005     53.04405    -11.06630
    36.58548     29.62070    -10.22296
    38.02350     27.05190     -8.34205
    28.63236     39.32384    -11.67057
    52.38056     41.30348    -13.66454
    26.16333     20.95093    -12.40148
    37.08390     30.71460    -18.53325
    26.16332     20.95094    -12.40149
    31.78532     42.68051    -12.71886
    45.03256     40.63329    -13.12466
    45.26320     46.33177    -26.61550
    43.47675     56.01875    -13.75455
    34.97370     17.34560     -5.57550
    33.69762     45.04498    -12.17362
    24.61870     19.79740    -14.35230
    35.91333     29.49022    -13.37000
    43.75715     36.41267     -8.26791
    20.85770     23.30197    -10.12493
    31.99081     26.68820    -11.35350
    46.81443     43.37990     -8.03276
    36.55962     25.11722     -9.31705
    36.55962     25.11722     -9.31705
    30.86905     30.06065     -7.70440
    20.78430     28.26350     -8.84910
    52.13429     51.92169     -7.87421
    35.71373     20.37208    -14.95201
    31.26217     43.55330     -9.54867
    21.17971     23.28586    -10.47130
    55.73524     56.28142    -14.59056
    55.73524     56.28142    -14.59056
    53.51457     55.13697     -8.22021
    39.42208     31.91055     -8.47812
    35.76273     20.29278    -15.86680
    57.33243     47.87367    -16.86357
    35.87415     27.96842    -12.73627
    29.33955     20.36249    -12.91009
    54.20535     53.17060    -11.72900
    27.50250     26.71570    -23.59695
    39.55549     31.84940     -8.46428
    27.50250     26.71570    -23.59695
    48.79180     42.35487    -10.04183
    39.88480     44.21870    -21.71450
    55.73524     56.28142    -14.59056
    42.24461     37.43997    -11.62103
    26.12637     20.97303    -12.43942
    36.79556     29.55335    -10.24779
    17.47130     26.22080    -16.68800
    42.93859     34.32364    -12.19890
    42.94958     34.34954    -12.17940
    23.20927     37.12850     -9.00637
    53.10095     51.56362     -8.33254
    37.91520     46.93580    -17.84970
    48.35805     49.93437    -11.78545
    50.31224     44.50133    -11.14187
    22.60500     21.19557    -10.39500
    43.00517     41.66599     -9.52739
    54.23815     46.34451    -13.60511
    20.79593     23.63818    -10.34602
    48.75565     35.42787    -11.24802
    21.08930     23.40267    -10.48812
    17.24859     27.45558     -6.79212
    35.69103     20.22808    -14.89141
    23.54295     35.48426    -11.62904
    38.77008     31.70332    -14.15741
    30.22980     15.70690    -15.74770
    42.69900     28.65231    -10.33850
    35.71571     20.37025    -14.98603
    35.16500     31.33740    -20.25100
    21.86010     30.31000    -12.24100
    48.82378     35.52414    -11.31795
    54.15534     50.10589    -12.35033
    45.79350     49.08670    -22.09160
    46.81443     43.37990     -8.03276
    31.55452     43.90750     -9.39122
    35.23569     32.67554     -7.50530
    23.24758     35.33995    -11.43910
    29.56245     43.33094    -14.15319
    42.68196     57.25731    -10.30130
    40.30490     24.11620     -6.60510
    46.87254     44.28559    -14.99073
    59.60981     51.79559    -10.04868
    52.11799     47.06963    -10.91477
    42.08734     38.92909    -12.41319
    50.26199     44.43777    -11.17237
    38.30370     23.94830     -8.91820
    51.74434     49.58113    -10.23556
    35.72204     20.35737    -15.10832
    32.69890     45.33373    -13.39284
    33.29359     25.54572    -10.13982
    31.07403     37.73107    -23.41490
    31.99080     26.68820    -11.35350
    41.31760     52.31690    -14.82860
    40.60076     38.02283     -9.56547
    54.15533     50.10589    -12.35032
    49.98253     57.34403    -23.38677
    17.98492     25.95875     -7.86355
    51.97980     66.01210    -13.33990
    18.59731     25.18890     -8.05662
    31.74060     42.68061    -12.75995
    27.92840     38.95809    -12.00656
    50.79850     64.61575    -15.10105
    52.34130     59.66545    -23.63570
    56.21068     65.19732    -22.74112
    40.50381     32.67827    -12.70413
    45.19670     37.90310    -13.15870
    25.99936     37.98024     -8.20466
    41.41570     53.02850     -7.48610
    45.56780     26.47630    -13.16380
    39.40110     40.90210     -9.53460
    30.33820     37.81790    -19.32930
    32.82340     36.71140     -9.76700
    40.59072     54.42047    -10.14922
    42.20182     29.99961     -8.19407
    38.71054     29.28638     -9.88053
    45.64911     43.05405     -8.40967
    48.79180     42.35487    -10.04183
    47.14778     45.26500     -8.81005
    26.16332     20.95094    -12.40149
    41.65180     25.08310    -11.14435
    29.96124     36.13779    -14.12827
    32.37250     22.71802     -9.66290
    48.79179     42.35487    -10.04183
    22.21925     26.08284    -11.90167
    33.41959     37.50557    -17.19889
    30.66160     41.06190    -14.08760
    37.81780     32.79150     -8.25670
    18.83612     31.02507     -8.68162
    31.07403     37.73107    -23.41490
    40.80899     27.02548     -8.14788
    44.07997     35.69186    -12.68919
    42.07837     29.63518     -8.28465
    42.15565     29.49687     -8.57551
    17.51989     27.40640     -6.96228
    18.85385     23.69515     -6.19585
    26.96009     38.61551    -12.02644
    35.47335     36.87208    -14.62914
    45.43351     37.07015     -9.16826
    46.48597     43.27331     -8.02649
    59.60980     51.79558    -10.04868
    39.55495     31.84966     -8.46435
    31.42179     43.75170     -9.46471
    18.85385     23.69515     -6.19585
    23.15820     21.42410     -5.53430
    31.13231     43.35823     -9.60297
    50.53350     44.69747    -11.00954
    51.31035     45.41494    -10.80063
    23.59760     29.32030    -13.29600
    42.97585     34.37097    -12.22085
    48.79179     42.35487    -10.04183
    34.92637     36.01137    -17.26193
    24.86780     14.60160     -8.73950
    41.85164     31.39916    -14.14633
    51.58275     58.18760    -19.00190
    41.61501     29.16647    -14.90561
    35.72192     20.35691    -15.10762
    23.24641     23.74870    -13.24845
    33.29518     25.54774    -10.13868
    29.57350     28.33810    -19.65320
    48.93523     42.34884    -14.88845
    39.67037     53.95811    -10.43429
    49.79440     54.26780    -26.21010
    51.74417     49.58134    -10.23526
    51.74422     49.58128    -10.23533
    51.74420     49.58131    -10.23530
    43.41526     34.37027     -8.72108
    64.62510     57.33450    -26.74960
    41.61494     29.16651    -14.90585
    40.43913     32.78591    -13.13448
    37.48920     37.95930    -10.00680
    30.24730      9.53290    -16.80930
    41.26272     27.24420     -8.58938
    42.77176     39.52498     -6.50107
    35.71571     20.37025    -14.98603
    44.34835     33.19730    -15.57255
    41.15710     25.76320    -17.02690
    31.17930     34.21652    -15.39237
    30.33190     32.13280    -16.13088
    56.27390     53.54740    -12.86100
    33.17550     45.79965    -12.62228
    16.49600     29.29630    -16.03870
    42.90271     34.22084    -12.26362
    54.23742     46.34371    -13.60487
    47.19691     39.22000    -14.68415
    33.38604     25.66037    -10.07145
    52.24246     51.98818     -7.86785
    40.37919     34.08309    -12.03234
    53.51456     55.13696     -8.22021
    29.86781     36.02574    -14.47763
    33.38604     25.66037    -10.07146
    56.33604     65.29328    -22.78659
    48.35805     49.93437    -11.78545
    47.47737     34.54645     -8.64711
    40.12900     23.35350    -20.44900
    23.21164     23.65610    -13.20690
    25.35550     39.39550    -15.87860
    23.50138     24.43015    -13.55518
    30.19360     15.51390    -22.92640
    28.38260     18.26430    -13.36990
    37.71175     21.22870    -17.09985
    20.50296     23.22431     -9.65488
    47.47739     34.54647     -8.64696
    26.86058     38.57765    -12.02800
    52.43970     64.98020    -23.98260
    31.74107     42.68061    -12.75952
    41.98760     42.60780    -23.76900
    45.03256     40.63329    -13.12466
    25.99936     37.98025     -8.20467
    45.03256     40.63329    -13.12466
    33.41966     37.50613    -17.19942
    45.03790     49.15630    -27.34960
    34.84072     31.40928    -13.53673
    41.83729     31.37259    -14.15655
    26.16334     20.95093    -12.40149
    31.33000     43.63206     -9.51086
    30.33190     32.13280    -16.13087
    40.92580     27.62060    -20.48360
    42.62207     37.95611     -7.29836
    37.77550     45.24520    -21.96600
    37.74650     30.73250    -21.58330
    49.69614     57.30189    -23.10504
    42.88980     26.81090    -14.48280
    52.21460     47.38654    -11.16744
    31.70093     35.87757    -15.40090
    31.70093     35.87757    -15.40090
    35.47335     36.87208    -14.62914
    43.47675     56.01875    -13.75455
    42.62207     37.95610     -7.29836
    45.29831     35.90161    -10.91972
    40.43237     32.79406    -13.18228
    42.62207     37.95610     -7.29836
    42.53843     28.79061    -10.33728
    37.72537     32.14537    -12.08781
    42.88366     34.16931    -12.31081
    46.61505     46.32645     -6.55380
    47.41713     37.60167    -10.37821
    40.39852     32.83627    -13.41134
    40.43504     32.78966    -13.16519
    50.28469     44.38796    -11.13704
    32.02910     31.05970     -8.60630
    31.17934     34.21652    -15.39244
    34.51110     24.52160    -19.07710
    53.06327     43.54558    -13.33472
    45.21323     42.84736     -7.30501
    55.23120     49.96620     -3.99030
    32.64305     26.60800     -7.40330
    38.78098     31.68803    -14.17340
    35.46990     18.70776    -14.30414
    48.35805     49.93437    -11.78545
    39.91577     54.12375    -10.32727
    35.83648     28.00442    -12.74515
    48.35805     49.93437    -11.78545
    33.38660     39.33160    -21.26650
    48.73470     61.40290    -11.50270
    36.17717     29.79697    -11.15864
    18.83612     31.02507     -8.68162
    43.41526     34.37027     -8.72108
    49.86519     45.50152    -10.56347
    41.36536     27.18695     -8.65923
    45.90210     59.31935    -16.49405
    27.69900     39.58950     -6.07220
    54.23796     46.34430    -13.60504
    35.87247     28.87577    -18.11981
    34.38042     31.22075    -10.54371
    28.71479     37.94027    -15.10983
    41.17355     36.50570     -8.23345
    33.42484     37.54505    -17.23660
    37.87014     49.39343    -12.65925
    36.14400     37.72220     -9.44070
    16.01460     27.88150    -21.06910
    30.77680     27.94290    -10.40010
    40.50360     34.35670    -12.02981
    40.15607     27.83607     -7.82061
    17.83278     26.25032     -7.01943
    49.68220     57.51406    -22.50339
    42.05748     39.44328    -10.96809
    40.88005     53.04405    -11.06630
    35.72183     20.35659    -15.10718
    25.52350     14.22830    -15.46170
    23.25280     28.10120     -9.25690
    31.44481     42.68132    -13.03164
    48.57480     35.23147    -11.12768
    32.99440     14.82930    -12.25890
    40.54670     34.69619    -12.18319
    50.32019     44.44608    -11.11362
    41.44500     25.02200     -7.22820
    35.71504     20.37896    -14.95727
    41.89600     44.71240    -16.53980
    40.47209     32.75898    -12.88053
    34.89673     46.63915    -10.16300
    46.87254     44.28559    -14.99073
    47.11057     39.14995    -14.67299
    25.99920     37.98023     -8.20426
    35.47335     36.87208    -14.62914
    29.23239     34.26363    -12.14287
    49.99172     44.20697    -11.43100
    47.03619     43.45596     -8.05383
    38.45017     28.07265    -14.97977
    37.53750     35.57940    -10.89980
    34.92637     36.01137    -17.26193
    43.21721     34.68284    -12.34675
    37.72537     32.14534    -12.08778
    43.04838     34.44644    -12.15700
    39.75000     45.54630    -18.71950
    24.42659     33.43405    -13.91672
    26.80257     38.55180    -12.02947
    52.50707     51.86712     -8.00862
    22.64780     24.30780     -8.40420
    43.41524     34.37027     -8.72119
    52.34364     52.46430     -7.46641
    48.79179     42.35487    -10.04183
    33.98380     44.94030    -11.64133
    55.09704     50.62942    -13.09387
    39.55404     31.85009     -8.46446
    20.84940     19.39410    -12.48970
    37.12710     19.25490    -13.25670
    39.42162     31.91075     -8.47814
    21.12250     23.31404    -10.43434
    39.41130     29.35850    -24.47000
    29.23350     19.06460    -10.50650
    43.41522     34.37027     -8.72137
    51.57235     41.40783    -12.77483
    43.76044     35.35888    -12.68838
    40.29560     54.50806    -10.05520
    30.85250     26.72530     -8.67040
    40.39577     27.71335     -7.98992
    39.63221     53.93195    -10.45042
    40.33937     34.14510    -13.09103
    20.34182     24.53362    -10.55727
    42.09925     29.60158     -8.35813
    35.78170     20.59733    -15.12351
    35.71539     20.36870    -14.98481
    48.35805     49.93436    -11.78543
    43.94640     28.53020    -14.08800
    28.44978     39.13262    -11.99570
    53.17580     51.49574     -8.39274
    23.27807     23.82719    -13.28044
    44.34835     33.19730    -15.57255
    53.29760     56.71430    -24.11930
    47.55191     39.48937    -14.73763
    41.61495     29.16651    -14.90583
    41.97464     39.36316    -10.88380
    52.48943     51.83726     -8.02534
    49.85750     46.81460    -14.13820
    26.16335     20.95092    -12.40147
    36.30827     29.73580    -10.96075
    52.17710     64.52120    -13.20430
    63.63890     59.54110    -21.47440
    43.87240     46.62340    -23.87660
    28.50938     38.86790    -12.68768
    41.61496     29.16651    -14.90577
    33.81397     47.52739    -11.67577
    52.21087     47.37727    -11.16438
    35.87244     28.87578    -18.11977
    50.21050     49.60490    -15.33280
    38.01877     41.09375    -18.58036
    36.92802     29.53464    -10.20629
    35.62769     30.19919    -12.19858
    49.22880     39.52600    -14.66970
    36.55962     25.11722     -9.31705
    35.72404     30.04702    -12.13377
    42.08507     38.89747    -12.50209
    18.08720     28.36950    -18.64750
    52.27888     47.62134    -11.28486
    48.82378     35.52414    -11.31795
    39.76564     29.14674    -10.16781
    48.35805     49.93437    -11.78545
    27.06418     38.66371    -11.99794
    58.47898     56.43919     -9.79049
    26.96009     38.61552    -12.02645
    59.59970     51.27030    -15.21760
    36.63240     51.07660     -5.95940
    42.27504     29.25963     -8.98957
    17.36915     27.29836     -6.84598
    32.41936     22.67840     -9.83283
    35.23570     32.67553     -7.50531
    38.44290     46.34840    -21.20660
    40.10119     34.14699    -12.58442
    23.20927     37.12850     -9.00636
    39.83212     33.16370    -17.54664
    35.21890     16.95400    -12.52680
    38.45029     28.07258    -14.97976
    49.08404     35.89666    -11.59008
    38.27440     28.36460    -17.94510
    33.90460     29.79770    -20.04260
    23.06783     35.12558    -11.50332
    35.05686     30.94142    -12.18478
    58.42277     48.84953     -9.99173
    51.48634     45.76745    -10.53704
    42.33933     31.85270     -7.81410
    22.99318     23.12092    -12.99261
    33.26602     46.32173    -11.28204
    41.84462     27.02400     -9.03029
    37.72476     32.14540    -12.08633
    40.08796     31.60533     -8.40902
    42.72104     31.97780    -15.79502
    41.52925     54.27059    -10.33185
    40.60200     44.28370    -25.14600
    43.41526     34.37027     -8.72108
    32.64305     26.60800     -7.40330
    42.39540     32.61704    -13.49954
    43.91330     35.52060    -12.72162
    24.71890     36.05750    -12.38709
    41.84482     27.02393     -9.03049
    33.47555     25.76233    -10.00082
    29.51941     20.15295    -12.90340
    33.41967     37.50614    -17.19944
    28.89630     24.24160    -22.32350
    48.68181     35.33388    -11.18344
    42.59068     33.32170    -12.94375
    26.16332     20.95094    -12.40149
    29.96124     36.13779    -14.12827
    55.73524     56.28142    -14.59056
    23.20927     37.12850     -9.00637
    32.85320     24.99652    -10.46396
    47.11350     57.17400    -19.60400
    36.21089     47.88470     -9.80721
    16.29530     25.38540    -13.04020
    52.34130     59.66545    -23.63570
    15.02943     27.49729    -12.69385
    40.47797     34.22151    -12.03192
    52.24249     51.98817     -7.86787
    54.23838     46.34477    -13.60518
    34.09500     14.30000     -5.67740
    37.33940     29.20870    -21.84140
    35.31170     42.41710    -24.22580
    40.45791     32.74896    -13.00724
    30.12750     13.82510    -22.58130
    49.67972     57.50412    -22.53008
    60.42956     54.52649    -23.02130
    52.17110     48.81070     -7.24050
    22.60500     21.19557    -10.39500
    45.43352     37.07015     -9.16827
    51.67599     41.28338    -12.89398
    40.40268     34.23128    -15.16339
    21.87920     21.46820    -19.03910
    45.26320     46.33177    -26.61550
    50.96330     47.55530     -7.77730
    25.71450     39.31980     -9.21900
    44.92470     31.47050    -10.29290
    35.46990     18.70776    -14.30414
    50.75259     64.38949    -24.55033
    46.61505     46.32645     -6.55380
    43.92690     43.35860    -25.81570
    42.36987     31.81178     -7.82583
    58.47900     56.43918     -9.79051
    48.79179     42.35487    -10.04183
    28.45065     39.13292    -11.99563
    50.68390     59.11995    -23.82775
    29.54514     20.12297    -12.90244
    45.51228     39.43854     -6.91733
    51.49651     41.14738    -12.70497
    48.79179     42.35487    -10.04183
    48.79179     42.35487    -10.04183
    36.55962     25.11722     -9.31705
    41.61491     29.16652    -14.90595
    25.42043     22.13328    -13.29184
    29.33073     42.15702     -5.99912
    42.50704     28.70207    -11.32786
    42.62207     37.95610     -7.29837
    49.62224     36.66890    -12.15474
    40.39842     34.44352    -12.45696
    55.58560     48.26350    -15.06370
    33.21964     25.45306    -10.19403
    38.25330     32.03869    -20.05494
    24.71890     36.05750    -12.38709
    36.51050     41.11700    -17.67680
    27.37580     19.40650    -13.56040
    43.61260     47.63450    -22.50900
    50.91009     45.14264    -10.82713
    57.58050     64.72880    -20.73380
    20.34182     24.53362    -10.55727
    37.85495     29.39604     -9.93062
    20.34183     24.53353    -10.55721
    30.10247     36.15633    -13.88592
    27.60050     32.67590    -17.18070
    48.79179     42.35487    -10.04183
    35.87415     27.96842    -12.73627
    47.62420     47.50910    -26.54980
    40.48419     32.70504    -12.83851
    32.51848     45.51311    -13.63899
    17.75505     26.24817     -7.79034
    45.03256     40.63329    -13.12466
    36.27480     47.95798     -9.79421
    38.25330     32.03869    -20.05494
    32.20810     44.65016     -9.02090
    42.07625     39.62534    -10.57837
    25.98369     21.14073    -12.56240
    31.31775     30.96810    -11.87025
    36.69930     22.92220     -7.11420
    54.26608     46.37538    -13.61419
    32.55649     45.46234    -13.58429
    35.84727     28.19570    -12.81384
    48.25314     39.84020    -10.68157
    48.25314     39.84020    -10.68157
    35.82445     29.91698    -12.13430
    45.81940     50.76700     -8.41320
    42.48202     28.89311    -10.02315
    40.20236     33.43846    -14.80512
    21.09839     23.40642    -10.50166
    40.79631     27.50932     -8.31506
    45.03256     40.63329    -13.12466
    37.72537     32.14535    -12.08779
    36.73988     25.12481    -11.52408
    49.71470     61.23100    -21.37650
    26.01846     38.07001    -12.54245
    33.41967     37.50613    -17.19943
    27.50963     38.81209    -12.02206
    28.87638     34.65548    -11.88855
    39.84196     33.16048    -17.47762
    35.23570     32.67552     -7.50531
    35.71348     20.37106    -14.95114
    30.12240     27.94340     -5.97000
    32.12547     22.92685     -8.76719
    29.14655     27.27125    -12.61265
    35.82136     20.18152    -16.97722
    34.06720     18.10510    -11.82880
    53.06328     43.54557    -13.33474
    15.02943     27.49729    -12.69385
    29.34630     34.09468    -12.18788
    31.69463     21.49107    -11.81383
    28.66128     22.63823    -11.79756
    36.71305     34.25585    -12.09360
    51.11484     45.34178    -10.74249
    33.93708     44.98400    -11.88753
    38.98374     36.22331     -8.36497
    29.96124     36.13779    -14.12827
    31.69463     21.49107    -11.81383
    31.70093     35.87757    -15.40090
    25.34818     21.51279    -13.22360
    29.17290     34.32897    -12.10024
    28.01250     36.51400    -17.31020
    25.20179     39.18464    -13.13574
    52.46231     41.30196    -13.75591
    46.68703     32.79867     -6.87200
    46.68703     32.79867     -6.87200
    46.68703     32.79867     -6.87200
    25.99928     37.98024     -8.20446
    46.00440     61.43460    -21.12490
    53.10358     51.56359     -8.32889
    29.56245     43.33093    -14.15319
    36.27480     47.95798     -9.79421
    47.47736     34.54645     -8.64714
    50.25787     44.31957    -11.15796
    18.17360     26.44880    -13.23670
    35.40303     49.71476     -6.85515
    53.06328     43.54557    -13.33473
    53.51456     55.13696     -8.22021
    54.21079     50.13660    -12.39418
    36.11270     45.26220    -17.48320
    45.10133     43.14388    -10.57115
    17.78730     26.07910     -8.26292
    45.10133     43.14387    -10.57114
    29.96124     36.13779    -14.12827
    37.72539     32.14535    -12.08783
    35.87415     27.96842    -12.73626
    42.60000     28.68272    -10.79434
    27.78770     28.79800    -19.31580
    54.20535     53.17060    -11.72900
    33.41670     41.00530    -19.54690
    48.74327     35.41070    -11.23561
    35.70911     35.27788     -7.74778
    51.70005     41.22581    -12.92280
    26.96009     38.61551    -12.02644
    23.27856     23.82851    -13.28106
    35.15930     33.41870    -13.77510
    29.96124     36.13779    -14.12827
    39.22560     43.62550    -27.10760
    45.43352     37.07015     -9.16826
    42.68196     57.25730    -10.30131
    58.27590     48.50580    -21.62960
    15.02943     27.49729    -12.69385
    46.16084     43.16868     -8.01564
    31.17934     34.21652    -15.39244
    50.30359     44.66359    -11.05329
    42.11209     32.49673     -7.68385
    34.86560     46.44428    -10.08039
    42.19075     29.41735     -8.74004
    31.73968     42.68061    -12.76080
    42.78431     33.93780    -12.51323
    35.71529     20.36830    -14.98448
    35.87415     27.96842    -12.73627
    35.47335     36.87208    -14.62914
    45.42410     53.69910    -18.28400
    34.38155     31.22051    -10.54733
    36.18210     27.21784    -12.59433
    34.53547     46.84513    -10.65703
    52.21459     47.38649    -11.16742
    35.54890     23.84040    -10.64570
    23.19381     35.27071    -11.46556
    22.21925     26.08284    -11.90167
    42.99655     34.38068    -12.28794
    25.31182     35.12176     -8.41497
    33.32934     25.59044    -10.11357
    60.16024     54.48852    -22.31479
    60.21417     54.49612    -22.45626
    42.44520     28.95618     -9.85715
    42.44976     28.94909     -9.87708
    42.82109     34.04530    -12.44593
    18.48040     23.89160    -14.04005
    20.10430     22.30070    -18.06400
    31.53905     37.69295    -16.98600
    42.60648     34.56911    -12.31311
    37.71175     21.22870    -17.09985
    23.21445     23.66330    -13.21000
    51.14780     45.37679    -10.62473
    28.63248     39.32397    -11.67036
    32.56182     45.46039    -13.57750
    32.59720     45.47268    -13.53717
    33.42480     37.54476    -17.23632
    33.98590     27.81760    -10.62090
    35.09318     46.72457    -10.06380
    23.98760     27.03520    -18.04650
    23.19383     35.27073    -11.46555
    50.22753     44.32116    -11.18903
    37.72537     32.14533    -12.08776
    43.41453     34.37035     -8.72664
    42.44415     28.95823     -9.85201
    52.13410     51.92192     -7.87346
    43.55830     40.48090     -4.81850
    17.59669     26.19663     -8.68465
    43.87181     35.47342    -12.70445
    33.92504     47.85854    -11.43693
    26.00263     21.12767    -12.55536
    23.20927     37.12850     -9.00637
    29.96124     36.13779    -14.12827
    36.58612     29.80260     -8.55628
    26.57124     20.77626    -12.39185
    23.05981     35.43255    -11.05583
    33.53076     25.79398     -9.94239
    47.47737     34.54646     -8.64712
    34.60750     38.02690    -21.63930
    18.89285     30.92710     -8.80256
    43.01554     34.38046    -12.22607
    63.52225     57.30995    -23.67305
    37.89980     44.14495    -23.53815
    29.33106     42.15718     -5.99904
    54.95650     45.64500     -8.92050
    39.60691     31.82765     -8.46191
    47.41712     37.60167    -10.37821
    33.13093     32.36460     -7.42087
    29.96124     36.13779    -14.12827
    35.09180     33.91190    -18.83450
    27.37239     38.77827    -11.97165
    47.47737     34.54645     -8.64710
    38.81100     22.74720    -10.33140
    37.72537     32.14534    -12.08778
    40.48420     32.70538    -12.85110
    48.03750     49.49930    -22.54640
    38.50435     28.04405    -14.97902
    40.41291     34.16004    -12.24091
    36.88697     27.33766    -21.91533
    19.34661     30.14340     -9.77006
    34.69810     33.59550    -16.31990
    35.72180     20.35651    -15.10705
    50.47695     44.67375    -11.05882
    42.90123     34.22045    -12.27341
    31.74093     42.68061    -12.75964
    34.94670     31.29375    -12.71960
    50.14420     44.58211    -11.11364
    33.90142     44.99072    -11.92554
    32.04260     44.71850     -5.76230
    32.26410     14.60940     -8.98340
    49.74218     44.36542    -11.69922
    47.47734     34.54645     -8.64730
    56.33603     65.29327    -22.78659
    53.63532     51.09050     -8.73492
    36.21158     47.88559     -9.80708
    25.47980     21.70638    -13.02490
    33.90117     44.99060    -11.92714
    48.45870     45.30940    -17.53180
    27.16220     41.81880     -6.56650
    40.54293     34.53830    -12.04268
    45.57860     42.99186     -8.02446
    18.83612     31.02507     -8.68162
    22.76698     34.72145    -11.67520
    36.69611     29.60074    -10.19334
    18.59371     28.05270     -7.84097
    25.20179     39.18464    -13.13574
    26.15713     20.95304    -12.40821
    35.81055     47.45478     -9.89626
    48.82378     35.52414    -11.31795
    40.91548     38.33895     -9.82501
    23.19398     35.27098    -11.46541
    35.70911     35.27786     -7.74779
    28.71479     37.94027    -15.10983
    35.87242     28.87578    -18.11975
    38.38286     27.34594    -12.06440
    18.48040     23.89160    -14.04005
    22.09320     20.36050    -13.91980
    50.86240     63.58390    -10.17290
    42.69885     28.65238    -10.33867
    29.17265     34.32909    -12.09994
    36.55962     25.11721     -9.31705
    26.53238     20.78784    -12.38835
    58.42277     48.84953     -9.99173
    45.51228     39.43855     -6.91733
    39.32370     35.12960    -22.01330
    25.64145     24.08495    -15.49385
    47.14778     45.26500     -8.81005
    34.02740     43.03405    -17.38535
    23.89290     30.19230    -17.38090
    31.26217     43.55330     -9.54867
    47.11052     39.14992    -14.67299
    55.73524     56.28142    -14.59056
    60.11926     54.48274    -22.20727
    58.42277     48.84953     -9.99173
    56.41729     65.35852    -22.81352
    51.22543     38.93520    -13.14367
    43.75715     36.41267     -8.26791
    41.24120     51.32250    -16.82890
    40.14180     50.56540    -15.18710
    46.31780     59.10500    -13.12020
    20.68612     23.47056    -10.07448
    20.58714     23.27076     -9.79319
    37.87014     49.39343    -12.65924
    48.93523     42.34883    -14.88845
    27.01237     38.64579    -11.99763
    29.11120     15.29010    -10.75820
    51.22543     38.93520    -13.14367
    31.17934     34.21652    -15.39244
    47.10434     45.25409     -8.80839
    48.75987     48.23653    -15.20263
    50.08300     56.19730     -9.08960
    34.02740     43.03405    -17.38535
    42.62207     37.95610     -7.29836
    48.35805     49.93437    -11.78545
    20.12121     22.96351     -8.97676
    31.99080     26.68820    -11.35350
    24.11910     31.65590    -14.19770
    48.79179     42.35487    -10.04183
    51.58275     58.18760    -19.00190
    29.89900     39.27480    -15.11640
    34.68773     31.18586    -11.57050
    34.26220     45.06481    -12.25976
    38.49711     29.31463     -9.82212
    33.87746     47.70756    -11.60271
    20.84560     23.56293    -10.33914
    51.55130     41.16855    -12.76345
    40.91533     38.33879     -9.82492
    18.59480     28.05310     -7.84177
    40.55080     34.69804    -12.17142
    25.42928     21.87631    -13.18784
    54.00120     64.80940    -19.34930
    50.64488     45.11331    -10.82605
    38.25330     32.03868    -20.05493
    30.50810     19.00410     -7.59800
    41.51131     38.91773    -10.41394
    42.62175     33.42935    -12.86440
    50.68390     59.11995    -23.82775
    26.96007     38.61551    -12.02645
    33.00192     25.18377    -10.35536
    19.91350     26.11470     -7.88740
    50.22141     44.33810    -11.18329
    25.99920     37.98023     -8.20426
    51.07740     53.31000    -15.06350
    40.52722     34.46978    -12.02476
    56.56050     60.99320    -19.21710
    38.38284     27.34595    -12.06440
    41.23017     54.31306    -10.27836
    45.03290     31.48270    -15.08140
    52.15470     38.42500    -10.76880
    33.75222     47.25625    -11.45669
    58.97410     64.07940    -21.15830
    37.89980     44.14495    -23.53815
    38.01876     41.09375    -18.58037
    50.14387     57.29106    -23.75064
    45.19670     37.90310    -13.15870
    27.23190     17.19050    -14.70600
    53.06328     43.54557    -13.33474
    45.85810     52.15090    -21.02200
    36.88698     27.33766    -21.91533
    18.83613     31.02507     -8.68162
    32.67114     24.76731    -10.59678
    43.41551     34.37026     -8.71908
    17.77784     26.25500     -7.66317
    54.31122     50.19235    -12.47353
    42.08809     38.89877    -12.49247
    16.96380     23.96540    -10.14870
    43.00515     41.66600     -9.52738
    26.80230     12.92620     -8.95300
    49.62224     36.66890    -12.15474
    35.40303     49.71476     -6.85515
    40.66448     27.53979     -8.16393
    32.99360     28.94420    -10.75110
    50.25312     44.42931    -11.17662
    33.02222     25.20956    -10.34066
    42.51208     28.85381    -10.05279
    41.61500     29.16648    -14.90562
    15.83380     25.39500     -6.60680
    50.32391     57.25760    -24.07750
    37.72746     32.14477    -12.09209
    33.81943     45.01192    -12.02523
    31.33000     43.63206     -9.51086
    46.85150     38.93972    -14.63956
    34.82851     31.24852    -12.20314
    45.49028     42.94987     -7.82387
    42.62207     37.95610     -7.29837
    38.01877     41.09375    -18.58036
    35.72224     20.35820    -15.10964
    52.24494     51.99021     -7.86769
    20.62090     25.06050    -19.23630
    33.82093     45.01149    -12.02257
    53.06328     43.54553    -13.33479
    33.42481     37.54480    -17.23636
    64.60260     55.96750    -25.49600
    57.33243     47.87367    -16.86357
    26.95997     38.61547    -12.02646
    55.10430     56.03850     -8.77580
    33.71623     26.37002    -20.41644
    21.18933     23.31445    -10.50752
    22.21925     26.08284    -11.90167
    18.59490     28.05308     -7.84170
    19.58385     27.42150    -14.39125
    28.44211     24.95412    -14.19342
    35.23570     32.67553     -7.50531
    25.12850     32.76800    -17.31850
    21.07517     23.35426    -10.41723
    54.23838     46.34477    -13.60518
    49.00437     56.78869    -23.49486
    34.86110     25.91790    -13.95890
    49.30620     64.84760    -26.27330
    30.48509     42.35697     -9.86089
    23.28031     23.83312    -13.28313
    60.42100     50.59010    -20.36510
    52.21244     52.15181     -7.73526
    35.86413     29.92936    -11.84851
    18.59731     25.18890     -8.05662
    52.21459     47.38649    -11.16743
    40.02470     24.98110    -13.12710
    21.29537     23.62881    -10.90598
    49.98061     57.34467    -23.38268
    58.90550     50.36640    -17.29480
    42.24463     37.44006    -11.62108
    24.38798     33.41896    -13.90884
    25.89790     32.00640    -13.19250
    31.33950     24.58480     -7.06100
    59.60980     51.79558    -10.04868
    51.76992     41.26516    -12.99694
    42.24460     37.43996    -11.62102
    41.90384     27.00102     -9.07909
    31.37160     34.32400     -9.00520
    50.19370     62.41980    -26.10540
    40.54080     41.92350    -11.80240
    47.15702     39.18799    -14.67885
    17.56826     27.22874     -7.01614
    30.33190     32.13280    -16.13087
    52.22877     47.43389    -11.20019
    18.83613     31.02507     -8.68161
    51.55186     41.23408    -12.76104
    34.60017     31.20182    -11.31263
    35.36350     46.95099     -9.98712
    33.95068     44.95795    -11.74387
    44.37590     30.46530    -13.50520
    29.51942     20.15293    -12.90340
    43.87185     35.47348    -12.70446
    28.44211     24.95412    -14.19341
    49.83630     62.97820    -21.28470
    59.60979     51.79556    -10.04867
    37.87015     49.39343    -12.65924
    49.83616     44.32023    -11.59495
    41.00810     31.56480    -19.21380
    29.60541     20.05298    -12.89976
    54.07984     46.16956    -13.55365
    18.05269     27.72616     -7.40385
    39.77640     26.12720    -22.34250
    37.56120     24.48320     -6.56660
    40.48578     34.33516    -12.09192
    51.47518     41.76640    -12.65323
    30.33190     32.13280    -16.13087
    45.66052     43.01584     -8.02325
    42.77176     39.52497     -6.50107
    48.79180     42.35487    -10.04183
    39.75000     45.54630    -18.71950
