    43.18342     41.56933     -9.61675
    29.31539     42.14977     -6.00388
    38.98524     36.22526     -8.36635
    39.26238     31.99777     -8.52292
    40.36646     32.67909    -13.59149
    43.20090     41.56010     -9.62568
    55.82149     57.28757     -9.82919
    33.30580     17.84170    -15.31120
    52.10564     41.32325    -13.35449
    40.26807     32.89276    -14.42675
    38.02345     27.05194     -8.34215
    43.75749     36.41260     -8.26791
    42.12473     29.54491     -8.12761
    41.49530     50.84940    -19.94120
    43.05111     41.15397    -13.59079
    51.57297     41.11769    -12.78540
    36.19804     21.13203    -22.24687
    53.06328     43.54690    -13.33325
    31.53903     37.69293    -16.98583
    50.79847     64.61573    -15.10125
    18.70016     28.09960     -7.92153
    47.04207     39.11818    -14.65429
    42.24274     37.42372    -11.61142
    48.93527     42.34889    -14.88840
    40.27736     54.50018    -10.06725
    33.85020     20.85440    -17.85220
    40.24465     54.47454    -10.10222
    18.68172     28.09635     -7.91398
    42.55352     28.75260    -10.29932
    21.75553     22.76802    -10.47617
    38.70411     27.93915    -14.97522
    26.19764     20.89870    -12.36127
    35.47337     36.87209    -14.62916
    35.47338     36.87207    -14.62918
    38.80740     31.65217    -14.21507
    33.64726     46.31934    -10.13900
    42.12210     38.95483    -12.28196
    48.79282     42.35255    -10.04367
    25.80061     21.07242    -12.14829
    53.89352     49.97585    -12.13747
    39.66379     39.17040     -8.58566
    32.06055     22.98238     -8.52966
    33.27601     46.34422    -10.15053
    41.34891     27.24705     -8.58007
    40.71202     27.62318     -8.15908
    47.41722     37.60153    -10.37806
    56.20380     62.35240    -17.98270
    42.07244     39.67929    -10.44277
    28.37070     40.67040    -13.65690
    48.25325     39.84043    -10.68154
    26.61739     38.63588    -12.24225
    34.84658     31.40698    -13.52270
    29.57036     20.09322    -12.90217
    31.20891     43.50867     -9.58871
    49.25761     49.02097     -7.44635
    38.81737     31.64400    -14.22899
    33.58405     20.44298    -12.46699
    34.93250     18.55510     -9.84340
    46.50560     40.92520    -10.37440
    26.09678     20.97114    -12.39049
    39.98176     28.36175     -8.49193
    40.35368     27.98796     -8.22544
    28.66120     22.63812    -11.79790
    44.04018     51.88688    -23.33587
    32.57284     22.54831    -10.39338
    20.18481     23.09562     -9.18499
    49.59680     37.17130     -8.03180
    48.25315     39.84026    -10.68156
    30.86898     30.06063     -7.70442
    43.18351     41.56947     -9.61692
    44.85030     47.70500     -5.77110
    56.60726     65.44894    -22.92819
    43.08257     34.58552    -12.38507
    34.92635     36.01140    -17.26202
    42.33619     30.20294     -7.97855
    42.22163     29.66136     -8.12563
    37.74590     26.71980    -18.65540
    40.55964     32.38247    -12.18820
    52.26230     47.57135    -11.26818
    63.52223     57.30999    -23.67317
    52.02880     46.08759     -9.36434
    41.30010     36.23470    -22.85650
    49.73549     36.83794    -12.27894
    36.56440     25.11676     -9.37693
    42.54959     33.39275    -12.77782
    42.70770     33.97855    -12.37519
    45.97220     43.08651     -7.95960
    35.79708     28.11672    -12.66668
    51.72894     41.34582    -12.94472
    55.03694     50.56557    -13.06566
    32.32790     22.75589     -9.49980
    42.67857     57.25335    -10.30068
    56.12907     65.12774    -22.71738
    56.18488     65.18224    -22.72800
    56.18488     65.18225    -22.72800
    21.02491     23.36943    -10.42815
    35.65889     30.12477    -12.26745
    56.10713     65.11425    -22.70634
    33.58378     20.44268    -12.46749
    33.58364     20.44266    -12.46764
    33.58376     20.44272    -12.46749
    53.98313     50.01573    -12.21045
    50.75258     64.38947    -24.55024
    38.98312     36.22276     -8.36447
    30.05963     36.30361    -13.69592
    45.45240     34.36470     -9.65390
    42.62199     37.95580     -7.29809
    42.56838     28.73531    -10.39039
    38.23504     28.18622    -14.98273
    25.31182     35.12180     -8.41501
    56.34013     65.27287    -22.80819
    18.59151     25.19605     -8.05308
    24.40278     33.42485    -13.91192
    38.38689     27.34126    -12.06710
    55.82150     57.28757     -9.82904
    18.56649     28.04791     -7.82190
    55.82150     57.28758     -9.82902
    55.82151     57.28759     -9.82904
    52.49606     51.52457     -9.35063
    47.70320     45.95270    -14.10210
    40.42105     34.03596    -11.98330
    32.73970     25.93380    -17.92810
    36.33054     48.01734     -9.78348
    33.44309     37.68133    -17.36732
    21.09149     23.37782    -10.51385
    50.83315     44.85972    -10.96986
    20.18484     23.09574     -9.18464
    45.83597     43.04025     -7.91066
    28.44241     24.95446    -14.19258
    33.13089     32.36450     -7.42077
    26.20717     20.89310    -12.36195
    30.09097     41.83975    -10.00586
    51.16324     40.82382    -12.36116
    30.43881     42.22510     -9.87947
    49.17130     35.99652    -11.65532
    33.04443     45.11169    -12.97404
    59.61004     51.79643    -10.04877
    33.58390     20.44285    -12.46734
    31.24863     43.58605     -9.57341
    46.20570     32.72890    -11.25580
    50.85279     45.28077    -10.84565
    52.10957     41.32180    -13.35894
    33.71625     26.37000    -20.41636
    57.78140     45.95380    -19.94950
    58.41296     47.54114    -11.12665
    52.37445     51.97007     -7.94413
    18.67370     24.49300    -17.50850
    42.62210     37.95586     -7.29842
    32.58410     28.10750    -21.45320
    37.70345     32.15459    -12.04766
    34.17950     22.68200    -16.91630
    43.14281     34.39974    -10.77778
    53.05681     51.65040     -8.18656
    31.25424     43.59613     -9.57152
    42.29527     29.09619     -8.93880
    48.45866     45.30932    -17.53167
    33.51230     44.93806    -12.22398
    18.00119     27.74712     -7.33821
    36.56456     25.11726     -9.37692
    36.09120     31.10600    -21.94950
    42.68462     41.83949     -9.36654
    45.56976     42.94926     -7.88523
    51.74112     49.58573    -10.22993
    34.83710     46.33954    -10.10330
    53.51401     55.13590     -8.21970
    41.83415     27.04192     -8.99937
    49.71727     36.80950    -12.25846
    31.25404     43.59658     -9.57181
    33.31830     15.36970    -29.73350
    34.97842     46.44037    -10.04269
    39.94964     33.92957    -11.80297
    49.57210     57.25337    -23.32251
    35.70201     20.44183    -14.77423
    35.70824     20.45230    -14.79700
    39.20528     29.08899     -9.49195
    43.17568     41.57399     -9.61304
    40.11397     27.95090     -7.73314
    38.76475     34.25019    -14.03515
    48.13980     62.62900    -16.83150
    29.56368     43.33211    -14.14931
    42.60018     28.71013    -10.36670
    43.75828     35.39593    -12.82764
    25.42798     22.06515    -13.24623
    58.47876     56.43923     -9.79036
    41.92380     46.97900    -10.85520
    56.69980     52.80560     -9.72560
    42.56598     30.98993     -7.93160
    50.48290     57.21699    -24.40068
    45.57005     42.94891     -7.88569
    20.86658     23.37252    -10.24063
    33.11643     25.31407    -10.26680
    31.17543     36.06573    -12.48365
    42.39778     29.01611     -9.35834
    52.37453     51.96966     -7.94586
    36.71306     34.25588    -12.09359
    40.27311     54.49642    -10.07170
    24.31689     33.39117    -13.89433
    33.42406     37.54038    -17.23155
    20.34116     24.55118    -10.56840
    40.00376     54.32757    -10.23824
    37.87015     49.39342    -12.65928
    35.80832     28.26719    -12.74248
    49.25749     49.02103     -7.44615
    35.47351     36.87222    -14.62927
    25.64144     24.08496    -15.49400
    45.50803     42.97463     -8.23965
    31.90063     45.74896    -14.40898
    19.58383     27.42153    -14.39128
    46.87203     44.28580    -14.99227
    38.85296     31.56839    -14.27364
    23.59260     34.84070    -14.41390
    30.94220     23.06340    -14.43650
    35.40357     49.71508     -6.85641
    47.41658     37.60182    -10.37976
    51.24818     45.33903    -10.78097
    56.27654     65.23162    -22.77880
    33.16640     41.19940     -6.84530
    31.68130     13.26550    -28.55530
    42.34748     32.13595     -7.78384
    36.90690     24.60850    -16.54050
    31.69464     21.49109    -11.81375
    23.20926     37.12850     -9.00634
    47.41734     37.60166    -10.37756
    34.68094     31.21388    -11.74653
    55.90230     62.32160    -24.12560
    26.19756     20.89867    -12.36133
    26.20167     20.89555    -12.35821
    42.52086     28.80136    -10.11628
    40.92354     54.42598    -10.14967
    34.92995     46.43232    -10.04260
    44.10907     35.68085    -12.65067
    26.67570     23.94420    -17.96450
    33.43271     37.60380    -17.29274
    38.03046     29.43861     -9.71368
    30.91526     43.02375     -9.70174
    46.76645     38.87716    -14.62569
    24.40319     33.42489    -13.91202
    42.57337     28.72932    -10.40867
    38.01882     41.09378    -18.58027
    52.25643     47.54028    -11.26523
    33.92137     47.85495    -11.43942
    31.75661     42.68024    -12.74595
    41.17359     36.50578     -8.23340
    17.22519     27.33143     -6.66862
    43.61035     35.21128    -12.70655
    49.63905     36.68939    -12.16950
    49.63858     36.68867    -12.16908
    35.47284     36.87165    -14.62820
    32.05632     45.63970    -14.20984
    35.43482     31.55229    -13.10019
    35.70718     20.45050    -14.79363
    41.92978     31.56378    -14.00091
    46.33920     54.49780     -6.72030
    49.86466     45.50106    -10.56332
    45.51213     39.43821     -6.91748
    41.61331     29.16695    -14.91131
    35.68828     20.41550    -14.71952
    17.55801     26.63182     -7.27706
    60.19089     54.49272    -22.39542
    35.68463     20.30712    -14.74184
    33.27610     46.34417    -10.14968
    27.21540     11.38560     -5.57460
    21.25523     23.28203    -10.62700
    21.20253     23.29022    -10.57394
    45.62741     42.96845     -7.88944
    42.97335     41.68308     -9.51141
    35.68342     20.30376    -14.73770
    31.22397     43.53969     -9.58309
    17.86890     33.31230     -3.54400
    29.27347     34.27513    -12.21913
    34.27820     23.30980    -10.11930
    46.91680     37.05580     -7.52600
    39.31416     53.69343    -10.66178
    50.60326     44.78597    -10.94065
    53.98929     50.01792    -12.21661
    34.43110     43.09450    -20.58980
    22.21925     26.08285    -11.90152
    27.01147     38.65504    -12.07896
    20.49330     23.25115     -9.69600
    36.54696     25.11691     -9.16193
    27.31739     38.75719    -12.05872
    36.54682     25.11654     -9.16206
    29.56896     43.34425    -14.12613
    41.74846     31.22399    -14.19978
    33.17920     46.36089    -10.16838
    35.70184     20.44142    -14.77535
    42.11889     39.36912    -11.17784
    39.99891     54.32478    -10.24378
    58.41294     47.54106    -11.12655
    20.78460     29.74560     -9.72620
    43.24610     44.68840    -18.05850
    56.67740     60.55160     -9.56270
    42.45338     32.79879    -13.29044
    51.29362     40.99006    -12.49019
    40.52953     34.19486    -11.57618
    23.84950     21.80500    -18.29680
    50.29695     44.22080    -11.05988
    33.13099     32.36463     -7.42084
    35.70262     20.44232    -14.77747
    36.88709     27.33764    -21.91534
    35.11750     46.58002    -10.00714
    36.54788     25.12120     -9.16357
    41.18052     27.33064     -8.43377
    42.12997     32.47892     -7.69056
    31.18173     34.21674    -15.39707
    42.24310     37.42415    -11.61145
    54.23627     50.14663    -12.41602
    26.24399     20.86945    -12.36257
    49.47780     46.84670     -7.65100
    31.31769     30.96807    -11.87021
    26.19757     20.89865    -12.36143
    53.16788     51.59495     -8.22658
    45.50902     42.97418     -8.23314
    28.44212     24.95414    -14.19346
    37.08394     30.71457    -18.53319
    33.49537     25.85023    -10.01810
    31.07399     37.73099    -23.41476
    18.78017     31.12160     -8.56265
    40.54860     38.45990    -19.46670
    26.85861     38.58796    -12.11914
    36.88663     27.33750    -21.91518
    51.50768     41.23336    -12.70999
    29.44652     42.21303     -5.96955
    48.93553     42.34886    -14.88785
    41.58239     29.18280    -15.02828
    23.20934     37.12852     -9.00583
    45.26316     46.33171    -26.61545
    40.18383     31.55768     -8.39260
    54.44067     46.56807    -13.67091
    42.56017     28.74649    -10.33249
    59.61057     51.79791    -10.04917
    26.19756     20.89865    -12.36157
    36.78218     29.47488     -9.92026
    33.67520     47.30935    -12.19899
    43.92660     35.62754    -12.89529
    49.63856     36.68867    -12.16897
    26.19875     20.89777    -12.36096
    52.05830     52.08280    -12.49850
    45.92806     43.07210     -7.92355
    52.19059     52.04364     -7.89706
    52.17266     52.07098     -7.82283
    42.62201     37.95583     -7.29848
    51.49720     51.13391     -7.98748
    41.37620     26.79190    -13.86710
    52.16048     52.07624     -7.81716
    42.62203     37.95584     -7.29851
    45.47530     58.13070    -13.98000
    51.24215     40.89983    -12.43877
    39.66381     39.17040     -8.58564
    50.75268     64.38943    -24.55071
    45.68870     59.75300     -9.77230
    23.20922     37.12849     -9.00635
    33.49774     25.85730    -10.01721
    43.05129     41.15403    -13.59071
    48.93381     42.35003    -14.88949
    40.76622     27.56624     -8.13755
    50.35910     43.86988    -11.05769
    46.53930     48.89540    -29.01360
    51.22542     38.93521    -13.14366
    42.41434     28.97304     -9.48071
    34.61068     31.16025    -11.21813
    34.58993     46.45057    -10.15884
    41.62649     54.26172    -10.34214
    41.65186     25.08314    -11.14423
    26.76010     18.81160     -7.32450
    36.45131     29.42673    -10.19875
    57.33249     47.87365    -16.86357
    33.71624     26.37001    -20.41655
    39.80080     27.44242     -6.59640
    29.14647     27.27121    -12.61266
    23.15121     23.47550    -13.11149
    17.73176     26.27817     -7.66761
    48.79313     42.35339    -10.04335
    42.24937     37.49525    -11.65283
    51.88565     51.82544     -7.84782
    34.64411     31.17257    -11.36369
    25.31182     35.12179     -8.41447
    27.08705     38.68286    -12.06856
    32.72958     24.82940    -10.54819
    54.86480     59.73460     -8.00220
    29.56933     20.09449    -12.90222
    51.16268     40.82390    -12.36088
    29.31838     42.15111     -6.00269
    59.60945     51.79497    -10.04808
    51.44388     41.87366    -12.61466
    52.15884     52.00250     -7.90070
    52.11882     52.11657     -7.78671
    42.62205     37.95629     -7.29811
    31.99548     26.69022    -11.34881
    41.06950     48.15990    -22.65070
    52.17389     52.07034     -7.82317
    52.17641     52.06944     -7.82355
    26.94770     38.63203    -12.08806
    56.15560     63.33370    -20.96360
    43.85274     35.51575    -12.89386
    32.08976     42.68082    -12.43696
    45.90213     59.31940    -16.49405
    41.03145     29.97772     -6.84357
    28.72240     33.36090    -21.77620
    33.86455     47.74197    -11.59125
    20.86813     23.32187    -10.20029
    26.77680     26.24690     -8.44700
    38.94170     53.30643    -10.65715
    39.07119     32.04487     -8.47204
    37.86998     49.39351    -12.65999
    54.61300     43.71910    -15.58420
    35.70908     35.27830     -7.74735
    48.75991     48.23658    -15.20276
    35.47342     36.87220    -14.62924
    28.49627     39.18395    -11.90399
    36.19816     21.13197    -22.24693
    52.08810     52.07755     -7.81109
    42.08816     29.40017     -8.19175
    51.52635     41.23324    -12.73052
    42.36569     32.25158    -13.95811
    56.72626     65.46999    -23.02906
    29.98150     19.03190    -22.11260
    39.93560     36.78020    -12.50270
    26.78691     38.52504    -11.55002
    41.79474     54.21378    -10.40098
    35.79730     28.11815    -12.67522
    35.70782     20.45157    -14.79559
    29.56891     20.09500    -12.90209
    42.68225     57.25761    -10.30127
    20.13424     23.06442     -9.09669
    35.60653     19.98416    -14.48513
    23.51839     35.54108    -11.51669
    42.50989     28.70115    -11.31254
    58.48488     56.43782     -9.79768
    23.52800     19.46980    -17.71530
    40.71885     38.14202     -9.64324
    53.06314     43.54684    -13.33298
    20.61751     23.54453    -10.09143
    48.75983     48.23650    -15.20244
    36.52238     29.42509    -10.15199
    47.30922     45.30563     -8.81603
    33.71605     26.37005    -20.41642
    49.86371     45.50231    -10.56300
    31.87280     20.59970    -17.55220
    41.84140     25.26080    -20.14920
    44.04022     51.88682    -23.33553
    33.36837     37.12029    -16.83092
    42.18115     29.30086     -8.38384
    18.84320     31.01280     -8.69694
    19.99033     22.80690     -8.67094
    23.85310     18.00990    -15.17350
    42.27352     29.35253     -8.62179
    28.66140     22.63833    -11.79728
    51.03159     45.02132    -10.95950
    29.55657     43.31970    -14.17697
    50.01469     44.42123    -11.40551
    17.17126     27.25767     -6.53213
    53.51450     55.13687     -8.22026
    53.51434     55.13637     -8.21988
    22.60493     21.19550    -10.39487
    38.25331     32.04005    -20.05612
    40.88003     53.04404    -11.06646
    36.58599     29.47454     -9.95860
    38.02355     27.05186     -8.34195
    28.61237     39.30368    -11.70315
    52.28550     41.31744    -13.55276
    26.20209     20.89531    -12.35908
    37.08386     30.71463    -18.53331
    26.19767     20.89864    -12.36142
    31.98022     42.68064    -12.53897
    45.03262     40.63329    -13.12483
    45.26322     46.33178    -26.61550
    43.47673     56.01883    -13.75444
    34.97370     17.34560     -5.57550
    33.59549     44.99704    -12.27399
    24.61870     19.79740    -14.35230
    35.91333     29.49022    -13.37000
    43.75697     36.41268     -8.26784
    20.86801     23.32199    -10.20042
    31.98997     26.68789    -11.35424
    46.86868     43.39590     -8.02215
    36.54685     25.11554     -9.16197
    36.54679     25.11557     -9.16201
    30.86912     30.06067     -7.70438
    20.78430     28.26350     -8.84910
    52.07362     51.98449     -7.91636
    35.72632     20.50195    -14.85921
    31.25091     43.59037     -9.57278
    21.24959     23.28336    -10.62121
    55.73523     56.28134    -14.59048
    55.73523     56.28144    -14.59054
    53.51532     55.13858     -8.22108
    39.22178     32.01257     -8.51430
    35.83693     20.15040    -17.27473
    57.33231     47.87370    -16.86353
    35.83513     28.02589    -12.66407
    29.33955     20.36249    -12.91009
    54.20534     53.17065    -11.72897
    27.50249     26.71568    -23.59694
    39.44134     31.91158     -8.49008
    27.50251     26.71572    -23.59696
    48.79194     42.35469    -10.04194
    39.88480     44.21870    -21.71450
    55.73524     56.28150    -14.59056
    42.24296     37.42395    -11.61163
    26.15061     20.91039    -12.41323
    36.91942     29.45093     -9.94466
    17.47130     26.22080    -16.68800
    42.89564     34.35040    -12.11655
    42.89223     34.34815    -12.11181
    23.20932     37.12850     -9.00673
    53.13158     51.66750     -8.14613
    37.91520     46.93580    -17.84970
    48.35781     49.93476    -11.78585
    50.28912     44.34505    -11.13608
    22.60510     21.19560    -10.39501
    43.10245     41.61329     -9.57612
    54.27146     46.38137    -13.61593
    20.78591     23.74721    -10.45808
    48.72333     35.31841    -11.13854
    21.11635     23.39513    -10.57677
    17.13940     27.57581     -6.84200
    35.63832     20.14962    -14.57306
    23.56697     35.58653    -11.51807
    38.69866     31.87541    -14.09276
    30.22980     15.70690    -15.74770
    42.72280     28.64118    -10.31228
    35.72882     20.50656    -14.86831
    35.16500     31.33740    -20.25100
    21.86010     30.31000    -12.24100
    48.75467     35.38100    -11.20321
    53.99499     50.01913    -12.22161
    45.79350     49.08670    -22.09160
    46.86867     43.39595     -8.02226
    31.38689     43.77305     -9.50324
    35.23313     32.67890     -7.50371
    23.23556     35.45108    -11.26682
    29.56180     43.32975    -14.15570
    42.68410     57.25954    -10.30095
    40.30490     24.11620     -6.60510
    46.87253     44.28558    -14.99071
    59.61155     51.80036    -10.05024
    52.10318     46.89515    -10.89092
    42.10528     38.84010    -12.61595
    50.22353     44.26847    -11.15733
    38.30370     23.94830     -8.91820
    51.78023     49.53689    -10.30057
    35.73799     20.47547    -15.07544
    32.89771     45.11449    -13.10518
    33.45028     25.78035    -10.04530
    31.07413     37.73107    -23.41504
    31.98853     26.68722    -11.35597
    41.31760     52.31690    -14.82860
    40.51743     37.93872     -9.51053
    53.99240     50.01847    -12.21946
    50.04737     57.34122    -23.59474
    17.97457     25.96045     -7.79850
    51.97980     66.01210    -13.33990
    18.60014     25.18527     -8.05832
    31.65118     42.67970    -12.84434
    28.09187     39.03916    -11.95677
    50.79853     64.61577    -15.10085
    52.34135     59.66541    -23.63582
    56.12903     65.12773    -22.71706
    40.50989     32.47855    -12.21644
    45.19672     37.90306    -13.15863
    26.02444     37.98237     -8.26980
    41.41570     53.02850     -7.48610
    45.56780     26.47630    -13.16380
    39.40110     40.90210     -9.53460
    30.33820     37.81790    -19.32930
    32.82340     36.71140     -9.76700
    40.40357     54.56443     -9.98719
    42.39981     30.44151     -7.95898
    38.60748     29.33415     -9.74269
    45.52929     42.98434     -8.31486
    48.79200     42.35519    -10.04181
    47.20394     45.27905     -8.81228
    26.19903     20.89770    -12.36125
    41.65174     25.08306    -11.14447
    29.92876     36.21474    -14.02393
    32.51612     22.59671    -10.18184
    48.79133     42.35534    -10.04123
    22.21914     26.08257    -11.90158
    33.41099     37.44370    -17.13844
    30.66160     41.06190    -14.08760
    37.81780     32.79150     -8.25670
    18.78010     31.12169     -8.56295
    31.07398     37.73114    -23.41490
    40.80899     27.02548     -8.14788
    44.02326     35.76574    -12.83326
    42.09709     29.61443     -8.01006
    42.14329     29.50615     -8.20820
    17.33899     27.39478     -6.76373
    18.85377     23.69514     -6.19589
    26.89917     38.60234    -12.11055
    35.47308     36.87161    -14.62845
    45.43261     37.06950     -9.16722
    46.72778     43.34607     -8.00683
    59.61002     51.79608    -10.04889
    39.26431     31.99499     -8.51298
    31.38653     43.77295     -9.50347
    18.85393     23.69516     -6.19581
    23.15820     21.42410     -5.53430
    31.12579     43.36672     -9.62195
    50.61954     44.59249    -10.99872
    51.34738     45.38751    -10.89991
    23.59760     29.32030    -13.29600
    42.92808     34.37523    -12.18271
    48.79089     42.35572    -10.04110
    34.92638     36.01135    -17.26189
    24.86780     14.60160     -8.73950
    41.74857     31.22372    -14.19953
    51.58274     58.18757    -19.00199
    41.63423     29.15550    -14.83313
    35.73578     20.47193    -15.06506
    23.24663     23.72890    -13.22862
    33.45027     25.78036    -10.04530
    29.57350     28.33810    -19.65320
    48.93529     42.34853    -14.88871
    39.57967     53.94815    -10.50661
    49.79440     54.26780    -26.21010
    51.72642     49.60335    -10.20249
    51.73967     49.58668    -10.22724
    51.73372     49.59370    -10.21655
    43.42811     34.36945     -8.63320
    64.62510     57.33450    -26.74960
    41.61415     29.16742    -14.90942
    40.34170     32.75468    -13.76384
    37.48920     37.95930    -10.00680
    30.24730      9.53290    -16.80930
    41.33830     27.24915     -8.57037
    42.77177     39.52509     -6.50111
    35.72881     20.50657    -14.86831
    44.34827     33.19729    -15.57265
    41.15710     25.76320    -17.02690
    31.16907     34.21559    -15.37295
    30.33197     32.13276    -16.13092
    56.27390     53.54740    -12.86100
    33.54895     47.07162    -12.67283
    16.49600     29.29630    -16.03870
    42.88541     34.26420    -11.96245
    54.12708     46.22200    -13.56893
    47.29493     39.32158    -14.68785
    33.45028     25.78057    -10.04533
    52.16043     52.07639     -7.81620
    40.47243     33.69306    -11.67234
    53.51451     55.13689     -8.22002
    29.76309     35.88025    -14.90715
    33.45001     25.78104    -10.04578
    56.28569     65.23529    -22.78453
    48.35789     49.93456    -11.78583
    47.47733     34.54471     -8.64290
    40.12900     23.35350    -20.44900
    23.15136     23.47553    -13.11130
    25.35550     39.39550    -15.87860
    23.50138     24.43015    -13.55518
    30.19360     15.51390    -22.92640
    28.38260     18.26430    -13.36990
    37.71172     21.22873    -17.09984
    20.25502     23.19363     -9.35503
    47.48548     34.55059     -8.59650
    26.82134     38.57246    -12.12265
    52.43970     64.98020    -23.98260
    31.79976     42.67983    -12.70683
    41.98760     42.60780    -23.76900
    45.03268     40.63335    -13.12450
    26.02520     37.98314     -8.27064
    45.03260     40.63336    -13.12459
    33.43183     37.59790    -17.28726
    45.03790     49.15630    -27.34960
    34.83490     31.41156    -13.55067
    41.71977     31.12250    -14.31482
    26.20256     20.89506    -12.35917
    31.35296     43.72162     -9.51945
    30.33187     32.13282    -16.13087
    40.92580     27.62060    -20.48360
    42.62250     37.95932     -7.29759
    37.77550     45.24520    -21.96600
    37.74650     30.73250    -21.58330
    49.54506     57.37855    -22.80054
    42.88980     26.81090    -14.48280
    52.23977     47.43396    -11.23173
    31.70095     35.87758    -15.40089
    31.70099     35.87758    -15.40082
    35.47386     36.87248    -14.63021
    43.47677     56.01867    -13.75466
    42.62158     37.95608     -7.29763
    45.29831     35.90161    -10.91972
    40.26774     32.89061    -14.42680
    42.62186     37.95563     -7.29784
    42.57527     28.71398    -10.56040
    37.70360     32.16149    -12.05906
    42.85217     34.25625    -12.17099
    46.61505     46.32649     -6.55379
    47.41733     37.60166    -10.37755
    40.25480     32.90079    -14.58075
    40.27012     32.88022    -14.36545
    50.31592     44.21492    -11.04002
    32.02910     31.05970     -8.60630
    31.18185     34.21678    -15.39720
    34.51110     24.52160    -19.07710
    53.06290     43.55010    -13.32908
    45.21323     42.84736     -7.30501
    55.23120     49.96620     -3.99030
    32.64302     26.60795     -7.40340
    38.81820     31.64888    -14.22642
    35.46990     18.70789    -14.30403
    48.35753     49.93490    -11.78646
    39.99819     54.32378    -10.24383
    35.72425     27.97998    -12.85509
    48.35769     49.93479    -11.78621
    33.38660     39.33160    -21.26650
    48.73470     61.40290    -11.50270
    35.91425     29.83121    -11.51183
    18.78017     31.12157     -8.56245
    43.42830     34.36851     -8.63283
    49.86717     45.50118    -10.56409
    41.59538     27.10006     -8.78477
    45.90207     59.31930    -16.49405
    27.69900     39.58950     -6.07220
    54.20991     46.31347    -13.59582
    35.88133     28.87309    -18.12907
    34.32254     31.23444    -10.36260
    28.71484     37.94022    -15.10995
    41.17351     36.50562     -8.23350
    33.44899     37.72430    -17.40869
    37.86985     49.39344    -12.66068
    36.14400     37.72220     -9.44070
    16.01460     27.88150    -21.06910
    30.77680     27.94290    -10.40010
    40.58808     34.27788    -11.61775
    40.11351     27.95143     -7.73285
    17.83278     26.25032     -7.01943
    49.74006     57.61984    -22.22932
    42.07235     39.67939    -10.44288
    40.88007     53.04406    -11.06614
    35.73043     20.45945    -15.04091
    25.52350     14.22830    -15.46170
    23.25280     28.10120     -9.25690
    31.44481     42.68132    -13.03164
    48.46558     35.15643    -11.11756
    32.99440     14.82930    -12.25890
    40.49883     34.76301    -12.40253
    50.37696     44.29241    -11.03275
    41.44500     25.02200     -7.22820
    35.72604     20.50216    -14.85781
    41.89600     44.71240    -16.53980
    40.53332     32.93624    -11.93123
    34.92460     46.51634    -10.18197
    46.87306     44.28539    -14.98921
    47.13718     39.18946    -14.66900
    25.97392     37.97802     -8.13889
    35.47351     36.87233    -14.62946
    29.39869     34.20519    -12.36609
    50.11089     44.17253    -11.21069
    47.03619     43.45596     -8.05383
    38.47722     28.05784    -14.98024
    37.53750     35.57940    -10.89980
    34.92637     36.01135    -17.26189
    43.15983     34.67469    -12.33531
    37.70426     32.15279    -12.04736
    43.03829     34.49052    -12.12539
    39.74999     45.54624    -18.71965
    24.52613     33.47284    -13.93693
    26.80053     38.56406    -12.12577
    52.47884     51.92707     -7.99532
    22.64780     24.30780     -8.40420
    43.42224     34.36859     -8.66832
    52.34364     52.46430     -7.46641
    48.79183     42.35484    -10.04192
    34.03464     44.72688    -10.85691
    55.42664     50.84206    -13.33561
    39.25956     31.99730     -8.51368
    20.84940     19.39410    -12.48970
    37.12710     19.25490    -13.25670
    39.16959     32.03299     -8.51380
    21.17772     23.33022    -10.57704
    39.41130     29.35850    -24.47000
    29.23350     19.06460    -10.50650
    43.41367     34.36895     -8.72670
    51.53668     41.57377    -12.72764
    43.69354     35.28933    -12.88760
    40.29017     54.56777     -9.99168
    30.85250     26.72530     -8.67040
    40.36170     27.81241     -7.86674
    39.49631     53.88315    -10.66482
    40.21920     34.18748    -13.77244
    20.34041     24.53770    -10.55912
    42.10871     29.57882     -8.05967
    35.78170     20.59733    -15.12351
    35.71947     20.48470    -14.83502
    48.36024     49.93176    -11.78104
    43.94640     28.53020    -14.08800
    28.38418     39.14251    -11.91842
    53.22386     51.56788     -8.24506
    23.28106     23.81168    -13.26104
    44.34843     33.19731    -15.57245
    53.29760     56.71430    -24.11930
    47.55191     39.48937    -14.73763
    41.61570     29.16612    -14.90322
    42.07233     39.67919    -10.44265
    52.43957     51.90915     -8.00094
    49.85750     46.81460    -14.13820
    26.20791     20.89051    -12.35574
    36.24922     29.58613    -10.75678
    52.17710     64.52120    -13.20430
    63.63890     59.54110    -21.47440
    43.87240     46.62340    -23.87660
    28.54300     38.90419    -12.62275
    41.62110     29.16588    -14.88318
    33.79842     47.60376    -11.79638
    52.16546     47.20369    -11.17141
    35.87089     28.87625    -18.11816
    50.21050     49.60490    -15.33280
    38.01876     41.09382    -18.58037
    36.91943     29.45087     -9.94474
    35.46196     30.38454    -12.44462
    49.22880     39.52600    -14.66970
    36.54691     25.11735     -9.16214
    35.60938     30.14234    -12.41587
    41.96482     38.82253    -12.94486
    18.08720     28.36950    -18.64750
    52.30026     47.71150    -11.30740
    48.75435     35.38114    -11.20385
    39.76564     29.14674    -10.16781
    48.35732     49.93527    -11.78697
    27.05427     38.67076    -12.07367
    58.47298     56.44056     -9.78296
    26.89881     38.60246    -12.11176
    59.59970     51.27030    -15.21760
    36.63240     51.07660     -5.95940
    42.18107     29.29967     -8.38392
    17.27052     27.22827     -6.74582
    32.51612     22.59675    -10.18220
    35.23607     32.67509     -7.50550
    38.44290     46.34840    -21.20660
    39.88061     34.17480    -12.95916
    23.20924     37.12855     -9.00631
    39.74875     33.19097    -18.13137
    35.21890     16.95400    -12.52680
    38.51658     28.03745    -14.97910
    48.89613     35.58886    -11.35738
    38.27440     28.36460    -17.94510
    33.90460     29.79770    -20.04260
    22.90312     34.96288    -11.51083
    35.04310     30.93930    -12.19580
    58.42271     48.84949     -9.99157
    51.64138     45.88133    -10.73577
    42.58255     31.57817     -7.89392
    22.99318     23.12092    -12.99261
    33.09213     46.38294    -10.22605
    42.05506     26.94136     -9.21543
    37.69368     32.12153    -11.97099
    40.18385     31.55767     -8.39262
    42.72104     31.97780    -15.79502
    41.79467     54.21388    -10.40109
    40.60200     44.28370    -25.14600
    43.42900     34.36713     -8.63360
    32.64308     26.60805     -7.40320
    42.39490     32.42569    -13.55160
    43.92612     35.62782    -12.89569
    24.71906     36.05762    -12.38725
    42.12041     26.91674     -9.27913
    33.47698     25.87031    -10.03771
    29.56453     20.10000    -12.90266
    33.43248     37.60287    -17.29164
    28.89630     24.24160    -22.32350
    48.76686     35.34284    -11.14311
    42.47637     32.96775    -13.15422
    26.19761     20.89866    -12.36129
    29.92894     36.21508    -14.02351
    55.73526     56.28144    -14.59072
    23.20929     37.12844     -9.00644
    32.67143     24.76659    -10.59610
    47.11350     57.17400    -19.60400
    36.33513     48.02487     -9.78226
    16.29530     25.38540    -13.04020
    52.34125     59.66549    -23.63558
    15.02935     27.49711    -12.69395
    40.57558     34.03692    -11.56603
    52.16867     52.07290     -7.82023
    54.34662     46.46481    -13.63997
    34.09500     14.30000     -5.67740
    37.33940     29.20870    -21.84140
    35.31170     42.41710    -24.22580
    40.47013     32.73816    -12.38995
    30.12750     13.82510    -22.58130
    49.69687     57.57321    -22.35289
    60.42956     54.52649    -23.02130
    52.17110     48.81070     -7.24050
    22.60497     21.19560    -10.39512
    45.43426     37.07074     -9.16928
    51.69111     41.30662    -12.90551
    40.40268     34.23128    -15.16339
    21.87920     21.46820    -19.03910
    45.26322     46.33181    -26.61554
    50.96330     47.55530     -7.77730
    25.71450     39.31980     -9.21900
    44.92470     31.47050    -10.29290
    35.46990     18.70763    -14.30424
    50.75250     64.38958    -24.55004
    46.61505     46.32641     -6.55381
    43.92690     43.35860    -25.81570
    42.57913     31.78689     -7.88283
    58.47936     56.43911     -9.79105
    48.79124     42.35570    -10.04075
    28.48099     39.17645    -11.90978
    50.68392     59.11993    -23.82784
    29.60805     20.04963    -12.90016
    45.51233     39.43862     -6.91730
    51.31520     41.00790    -12.51256
    48.79171     42.35499    -10.04188
    48.79170     42.35488    -10.04176
    36.54686     25.11652     -9.16190
    41.60493     29.17157    -14.94331
    25.41355     22.18603    -13.32756
    29.25734     42.12124     -6.01673
    42.50421     28.70298    -11.34308
    42.62200     37.95577     -7.29972
    49.70525     36.79094    -12.24513
    40.28563     34.51682    -12.86507
    55.58560     48.26350    -15.06370
    33.24454     25.51095    -10.19019
    38.25325     32.03849    -20.05476
    24.71873     36.05739    -12.38693
    36.51050     41.11700    -17.67680
    27.37580     19.40650    -13.56040
    43.61260     47.63450    -22.50900
    51.05124     45.11907    -10.93541
    57.58050     64.72880    -20.73380
    20.34034     24.53824    -10.55975
    37.59047     29.44832     -9.77117
    20.34538     24.50731    -10.54178
    30.07027     36.23344    -13.78151
    27.60050     32.67590    -17.18070
    48.79151     42.35520    -10.04157
    35.83534     28.02566    -12.66452
    47.62420     47.50910    -26.54980
    40.53054     32.55877    -12.11091
    32.24741     45.51991    -13.96853
    17.71383     26.33600     -7.59895
    45.03248     40.63323    -13.12460
    36.41759     48.13615     -9.76640
    38.25353     32.04009    -20.05625
    32.20810     44.65016     -9.02090
    42.05553     39.74678    -10.29377
    25.97400     21.13351    -12.56876
    31.31781     30.96813    -11.87029
    36.69930     22.92220     -7.11420
    54.44189     46.56905    -13.67184
    32.48386     45.36547    -13.66322
    35.80841     28.26719    -12.74250
    48.25303     39.83991    -10.68157
    48.25312     39.84019    -10.68160
    35.75103     29.91063    -12.46249
    45.81940     50.76700     -8.41320
    42.55402     28.75228    -10.29385
    40.21407     33.30891    -14.53026
    21.16130     23.40642    -10.64006
    40.76672     27.56538     -8.13824
    45.03243     40.63322    -13.12481
    37.70332     32.15607    -12.05022
    36.73988     25.12481    -11.52408
    49.71470     61.23100    -21.37650
    26.01846     38.07001    -12.54245
    33.43204     37.59909    -17.28821
    27.56304     38.84796    -12.01831
    28.87638     34.65548    -11.88855
    40.15838     33.01503    -15.35604
    35.23773     32.67287     -7.50664
    35.70540     20.44784    -14.78844
    30.12240     27.94340     -5.97000
    31.95063     23.07394     -8.13590
    29.14663     27.27129    -12.61264
    35.83702     20.15038    -17.27498
    34.06720     18.10510    -11.82880
    53.06317     43.54635    -13.33363
    15.02944     27.49731    -12.69375
    29.34630     34.09468    -12.18788
    31.69464     21.49098    -11.81398
    28.66123     22.63825    -11.79750
    36.71304     34.25582    -12.09361
    51.17134     45.26539    -10.92007
    34.07096     45.00866    -11.86422
    38.98285     36.22194     -8.36412
    29.92883     36.21485    -14.02412
    31.69461     21.49113    -11.81377
    31.70087     35.87755    -15.40099
    25.12880     21.16947    -13.53880
    29.25931     34.28982    -12.20837
    28.01250     36.51400    -17.31020
    25.20194     39.18465    -13.13573
    52.46231     41.30196    -13.75591
    46.68704     32.79869     -6.87198
    46.68700     32.79865     -6.87201
    46.68706     32.79866     -6.87201
    25.99881     37.97994     -8.20358
    46.00440     61.43460    -21.12490
    53.10994     51.67777     -8.14059
    29.56127     43.32889    -14.15779
    36.41754     48.13629     -9.76545
    47.47593     34.54500     -8.65340
    50.26657     44.14989    -11.04721
    18.17360     26.44880    -13.23670
    35.40304     49.71475     -6.85515
    53.06323     43.54730    -13.33244
    53.51471     55.13718     -8.22033
    54.09059     50.06350    -12.30304
    36.11270     45.26220    -17.48320
    45.10092     43.14408    -10.57177
    17.77722     26.07852     -8.26315
    45.10175     43.14367    -10.57051
    29.92878     36.21469    -14.02418
    37.70876     32.15764    -12.06490
    35.83537     28.02601    -12.66239
    42.60780     28.69635    -10.48894
    27.78770     28.79800    -19.31580
    54.20536     53.17055    -11.72903
    33.41670     41.00530    -19.54690
    48.66157     35.28783    -11.12258
    35.70887     35.27989     -7.74586
    51.79970     41.22667    -13.02568
    26.89863     38.60213    -12.11035
    23.36836     24.04717    -13.37299
    35.15930     33.41870    -13.77510
    29.92891     36.21478    -14.02400
    39.22560     43.62550    -27.10760
    45.43367     37.07021     -9.16829
    42.68289     57.25870    -10.30231
    58.27590     48.50580    -21.62960
    15.02951     27.49745    -12.69384
    46.43303     43.24186     -7.96261
    31.18215     34.21673    -15.39806
    50.32582     44.55725    -11.04971
    42.02270     32.62853     -7.64646
    34.82457     46.32195    -10.05211
    42.10283     29.37933     -8.24727
    31.60812     42.67968    -12.88382
    42.70376     33.95178    -12.39712
    35.71091     20.45847    -14.80547
    35.83529     28.02580    -12.66419
    35.47322     36.87206    -14.62909
    45.42410     53.69910    -18.28400
    34.37273     31.22056    -10.51504
    36.18210     27.21784    -12.59433
    34.11111     47.01497    -11.46760
    52.23459     47.41782    -11.22717
    35.54890     23.84040    -10.64570
    23.12808     35.28620    -11.35569
    22.21918     26.08282    -11.90171
    43.14406     34.60212    -12.38077
    25.31184     35.12169     -8.41542
    33.45030     25.78027    -10.04459
    60.09019     54.47853    -22.13122
    60.17799     54.49095    -22.36151
    42.50728     28.81729    -10.04728
    42.50990     28.81631    -10.05736
    42.74120     34.07799    -12.30487
    18.48034     23.89167    -14.04012
    20.10430     22.30070    -18.06400
    31.53907     37.69297    -16.98617
    42.60648     34.56911    -12.31311
    37.71178     21.22867    -17.09986
    23.18859     23.57082    -13.15343
    51.23667     45.32824    -10.78400
    28.65247     39.34413    -11.63778
    32.70276     45.26644    -13.39527
    32.76473     45.24768    -13.31956
    33.44021     37.66087    -17.34720
    33.98590     27.81760    -10.62090
    35.09312     46.55632    -10.01755
    23.98760     27.03520    -18.04650
    23.13464     35.29565    -11.35188
    50.24265     44.15674    -11.07123
    37.70440     32.15034    -12.04319
    43.39161     34.37180     -8.88444
    42.50821     28.81716    -10.05090
    52.04946     52.01527     -7.81969
    43.55830     40.48090     -4.81850
    17.59669     26.19663     -8.68465
    43.85300     35.51433    -12.89496
    33.97548     48.00506    -11.27566
    26.03403     21.06829    -12.52298
    23.20924     37.12848     -9.00656
    29.92874     36.21458    -14.02478
    36.58612     29.80260     -8.55628
    26.60268     20.76690    -12.39468
    23.05981     35.43255    -11.05583
    33.57246     25.80107     -9.89033
    47.47796     34.54751     -8.64529
    34.60750     38.02690    -21.63930
    18.84315     31.01291     -8.69717
    43.01378     34.45277    -12.19989
    63.52227     57.30991    -23.67293
    37.89979     44.14493    -23.53814
    29.31755     42.15064     -6.00214
    54.95650     45.64500     -8.92050
    39.71842     31.78903     -8.47227
    47.41715     37.60169    -10.37810
    33.13091     32.36467     -7.42099
    29.92874     36.21480    -14.02431
    35.09180     33.91190    -18.83450
    27.24620     38.74325    -12.03910
    47.47810     34.54621     -8.64076
    38.81100     22.74720    -10.33140
    37.70386     32.15359    -12.04737
    40.74511     32.36199    -12.40619
    48.03750     49.49930    -22.54640
    38.66333     27.96024    -14.97677
    40.42633     34.00294    -11.90419
    36.88694     27.33766    -21.91537
    19.34661     30.14340     -9.77006
    34.69810     33.59550    -16.31990
    35.72067     20.43326    -14.99750
    50.54123     44.57751    -11.06159
    42.85211     34.25729    -12.17123
    31.75724     42.68021    -12.74529
    35.00771     31.29756    -12.90894
    50.08599     44.44601    -11.09183
    33.99889     45.08767    -11.69529
    32.04260     44.71850     -5.76230
    32.26410     14.60940     -8.98340
    49.64451     44.38647    -11.80971
    47.46939     34.54471     -8.70388
    56.28396     65.23443    -22.78392
    53.63532     51.09050     -8.73492
    36.41761     48.13614     -9.76595
    25.50009     21.66550    -13.02190
    33.94593     45.00293    -12.02763
    48.45874     45.30948    -17.53193
    27.16220     41.81880     -6.56650
    40.64391     34.54161    -11.67295
    45.48618     42.92304     -7.88402
    18.78018     31.12179     -8.56229
    22.76698     34.72145    -11.67520
    36.78808     29.47569     -9.91950
    18.64084     28.08767     -7.89476
    25.20164     39.18463    -13.13575
    26.15118     20.91036    -12.41261
    35.86678     47.43944     -9.87781
    48.75435     35.38103    -11.20383
    40.76959     38.19446     -9.67373
    23.18429     35.37561    -11.30439
    35.70939     35.27542     -7.75014
    28.71474     37.94032    -15.10971
    35.86512     28.87798    -18.11210
    38.38285     27.34593    -12.06442
    18.48046     23.89153    -14.03998
    22.09320     20.36050    -13.91980
    50.86240     63.58390    -10.17290
    42.67506     28.66350    -10.36489
    29.18012     34.32835    -12.11175
    36.54676     25.11470     -9.16214
    26.29371     20.84504    -12.35028
    58.42279     48.84956     -9.99187
    45.51237     39.43881     -6.91722
    39.32370     35.12960    -22.01330
    25.64146     24.08494    -15.49370
    47.20347     45.27893     -8.81234
    34.02740     43.03406    -17.38531
    23.89290     30.19230    -17.38090
    31.25084     43.59057     -9.57291
    47.12385     39.17681    -14.66810
    55.73524     56.28138    -14.59051
    60.00483     54.46680    -21.90677
    58.42280     48.84955     -9.99176
    56.40812     65.47824    -22.70501
    51.22544     38.93518    -13.14369
    43.75699     36.41272     -8.26799
    41.24120     51.32250    -16.82890
    40.14180     50.56540    -15.18710
    46.31780     59.10500    -13.12020
    20.58017     23.51179    -10.01663
    20.45078     23.35206     -9.72640
    37.87000     49.39342    -12.65954
    48.93623     42.34788    -14.88781
    26.93832     38.62287    -12.03986
    29.11120     15.29010    -10.75820
    51.22544     38.93521    -13.14365
    31.18188     34.21676    -15.39684
    47.06749     45.24483     -8.80697
    48.75986     48.23652    -15.20270
    50.08300     56.19730     -9.08960
    34.02740     43.03404    -17.38539
    42.62211     37.95581     -7.29865
    48.35786     49.93456    -11.78577
    20.08961     22.99282     -8.97529
    31.98926     26.68750    -11.35496
    24.11910     31.65590    -14.19770
    48.79097     42.35568    -10.04113
    51.58276     58.18763    -19.00181
    29.89900     39.27480    -15.11640
    34.61060     31.16031    -11.21824
    34.26220     45.06481    -12.25976
    38.37602     29.37171     -9.65781
    33.94348     47.90216    -11.38035
    20.89688     23.56976    -10.45337
    51.39862     41.06388    -12.59959
    40.72052     38.14368     -9.64448
    18.68421     28.10103     -7.92665
    40.66551     34.74598    -11.84653
    25.43254     22.05087    -13.23549
    54.00120     64.80940    -19.34930
    50.74567     45.11584    -10.87774
    38.25311     32.03611    -20.05260
    30.50810     19.00410     -7.59800
    41.07231     38.46656     -9.96599
    42.57139     33.52776    -12.68618
    50.68388     59.11997    -23.82766
    26.89322     38.60038    -12.11298
    32.72821     24.82864    -10.54960
    19.91350     26.11470     -7.88740
    50.24477     44.17297    -11.07024
    25.97403     37.97771     -8.13940
    51.07740     53.31000    -15.06350
    40.65290     34.58288    -11.70700
    56.56050     60.99320    -19.21710
    38.37883     27.35062    -12.06169
    41.61260     54.26715    -10.33324
    45.03290     31.48270    -15.08140
    52.15470     38.42500    -10.76880
    33.85813     47.55882    -11.71654
    58.97410     64.07940    -21.15830
    37.89981     44.14497    -23.53816
    38.01843     41.09339    -18.58072
    50.48278     57.21688    -24.40080
    45.19668     37.90314    -13.15877
    27.23190     17.19050    -14.70600
    53.06336     43.54728    -13.33298
    45.85810     52.15090    -21.02200
    36.88723     27.33785    -21.91543
    18.78033     31.12155     -8.56235
    32.65442     24.74919    -10.61045
    43.42667     34.37362     -8.61450
    17.72934     26.35570     -7.45192
    54.17955     50.09774    -12.38119
    42.19865     38.83838    -12.42039
    16.96380     23.96540    -10.14870
    43.09523     41.61725     -9.57257
    26.80230     12.92620     -8.95300
    49.70532     36.79085    -12.24510
    35.40249     49.71446     -6.85390
    40.64823     27.61477     -8.05549
    32.99360     28.94420    -10.75110
    50.21759     44.25972    -11.16072
    32.77865     24.89545    -10.51443
    42.57450     28.73764    -10.29679
    41.63377     29.15584    -14.83484
    15.83380     25.39500     -6.60680
    50.61043     57.18832    -24.55331
    37.80382     32.12799    -12.25555
    33.64248     45.00078    -12.34538
    31.35310     43.72152     -9.51950
    46.65747     38.75958    -14.62411
    34.87123     31.17162    -12.16009
    45.48570     42.92302     -7.88280
    42.62254     37.95491     -7.29899
    38.01906     41.09402    -18.58011
    35.73916     20.47698    -15.08112
    52.18277     52.06788     -7.82444
    20.62090     25.06050    -19.23630
    33.73772     44.96614    -12.10031
    53.06385     43.53421    -13.34884
    33.44232     37.67584    -17.36197
    64.60260     55.96750    -25.49600
    57.33250     47.87365    -16.86360
    26.85996     38.58751    -12.11674
    55.10430     56.03850     -8.77580
    33.71640     26.37004    -20.41641
    21.24743     23.31707    -10.64375
    22.21941     26.08310    -11.90186
    18.71498     28.09386     -7.90529
    19.58387     27.42147    -14.39122
    28.44182     24.95378    -14.19426
    35.23586     32.67526     -7.50537
    25.12850     32.76800    -17.31850
    21.17738     23.33108    -10.57718
    54.34682     46.46476    -13.64047
    49.00437     56.78869    -23.49486
    34.86110     25.91790    -13.95890
    49.30620     64.84760    -26.27330
    30.68011     42.55465     -9.79082
    23.36834     24.04719    -13.37301
    60.42100     50.59010    -20.36510
    52.10419     52.10176     -7.78840
    36.07122     29.59775    -11.00795
    18.60025     25.18540     -8.05843
    52.23580     47.41493    -11.22881
    40.02470     24.98110    -13.12710
    21.29537     23.62881    -10.90598
    49.85014     57.43251    -23.08659
    58.90550     50.36640    -17.29480
    42.24865     37.45303    -11.62873
    24.40438     33.42556    -13.91227
    25.89790     32.00640    -13.19250
    31.33950     24.58480     -7.06100
    59.60974     51.79530    -10.04870
    52.06690     41.30667    -13.31299
    42.24087     37.42001    -11.61027
    42.12041     26.91706     -9.27993
    31.37160     34.32400     -9.00520
    50.19370     62.41980    -26.10540
    40.54080     41.92350    -11.80240
    47.29054     39.31653    -14.68794
    17.47896     27.09156     -6.82678
    30.33187     32.13281    -16.13086
    52.27955     47.61334    -11.28666
    18.78041     31.12150     -8.56112
    51.50781     41.23251    -12.71041
    34.50980     31.19184    -10.95162
    35.36893     46.78602     -9.95958
    34.07044     44.88616    -11.20183
    44.37590     30.46530    -13.50520
    29.56802     20.09602    -12.90231
    43.86549     35.53385    -12.90050
    28.44209     24.95411    -14.19335
    49.83630     62.97820    -21.28470
    59.60722     51.78801    -10.04692
    37.87074     49.39338    -12.65673
    49.64572     44.38584    -11.80637
    41.00810     31.56480    -19.21380
    29.63534     20.01871    -12.89744
    53.99267     46.07301    -13.52540
    18.28826     27.95995     -7.63525
    39.77640     26.12720    -22.34250
    37.56120     24.48320     -6.56660
    40.58613     34.29273    -11.63856
    51.44928     41.86559    -12.62141
    30.33189     32.13281    -16.13085
    45.56992     42.94877     -7.88603
    42.77176     39.52486     -6.50102
    48.79226     42.35515    -10.04168
    39.75001     45.54636    -18.71935
