    43.35370     41.47393     -9.70066
    29.21058     42.10223     -6.04597
    39.01075     36.25814     -8.38952
    39.16324     32.11513     -8.73313
    40.23040     32.52037    -13.75682
    43.35570     41.47653     -9.70475
    55.82133     57.28744     -9.83120
    33.30580     17.84170    -15.31120
    52.26544     41.33409    -13.52316
    40.26452     32.91622    -14.78718
    38.02254     27.05258     -8.34385
    43.76321     36.41141     -8.26786
    42.08709     29.47377     -7.95498
    41.49530     50.84940    -19.94120
    43.04952     41.15344    -13.59140
    51.31190     40.93171    -12.50136
    36.19698     21.13249    -22.24635
    53.06370     43.56273    -13.31617
    31.53870     37.69258    -16.98294
    50.79795     64.61532    -15.10463
    18.80803     28.11270     -7.94674
    46.89429     39.07707    -14.60101
    42.22300     37.32304    -11.55081
    48.93594     42.34973    -14.88753
    40.38330     54.68049     -9.82810
    33.85020     20.85440    -17.85220
    40.19329     54.52579    -10.06810
    18.79047     28.12129     -7.97912
    42.59236     28.69893    -10.50898
    21.75553     22.76802    -10.47617
    38.88062     27.84926    -14.96491
    26.25585     20.84996    -12.33976
    35.47361     36.87226    -14.62943
    35.47392     36.87187    -14.62989
    38.70302     31.70432    -14.06118
    33.82440     46.25216     -9.99313
    42.31276     38.96883    -11.98405
    48.81023     42.31332    -10.07485
    25.69932     21.09023    -11.96348
    53.51786     49.80247    -11.85825
    39.66368     39.17048     -8.58580
    31.93177     23.10052     -8.03981
    33.23935     46.33698    -10.09244
    41.42642     27.27288     -8.54389
    40.78241     27.59759     -8.04608
    47.41883     37.59916    -10.37563
    56.20380     62.35240    -17.98270
    42.05071     39.78141    -10.21465
    28.37070     40.67040    -13.65690
    48.25509     39.84437    -10.68105
    26.58746     38.62879    -12.30544
    34.87293     31.40722    -13.50874
    29.59189     20.06487    -12.90600
    31.20793     43.52005     -9.59499
    49.25867     49.02051     -7.44810
    38.88198     31.55762    -14.31097
    33.58778     20.44645    -12.46018
    34.93250     18.55510     -9.84340
    46.50560     40.92520    -10.37440
    25.80223     21.08766    -12.26822
    39.97310     28.44138     -8.40248
    40.28020     28.11707     -8.15083
    28.65987     22.63621    -11.80376
    44.03983     51.88742    -23.33882
    32.64372     22.48552    -10.69541
    20.09932     23.05474     -9.05722
    49.59680     37.17130     -8.03180
    48.25347     39.84125    -10.68140
    30.86773     30.06032     -7.70481
    43.35532     41.47656     -9.70367
    44.85030     47.70500     -5.77110
    56.91333     65.52768    -23.16720
    43.08001     34.61530    -12.41085
    34.92604     36.01195    -17.26353
    42.41459     30.26988     -7.91656
    42.23158     29.69463     -7.98055
    37.74590     26.71980    -18.65540
    40.49301     32.24665    -12.07815
    52.29919     47.78679    -11.28766
    63.52189     57.31063    -23.67528
    52.02880     46.08759     -9.36434
    41.30010     36.23470    -22.85650
    49.78435     36.91260    -12.32665
    36.55650     25.10564     -9.30335
    42.52261     33.65589    -12.50324
    42.61540     33.94990    -12.29411
    45.96209     43.06828     -7.88427
    35.77272     28.15380    -12.50361
    51.74446     41.47380    -12.94772
    54.79416     50.35606    -12.92576
    32.36887     22.72402     -9.62631
    42.62134     57.18640    -10.29014
    55.96612     64.99910    -22.66075
    56.00192     65.06095    -22.64477
    56.00203     65.06104    -22.64481
    21.10950     23.36183    -10.55699
    35.67504     30.24111    -12.27462
    55.96537     64.99859    -22.65612
    33.58301     20.44106    -12.46918
    33.58047     20.44056    -12.47194
    33.58268     20.44177    -12.46917
    53.79690     49.95145    -12.03101
    50.75250     64.38904    -24.54878
    38.97271     36.21328     -8.35589
    30.06426     36.39430    -13.59734
    45.45240     34.36470     -9.65390
    42.62065     37.95069     -7.29338
    42.59827     28.68120    -10.75930
    38.05356     28.28940    -14.97352
    25.31170     35.12248     -8.41574
    56.50956     65.38344    -22.88885
    18.49345     25.31711     -7.99328
    24.38319     33.41781    -13.90801
    38.45514     27.26200    -12.11279
    55.82146     57.28740     -9.82852
    18.61460     28.07959     -7.86306
    55.82153     57.28758     -9.82812
    55.82168     57.28789     -9.82846
    52.49606     51.52457     -9.35063
    47.70320     45.95270    -14.10210
    40.39366     33.91479    -11.67581
    32.73970     25.93380    -17.92810
    36.38471     48.07285     -9.77738
    33.47479     37.91092    -17.59200
    21.22241     23.35788    -10.68553
    51.01693     44.92655    -11.01041
    20.09986     23.05676     -9.05104
    45.60408     42.94024     -7.79388
    28.44757     24.96020    -14.17853
    33.13024     32.36280     -7.41916
    26.34049     20.80517    -12.35094
    30.09097     41.83975    -10.00586
    51.09299     40.73180    -12.30370
    30.53249     42.28059     -9.84667
    49.13725     35.89506    -11.57126
    33.03286     45.01079    -12.99236
    59.61344     51.80882    -10.04958
    33.58518     20.44406    -12.46645
    31.24068     43.60695     -9.58249
    46.20570     32.72890    -11.25580
    50.87710     45.27403    -10.91843
    52.33603     41.30808    -13.60306
    33.71651     26.36953    -20.41510
    57.78140     45.95380    -19.94950
    58.41314     47.54178    -11.12744
    52.36723     52.00990     -7.89108
    18.67370     24.49300    -17.50850
    42.62257     37.95176     -7.29935
    32.58410     28.10750    -21.45320
    37.66342     32.18884    -12.00263
    34.17950     22.68200    -16.91630
    43.13185     34.38272    -10.52169
    53.17627     51.65978     -8.13180
    31.28376     43.68053     -9.56958
    42.22483     29.00173     -8.58071
    48.45795     45.30805    -17.52955
    33.36084     44.83745    -12.34787
    18.04508     27.79891     -7.31380
    36.55945     25.11462     -9.30314
    36.09120     31.10600    -21.94950
    42.49946     41.94109     -9.27314
    45.50951     42.90649     -7.77886
    51.72965     49.61159    -10.21382
    34.58483     46.04511    -10.07823
    53.50457     55.11784     -8.21099
    42.01770     26.98780     -9.13995
    49.77917     36.90505    -12.32219
    31.28027     43.68862     -9.57477
    33.31830     15.36970    -29.73350
    35.00134     46.38215    -10.03649
    39.94964     33.92957    -11.80297
    49.47774     57.30301    -23.54068
    35.61012     20.34980    -14.35978
    35.69989     20.49863    -14.68238
    39.24640     29.14750     -9.45699
    43.35624     41.48138     -9.70494
    40.10091     28.02632     -7.63313
    38.76475     34.25019    -14.03515
    48.13980     62.62900    -16.83150
    29.59201     43.36540    -14.05403
    42.68163     28.65711    -10.35983
    43.77916     35.42204    -13.03550
    25.39785     22.24243    -13.36203
    58.47481     56.44010     -9.78770
    41.92380     46.97900    -10.85520
    56.69980     52.80560     -9.72560
    42.65207     30.86656     -7.94006
    50.63111     57.18767    -24.59416
    45.51477     42.90017     -7.78720
    20.93154     23.37572    -10.35563
    33.14339     25.19131    -10.16021
    31.17543     36.06573    -12.48365
    42.37028     29.03056     -8.98055
    52.36856     52.00246     -7.92211
    36.71323     34.25648    -12.09350
    40.30707     54.61304     -9.90794
    24.21191     33.35015    -13.87265
    33.38658     37.26575    -16.96527
    20.34663     24.70292    -10.66925
    40.05761     54.40047    -10.21956
    37.87018     49.39324    -12.65998
    35.78511     28.31415    -12.70301
    49.25643     49.02149     -7.44440
    35.47613     36.87458    -14.63144
    25.64121     24.08516    -15.49654
    45.46812     42.92778     -8.08474
    31.75625     45.85650    -14.58503
    19.58347     27.42197    -14.39183
    46.86335     44.28938    -15.01841
    38.94955     31.27606    -14.44797
    23.59260     34.84070    -14.41390
    30.94220     23.06340    -14.43650
    35.41264     49.72040     -6.87768
    47.40739     37.60437    -10.40613
    51.38347     45.39265    -10.90155
    56.06780     65.11816    -22.67076
    33.16640     41.19940     -6.84530
    31.68130     13.26550    -28.55530
    42.33389     32.23470     -7.77191
    36.90690     24.60850    -16.54050
    31.69479     21.49151    -11.81230
    23.20902     37.12860     -9.00596
    47.42092     37.60141    -10.36662
    34.64066     31.20334    -11.57662
    55.90230     62.32160    -24.12560
    26.25440     20.84942    -12.34080
    26.28549     20.83045    -12.31347
    42.59971     28.69659    -10.40664
    40.88180     54.55399     -9.95049
    34.85387     46.33045    -10.02708
    44.17981     35.84163    -12.64574
    26.67570     23.94420    -17.96450
    33.45633     37.77590    -17.45655
    37.88012     29.51591     -9.70798
    30.82270     42.80548     -9.73383
    46.65292     38.81452    -14.59686
    24.39050     33.41848    -13.90968
    42.62394     28.66963    -10.66485
    38.01966     41.09429    -18.57858
    52.29523     47.69216    -11.30539
    34.00317     48.06146    -11.21409
    31.68543     42.67803    -12.81754
    41.17431     36.50708     -8.23250
    17.17295     27.32622     -6.43943
    43.57265     35.16120    -12.89139
    49.67702     36.74753    -12.22104
    49.66866     36.73464    -12.21342
    35.46411     36.86431    -14.61222
    31.82169     45.81377    -14.51503
    35.43482     31.55229    -13.10019
    35.68097     20.46633    -14.62186
    41.75821     31.48726    -13.72712
    46.33920     54.49780     -6.72030
    49.85586     45.49331    -10.56079
    45.50965     39.43253     -6.91999
    41.55431     29.19177    -15.11887
    35.55771     20.25341    -14.18003
    17.54072     26.59623     -7.15301
    60.39894     54.52074    -22.94370
    35.59944     20.19373    -14.37958
    33.24088     46.33605    -10.07706
    27.21540     11.38560     -5.57460
    21.30124     23.26881    -10.73884
    21.28243     23.27511    -10.71609
    45.51160     42.90494     -7.78354
    42.69017     41.83502     -9.37007
    35.57781     20.13357    -14.30528
    31.24225     43.60591     -9.58452
    17.86890     33.31230     -3.54400
    29.36455     34.14071    -12.25075
    34.27820     23.30980    -10.11930
    46.91680     37.05580     -7.52600
    39.45339     53.84182    -10.73521
    50.83733     44.86930    -10.98027
    53.79432     49.95723    -12.03491
    34.43110     43.09450    -20.58980
    22.21928     26.08311    -11.89906
    26.97409     38.64703    -12.13431
    20.37096     23.21317     -9.53596
    36.54026     25.12080     -9.07622
    27.23733     38.73084    -12.10675
    36.53774     25.11416     -9.07854
    29.61754     43.45295    -13.91609
    41.71281     31.10030    -14.32836
    33.09334     46.36374    -10.12402
    35.59674     20.32653    -14.33034
    42.15556     39.45434    -10.90426
    39.97047     54.35041    -10.31902
    58.41276     47.54042    -11.12576
    20.78460     29.74560     -9.72620
    43.24610     44.68840    -18.05850
    56.67740     60.55160     -9.56270
    42.50841     32.58145    -13.68361
    51.17854     40.86208    -12.37072
    40.56903     34.07723    -11.22635
    23.84950     21.80500    -18.29680
    50.32614     44.04748    -10.92842
    33.13204     32.36518     -7.42043
    35.61085     20.34265    -14.36826
    36.88912     27.33726    -21.91546
    35.20732     46.52191     -9.92938
    36.55546     25.19138     -9.09755
    41.06638     27.39735     -8.21057
    42.01211     32.65230     -7.63602
    31.22221     34.22053    -15.47578
    42.22951     37.33086    -11.55138
    54.24808     50.13497    -12.42771
    26.35533     20.79901    -12.35987
    49.47780     46.84670     -7.65100
    31.31670     30.96758    -11.86946
    26.25451     20.84904    -12.34255
    53.18671     51.64072     -8.14571
    45.48588     42.91976     -7.96806
    28.44225     24.95441    -14.19418
    37.08469     30.71406    -18.53215
    33.54964     25.93749    -10.00333
    31.07332     37.72971    -23.41236
    18.74895     31.17386     -8.50168
    40.54860     38.45990    -19.46670
    26.80687     38.58811    -12.19606
    36.88076     27.33483    -21.91261
    51.32995     41.19669    -12.51152
    29.55222     42.26407     -5.94242
    48.94065     42.34925    -14.87772
    41.46368     29.22604    -15.47453
    23.21050     37.12894     -8.99670
    45.26250     46.33072    -26.61468
    40.40734     31.42483     -8.30747
    54.55501     46.69179    -13.70708
    42.61167     28.68772    -10.57971
    59.62284     51.83546    -10.05686
    26.25436     20.84896    -12.34502
    36.65417     29.41735     -9.83889
    33.55364     47.13401    -12.47578
    43.97464     35.78318    -12.95067
    49.66832     36.73474    -12.21148
    26.27566     20.83318    -12.33413
    52.05830     52.08280    -12.49850
    45.88494     43.03580     -7.85783
    52.14824     52.09227     -7.87073
    52.08324     52.14555     -7.76883
    42.62101     37.95124     -7.30041
    51.49720     51.13391     -7.98748
    41.37620     26.79190    -13.86710
    52.05966     52.15588     -7.75822
    42.62134     37.95140     -7.30093
    45.47530     58.13070    -13.98000
    51.16533     40.76369    -12.34711
    39.66392     39.17032     -8.58550
    50.75431     64.38840    -24.55707
    45.68870     59.75300     -9.77230
    23.20825     37.12829     -9.00611
    33.53446     25.97512    -10.02706
    43.05288     41.15456    -13.59010
    48.90990     42.37021    -14.90702
    40.80198     27.58345     -8.03358
    50.40210     43.71966    -11.05741
    46.53930     48.89540    -29.01360
    51.22519     38.93542    -13.14357
    42.43620     28.88048     -9.35032
    34.57691     31.14909    -11.04805
    34.82928     46.38092    -10.06759
    41.94047     54.16141    -10.47702
    41.65286     25.08378    -11.14211
    26.76010     18.81160     -7.32450
    36.31164     29.25517    -10.13278
    57.33338     47.87343    -16.86363
    33.71631     26.36979    -20.41846
    39.80080     27.44242     -6.59640
    29.14504     27.27045    -12.61291
    23.07689     23.26748    -13.00286
    17.74130     26.21886     -7.71500
    48.81575     42.32830    -10.06919
    42.27121     37.50574    -11.65313
    51.87971     51.93011     -7.66682
    34.57465     31.15098    -11.05876
    25.31170     35.12225     -8.40602
    26.98825     38.65659    -12.13558
    32.67198     24.74986    -10.58635
    54.86480     59.73460     -8.00220
    29.57332     20.08753    -12.90678
    51.08294     40.73323    -12.29877
    29.26413     42.12625     -6.02462
    59.60283     51.78264    -10.03725
    51.31848     42.05671    -12.45976
    52.11449     52.05249     -7.86756
    52.02417     52.18637     -7.74364
    42.62169     37.95937     -7.29373
    32.07461     26.72436    -11.26944
    41.06950     48.15990    -22.65070
    52.10525     52.13400     -7.77503
    52.15052     52.11792     -7.78187
    26.90977     38.62727    -12.15581
    56.15560     63.33370    -20.96360
    43.85519     35.53863    -13.04468
    32.29980     42.68290    -12.23411
    45.90270     59.32027    -16.49402
    41.03145     29.97772     -6.84357
    28.72240     33.36090    -21.77620
    33.88641     47.86514    -11.42584
    20.96265     23.33462    -10.35801
    26.77680     26.24690     -8.44700
    38.76171     53.11847    -10.64425
    38.89604     31.95180     -8.24945
    37.86717     49.39476    -12.67261
    54.61300     43.71910    -15.58420
    35.70847     35.28556     -7.73995
    48.76067     48.23739    -15.20482
    35.47458     36.87434    -14.63101
    28.58592     39.27793    -11.74162
    36.19922     21.13151    -22.24745
    51.99613     52.16458     -7.79973
    42.07057     29.32653     -8.04823
    51.33964     41.14961    -12.53017
    42.36090     32.15817    -13.89898
    56.91406     65.52701    -23.16594
    29.98150     19.03190    -22.11260
    39.93560     36.78020    -12.50270
    26.81549     38.54761    -11.81385
    41.94214     54.15889    -10.47766
    35.77653     28.17959    -12.65696
    35.69237     20.48563    -14.65712
    29.56588     20.09668    -12.90450
    42.68728     57.26282    -10.30068
    20.13532     23.17204     -9.22140
    35.51526     19.95577    -14.11171
    23.48721     35.62650    -11.36115
    42.51170     28.68689    -11.40101
    58.58460     56.41478     -9.91910
    23.52800     19.46980    -17.71530
    40.73147     38.16166     -9.63435
    53.06121     43.56172    -13.31128
    20.52593     23.63195    -10.06676
    48.75916     48.23589    -15.19921
    36.31100     29.23596    -10.15959
    47.55942     45.36909     -8.82424
    33.71286     26.37047    -20.41618
    49.83876     45.51581    -10.55499
    31.87280     20.59970    -17.55220
    41.84140     25.26080    -20.14920
    44.04057     51.88628    -23.33258
    33.35986     37.03724    -16.76152
    42.12037     29.15354     -8.19253
    18.81692     31.05734     -8.64509
    19.95677     22.71602     -8.53422
    23.85310     18.00990    -15.17350
    42.20370     29.44145     -8.12504
    28.66347     22.64001    -11.79249
    51.17460     44.98772    -11.04936
    29.48738     43.19308    -14.45189
    49.66010     44.43358    -11.94350
    17.00895     27.18425     -6.27656
    53.51341     55.13525     -8.22108
    53.51056     55.12626     -8.21424
    22.60380     21.19441    -10.39261
    38.25348     32.06323    -20.07625
    40.87961     53.04389    -11.06916
    36.53742     29.40723     -9.84516
    38.02446     27.05122     -8.34025
    28.68727     39.37688    -11.58420
    52.42672     41.29096    -13.70932
    26.29295     20.82626    -12.32902
    37.08311     30.71514    -18.53435
    26.25631     20.84887    -12.34228
    32.30052     42.68408    -12.24091
    45.03364     40.63324    -13.12757
    45.26362     46.33205    -26.61554
    43.47631     56.02014    -13.75264
    34.97370     17.34560     -5.57550
    33.52600     44.91777    -12.39067
    24.61870     19.79740    -14.35230
    35.91333     29.49022    -13.37000
    43.75396     36.41295     -8.26668
    20.96055     23.33687    -10.36035
    31.97572     26.68250    -11.36679
    47.02354     43.45160     -8.04433
    36.53821     25.09618     -9.07691
    36.53705     25.09673     -9.07768
    30.87037     30.06098     -7.70399
    20.78430     28.26350     -8.84910
    51.97878     52.01154     -7.94206
    35.81188     20.70706    -15.05323
    31.28155     43.68445     -9.57117
    21.28277     23.27753    -10.71713
    55.73503     56.28005    -14.58906
    55.73500     56.28174    -14.59016
    53.52815     55.16599     -8.23581
    39.09467     32.09173     -8.54247
    35.83620     20.15060    -17.27262
    57.33031     47.87418    -16.86286
    35.80555     28.04334    -12.59575
    29.33955     20.36249    -12.91009
    54.20509     53.17154    -11.72837
    27.50224     26.71540    -23.59674
    39.25970     32.06134     -8.58020
    27.50276     26.71600    -23.59716
    48.79441     42.35161    -10.04388
    39.88480     44.21870    -21.71450
    55.73521     56.28290    -14.59057
    42.22685     37.32727    -11.55459
    26.19674     20.86230    -12.40553
    37.14479     29.49433     -9.76270
    17.47130     26.22080    -16.68800
    42.82269     34.33432    -11.95422
    42.82221     34.33626    -11.95459
    23.21004     37.12860     -9.01284
    53.12732     51.73556     -8.06624
    37.91520     46.93580    -17.84970
    48.35409     49.94104    -11.79213
    50.29338     44.22631    -11.07078
    22.60681     21.19611    -10.39517
    43.26049     41.52651     -9.65392
    54.27654     46.38918    -13.61670
    20.77794     23.81353    -10.49084
    48.86462     35.33570    -11.03639
    21.22285     23.38949    -10.73290
    16.94682     27.87122     -7.11437
    35.52554     19.99642    -14.13360
    23.53540     35.64572    -11.40662
    38.69671     31.95193    -14.10688
    30.22980     15.70690    -15.74770
    42.79158     28.61109    -10.23880
    35.83075     20.73590    -15.12089
    35.16500     31.33740    -20.25100
    21.86010     30.31000    -12.24100
    48.78095     35.34893    -11.18575
    53.89658     49.97890    -12.12475
    45.79350     49.08670    -22.09160
    47.02331     43.45248     -8.04631
    31.39227     43.83198     -9.51371
    35.18967     32.73598     -7.47676
    23.15611     35.51231    -11.07347
    29.55832     43.32296    -14.16869
    42.72046     57.29752    -10.29503
    40.30490     24.11620     -6.60510
    46.87235     44.28538    -14.99033
    59.64056     51.87940    -10.07597
    52.03822     46.61452    -10.92781
    42.12746     38.78817    -12.77194
    50.18972     44.12920    -11.07915
    38.30370     23.94830     -8.91820
    52.05487     49.19309    -10.79341
    35.83230     20.66984    -15.37288
    32.91380     44.97948    -13.04365
    33.53198     25.86780    -10.00106
    31.07574     37.73118    -23.41747
    31.94993     26.67050    -11.39794
    41.31760     52.31690    -14.82860
    40.16873     37.57817     -9.30176
    53.85023     49.96704    -12.08611
    50.07931     57.32378    -24.03279
    17.99438     25.91954     -7.78646
    51.97980     66.01210    -13.33990
    18.64828     25.12358     -8.08728
    31.42691     42.67408    -13.06278
    28.16828     39.08414    -11.89948
    50.79905     64.61618    -15.09747
    52.34217     59.66473    -23.63787
    55.96550     64.99885    -22.65503
    40.28917     32.46002    -12.20267
    45.19707     37.90243    -13.15742
    26.21550     37.99669     -8.76935
    41.41570     53.02850     -7.48610
    45.56780     26.47630    -13.16380
    39.40110     40.90210     -9.53460
    30.33820     37.81790    -19.32930
    32.82340     36.71140     -9.76700
    40.43371     54.72088     -9.76381
    42.45299     30.36028     -7.92642
    38.66159     29.39316     -9.71691
    45.48991     42.94466     -8.29210
    48.79543     42.36056    -10.04143
    47.11127     45.25475     -8.81018
    26.28079     20.83203    -12.33933
    41.65074     25.08242    -11.14659
    29.90135     36.25586    -13.95993
    32.58768     22.53646    -10.42259
    48.78338     42.36325    -10.03104
    22.21740     26.07812    -11.90003
    33.35850     37.06774    -16.76860
    30.66160     41.06190    -14.08760
    37.81780     32.79150     -8.25670
    18.74772     31.17536     -8.50710
    31.07304     37.73231    -23.41488
    40.80899     27.02548     -8.14788
    44.08967     36.02336    -12.76319
    42.06210     29.57437     -7.85082
    42.10832     29.42573     -8.03121
    17.26952     27.38775     -6.54136
    18.85245     23.69494     -6.19663
    26.86965     38.59600    -12.15055
    35.46838     36.86376    -14.61684
    45.41733     37.05853     -9.14959
    47.00898     43.44731     -8.04440
    59.61311     51.80254    -10.05176
    39.19798     32.06515     -8.55487
    31.38586     43.83011     -9.51780
    18.85525     23.69536     -6.19507
    23.15820     21.42410     -5.53430
    31.11981     43.34772     -9.62801
    50.70075     44.50700    -10.97898
    51.42987     45.28750    -11.05924
    23.59760     29.32030    -13.29600
    42.88710     34.35353    -12.15045
    48.77565     42.37013    -10.02868
    34.92666     36.01101    -17.26110
    24.86780     14.60160     -8.73950
    41.71481     31.09534    -14.32371
    51.58248     58.18705    -19.00349
    41.77987     29.06819    -14.29427
    35.81762     20.65003    -15.30569
    23.25086     23.72448    -13.22065
    33.53181     25.86800    -10.00101
    29.57350     28.33810    -19.65320
    48.93636     42.34340    -14.89309
    39.52112     53.91080    -10.68721
    49.79440     54.26780    -26.21010
    51.59486     49.76689     -9.95328
    51.70357     49.62870    -10.16548
    51.59685     49.75462     -9.97372
    43.46379     34.37413     -8.46292
    64.62510     57.33450    -26.74960
    41.56941     29.20020    -15.08488
    40.26761     32.77088    -14.36142
    37.48920     37.95930    -10.00680
    30.24730      9.53290    -16.80930
    41.23610     27.31059     -8.36982
    42.77187     39.52699     -6.50185
    35.83052     20.73608    -15.12081
    44.34699     33.19716    -15.57433
    41.15710     25.76320    -17.02690
    30.99517     34.19976    -15.04303
    30.33307     32.13216    -16.13163
    56.27390     53.54740    -12.86100
    33.51816     46.97155    -12.94726
    16.49600     29.29630    -16.03870
    42.77374     34.24689    -12.00853
    53.95137     46.02821    -13.51232
    47.46645     39.47285    -14.70642
    33.53191     25.87166    -10.00154
    52.05882     52.15847     -7.74083
    40.51275     33.74087    -11.31659
    53.51352     55.13558     -8.21680
    29.76309     35.88025    -14.90715
    33.52701     25.88020    -10.00966
    56.23212     65.18393    -22.77363
    48.35545     49.93734    -11.79163
    47.47643     34.51025     -8.55903
    40.12900     23.35350    -20.44900
    23.07965     23.26805    -12.99938
    25.35550     39.39550    -15.87860
    23.50138     24.43015    -13.55518
    30.19360     15.51390    -22.92640
    28.38260     18.26430    -13.36990
    37.71126     21.22918    -17.09971
    20.18103     23.27221     -9.34905
    47.56200     34.61333     -8.19151
    26.79534     38.56690    -12.18690
    52.43970     64.98020    -23.98260
    32.03328     42.67757    -12.49668
    41.98760     42.60780    -23.76900
    45.03464     40.63432    -13.12169
    26.22913     38.01049     -8.78441
    45.03331     40.63452    -13.12329
    33.44052     37.67007    -17.35814
    45.03790     49.15630    -27.34960
    34.76839     31.43292    -13.68790
    41.70853     30.98920    -14.55385
    26.30138     20.82178    -12.33066
    31.35230     43.76270     -9.52994
    30.33133     32.13313    -16.13082
    40.92580     27.62060    -20.48360
    42.62984     38.01383     -7.28439
    37.77550     45.24520    -21.96600
    37.74650     30.73250    -21.58330
    49.50309     57.34508    -23.31663
    42.88980     26.81090    -14.48280
    52.29288     47.50804    -11.32737
    31.70117     35.87776    -15.40066
    31.70190     35.87775    -15.39949
    35.48242     36.87922    -14.64841
    43.47719     56.01736    -13.75646
    42.61328     37.95564     -7.28511
    45.29831     35.90161    -10.91972
    40.25861     32.87777    -14.78805
    42.61828     37.94757     -7.28893
    42.54401     28.70245    -11.10713
    37.66805     32.26281    -12.13096
    42.77070     34.23009    -12.01181
    46.61504     46.32712     -6.55366
    47.42087     37.60145    -10.36636
    40.25921     32.87830    -14.78988
    40.25853     32.87738    -14.78800
    50.33181     44.04119    -10.93424
    32.02910     31.05970     -8.60630
    31.22454     34.22125    -15.47817
    34.51110     24.52160    -19.07710
    53.05697     43.62025    -13.24126
    45.21323     42.84736     -7.30501
    55.23120     49.96620     -3.99030
    32.64246     26.60707     -7.40509
    38.89691     31.64523    -14.26478
    35.46990     18.71006    -14.30223
    48.34901     49.94347    -11.80304
    39.95762     54.33242    -10.31995
    35.72425     27.97998    -12.85509
    48.35199     49.94144    -11.79845
    33.38660     39.33160    -21.26650
    48.73470     61.40290    -11.50270
    35.76613     30.01611    -11.75420
    18.74892     31.17330     -8.49811
    43.46722     34.35735     -8.45626
    49.90092     45.49543    -10.57464
    41.48030     27.19884     -8.60860
    45.90150     59.31843    -16.49408
    27.69900     39.58950     -6.07220
    53.95174     46.02842    -13.51159
    35.96540     28.84771    -18.21690
    34.30338     31.23586    -10.28534
    28.71573     37.93932    -15.11194
    41.17279     36.50432     -8.23440
    33.47632     37.91245    -17.59185
    37.86494     49.39351    -12.68495
    36.14400     37.72220     -9.44070
    16.01460     27.88150    -21.06910
    30.77680     27.94290    -10.40010
    40.67408     34.26039    -11.29925
    40.09260     28.03589     -7.62795
    17.86461     26.21935     -6.89869
    49.79488     57.74124    -21.58792
    42.04897     39.78310    -10.21662
    40.88049     53.04421    -11.06344
    35.78736     20.60982    -15.19562
    25.52350     14.22830    -15.46170
    23.25280     28.10120     -9.25690
    31.19157     42.69483    -13.24146
    48.38638     35.07463    -11.30304
    32.99440     14.82930    -12.25890
    40.58149     34.96693    -12.37463
    50.45840     44.18819    -10.95560
    41.44500     25.02200     -7.22820
    35.79619     20.68277    -14.99064
    41.89600     44.71240    -16.53980
    40.51038     33.02225    -11.64704
    35.13448     46.60200    -10.16079
    46.88193     44.28202    -14.96345
    47.24590     39.33953    -14.65686
    25.78247     37.96415     -7.64090
    35.47610     36.87667    -14.63485
    29.80144     34.09082    -12.91562
    50.11407     43.99962    -11.03427
    47.12871     43.48802     -8.08213
    38.23264     28.17957    -14.99524
    37.53750     35.57940    -10.89980
    34.92640     36.01114    -17.26116
    43.07036     34.58765    -12.23667
    37.67793     32.15668    -11.99725
    43.12026     34.55465    -12.10458
    39.74978     45.54517    -18.72226
    24.57722     33.49175    -13.94704
    26.74095     38.55197    -12.19890
    52.76144     51.84170     -8.06655
    22.64780     24.30780     -8.40420
    43.42080     34.35583     -8.69539
    52.34364     52.46430     -7.46641
    48.79239     42.35437    -10.04344
    33.96546     44.56640    -10.70348
    55.42664     50.84206    -13.33561
    39.11275     32.10663     -8.56744
    20.84940     19.39410    -12.48970
    37.12710     19.25490    -13.25670
    39.05643     32.06391     -8.47442
    21.28120     23.30277    -10.73274
    39.41130     29.35850    -24.47000
    29.23350     19.06460    -10.50650
    43.42409     34.35313     -8.70034
    51.48986     41.81140    -12.68519
    43.66267     35.18588    -13.13100
    40.33921     54.70934     -9.85301
    30.85250     26.72530     -8.67040
    40.36442     27.85469     -7.76562
    39.64796     54.04830    -10.71512
    40.15975     34.10309    -14.25493
    20.32463     24.57939    -10.57717
    42.08887     29.48670     -7.94972
    35.87356     20.80341    -15.27670
    35.75507     20.61301    -14.85799
    48.39434     49.89135    -11.71281
    43.94640     28.53020    -14.08800
    28.44610     39.19113    -11.83281
    53.26871     51.60243     -8.18131
    23.33244     23.92174    -13.30155
    44.34971     33.19744    -15.57077
    53.29760     56.71430    -24.11930
    47.68113     39.54055    -14.77426
    41.59719     29.17686    -14.97376
    42.04869     39.77960    -10.21254
    52.60810     51.86279     -8.03991
    49.85750     46.81460    -14.13820
    26.32123     20.81366    -12.32891
    36.21985     29.45269    -10.51655
    52.17710     64.52120    -13.20430
    63.63890     59.54110    -21.47440
    43.87240     46.62340    -23.87660
    28.58159     38.91998    -12.60421
    41.69414     29.17255    -14.61409
    33.57568     47.25414    -12.16187
    52.13025     46.97858    -11.19305
    35.86174     28.87905    -18.10877
    50.21050     49.60490    -15.33280
    38.01865     41.09499    -18.58040
    37.14495     29.49337     -9.76412
    35.48250     30.43682    -12.49181
    49.22880     39.52600    -14.66970
    36.53921     25.12868     -9.07988
    35.59613     30.23902    -12.46192
    41.65330     38.84762    -13.46083
    18.08720     28.36950    -18.64750
    52.37565     47.75593    -11.40292
    48.77531     35.35141    -11.19723
    39.76564     29.14674    -10.16781
    48.34525     49.95013    -11.81216
    26.97731     38.65204    -12.13805
    58.37099     56.46397     -9.65507
    26.86329     38.59811    -12.17221
    59.59970     51.27030    -15.21760
    36.63240     51.07660     -5.95940
    42.11895     29.13215     -8.19397
    17.20673     27.21531     -6.51839
    32.58776     22.53712    -10.42920
    35.24234     32.66760     -7.50871
    38.44290     46.34840    -21.20660
    39.68069     34.23145    -13.10955
    23.20870     37.12947     -9.00541
    39.74875     33.19097    -18.13137
    35.21890     16.95400    -12.52680
    38.55150     28.01582    -14.98413
    48.83082     35.42837    -11.25308
    38.27440     28.36460    -17.94510
    33.90460     29.79770    -20.04260
    22.77139     34.75377    -11.60485
    35.06224     30.93551    -12.14120
    58.42179     48.84871     -9.98875
    51.72604     45.87125    -10.85158
    42.71312     31.51281     -7.93559
    22.99318     23.12092    -12.99261
    33.01059     46.42222    -10.37912
    42.22352     26.86494     -9.38582
    37.70621     31.91232    -11.66146
    40.40754     31.42470     -8.30791
    42.72104     31.97780    -15.79502
    41.94082     54.16077    -10.47972
    40.60200     44.28370    -25.14600
    43.47981     34.33256     -8.47017
    32.64364     26.60893     -7.40151
    42.29321     32.08257    -13.27526
    43.96611     35.78824    -12.95789
    24.72189     36.05959    -12.38996
    42.23849     26.85136     -9.40793
    33.40727     26.05443    -10.16461
    29.48735     20.18641    -12.91466
    33.45209     37.75925    -17.43676
    28.89630     24.24160    -22.32350
    48.87496     35.29923    -10.94883
    42.47146     33.00636    -13.18932
    26.25525     20.84917    -12.33998
    29.90460     36.26196    -13.95251
    55.73568     56.28171    -14.59342
    23.20964     37.12751     -9.00765
    32.53804     24.64913    -10.72558
    47.11350     57.17400    -19.60400
    36.46715     48.20795     -9.75557
    16.29530     25.38540    -13.04020
    52.34043     59.66617    -23.63353
    15.02796     27.49403    -12.69570
    40.74406     33.88402    -11.29745
    52.06247     52.15866     -7.74426
    54.53261     46.67729    -13.69368
    34.09500     14.30000     -5.67740
    37.33940     29.20870    -21.84140
    35.31170     42.41710    -24.22580
    40.39861     32.92328    -11.87587
    30.12750     13.82510    -22.58130
    49.78337     57.73348    -21.65633
    60.54452     54.54371    -23.32093
    52.17110     48.81070     -7.24050
    22.60439     21.19618    -10.39721
    45.44691     37.08075     -9.18656
    51.78188     41.39564    -12.99180
    40.40268     34.23128    -15.16339
    21.87920     21.46820    -19.03910
    45.26349     46.33253    -26.61628
    50.96330     47.55530     -7.77730
    25.71450     39.31980     -9.21900
    44.92470     31.47050    -10.29290
    35.46990     18.70546    -14.30604
    50.75096     64.39104    -24.54515
    46.61506     46.32578     -6.55394
    43.92690     43.35860    -25.81570
    42.87492     31.52549     -8.01007
    58.48559     56.43787     -9.80017
    48.78186     42.36969    -10.02245
    28.48736     39.20799    -11.82494
    50.68430     59.11962    -23.82932
    29.71249     19.93032    -12.88956
    45.51326     39.43983     -6.91671
    51.17760     40.86896    -12.36818
    48.79020     42.35705    -10.04267
    48.79018     42.35507    -10.04065
    36.53844     25.11378     -9.07558
    41.49060     29.22325    -15.37078
    25.39356     22.38334    -13.48451
    29.14577     42.06252     -6.02673
    42.44897     28.71186    -11.69014
    42.62080     37.95016     -7.32267
    49.76095     36.88020    -12.30916
    40.14283     34.55899    -13.12286
    55.58560     48.26350    -15.06370
    33.46247     25.77307    -10.04886
    38.25246     32.03515    -20.05181
    24.71590     36.05542    -12.38422
    36.51050     41.11700    -17.67680
    27.37580     19.40650    -13.56040
    43.61260     47.63450    -22.50900
    51.16023     45.12164    -11.01467
    57.58050     64.72880    -20.73380
    20.32334     24.58917    -10.58845
    37.85496     29.51463     -9.71312
    20.35256     24.33132    -10.42737
    30.04768     36.27714    -13.71638
    27.60050     32.67590    -17.18070
    48.78675     42.36077    -10.03723
    35.80933     28.03927    -12.60373
    47.62420     47.50910    -26.54980
    40.46909     32.48346    -11.89353
    32.01962     45.65395    -14.26521
    17.72932     26.26972     -7.62488
    45.03110     40.63227    -13.12345
    36.46601     48.20926     -9.76329
    38.25739     32.06395    -20.07858
    32.20810     44.65016     -9.02090
    42.02102     39.82359    -10.14400
    25.65731     21.36355    -12.72019
    31.31880     30.96862    -11.87104
    36.69930     22.92220     -7.11420
    54.57694     46.70925    -13.72377
    32.49900     45.28617    -13.63373
    35.78677     28.31420    -12.70350
    48.25114     39.83510    -10.68169
    48.25285     39.84007    -10.68213
    35.76322     29.67942    -12.61553
    45.81940     50.76700     -8.41320
    42.60137     28.69308    -10.41085
    40.27907     33.21990    -14.94521
    21.21997     23.39774    -10.73617
    40.81091     27.56797     -8.04611
    45.03012     40.63210    -13.12732
    37.66110     32.21546    -12.04859
    36.73988     25.12481    -11.52408
    49.71470     61.23100    -21.37650
    26.01846     38.07001    -12.54245
    33.44421     37.69140    -17.37518
    27.65359     38.88744    -11.96808
    28.81009     34.73380    -11.84233
    40.18562     32.99049    -15.43155
    35.27219     32.62783     -7.52920
    35.64905     20.41874    -14.52875
    30.12240     27.94340     -5.97000
    31.91604     23.09350     -8.03662
    29.14806     27.27205    -12.61239
    35.83775     20.15018    -17.27708
    34.06720     18.10510    -11.82880
    53.06176     43.55299    -13.32292
    15.02957     27.49761    -12.69218
    29.32989     34.02114    -12.10417
    31.69481     21.48944    -11.81647
    28.66049     22.63847    -11.79642
    36.71287     34.25522    -12.09370
    51.32953     45.33363    -11.03089
    34.25671     45.07788    -12.17789
    38.96776     36.19854     -8.34953
    29.90274     36.25779    -13.96340
    31.69430     21.49225    -11.81273
    31.69973     35.87720    -15.40255
    25.12880     21.16947    -13.53880
    29.25760     34.26003    -12.17773
    28.01250     36.51400    -17.31020
    25.20446     39.18484    -13.13558
    52.52630     41.30473    -13.83510
    46.68720     32.79900     -6.87163
    46.68636     32.79842     -6.87220
    46.68754     32.79857     -6.87218
    25.98944     37.97410     -8.18597
    46.00440     61.43460    -21.12490
    53.10834     51.76223     -8.04524
    29.54869     43.30763    -14.20611
    36.46514     48.21180     -9.74628
    47.45133     34.51552     -8.74729
    50.33045     44.03955    -10.93309
    18.17360     26.44880    -13.23670
    35.40315     49.71454     -6.85513
    53.06289     43.56992    -13.30160
    53.51717     55.14086     -8.22234
    54.00793     50.01358    -12.23523
    36.11270     45.26220    -17.48320
    45.09389     43.14755    -10.58246
    17.72871     26.11679     -8.36264
    45.10877     43.14020    -10.55983
    29.90185     36.25483    -13.96456
    37.75876     32.24365    -12.31199
    35.80986     28.04551    -12.56559
    42.68877     28.65142    -10.50600
    27.78770     28.79800    -19.31580
    54.20561     53.16966    -11.72963
    33.41670     41.00530    -19.54690
    48.39328     35.14132    -11.02497
    35.70478     35.31410     -7.71326
    52.00334     41.22455    -13.23044
    26.85997     38.59226    -12.14695
    23.42548     24.18930    -13.44320
    35.15930     33.41870    -13.77510
    29.90408     36.25642    -13.96122
    39.22560     43.62550    -27.10760
    45.43630     37.07118     -9.16864
    42.69874     57.28245    -10.31936
    58.27590     48.50580    -21.62960
    15.03077     27.50023    -12.69366
    46.55693     43.28337     -7.95019
    31.22980     34.22027    -15.49352
    50.35414     44.38124    -10.96389
    41.92949     32.74191     -7.61379
    34.78774     46.16028     -9.90967
    42.07074     29.32699     -8.05091
    31.34183     42.67546    -13.13434
    42.62232     33.93338    -12.30381
    35.73433     20.57286    -14.78879
    35.80838     28.04178    -12.59785
    35.47092     36.87169    -14.62816
    45.42410     53.69910    -18.28400
    34.29301     31.25140    -10.30701
    36.18210     27.21784    -12.59433
    34.38573     46.83531    -11.13130
    52.19993     47.21846    -11.24556
    35.54890     23.84040    -10.64570
    22.99081     35.24312    -11.21772
    22.21805     26.08261    -11.90245
    43.45403     34.74917    -12.88379
    25.31207     35.12056     -8.42314
    33.53232     25.86635     -9.98833
    59.93262     54.45545    -21.71902
    60.16755     54.48897    -22.33516
    42.55289     28.71841    -10.20680
    42.59988     28.70085    -10.38773
    42.64574     34.09820    -12.15855
    18.47933     23.89283    -14.04139
    20.10430     22.30070    -18.06400
    31.53940     37.69332    -16.98906
    42.60648     34.56911    -12.31311
    37.71224     21.22822    -17.09999
    23.12774     23.36535    -13.02489
    51.36825     45.39145    -10.89428
    28.69745     39.38676    -11.57575
    32.84257     45.09535    -13.20275
    32.83175     45.10534    -13.21854
    33.46625     37.86139    -17.53768
    33.98590     27.81760    -10.62090
    35.20937     46.52585     -9.95172
    23.98760     27.03520    -18.04650
    23.10840     35.41266    -11.14941
    50.26772     43.97544    -10.92667
    37.68043     32.11264    -11.92232
    43.41952     34.36578     -8.69322
    42.56944     28.71603    -10.27170
    51.95273     52.04814     -7.76608
    43.55830     40.48090     -4.81850
    17.59669     26.19663     -8.68465
    43.85987     35.51319    -13.06445
    34.03449     48.14936    -11.13235
    26.12547     20.91727    -12.42293
    23.20876     37.12808     -9.00989
    29.90113     36.25284    -13.97527
    36.58612     29.80260     -8.55628
    26.60268     20.76690    -12.39468
    23.02437     35.45925    -10.97110
    33.59041     25.77187     -9.84650
    47.48775     34.56053     -8.60175
    34.60750     38.02690    -21.63930
    18.81613     31.05928     -8.64921
    43.07241     34.52168    -12.13267
    63.52261     57.30927    -23.67082
    37.89965     44.14452    -23.53792
    29.24918     42.11788     -6.01482
    54.95650     45.64500     -8.92050
    40.04563     31.66697     -8.51322
    47.41761     37.60196    -10.37630
    33.13053     32.36582     -7.42301
    29.90101     36.25687    -13.96679
    35.09180     33.91190    -18.83450
    27.14204     38.71012    -12.08471
    47.49017     34.53725     -8.52054
    38.81100     22.74720    -10.33140
    37.67077     32.17096    -11.99734
    40.97606     32.06254    -12.39014
    48.03750     49.49930    -22.54640
    38.87505     27.84925    -14.97481
    40.43949     33.92083    -11.48563
    36.88643     27.33756    -21.91602
    19.34661     30.14340     -9.77006
    34.69810     33.59550    -16.31990
    35.75581     20.54691    -15.05944
    50.61672     44.53879    -11.00572
    42.76964     34.24875    -12.01624
    31.69657     42.67732    -12.80571
    35.01560     31.31522    -13.00000
    50.00830     44.36393    -11.03775
    34.21962     45.22351    -11.36260
    32.04260     44.71850     -5.76230
    32.26410     14.60940     -8.98340
    49.54292     44.37251    -11.90487
    47.39720     34.55305     -9.29136
    56.20106     65.16847    -22.76264
    53.63532     51.09050     -8.73492
    36.46644     48.20908     -9.75524
    25.44457     21.74026    -13.00252
    34.13731     45.04234    -12.26092
    48.45945     45.31075    -17.53405
    27.16220     41.81880     -6.56650
    40.72886     34.55033    -11.27969
    45.44897     42.88167     -7.77522
    18.74909     31.17714     -8.49528
    22.68250     34.52263    -11.87474
    36.76003     29.43187     -9.82509
    18.66178     28.13918     -8.02229
    25.19911     39.18444    -13.13589
    26.20699     20.86181    -12.39446
    35.88777     47.35870     -9.87378
    48.77527     35.34950    -11.19689
    40.88166     38.31836     -9.72181
    23.12886     35.45292    -11.12928
    35.71409     35.23395     -7.79014
    28.71385     37.94122    -15.10771
    35.75819     28.91021    -18.00015
    38.38276     27.34587    -12.06468
    18.48147     23.89037    -14.03871
    22.09320     20.36050    -13.91980
    50.86240     63.58390    -10.17290
    42.72986     28.63842    -10.27975
    29.02462     34.48035    -11.99188
    36.53666     25.08120     -9.07998
    26.37746     20.79533    -12.35091
    58.42315     48.85002     -9.99427
    45.51392     39.44327     -6.91529
    39.32370     35.12960    -22.01330
    25.64169     24.08474    -15.49116
    47.10278     45.25273     -8.81138
    34.02732     43.03426    -17.38458
    23.89290     30.19230    -17.38090
    31.28042     43.68803     -9.57339
    47.13855     39.24862    -14.64510
    55.73528     56.28070    -14.58959
    59.93300     54.45821    -21.71583
    58.42336     48.84987     -9.99218
    56.40812     65.47824    -22.70501
    51.22550     38.93480    -13.14414
    43.75428     36.41364     -8.26920
    41.24120     51.32250    -16.82890
    40.14180     50.56540    -15.18710
    46.31780     59.10500    -13.12020
    20.46254     23.53912     -9.91285
    20.32697     23.32896     -9.55993
    37.86762     49.39316    -12.66461
    48.95328     42.33159    -14.87691
    26.85602     38.56413    -11.83088
    29.11120     15.29010    -10.75820
    51.22562     38.93538    -13.14329
    31.22494     34.22080    -15.47164
    46.94011     45.21404     -8.79939
    48.75977     48.23632    -15.20387
    50.08300     56.19730     -9.08960
    34.02748     43.03384    -17.38612
    42.62280     37.95084     -7.30356
    48.35491     49.93743    -11.79062
    19.99958     22.84451     -8.72558
    31.96298     26.67547    -11.37981
    24.11910     31.65590    -14.19770
    48.77698     42.36937    -10.02923
    51.58302     58.18815    -19.00031
    29.89900     39.27480    -15.11640
    34.57544     31.15023    -11.04999
    34.37157     45.08846    -12.48662
    38.44394     29.44369     -9.62920
    34.03569     48.14955    -11.13714
    21.06879     23.49081    -10.63839
    51.21620     40.91820    -12.40755
    40.76160     38.19152     -9.65651
    18.60569     28.14968     -8.07232
    40.78687     35.02397    -11.89259
    25.39939     22.24131    -13.35737
    54.00120     64.80940    -19.34930
    50.79854     45.22458    -10.89864
    38.24987     31.99241    -20.01310
    30.50810     19.00410     -7.59800
    40.89405     38.33340     -9.72381
    42.51030     33.64014    -12.51744
    50.68350     59.12028    -23.82618
    26.83235     38.58675    -12.17903
    32.64740     24.73622    -10.61165
    19.91350     26.11470     -7.88740
    50.21989     44.00128    -10.96234
    25.78429     37.95852     -7.64998
    51.07740     53.31000    -15.06350
    40.74907     34.66287    -11.45063
    56.56050     60.99320    -19.21710
    38.31068     27.42994    -12.01574
    41.69121     54.25893    -10.31724
    45.03290     31.48270    -15.08140
    52.15470     38.42500    -10.76880
    33.82373     47.49411    -11.73042
    58.97410     64.07940    -21.15830
    37.89995     44.14538    -23.53838
    38.01278     41.08719    -18.58673
    50.62887     57.18566    -24.59623
    45.19633     37.90377    -13.15998
    27.23190     17.19050    -14.70600
    53.06507     43.56967    -13.31138
    45.85810     52.15090    -21.02200
    36.89159     27.34099    -21.91722
    18.75186     31.17282     -8.49637
    32.53658     24.64592    -10.72345
    43.40506     34.43732     -8.40511
    17.76161     26.31957     -7.28942
    54.43180     50.13780    -12.64061
    42.37265     38.66166    -12.36625
    16.96380     23.96540    -10.14870
    43.13096     41.59759     -9.59010
    26.80230     12.92620     -8.95300
    49.76222     36.87869    -12.30853
    35.39331     49.70934     -6.83265
    40.66224     27.65252     -7.96004
    32.99360     28.94420    -10.75110
    50.19881     44.09937    -11.09363
    32.64729     24.74115    -10.60826
    42.62807     28.68927    -10.18129
    41.77168     29.07426    -14.32501
    15.83380     25.39500     -6.60680
    50.81282     57.13418    -24.72996
    37.78240     32.16877    -12.26995
    33.52861     44.94565    -12.66000
    31.35480     43.76087     -9.53079
    46.57724     38.60877    -14.65175
    34.87581     31.16648    -12.16483
    45.44029     42.88122     -7.75324
    42.63052     37.93463     -7.30954
    38.02397     41.09855    -18.57575
    35.84045     20.68032    -15.41040
    52.19188     52.11529     -7.77953
    20.62090     25.06050    -19.23630
    33.73784     44.91223    -12.20974
    53.07038     43.40245    -13.51324
    33.47426     37.91043    -17.59064
    64.60260     55.96750    -25.49600
    57.33361     47.87339    -16.86420
    26.83111     38.57994    -12.15307
    55.10430     56.03850     -8.77580
    33.71925     26.37031    -20.41601
    21.28633     23.30988    -10.75138
    22.22225     26.08750    -11.90514
    18.90182     28.07067     -7.82782
    19.58423     27.42103    -14.39067
    28.43690     24.94790    -14.20860
    35.23859     32.67070     -7.50655
    25.12850     32.76800    -17.31850
    21.27506     23.31830    -10.73535
    54.53620     46.67639    -13.70262
    49.00437     56.78869    -23.49486
    34.86110     25.91790    -13.95890
    49.30620     64.84760    -26.27330
    30.68975     42.43834     -9.79087
    23.42527     24.18959    -13.44361
    60.42100     50.59010    -20.36510
    52.01992     52.18416     -7.75830
    36.05020     29.39538    -10.54069
    18.65017     25.12604     -8.08927
    52.24162     47.27871    -11.29096
    40.02470     24.98110    -13.12710
    21.29537     23.62881    -10.90598
    49.67859     57.55130    -22.76079
    58.90550     50.36640    -17.29480
    42.29831     37.55348    -11.68137
    24.41190     33.43055    -13.91430
    25.89790     32.00640    -13.19250
    31.33950     24.58480     -7.06100
    59.60804     51.78869    -10.04847
    52.26600     41.33259    -13.52349
    42.18950     37.25643    -11.53023
    42.23842     26.85707     -9.42228
    31.37160     34.32400     -9.00520
    50.19370     62.41980    -26.10540
    40.54080     41.92350    -11.80240
    47.52729     39.47333    -14.73570
    17.55482     26.97599     -6.64893
    30.33140     32.13295    -16.13053
    52.34450     47.97768    -11.33651
    18.75323     31.17201     -8.47425
    51.33238     41.18148    -12.51893
    34.45495     31.18121    -10.71897
    35.38379     46.64226     -9.91700
    34.05743     44.73607    -10.82952
    44.37590     30.46530    -13.50520
    29.54989     20.11503    -12.90841
    43.86572     35.52726    -13.05275
    28.44172     24.95398    -14.19235
    49.83630     62.97820    -21.28470
    59.57092     51.68001    -10.02363
    37.88081     49.39251    -12.61408
    49.56463     44.36124    -11.84491
    41.00810     31.56480    -19.21380
    29.83502     19.79410    -12.87650
    53.87031     45.93554    -13.48626
    18.36781     28.06360     -7.80601
    39.77640     26.12720    -22.34250
    37.56120     24.48320     -6.56660
    40.66421     34.27254    -11.32646
    51.41541     41.91188    -12.58087
    30.33180     32.13296    -16.13052
    45.51243     42.89769     -7.79334
    42.77166     39.52296     -6.50028
    48.80012     42.35981    -10.03906
    39.75022     45.54743    -18.71674
