    43.00457     41.66631     -9.52709
    29.33112     42.15721     -5.99902
    38.98374     36.22332     -8.36498
    39.47523     31.88327     -8.46786
    40.45906     32.74980    -13.01838
    43.00457     41.66631     -9.52709
    55.82150     57.28757     -9.82908
    33.30580     17.84170    -15.31120
    51.76709     41.26223    -12.99537
    40.43645     32.81046    -13.18769
    38.02350     27.05190     -8.34205
    43.75715     36.41267     -8.26791
    42.11025     29.54563     -8.55273
    41.49530     50.84940    -19.94120
    43.05120     41.15400    -13.59075
    51.55465     41.16864    -12.76824
    36.19810     21.13200    -22.24690
    53.06328     43.54557    -13.33474
    31.53905     37.69295    -16.98600
    50.79850     64.61575    -15.10105
    18.57515     28.04151     -7.82571
    47.05921     39.10789    -14.66652
    42.24462     37.44002    -11.62105
    48.93523     42.34884    -14.88845
    40.69137     54.30811    -10.24194
    33.85020     20.85440    -17.85220
    40.28570     54.24770    -10.25736
    18.55509     28.02948     -7.80940
    42.46617     28.93638     -9.97715
    21.75553     22.76802    -10.47617
    38.50054     28.04606    -14.97907
    26.16070     20.96832    -12.41193
    35.47335     36.87208    -14.62914
    35.47335     36.87208    -14.62914
    38.78974     31.67511    -14.18598
    33.52767     46.36033    -10.74076
    42.05066     39.22008    -11.52998
    48.79179     42.35487    -10.04183
    25.80061     21.07242    -12.14829
    54.07827     50.06358    -12.28920
    39.66380     39.17040     -8.58565
    32.25200     22.81988     -9.22601
    33.27761     46.09415    -11.31504
    41.23634     27.24378     -8.58550
    40.78322     27.49958     -8.33460
    47.41712     37.60167    -10.37821
    56.20380     62.35240    -17.98270
    42.03295     39.37167    -11.07292
    28.37070     40.67040    -13.65690
    48.25314     39.84020    -10.68157
    26.61814     38.64479    -12.14152
    34.84074     31.40927    -13.53669
    29.50578     20.16887    -12.90382
    31.27767     43.55480     -9.53243
    49.25755     49.02100     -7.44625
    38.79006     31.67497    -14.18660
    33.58383     20.44278    -12.46739
    34.93250     18.55510     -9.84340
    46.50560     40.92520    -10.37440
    26.05823     21.04283    -12.47746
    40.15674     28.09248     -8.44023
    40.25942     27.98599     -8.39981
    28.66128     22.63823    -11.79756
    44.04020     51.88685    -23.33570
    32.50693     22.60435    -10.15063
    20.32855     23.07667     -9.31462
    49.59680     37.17130     -8.03180
    48.25314     39.84020    -10.68157
    30.86905     30.06065     -7.70440
    43.00457     41.66631     -9.52709
    44.85030     47.70500     -5.77110
    56.48340     65.40636    -22.83978
    43.05643     34.45175    -12.36846
    34.92637     36.01137    -17.26193
    42.14571     29.77533     -8.37499
    42.17878     29.54499     -8.62236
    37.74590     26.71980    -18.65540
    40.55405     32.56781    -12.43037
    52.21049     47.37866    -11.14716
    63.52225     57.30995    -23.67305
    52.02880     46.08759     -9.36434
    41.30010     36.23470    -22.85650
    49.69552     36.77650    -12.23407
    36.58147     25.11814     -9.58457
    42.70983     33.65646    -12.71698
    42.81821     33.99358    -12.50239
    45.98909     43.12882     -8.07889
    35.86981     28.03371    -12.76173
    51.67666     41.28212    -12.89590
    54.59275     50.34894    -12.69577
    32.32476     22.75836     -9.48989
    42.68195     57.25730    -10.30130
    56.20731     65.19455    -22.74005
    56.31417     65.27685    -22.77839
    56.33276     65.29103    -22.78517
    20.97786     23.34076    -10.27881
    35.91220     29.94940    -11.78967
    56.20671     65.19406    -22.73987
    33.58383     20.44278    -12.46739
    33.58383     20.44278    -12.46739
    33.58383     20.44278    -12.46739
    54.19539     50.12823    -12.38192
    50.75259     64.38949    -24.55033
    38.98374     36.22332     -8.36498
    30.08197     36.21368    -13.81006
    45.45240     34.36470     -9.65390
    42.62207     37.95610     -7.29836
    42.49259     28.89001    -10.09813
    38.42785     28.08443    -14.98007
    25.31182     35.12176     -8.41496
    56.33637     65.29368    -22.78658
    18.59730     25.18891     -8.05661
    24.38776     33.41888    -13.90879
    38.38286     27.34594    -12.06440
    55.82150     57.28757     -9.82907
    18.41892     27.94542     -7.69985
    55.82150     57.28758     -9.82907
    55.82150     57.28758     -9.82907
    53.05319     51.56446     -8.32511
    47.70320     45.95270    -14.10210
    40.39961     34.32534    -12.21697
    32.73970     25.93380    -17.92810
    36.12920     47.80416     -9.82770
    33.41928     37.50321    -17.19664
    20.99989     23.34636    -10.30817
    50.63524     44.87233    -10.94719
    20.22036     23.01216     -9.13211
    45.88185     43.09302     -8.03484
    28.44211     24.95412    -14.19341
    33.13093     32.36460     -7.42087
    26.16070     20.96832    -12.41193
    30.29578     42.10722     -9.93056
    51.17111     40.83168    -12.36903
    30.32039     42.13959     -9.92151
    49.16216     36.01802    -11.68211
    33.05282     45.34849    -12.91602
    59.60980     51.79558    -10.04868
    33.58383     20.44278    -12.46739
    31.27769     43.55483     -9.53242
    46.20570     32.72890    -11.25580
    50.71690     45.26726    -10.73521
    51.91998     41.27602    -13.16182
    33.71623     26.37002    -20.41644
    57.78140     45.95380    -19.94950
    58.41295     47.54110    -11.12660
    52.45141     51.87947     -7.96835
    18.67370     24.49300    -17.50850
    42.62207     37.95610     -7.29836
    32.58410     28.10750    -21.45320
    37.72553     32.14529    -12.08809
    34.17950     22.68200    -16.91630
    43.15238     34.35222    -10.89412
    52.89687     51.63015     -8.24182
    31.27800     43.55534     -9.53229
    42.42170     29.01770     -9.72866
    48.45870     45.30940    -17.53180
    33.78439     45.03589    -12.05242
    17.95853     27.63144     -7.34203
    36.58147     25.11814     -9.58457
    36.09120     31.10600    -21.94950
    42.68462     41.83949     -9.36654
    45.70952     43.04015     -8.03465
    51.74423     49.58127    -10.23536
    34.81804     46.57759    -10.16671
    53.51456     55.13696     -8.22021
    41.66972     27.08680     -8.89831
    49.69543     36.77636    -12.23396
    31.27800     43.55534     -9.53229
    33.31830     15.36970    -29.73350
    34.87552     46.70202    -10.20130
    39.94964     33.92957    -11.80297
    49.85722     57.29069    -23.34742
    35.71683     20.34103    -15.03066
    35.71739     20.34028    -15.04106
    38.84430     29.26863     -9.94009
    42.96458     41.68796     -9.50703
    40.16266     27.80837     -7.84492
    38.76475     34.25019    -14.03515
    48.13980     62.62900    -16.83150
    29.56246     43.33094    -14.15318
    42.54671     28.80182    -10.28611
    43.81199     35.37331    -12.61341
    25.44309     21.89875    -13.16586
    58.47900     56.43918     -9.79051
    41.92380     46.97900    -10.85520
    56.69980     52.80560     -9.72560
    42.34457     31.78176     -7.82659
    50.23616     57.27375    -23.91715
    45.70952     43.04015     -8.03465
    20.85862     23.28996    -10.09947
    33.23022     25.45977    -10.18310
    31.17543     36.06573    -12.48365
    42.36556     29.16153     -9.43589
    52.45141     51.87947     -7.96835
    36.71305     34.25585    -12.09360
    40.43303     54.28573    -10.23977
    24.37463     33.41374    -13.90611
    33.41465     37.46839    -17.16338
    20.34182     24.53361    -10.55726
    40.08957     54.14034    -10.31958
    37.87014     49.39343    -12.65924
    35.87416     28.17937    -12.82255
    49.25755     49.02100     -7.44625
    35.47335     36.87208    -14.62914
    25.64145     24.08495    -15.49385
    45.63349     43.05312     -8.35173
    31.90063     45.74896    -14.40898
    19.58385     27.42150    -14.39125
    46.87254     44.28559    -14.99073
    38.82103     31.63376    -14.23331
    23.59260     34.84070    -14.41390
    30.94220     23.06340    -14.43650
    35.40303     49.71476     -6.85515
    47.41712     37.60167    -10.37821
    51.20721     45.44508    -10.55545
    56.33636     65.29367    -22.78657
    33.16640     41.19940     -6.84530
    31.68130     13.26550    -28.55530
    42.27191     32.04062     -7.77668
    36.90690     24.60850    -16.54050
    31.69463     21.49107    -11.81383
    23.20927     37.12850     -9.00636
    47.41712     37.60167    -10.37821
    34.72627     31.22855    -11.95151
    55.90230     62.32160    -24.12560
    26.16070     20.96832    -12.41193
    26.16070     20.96832    -12.41193
    42.45499     28.95590     -9.92950
    40.84149     54.31628    -10.24697
    34.85808     46.69237    -10.20854
    44.07701     35.54740    -12.46136
    26.67570     23.94420    -17.96450
    33.41465     37.46840    -17.16339
    38.41590     29.32568     -9.88713
    30.99454     43.14496     -9.65181
    46.95892     39.02774    -14.65308
    24.38776     33.41888    -13.90879
    42.51264     28.84957    -10.20320
    38.01877     41.09375    -18.58036
    52.21047     47.37860    -11.14713
    33.86404     47.65687    -11.57645
    31.72113     42.68071    -12.77774
    41.17355     36.50570     -8.23345
    17.39154     27.33335     -6.85807
    43.58818     35.09773    -12.51301
    49.48540     36.47432    -12.01302
    49.48457     36.47311    -12.01213
    35.47335     36.87208    -14.62914
    32.27886     45.59394    -13.92834
    35.43482     31.55229    -13.10019
    35.71729     20.34044    -15.03920
    41.92912     31.51431    -14.16910
    46.33920     54.49780     -6.72030
    49.86518     45.50152    -10.56347
    45.51228     39.43854     -6.91733
    41.61495     29.16651    -14.90584
    35.71365     20.33096    -15.01816
    17.62971     26.78171     -7.38982
    60.23818     54.49951    -22.51926
    35.69904     20.21925    -14.98643
    33.34598     46.29654    -10.80780
    27.21540     11.38560     -5.57460
    21.19606     23.26474    -10.44566
    21.09519     23.28339    -10.35574
    45.75902     43.05515     -8.03467
    42.96455     41.68797     -9.50701
    35.69893     20.21923    -14.98465
    31.27767     43.55480     -9.53243
    17.86890     33.31230     -3.54400
    29.15661     34.33584    -12.07939
    34.27820     23.30980    -10.11930
    46.91680     37.05580     -7.52600
    39.60369     53.88425    -10.46957
    50.50622     44.89519    -10.93084
    54.21702     50.14023    -12.39901
    34.43110     43.09450    -20.58980
    22.21925     26.08284    -11.90167
    27.07527     38.66311    -11.96049
    20.74327     23.27602     -9.96252
    36.56563     25.11747     -9.39062
    27.42510     38.78106    -11.97135
    36.56563     25.11747     -9.39062
    29.56246     43.33094    -14.15318
    41.88113     31.44567    -14.14985
    33.30170     46.36778    -10.33302
    35.71729     20.34044    -15.03920
    41.99885     39.19031    -11.42499
    40.09917     54.14263    -10.31858
    58.41295     47.54110    -11.12660
    20.78460     29.74560     -9.72620
    43.24610     44.68840    -18.05850
    56.67740     60.55160     -9.56270
    42.57391     33.23904    -13.02053
    51.42936     41.08501    -12.63605
    40.40431     34.34667    -12.15230
    23.84950     21.80500    -18.29680
    50.22482     44.41954    -11.20291
    33.13093     32.36460     -7.42087
    35.71729     20.34044    -15.03920
    36.88697     27.33766    -21.91533
    35.05495     46.75849    -10.09898
    36.56563     25.11747     -9.39062
    41.17664     27.27635     -8.54403
    42.22520     32.19801     -7.74600
    31.17934     34.21652    -15.39243
    42.24462     37.44002    -11.62105
    54.34489     50.21128    -12.50000
    26.20273     20.94120    -12.40779
    49.47780     46.84670     -7.65100
    31.31775     30.96810    -11.87025
    26.16070     20.96832    -12.41193
    52.99823     51.57323     -8.30207
    45.63353     43.05313     -8.35172
    28.44211     24.95412    -14.19341
    37.08390     30.71460    -18.53325
    33.48239     25.76182     -9.99149
    31.07403     37.73107    -23.41490
    18.86197     30.98043     -8.73672
    40.54860     38.45990    -19.46670
    26.91817     38.59578    -11.98776
    36.88697     27.33766    -21.91533
    51.54410     41.23154    -12.75374
    29.33116     42.15723     -5.99902
    48.93523     42.34884    -14.88845
    41.61494     29.16651    -14.90586
    23.20927     37.12850     -9.00636
    45.26320     46.33177    -26.61550
    39.99557     31.64767     -8.41859
    54.23566     46.34176    -13.60430
    42.48892     28.89643    -10.07971
    59.60980     51.79558    -10.04868
    26.16070     20.96832    -12.41193
    36.60770     29.65800    -10.26556
    33.76755     47.30052    -11.64965
    43.90664     35.48535    -12.65314
    49.48405     36.47236    -12.01158
    26.16070     20.96832    -12.41193
    52.05830     52.08280    -12.49850
    45.94599     43.11319     -8.03590
    52.30083     51.95776     -7.87994
    52.27074     51.97393     -7.86157
    42.62207     37.95610     -7.29836
    51.49720     51.13391     -7.98748
    41.37620     26.79190    -13.86710
    52.27074     51.97393     -7.86157
    42.62207     37.95610     -7.29836
    45.47530     58.13070    -13.98000
    51.25739     40.91582    -12.45804
    39.66380     39.17040     -8.58565
    50.75259     64.38949    -24.55033
    45.68870     59.75300     -9.77230
    23.20927     37.12850     -9.00636
    33.49018     25.76956     -9.98479
    43.05120     41.15400    -13.59075
    48.93523     42.34884    -14.88845
    40.78610     27.47455     -8.29962
    50.35910     43.86988    -11.05769
    46.53930     48.89540    -29.01360
    51.22543     38.93520    -13.14367
    42.39197     29.08009     -9.58644
    34.70326     31.19237    -11.63402
    34.42951     46.70649    -10.44402
    41.31740     54.29247    -10.30043
    41.65180     25.08310    -11.14435
    26.76010     18.81160     -7.32450
    36.51500     29.66797    -10.51349
    57.33243     47.87367    -16.86357
    33.71623     26.37002    -20.41644
    39.80080     27.44242     -6.59640
    29.14655     27.27125    -12.61265
    23.21459     23.67020    -13.21669
    17.76560     26.25881     -7.79436
    48.79179     42.35487    -10.04183
    42.24462     37.44003    -11.62106
    51.96612     51.71149     -7.90183
    34.70337     31.19241    -11.63447
    25.31182     35.12176     -8.41496
    27.22769     38.71839    -12.00647
    33.12107     25.32816    -10.26561
    54.86480     59.73460     -8.00220
    29.50578     20.16887    -12.90382
    51.17112     40.83169    -12.36903
    29.33112     42.15721     -5.99902
    59.60980     51.79558    -10.04868
    51.47433     41.76952    -12.65218
    52.26428     51.92029     -7.88483
    52.23842     52.19159     -7.69184
    42.62207     37.95610     -7.29836
    31.99081     26.68821    -11.35350
    41.06950     48.15990    -22.65070
    52.27074     51.97393     -7.86157
    52.29942     51.95852     -7.87898
    27.02859     38.64709    -11.95814
    56.15560     63.33370    -20.96360
    43.87244     35.44541    -12.63998
    31.89547     42.68050    -12.61720
    45.90210     59.31935    -16.49405
    41.03145     29.97772     -6.84357
    28.72240     33.36090    -21.77620
    33.83782     47.54591    -11.56874
    20.85864     23.28990    -10.09944
    26.77680     26.24690     -8.44700
    39.20111     53.57312    -10.64102
    39.10160     32.04120     -8.48494
    37.87014     49.39343    -12.65924
    54.61300     43.71910    -15.58420
    35.70911     35.27787     -7.74778
    48.75987     48.23653    -15.20263
    35.47335     36.87208    -14.62914
    28.53294     39.15462    -12.00571
    36.19810     21.13200    -22.24690
    52.14629     51.97688     -7.85180
    42.11038     29.54367     -8.55487
    51.54485     41.23162    -12.75456
    42.11149     31.74639    -14.29838
    56.52412     65.43680    -22.85514
    29.98150     19.03190    -22.11260
    39.93560     36.78020    -12.50270
    26.77481     38.48954    -11.11120
    41.67556     54.24501    -10.36287
    35.86981     28.03371    -12.76173
    35.71739     20.34028    -15.04106
    29.50578     20.16887    -12.90382
    42.68195     57.25730    -10.30130
    20.16053     22.96959     -9.02469
    35.69493     20.20302    -14.96996
    23.55234     35.47779    -11.65071
    42.55334     28.69175    -11.06989
    58.47900     56.43918     -9.79051
    23.52800     19.46980    -17.71530
    40.82428     38.24479     -9.75881
    53.06328     43.54557    -13.33474
    20.73031     23.47709    -10.11738
    48.75987     48.23653    -15.20263
    36.69818     29.57915    -10.25797
    47.14693     45.26478     -8.81002
    33.71623     26.37002    -20.41644
    49.86518     45.50152    -10.56347
    31.87280     20.59970    -17.55220
    41.84140     25.26080    -20.14920
    44.04020     51.88685    -23.33570
    33.36837     37.12029    -16.83092
    42.21474     29.39230     -8.84579
    18.91582     30.88743     -8.85153
    19.99033     22.80690     -8.67094
    23.85310     18.00990    -15.17350
    42.34065     29.20050     -9.36715
    28.66128     22.63823    -11.79756
    50.95089     45.13705    -10.85451
    29.56245     43.33094    -14.15318
    50.24901     44.49390    -11.18845
    17.23161     27.25254     -6.65989
    53.51456     55.13696     -8.22021
    53.51456     55.13696     -8.22021
    22.60500     21.19557    -10.39500
    38.25330     32.03869    -20.05494
    40.88005     53.04405    -11.06630
    36.59118     29.66115    -10.26986
    38.02350     27.05190     -8.34205
    28.63242     39.32390    -11.67047
    52.41915     41.30276    -13.70768
    26.16070     20.96832    -12.41193
    37.08390     30.71460    -18.53325
    26.16070     20.96832    -12.41193
    31.76071     42.68062    -12.74136
    45.03256     40.63329    -13.12466
    45.26320     46.33177    -26.61550
    43.47675     56.01875    -13.75455
    34.97370     17.34560     -5.57550
    33.73559     45.06752    -12.17752
    24.61870     19.79740    -14.35230
    35.91333     29.49022    -13.37000
    43.75715     36.41267     -8.26791
    20.85864     23.28990    -10.09944
    31.99081     26.68821    -11.35350
    46.77337     43.36873     -8.04027
    36.56563     25.11747     -9.39062
    36.56563     25.11747     -9.39062
    30.86905     30.06065     -7.70440
    20.78430     28.26350     -8.84910
    52.15798     51.88282     -7.88144
    35.71731     20.34050    -15.03925
    31.27800     43.55534     -9.53229
    21.15878     23.27995    -10.42089
    55.73524     56.28142    -14.59056
    55.73524     56.28142    -14.59056
    53.51456     55.13696     -8.22021
    39.47522     31.88327     -8.46786
    35.72428     20.29271    -15.25692
    57.33243     47.87367    -16.86357
    35.90104     27.95213    -12.74499
    29.33955     20.36249    -12.91009
    54.20535     53.17060    -11.72900
    27.50250     26.71570    -23.59695
    39.59778     31.82768     -8.45609
    27.50250     26.71570    -23.59695
    48.79179     42.35487    -10.04183
    39.88480     44.21870    -21.71450
    55.73524     56.28142    -14.59056
    42.24462     37.44002    -11.62105
    26.12529     20.99186    -12.44734
    36.75313     29.61422    -10.39357
    17.47130     26.22080    -16.68800
    42.94010     34.29320    -12.23096
    42.96339     34.32341    -12.23993
    23.20927     37.12850     -9.00636
    53.05388     51.56460     -8.32392
    37.91520     46.93580    -17.84970
    48.35805     49.93437    -11.78545
    50.33638     44.56874    -11.12498
    22.60500     21.19557    -10.39500
    42.96457     41.68796     -9.50702
    54.21613     46.32018    -13.59795
    20.83468     23.61159    -10.35268
    48.74903     35.43490    -11.25924
    21.07302     23.39392    -10.44132
    17.24859     27.45558     -6.79212
    35.69414     20.20106    -14.96099
    23.55242     35.47785    -11.65072
    38.78226     31.68537    -14.17486
    30.22980     15.70690    -15.74770
    42.69893     28.65234    -10.33858
    35.72059     20.33582    -15.10007
    35.16500     31.33740    -20.25100
    21.86010     30.31000    -12.24100
    48.83238     35.55136    -11.34327
    54.25736     50.16262    -12.43088
    45.79350     49.08670    -22.09160
    46.77337     43.36873     -8.04027
    31.56954     43.90949     -9.37683
    35.23570     32.67553     -7.50530
    23.26072     35.33288    -11.46660
    29.56246     43.33094    -14.15318
    42.68195     57.25730    -10.30130
    40.30490     24.11620     -6.60510
    46.87254     44.28559    -14.99073
    59.60980     51.79558    -10.04868
    52.11312     47.06521    -10.89207
    42.07975     38.98566    -12.24248
    50.27051     44.48969    -11.16671
    38.30370     23.94830     -8.91820
    51.74424     49.58126    -10.23537
    35.72094     20.33510    -15.10689
    32.80087     45.31749    -13.26644
    33.26962     25.50862    -10.15397
    31.07403     37.73107    -23.41490
    31.99081     26.68821    -11.35350
    41.31760     52.31690    -14.82860
    40.60076     38.02283     -9.56547
    54.21702     50.14023    -12.39901
    49.95231     57.34655    -23.33116
    17.99243     25.96701     -7.86589
    51.97980     66.01210    -13.33990
    18.59730     25.18891     -8.05661
    31.72111     42.68071    -12.77775
    27.90767     38.94626    -11.99797
    50.79850     64.61575    -15.10105
    52.34130     59.66545    -23.63570
    56.20731     65.19455    -22.74005
    40.48329     32.70680    -12.85380
    45.19670     37.90310    -13.15870
    26.00904     37.98670     -8.24164
    41.41570     53.02850     -7.48610
    45.56780     26.47630    -13.16380
    39.40110     40.90210     -9.53460
    30.33820     37.81790    -19.32930
    32.82340     36.71140     -9.76700
    40.63716     54.39607    -10.17026
    42.16356     29.93448     -8.32941
    38.71856     29.28548     -9.93812
    45.66151     43.06684     -8.42152
    48.79179     42.35487    -10.04183
    47.14425     45.26411     -8.80992
    26.16070     20.96832    -12.41193
    41.65180     25.08310    -11.14435
    29.99359     36.14145    -14.07430
    32.32761     22.75596     -9.50022
    48.79179     42.35487    -10.04183
    22.21925     26.08284    -11.90167
    33.41464     37.46837    -17.16336
    30.66160     41.06190    -14.08760
    37.81780     32.79150     -8.25670
    18.86197     30.98043     -8.73672
    31.07403     37.73107    -23.41490
    40.77424     27.17592     -8.16449
    44.07997     35.69186    -12.68919
    42.05613     29.62747     -8.37759
    42.14837     29.48082     -8.69107
    17.54547     27.42283     -6.98569
    18.85385     23.69515     -6.19585
    27.01529     38.63091    -11.98965
    35.47335     36.87208    -14.62914
    45.43351     37.07015     -9.16826
    46.45045     43.26740     -8.04432
    59.60980     51.79558    -10.04868
    39.59775     31.82769     -8.45609
    31.39761     43.70585     -9.47095
    18.85385     23.69515     -6.19585
    23.15820     21.42410     -5.53430
    31.07142     43.25428     -9.61852
    50.51799     44.72612    -11.01246
    51.31035     45.41494    -10.80063
    23.59760     29.32030    -13.29600
    42.96650     34.31349    -12.26614
    48.79179     42.35487    -10.04183
    34.92637     36.01137    -17.26193
    24.86780     14.60160     -8.73950
    41.92023     31.49959    -14.16960
    51.58275     58.18760    -19.00190
    41.61495     29.16651    -14.90582
    35.72094     20.33507    -15.10685
    23.24650     23.75477    -13.25435
    33.27235     25.51200    -10.15194
    29.57350     28.33810    -19.65320
    48.93523     42.34884    -14.88845
    39.74624     53.96834    -10.42036
    49.79440     54.26780    -26.21010
    51.74423     49.58127    -10.23535
    51.74423     49.58127    -10.23536
    51.74423     49.58127    -10.23535
    43.41519     34.37028     -8.72162
    64.62510     57.33450    -26.74960
    41.61495     29.16651    -14.90584
    40.41558     32.82935    -13.33830
    37.48920     37.95930    -10.00680
    30.24730      9.53290    -16.80930
    41.23634     27.24378     -8.58550
    42.77176     39.52498     -6.50107
    35.72023     20.33641    -15.09331
    44.34835     33.19730    -15.57255
    41.15710     25.76320    -17.02690
    31.17933     34.21652    -15.39242
    30.33190     32.13280    -16.13088
    56.27390     53.54740    -12.86100
    33.07064     45.75607    -12.32301
    16.49600     29.29630    -16.03870
    42.89442     34.16730    -12.32451
    54.21609     46.32014    -13.59794
    47.16202     39.18865    -14.68089
    33.30440     25.55132    -10.12805
    52.25213     51.98462     -7.84903
    40.26480     34.10029    -12.01688
    53.51456     55.13696     -8.22021
    29.96637     36.12707    -14.14126
    33.30002     25.54597    -10.13132
    56.33636     65.29367    -22.78658
    48.35805     49.93437    -11.78545
    47.47737     34.54645     -8.64712
    40.12900     23.35350    -20.44900
    23.21448     23.66993    -13.21657
    25.35550     39.39550    -15.87860
    23.50138     24.43015    -13.55518
    30.19360     15.51390    -22.92640
    28.38260     18.26430    -13.36990
    37.71175     21.22870    -17.09985
    20.53003     23.21910     -9.66969
    47.47737     34.54646     -8.64711
    26.86737     38.57543    -11.98750
    52.43970     64.98020    -23.98260
    31.72113     42.68071    -12.77773
    41.98760     42.60780    -23.76900
    45.03256     40.63329    -13.12466
    26.11679     38.05787     -8.64988
    45.03256     40.63329    -13.12466
    33.41465     37.46840    -17.16339
    45.03790     49.15630    -27.34960
    34.84074     31.40927    -13.53669
    41.88033     31.44419    -14.15042
    26.16070     20.96832    -12.41193
    31.34445     43.63356     -9.49576
    30.33190     32.13280    -16.13087
    40.92580     27.62060    -20.48360
    42.62207     37.95610     -7.29836
    37.77550     45.24520    -21.96600
    37.74650     30.73250    -21.58330
    49.72660     57.29809    -23.14715
    42.88980     26.81090    -14.48280
    52.21047     47.37858    -11.14712
    31.70093     35.87757    -15.40090
    31.70093     35.87757    -15.40090
    35.47335     36.87208    -14.62914
    43.47675     56.01875    -13.75455
    42.62207     37.95610     -7.29836
    45.29831     35.90161    -10.91972
    40.40630     32.83684    -13.40499
    42.62207     37.95610     -7.29836
    42.54043     28.79982    -10.35046
    37.72553     32.14529    -12.08809
    42.87707     34.11750    -12.36186
    46.61505     46.32645     -6.55380
    47.41712     37.60167    -10.37821
    40.39351     32.85905    -13.48990
    40.40645     32.83660    -13.40403
    50.24831     44.38471    -11.19058
    32.02910     31.05970     -8.60630
    31.17934     34.21652    -15.39243
    34.51110     24.52160    -19.07710
    53.06328     43.54557    -13.33474
    45.21323     42.84736     -7.30501
    55.23120     49.96620     -3.99030
    32.64305     26.60800     -7.40330
    38.79006     31.67497    -14.18660
    35.46990     18.70776    -14.30414
    48.35805     49.93437    -11.78545
    39.96971     54.10817    -10.33397
    35.86120     28.01322    -12.75021
    48.35805     49.93437    -11.78545
    33.38660     39.33160    -21.26650
    48.73470     61.40290    -11.50270
    36.23565     29.80182    -11.12124
    18.86197     30.98043     -8.73672
    43.41519     34.37028     -8.72162
    49.86518     45.50152    -10.56347
    41.28535     27.21882     -8.62049
    45.90210     59.31935    -16.49405
    27.69900     39.58950     -6.07220
    54.21612     46.32017    -13.59795
    35.87245     28.87577    -18.11978
    34.38095     31.22064    -10.54542
    28.71479     37.94027    -15.10983
    41.17355     36.50570     -8.23345
    33.41928     37.50323    -17.19665
    37.87014     49.39343    -12.65924
    36.14400     37.72220     -9.44070
    16.01460     27.88150    -21.06910
    30.77680     27.94290    -10.40010
    40.47246     34.41470    -12.15330
    40.16266     27.80837     -7.84492
    17.83278     26.25032     -7.01943
    49.68103     57.50936    -22.51599
    42.03346     39.43711    -10.90541
    40.88005     53.04405    -11.06630
    35.72093     20.33506    -15.10682
    25.52350     14.22830    -15.46170
    23.25280     28.10120     -9.25690
    31.44481     42.68132    -13.03164
    48.57480     35.23147    -11.12768
    32.99440     14.82930    -12.25890
    40.54509     34.66755    -12.16169
    50.28171     44.46952    -11.15490
    41.44500     25.02200     -7.22820
    35.72050     20.36436    -15.03779
    41.89600     44.71240    -16.53980
    40.45997     32.75096    -13.00963
    34.93683     46.75091    -10.18110
    46.87254     44.28559    -14.99073
    47.12080     39.15558    -14.67541
    26.00903     37.98670     -8.24162
    35.47335     36.87208    -14.62914
    29.21266     34.27191    -12.11757
    50.01863     44.19743    -11.40877
    47.03619     43.45596     -8.05383
    38.45935     28.06780    -14.97964
    37.53750     35.57940    -10.89980
    34.92637     36.01137    -17.26193
    43.20638     34.62948    -12.35626
    37.72553     32.14529    -12.08809
    43.02849     34.37633    -12.20632
    39.75000     45.54630    -18.71950
    24.42659     33.43405    -13.91672
    26.80315     38.54665    -11.99033
    52.50386     51.85285     -7.99811
    22.64780     24.30780     -8.40420
    43.41519     34.37028     -8.72162
    52.31448     52.38921     -7.53043
    48.79179     42.35487    -10.04183
    33.96343     44.95414    -11.71998
    55.09704     50.62942    -13.09387
    39.59770     31.82772     -8.45610
    20.84940     19.39410    -12.48970
    37.12710     19.25490    -13.25670
    39.47519     31.88329     -8.46786
    21.09311     23.30551    -10.37492
    39.41130     29.35850    -24.47000
    29.23350     19.06460    -10.50650
    43.41518     34.37028     -8.72163
    51.56565     41.40186    -12.76871
    43.75456     35.31894    -12.61887
    40.29560     54.50806    -10.05520
    30.85250     26.72530     -8.67040
    40.37924     27.69777     -8.00071
    39.61013     53.88911    -10.46658
    40.38148     34.22882    -12.80930
    20.34182     24.53361    -10.55726
    42.07004     29.60567     -8.41987
    35.78170     20.59733    -15.12351
    35.71740     20.34031    -15.04108
    48.35805     49.93437    -11.78545
    43.94640     28.53020    -14.08800
    28.44474     39.12559    -12.00530
    53.13686     51.49686     -8.38278
    23.27817     23.83400    -13.28707
    44.34835     33.19730    -15.57255
    53.29760     56.71430    -24.11930
    47.55191     39.48937    -14.73763
    41.61495     29.16651    -14.90584
    41.96147     39.30721    -10.98894
    52.50110     51.82663     -8.01714
    49.85750     46.81460    -14.13820
    26.16070     20.96832    -12.41193
    36.27321     29.78666    -11.06819
    52.17710     64.52120    -13.20430
    63.63890     59.54110    -21.47440
    43.87240     46.62340    -23.87660
    28.50479     38.86220    -12.69519
    41.61495     29.16651    -14.90583
    33.83638     47.54295    -11.56865
    52.21026     47.37806    -11.14695
    35.87245     28.87578    -18.11978
    50.21050     49.60490    -15.33280
    38.01877     41.09375    -18.58036
    36.95994     29.57054    -10.27681
    35.67188     30.17798    -12.20091
    49.22880     39.52600    -14.66970
    36.56563     25.11747     -9.39062
    35.70367     30.06883    -12.26614
    42.08590     38.91829    -12.44078
    18.08720     28.36950    -18.64750
    52.27888     47.62134    -11.28486
    48.83238     35.55136    -11.34327
    39.76564     29.14674    -10.16781
    48.35805     49.93437    -11.78545
    27.07534     38.66314    -11.96049
    58.47900     56.43918     -9.79051
    26.97543     38.61672    -11.98889
    59.59970     51.27030    -15.21760
    36.63240     51.07660     -5.95940
    42.29774     29.24441     -9.16620
    17.39179     27.33264     -6.85867
    32.39422     22.69965     -9.74177
    35.23570     32.67553     -7.50531
    38.44290     46.34840    -21.20660
    40.17960     34.21941    -12.43072
    23.20927     37.12850     -9.00636
    39.85958     33.17991    -17.34484
    35.21890     16.95400    -12.52680
    38.45936     28.06780    -14.97964
    49.08517     35.90851    -11.60241
    38.27440     28.36460    -17.94510
    33.90460     29.79770    -20.04260
    23.08858     35.13030    -11.52431
    35.05868     30.97635    -12.27889
    58.42277     48.84953     -9.99173
    51.48658     45.78983    -10.49817
    42.30533     31.93836     -7.79707
    22.99318     23.12092    -12.99261
    33.26564     46.15237    -11.33281
    41.78268     27.04669     -8.98304
    37.72549     32.14529    -12.08801
    40.08796     31.60533     -8.40902
    42.72104     31.97780    -15.79502
    41.42354     54.28197    -10.31607
    40.60200     44.28370    -25.14600
    43.41519     34.37028     -8.72162
    32.64305     26.60800     -7.40330
    42.39540     32.61704    -13.49954
    43.93912     35.51769    -12.65463
    24.71890     36.05750    -12.38709
    41.78269     27.04668     -8.98305
    33.48680     25.76643     -9.98781
    29.50578     20.16887    -12.90382
    33.41465     37.46840    -17.16339
    28.89630     24.24160    -22.32350
    48.64434     35.30416    -11.17077
    42.64056     33.45091    -12.87189
    26.16070     20.96832    -12.41193
    29.99359     36.14145    -14.07430
    55.73524     56.28142    -14.59056
    23.20927     37.12850     -9.00636
    32.83051     24.96767    -10.48033
    47.11350     57.17400    -19.60400
    36.20692     47.88247     -9.80865
    16.29530     25.38540    -13.04020
    52.34130     59.66545    -23.63570
    15.02943     27.49729    -12.69385
    40.42736     34.27432    -12.13621
    52.27074     51.97393     -7.86157
    54.21615     46.32020    -13.59796
    34.09500     14.30000     -5.67740
    37.33940     29.20870    -21.84140
    35.31170     42.41710    -24.22580
    40.45918     32.75040    -13.01669
    30.12750     13.82510    -22.58130
    49.68089     57.50881    -22.51748
    60.42956     54.52649    -23.02130
    52.17110     48.81070     -7.24050
    22.60500     21.19557    -10.39500
    45.43351     37.07015     -9.16826
    51.67552     41.28113    -12.89471
    40.32582     34.03019    -15.22670
    21.87920     21.46820    -19.03910
    45.26320     46.33177    -26.61550
    50.96330     47.55530     -7.77730
    25.71450     39.31980     -9.21900
    44.92470     31.47050    -10.29290
    35.46990     18.70776    -14.30414
    50.75259     64.38949    -24.55033
    46.61505     46.32645     -6.55380
    43.92690     43.35860    -25.81570
    42.32860     31.86037     -7.81231
    58.47900     56.43918     -9.79051
    48.79179     42.35487    -10.04183
    28.44479     39.12561    -12.00530
    50.68390     59.11995    -23.82775
    29.52953     20.14121    -12.90292
    45.51228     39.43854     -6.91733
    51.49454     41.14650    -12.70387
    48.79179     42.35487    -10.04183
    48.79179     42.35487    -10.04183
    36.56563     25.11747     -9.39062
    41.61494     29.16651    -14.90584
    25.42043     22.13328    -13.29184
    29.33110     42.15720     -5.99903
    42.52819     28.69791    -11.20367
    42.62207     37.95610     -7.29836
    49.58617     36.61802    -12.11776
    40.43693     34.41717    -12.28412
    55.58560     48.26350    -15.06370
    33.23026     25.45983    -10.18307
    38.25330     32.03869    -20.05494
    24.71890     36.05750    -12.38709
    36.51050     41.11700    -17.67680
    27.37580     19.40650    -13.56040
    43.61260     47.63450    -22.50900
    50.89379     45.16579    -10.80077
    57.58050     64.72880    -20.73380
    20.34182     24.53361    -10.55726
    38.22684     29.35574     -9.95288
    20.34182     24.53360    -10.55726
    30.10275     36.13597    -13.92452
    27.60050     32.67590    -17.18070
    48.79179     42.35487    -10.04183
    35.90104     27.95213    -12.74499
    47.62420     47.50910    -26.54980
    40.46420     32.74233    -12.98291
    32.46978     45.52881    -13.67772
    17.76559     26.25884     -7.79432
    45.03256     40.63329    -13.12466
    36.21689     47.89346     -9.80651
    38.25330     32.03869    -20.05494
    32.20810     44.65016     -9.02090
    42.07625     39.62534    -10.57837
    25.98208     21.15374    -12.56690
    31.31775     30.96810    -11.87025
    36.69930     22.92220     -7.11420
    54.26071     46.36944    -13.61244
    32.53969     45.50197    -13.58857
    35.87416     28.17937    -12.82255
    48.25314     39.84020    -10.68157
    48.25314     39.84020    -10.68157
    35.80709     29.92545    -12.27305
    45.81940     50.76700     -8.41320
    42.46722     28.93452     -9.98181
    40.15427     33.48028    -15.50670
    21.08697     23.40154    -10.46363
    40.89777     27.44781     -8.40872
    45.03256     40.63329    -13.12466
    37.72553     32.14529    -12.08809
    36.67387     25.12203    -10.71588
    49.71470     61.23100    -21.37650
    26.01846     38.07001    -12.54245
    33.41465     37.46840    -17.16339
    27.52044     38.81121    -11.99961
    28.87638     34.65548    -11.88855
    39.97520     33.30928    -16.54559
    35.23570     32.67553     -7.50531
    35.71729     20.34044    -15.03920
    30.12240     27.94340     -5.97000
    32.18585     22.87580     -8.98614
    29.14655     27.27125    -12.61265
    35.80324     20.21590    -16.63408
    34.06720     18.10510    -11.82880
    53.06328     43.54557    -13.33474
    15.02943     27.49729    -12.69385
    29.34630     34.09468    -12.18788
    31.69463     21.49107    -11.81383
    28.66128     22.63823    -11.79756
    36.71305     34.25585    -12.09360
    51.10576     45.36551    -10.70374
    33.91589     45.00780    -11.97380
    38.98374     36.22332     -8.36498
    29.99359     36.14145    -14.07430
    31.69463     21.49107    -11.81383
    31.70093     35.87757    -15.40090
    25.34818     21.51279    -13.22360
    29.15661     34.33584    -12.07939
    28.01250     36.51400    -17.31020
    25.20179     39.18464    -13.13574
    52.42371     41.30267    -13.71277
    46.68703     32.79867     -6.87200
    46.68703     32.79867     -6.87200
    46.68703     32.79867     -6.87200
    26.00903     37.98670     -8.24163
    46.00440     61.43460    -21.12490
    53.03596     51.57651     -8.31243
    29.56246     43.33094    -14.15318
    36.21689     47.89346     -9.80651
    47.47737     34.54645     -8.64712
    50.23265     44.32548    -11.19377
    18.17360     26.44880    -13.23670
    35.40303     49.71476     -6.85515
    53.06328     43.54557    -13.33474
    53.51456     55.13696     -8.22021
    54.26045     50.16433    -12.43332
    36.11270     45.26220    -17.48320
    45.10133     43.14388    -10.57114
    17.77826     26.15404     -8.06674
    45.10133     43.14388    -10.57114
    29.99359     36.14145    -14.07430
    37.72553     32.14529    -12.08809
    35.90104     27.95213    -12.74499
    42.61186     28.67612    -10.77363
    27.78770     28.79800    -19.31580
    54.20535     53.17060    -11.72900
    33.41670     41.00530    -19.54690
    48.74834     35.43394    -11.25855
    35.70911     35.27787     -7.74778
    51.69920     41.22367    -12.92326
    26.97543     38.61672    -11.98889
    23.27819     23.83407    -13.28711
    35.15930     33.41870    -13.77510
    29.99359     36.14145    -14.07430
    39.22560     43.62550    -27.10760
    45.43351     37.07015     -9.16826
    42.68195     57.25730    -10.30130
    58.27590     48.50580    -21.62960
    15.02943     27.49729    -12.69385
    46.08741     43.15663     -8.06299
    31.17934     34.21652    -15.39243
    50.29332     44.68284    -11.05746
    42.11209     32.49673     -7.68385
    34.86560     46.44428    -10.08039
    42.20318     29.38554     -8.90860
    31.72106     42.68071    -12.77780
    42.81705     33.99059    -12.50390
    35.71739     20.34029    -15.04106
    35.90104     27.95213    -12.74499
    35.47335     36.87208    -14.62914
    45.42410     53.69910    -18.28400
    34.38102     31.22063    -10.54562
    36.18210     27.21784    -12.59433
    34.51052     46.89884    -10.64257
    52.21047     47.37858    -11.14712
    35.54890     23.84040    -10.64570
    23.20584     35.26491    -11.48979
    22.21925     26.08284    -11.90167
    42.95138     34.27209    -12.32249
    25.31182     35.12176     -8.41496
    33.29686     25.54207    -10.13366
    60.19033     54.49276    -22.39373
    60.23818     54.49951    -22.51925
    42.44350     28.98033     -9.87289
    42.44376     28.97994     -9.87400
    42.84132     34.06881    -12.44789
    18.48040     23.89160    -14.04005
    20.10430     22.30070    -18.06400
    31.53905     37.69295    -16.98600
    42.60648     34.56911    -12.31311
    37.71175     21.22870    -17.09985
    23.21464     23.67033    -13.21675
    51.15039     45.41220    -10.58192
    28.63242     39.32391    -11.67046
    32.59902     45.53270    -13.45602
    32.60100     45.53338    -13.45377
    33.41928     37.50321    -17.19664
    33.98590     27.81760    -10.62090
    35.05495     46.75848    -10.09898
    23.98760     27.03520    -18.04650
    23.20584     35.26492    -11.48979
    50.17254     44.33523    -11.25552
    37.72553     32.14529    -12.08809
    43.41515     34.37028     -8.72193
    42.44344     28.98045     -9.87260
    52.15840     51.88390     -7.88096
    43.55830     40.48090     -4.81850
    17.59669     26.19663     -8.68465
    43.87244     35.44541    -12.63998
    33.92504     47.85854    -11.43693
    25.98313     21.15301    -12.56650
    23.20927     37.12850     -9.00636
    29.99359     36.14145    -14.07430
    36.58612     29.80260     -8.55628
    26.55289     20.78173    -12.39020
    23.05981     35.43255    -11.05583
    33.49789     25.77524     -9.97723
    47.47737     34.54645     -8.64712
    34.60750     38.02690    -21.63930
    18.91582     30.88743     -8.85153
    43.06919     34.41742    -12.27927
    63.52225     57.30995    -23.67305
    37.89980     44.14495    -23.53815
    29.33112     42.15721     -5.99902
    54.95650     45.64500     -8.92050
    39.65297     31.80393     -8.45288
    47.41712     37.60167    -10.37821
    33.13093     32.36460     -7.42087
    29.99359     36.14145    -14.07430
    35.09180     33.91190    -18.83450
    27.38021     38.77757    -11.94149
    47.47737     34.54645     -8.64712
    38.81100     22.74720    -10.33140
    37.72553     32.14529    -12.08809
    40.46421     32.74235    -12.98361
    48.03750     49.49930    -22.54640
    38.46975     28.06231    -14.97949
    40.40049     34.31920    -12.21461
    36.88697     27.33766    -21.91533
    19.34661     30.14340     -9.77006
    34.69810     33.59550    -16.31990
    35.72093     20.33505    -15.10682
    50.46782     44.69738    -11.05580
    42.89433     34.16727    -12.32506
    31.72113     42.68071    -12.77774
    34.95846     31.29754    -12.76129
    50.14079     44.60370    -11.12421
    33.90625     45.01059    -11.98358
    32.04260     44.71850     -5.76230
    32.26410     14.60940     -8.98340
    49.81556     44.32373    -11.61922
    47.47736     34.54645     -8.64713
    56.33636     65.29367    -22.78658
    53.63532     51.09050     -8.73492
    36.21337     47.88943     -9.80723
    25.48655     21.69619    -13.00634
    33.90624     45.01058    -11.98367
    48.45870     45.30940    -17.53180
    27.16220     41.81880     -6.56650
    40.52513     34.55955    -12.12552
    45.59937     43.00772     -8.03072
    18.86197     30.98043     -8.73672
    22.76698     34.72145    -11.67520
    36.60769     29.65801    -10.26563
    18.55503     28.02946     -7.80936
    25.20179     39.18464    -13.13574
    26.16036     20.96844    -12.41231
    35.64280     47.32999     -9.95248
    48.83238     35.55136    -11.34327
    40.96470     38.37861     -9.90311
    23.20585     35.26493    -11.48978
    35.70911     35.27787     -7.74778
    28.71479     37.94027    -15.10983
    35.87244     28.87578    -18.11978
    38.38286     27.34594    -12.06440
    18.48040     23.89160    -14.04005
    22.09320     20.36050    -13.91980
    50.86240     63.58390    -10.17290
    42.69892     28.65234    -10.33859
    29.15659     34.33585    -12.07937
    36.56563     25.11747     -9.39062
    26.55073     20.78237    -12.39000
    58.42277     48.84953     -9.99173
    45.51228     39.43854     -6.91733
    39.32370     35.12960    -22.01330
    25.64145     24.08495    -15.49385
    47.14425     45.26411     -8.80992
    34.02740     43.03405    -17.38535
    23.89290     30.19230    -17.38090
    31.27800     43.55534     -9.53229
    47.12080     39.15558    -14.67541
    55.73524     56.28142    -14.59056
    60.14387     54.48621    -22.27184
    58.42277     48.84953     -9.99173
    56.38517     65.33130    -22.80405
    51.22543     38.93520    -13.14367
    43.75715     36.41267     -8.26791
    41.24120     51.32250    -16.82890
    40.14180     50.56540    -15.18710
    46.31780     59.10500    -13.12020
    20.69339     23.45775    -10.05794
    20.61825     23.25823     -9.80464
    37.87014     49.39343    -12.65924
    48.93523     42.34884    -14.88845
    27.02859     38.64709    -11.95813
    29.11120     15.29010    -10.75820
    51.22543     38.93520    -13.14367
    31.17934     34.21652    -15.39243
    47.14089     45.26327     -8.80979
    48.75987     48.23653    -15.20263
    50.08300     56.19730     -9.08960
    34.02740     43.03405    -17.38535
    42.62207     37.95610     -7.29836
    48.35805     49.93437    -11.78545
    20.12133     22.94081     -8.95257
    31.99081     26.68821    -11.35350
    24.11910     31.65590    -14.19770
    48.79179     42.35487    -10.04183
    51.58275     58.18760    -19.00190
    29.89900     39.27480    -15.11640
    34.70336     31.19240    -11.63445
    34.26220     45.06481    -12.25976
    38.50901     29.31325     -9.89212
    33.86483     47.66075    -11.57615
    20.84500     23.55454    -10.31550
    51.53778     41.16392    -12.75007
    40.96469     38.37860     -9.90311
    18.57514     28.04151     -7.82571
    40.54887     34.69717    -12.17698
    25.42450     21.82334    -13.17726
    54.00120     64.80940    -19.34930
    50.63057     45.12965    -10.81087
    38.25330     32.03869    -20.05494
    30.50810     19.00410     -7.59800
    41.54586     38.91912    -10.53884
    42.68426     33.58364    -12.77397
    50.68390     59.11995    -23.82775
    26.97543     38.61672    -11.98889
    33.12107     25.32816    -10.26561
    19.91350     26.11470     -7.88740
    50.18168     44.35485    -11.24393
    26.00903     37.98670     -8.24162
    51.07740     53.31000    -15.06350
    40.49429     34.49009    -12.15101
    56.56050     60.99320    -19.21710
    38.38286     27.34594    -12.06440
    41.13871     54.31436    -10.27065
    45.03290     31.48270    -15.08140
    52.15470     38.42500    -10.76880
    33.80916     47.22028    -11.30454
    58.97410     64.07940    -21.15830
    37.89980     44.14495    -23.53815
    38.01877     41.09375    -18.58036
    50.08588     57.30001    -23.64123
    45.19670     37.90310    -13.15870
    27.23190     17.19050    -14.70600
    53.06328     43.54557    -13.33474
    45.85810     52.15090    -21.02200
    36.88697     27.33766    -21.91533
    18.86197     30.98043     -8.73672
    32.67114     24.76731    -10.59678
    43.41520     34.37028     -8.72151
    17.78973     26.26770     -7.66717
    54.34477     50.21120    -12.49990
    42.08606     38.91836    -12.44025
    16.96380     23.96540    -10.14870
    42.96457     41.68796     -9.50702
    26.80230     12.92620     -8.95300
    49.58617     36.61802    -12.11776
    35.40303     49.71476     -6.85515
    40.67504     27.51613     -8.19300
    32.99360     28.94420    -10.75110
    50.25459     44.46257    -11.18181
    33.13406     25.34429    -10.25602
    42.50594     28.86553    -10.15322
    41.61495     29.16651    -14.90582
    15.83380     25.39500     -6.60680
    50.29379     57.26339    -24.02249
    37.72564     32.14526    -12.08833
    33.82785     45.03854    -12.07130
    31.34445     43.63356     -9.49576
    46.85150     38.93972    -14.63956
    34.85285     31.25914    -12.30874
    45.41994     42.92909     -7.69906
    42.62207     37.95610     -7.29836
    38.01877     41.09375    -18.58036
    35.72096     20.33515    -15.10696
    52.27087     51.97404     -7.86156
    20.62090     25.06050    -19.23630
    33.82793     45.03851    -12.07116
    53.06328     43.54557    -13.33474
    33.41928     37.50321    -17.19664
    64.60260     55.96750    -25.49600
    57.33243     47.87367    -16.86357
    26.97542     38.61672    -11.98889
    55.10430     56.03850     -8.77580
    33.71623     26.37002    -20.41644
    21.17016     23.30902    -10.46132
    22.21925     26.08284    -11.90167
    18.55510     28.02948     -7.80940
    19.58385     27.42150    -14.39125
    28.44211     24.95412    -14.19341
    35.23570     32.67553     -7.50531
    25.12850     32.76800    -17.31850
    21.04099     23.34491    -10.35232
    54.21615     46.32020    -13.59796
    49.00437     56.78869    -23.49486
    34.86110     25.91790    -13.95890
    49.30620     64.84760    -26.27330
    30.43299     42.30679     -9.87713
    23.27829     23.83433    -13.28722
    60.42100     50.59010    -20.36510
    52.26505     52.26004     -7.63964
    35.89209     29.93665    -11.85452
    18.59730     25.18891     -8.05661
    52.21047     47.37858    -11.14712
    40.02470     24.98110    -13.12710
    21.29537     23.62881    -10.90598
    49.95220     57.34659    -23.33093
    58.90550     50.36640    -17.29480
    42.24462     37.44002    -11.62106
    24.38776     33.41888    -13.90879
    25.89790     32.00640    -13.19250
    31.33950     24.58480     -7.06100
    59.60980     51.79558    -10.04868
    51.76464     41.26113    -12.99274
    42.24461     37.44002    -11.62105
    41.83028     27.02911     -9.01995
    31.37160     34.32400     -9.00520
    50.19370     62.41980    -26.10540
    40.54080     41.92350    -11.80240
    47.12339     39.15770    -14.67574
    17.58236     27.24072     -7.02969
    30.33190     32.13280    -16.13087
    52.22249     47.41791    -11.17767
    18.86197     30.98043     -8.73672
    51.54433     41.23157    -12.75399
    34.59536     31.20562    -11.30589
    35.29399     46.94757    -10.02387
    33.95810     44.95919    -11.74772
    44.37590     30.46530    -13.50520
    29.50578     20.16887    -12.90382
    43.87244     35.44541    -12.63998
    28.44211     24.95412    -14.19341
    49.83630     62.97820    -21.28470
    59.60980     51.79558    -10.04868
    37.87014     49.39343    -12.65924
    49.87391     44.28035    -11.55783
    41.00810     31.56480    -19.21380
    29.60541     20.05298    -12.89976
    54.07984     46.16956    -13.55365
    18.03640     27.71645     -7.39162
    39.77640     26.12720    -22.34250
    37.56120     24.48320     -6.56660
    40.46206     34.39505    -12.15555
    51.47442     41.76919    -12.65229
    30.33190     32.13280    -16.13087
    45.67805     43.03083     -8.03380
    42.77176     39.52498     -6.50107
    48.79179     42.35487    -10.04183
    39.75000     45.54630    -18.71950
