    43.23606     41.54054     -9.64302
    29.28895     42.13729     -6.01210
    38.98768     36.22840     -8.36856
    39.23695     32.01876     -8.54915
    40.34469     32.65156    -13.65555
    43.28182     41.51638     -9.66641
    55.82148     57.28756     -9.82939
    33.30580     17.84170    -15.31120
    52.15280     41.32887    -13.40411
    40.25331     32.89589    -14.67691
    38.02336     27.05200     -8.34231
    43.75803     36.41248     -8.26790
    42.11387     29.52325     -8.06359
    41.49530     50.84940    -19.94120
    43.05096     41.15392    -13.59085
    51.51193     41.07944    -12.71922
    36.19794     21.13207    -22.24682
    53.06328     43.54904    -13.33084
    31.53900     37.69290    -16.98555
    50.79842     64.61569    -15.10157
    18.72657     28.10703     -7.93788
    47.02424     39.11680    -14.64643
    42.23971     37.39734    -11.59582
    48.93533     42.34897    -14.88832
    40.29351     54.54232    -10.01933
    33.85020     20.85440    -17.85220
    40.20787     54.47519    -10.11089
    18.67830     28.09851     -7.91812
    42.56479     28.73464    -10.34538
    21.75553     22.76802    -10.47617
    38.75346     27.91347    -14.97370
    26.21044     20.88559    -12.35238
    35.47339     36.87211    -14.62918
    35.47343     36.87205    -14.62925
    38.80454     31.64343    -14.20857
    33.59715     46.29008    -10.11111
    42.14593     38.95111    -12.25542
    48.79448     42.34881    -10.04665
    25.80061     21.07242    -12.14829
    53.81162     49.94077    -12.07071
    39.66378     39.17041     -8.58567
    32.01295     23.02351     -8.35483
    33.27827     46.34183    -10.13590
    41.36641     27.24968     -8.56855
    40.71662     27.63229     -8.12317
    47.41737     37.60130    -10.37783
    56.20380     62.35240    -17.98270
    42.06708     39.71158    -10.36787
    28.37070     40.67040    -13.65690
    48.25342     39.84081    -10.68149
    26.61884     38.63395    -12.25347
    34.85604     31.40327    -13.50008
    29.57973     20.08193    -12.90242
    31.20985     43.51562     -9.59093
    49.25771     49.02093     -7.44652
    38.83065     31.62203    -14.24502
    33.58440     20.44332    -12.46634
    34.93250     18.55510     -9.84340
    46.50560     40.92520    -10.37440
    26.05330     20.98968    -12.37635
    39.97831     28.38564     -8.46597
    40.34815     28.01088     -8.19732
    28.66107     22.63794    -11.79846
    44.04015     51.88693    -23.33615
    32.59671     22.52772    -10.48533
    20.15824     23.08491     -9.14611
    49.59680     37.17130     -8.03180
    48.25318     39.84035    -10.68154
    30.86886     30.06060     -7.70446
    43.23630     41.54093     -9.64346
    44.85030     47.70500     -5.77110
    56.68044     65.47294    -22.98112
    43.04973     34.55385    -12.36708
    34.92632     36.01145    -17.26217
    42.38812     30.32522     -7.94564
    42.21668     29.65313     -8.06221
    37.74590     26.71980    -18.65540
    40.54360     32.34142    -12.16190
    52.27748     47.67542    -11.27940
    63.52220     57.31005    -23.67338
    52.02880     46.08759     -9.36434
    41.30010     36.23470    -22.85650
    49.74695     36.85573    -12.29126
    36.56222     25.11561     -9.35253
    42.54133     33.44547    -12.72024
    42.68195     34.00218    -12.31931
    45.97024     43.07997     -7.93467
    35.78936     28.12902    -12.63607
    51.76455     41.38829    -12.97994
    54.86265     50.44192    -12.94494
    32.33418     22.75087     -9.52031
    42.67311     57.24696    -10.29967
    56.07614     65.08894    -22.69664
    56.14177     65.15213    -22.70991
    56.14179     65.15214    -22.70992
    21.04114     23.36865    -10.45789
    35.64937     30.16720    -12.28564
    56.07603     65.08887    -22.69596
    33.58371     20.44253    -12.46765
    33.58334     20.44246    -12.46805
    33.58366     20.44263    -12.46765
    53.93056     49.99436    -12.16344
    50.75258     64.38943    -24.55010
    38.98213     36.22185     -8.36365
    30.05803     36.32854    -13.66675
    45.45240     34.36470     -9.65390
    42.62186     37.95531     -7.29764
    42.58023     28.71768    -10.45842
    38.15604     28.22858    -14.98278
    25.31180     35.12187     -8.41508
    56.41284     65.31659    -22.84526
    18.58215     25.20761     -8.04737
    24.39576     33.42218    -13.91052
    38.39340     27.33369    -12.07146
    55.82149     57.28755     -9.82899
    18.58840     28.06059     -7.84150
    55.82150     57.28758     -9.82894
    55.82153     57.28762     -9.82898
    52.49606     51.52457     -9.35063
    47.70320     45.95270    -14.10210
    40.41532     33.99290    -11.89457
    32.73970     25.93380    -17.92810
    36.34967     48.03774     -9.78015
    33.45378     37.76005    -17.44342
    21.11580     23.37647    -10.55314
    50.91038     44.91367    -10.97897
    20.15832     23.08521     -9.14521
    45.78707     43.01679     -7.87782
    28.44291     24.95501    -14.19124
    33.13083     32.36434     -7.42062
    26.23538     20.87091    -12.35416
    30.09097     41.83975    -10.00586
    51.15311     40.81592    -12.35175
    30.47344     42.25312     -9.86706
    49.18042     35.99740    -11.65202
    33.06002     45.07044    -12.95755
    59.61044     51.79780    -10.04890
    33.58402     20.44297    -12.46725
    31.24906     43.59698     -9.57594
    46.20570     32.72890    -11.25580
    50.87981     45.28686    -10.86897
    52.16310     41.32507    -13.41577
    33.71628     26.36995    -20.41624
    57.78140     45.95380    -19.94950
    58.41298     47.54120    -11.12672
    52.37147     51.98371     -7.92950
    18.67370     24.49300    -17.50850
    42.62214     37.95547     -7.29851
    32.58410     28.10750    -21.45320
    37.69538     32.16088    -12.03758
    34.17950     22.68200    -16.91630
    43.14037     34.39715    -10.71156
    53.09299     51.65177     -8.17537
    31.26374     43.62336     -9.57098
    42.27106     29.09611     -8.79858
    48.45859     45.30920    -17.53147
    33.38448     44.92537    -12.35942
    18.01857     27.76518     -7.34319
    36.56265     25.11692     -9.35250
    36.09120     31.10600    -21.94950
    42.61504     41.87730     -9.33163
    45.54796     42.93364     -7.84992
    51.73608     49.59294    -10.22116
    34.70284     46.20601    -10.16804
    53.51311     55.13417     -8.21887
    41.87847     27.02955     -9.03050
    49.72394     36.81985    -12.26599
    31.26324     43.62454     -9.57173
    33.31830     15.36970    -29.73350
    34.99601     46.41482    -10.02638
    39.94964     33.92957    -11.80297
    49.55246     57.26367    -23.38882
    35.69088     20.44210    -14.70746
    35.70718     20.46951    -14.76707
    39.21671     29.10768     -9.48003
    43.21580     41.55275     -9.63332
    40.10808     27.97477     -7.70468
    38.76475     34.25019    -14.03515
    48.13980     62.62900    -16.83150
    29.56566     43.33401    -14.14305
    42.61860     28.69243    -10.39787
    43.76989     35.41325    -12.88192
    25.41863     22.11659    -13.27642
    58.47839     56.43932     -9.79010
    41.92380     46.97900    -10.85520
    56.69980     52.80560     -9.72560
    42.60165     30.94046     -7.93842
    50.52590     57.20905    -24.46576
    45.54873     42.93272     -7.85113
    20.87736     23.37137    -10.26299
    33.09074     25.25481    -10.27225
    31.17543     36.06573    -12.48365
    42.39600     29.00689     -9.29507
    52.37167     51.98262     -7.93403
    36.71308     34.25594    -12.09359
    40.28239     54.53248    -10.03098
    24.31689     33.39117    -13.89433
    33.41397     37.46640    -17.15995
    20.34010     24.57961    -10.58643
    40.01970     54.35900    -10.22669
    37.87015     49.39340    -12.65935
    35.80075     28.29949    -12.72377
    49.25739     49.02107     -7.44598
    35.47376     36.87244    -14.62948
    25.64142     24.08498    -15.49424
    45.49031     42.96016     -8.20306
    31.87002     45.77112    -14.44790
    19.58379     27.42157    -14.39133
    46.87120     44.28615    -14.99477
    38.87912     31.51220    -14.31081
    23.59260     34.84070    -14.41390
    30.94220     23.06340    -14.43650
    35.40443     49.71558     -6.85844
    47.41570     37.60206    -10.38228
    51.28008     45.34371    -10.81445
    56.24634     65.20861    -22.76830
    33.16640     41.19940     -6.84530
    31.68130     13.26550    -28.55530
    42.35604     32.14813     -7.78614
    36.90690     24.60850    -16.54050
    31.69466     21.49113    -11.81361
    23.20924     37.12851     -9.00631
    47.41768     37.60163    -10.37652
    34.66940     31.21382    -11.70547
    55.90230     62.32160    -24.12560
    26.21023     20.88551    -12.35253
    26.22100     20.87733    -12.34436
    42.55380     28.74818    -10.26974
    40.89409     54.45049    -10.11567
    34.86910     46.39373    -10.02614
    44.11016     35.70975    -12.67897
    26.67570     23.94420    -17.96450
    33.43663     37.63244    -17.32014
    37.84355     29.46827     -9.72021
    30.86487     42.92521     -9.72114
    46.72488     38.84830    -14.61803
    24.39683     33.42227    -13.91076
    42.59329     28.70200    -10.50628
    38.01890     41.09383    -18.58010
    52.26210     47.59407    -11.27167
    33.95697     47.93908    -11.33550
    31.74813     42.68011    -12.75418
    41.17366     36.50590     -8.23331
    17.20048     27.33298     -6.61416
    43.61253     35.21332    -12.74944
    49.65210     36.70770    -12.18368
    49.65088     36.70582    -12.18257
    35.47200     36.87094    -14.62667
    31.96907     45.69940    -14.32193
    35.43482     31.55229    -13.10019
    35.70442     20.46480    -14.75824
    41.87734     31.53972    -13.92655
    46.33920     54.49780     -6.72030
    49.86382     45.50032    -10.56308
    45.51189     39.43767     -6.91772
    41.60871     29.16877    -14.92751
    35.66143     20.38807    -14.58622
    17.55293     26.61797     -7.24091
    60.21799     54.49641    -22.46677
    35.67512     20.30523    -14.68631
    33.27849     46.34170    -10.13365
    27.21540     11.38560     -5.57460
    21.27673     23.27764    -10.66646
    21.22411     23.28726    -10.61366
    45.59141     42.94812     -7.85438
    42.84022     41.75493     -9.44462
    35.67196     20.29645    -14.67547
    31.24929     43.59683     -9.57623
    17.86890     33.31230     -3.54400
    29.31370     34.24002    -12.25486
    34.27820     23.30980    -10.11930
    46.91680     37.05580     -7.52600
    39.34418     53.72673    -10.68602
    50.62555     44.76358    -10.94815
    53.94667     50.00009    -12.17954
    34.43110     43.09450    -20.58980
    22.21925     26.08288    -11.90129
    26.99686     38.65162    -12.09377
    20.43353     23.23001     -9.61061
    36.54476     25.11718     -9.13464
    27.29413     38.75094    -12.06940
    36.54439     25.11621     -9.13497
    29.57949     43.36578    -14.08236
    41.72718     31.18617    -14.22047
    33.15528     46.36300    -10.16300
    35.69043     20.44104    -14.71039
    42.13241     39.38478    -11.11198
    40.00699     54.35169    -10.24120
    58.41292     47.54100    -11.12648
    20.78460     29.74560     -9.72620
    43.24610     44.68840    -18.05850
    56.67740     60.55160     -9.56270
    42.44972     32.71647    -13.36102
    51.24571     40.95033    -12.43993
    40.54469     34.16773    -11.47445
    23.84950     21.80500    -18.29680
    50.32134     44.16356    -11.00989
    33.13109     32.36468     -7.42080
    35.69249     20.44340    -14.71593
    36.88729     27.33760    -21.91535
    35.14719     46.55904     -9.98676
    36.54717     25.12840     -9.13893
    41.03823     27.40131     -8.27233
    42.10055     32.52640     -7.67737
    31.18559     34.21710    -15.40459
    42.24066     37.39848    -11.59591
    54.22793     50.13867    -12.41012
    26.27872     20.84434    -12.35674
    49.47780     46.84670     -7.65100
    31.31760     30.96802    -11.87013
    26.21025     20.88546    -12.35279
    53.09451     51.64899     -8.17740
    45.49290     42.95899     -8.18603
    28.44213     24.95416    -14.19353
    37.08402     30.71452    -18.53309
    33.50542     25.87175    -10.01816
    31.07393     37.73087    -23.41453
    18.77018     31.13870     -8.54188
    40.54860     38.45990    -19.46670
    26.84127     38.58457    -12.13787
    36.88607     27.33725    -21.91493
    51.44058     41.21728    -12.63685
    29.55222     42.26407     -5.94242
    48.93602     42.34890    -14.88689
    41.55296     29.19592    -15.13869
    23.20945     37.12856     -9.00495
    45.26310     46.33161    -26.61538
    40.27173     31.51142     -8.37266
    54.48779     46.61988    -13.68613
    42.58218     28.71863    -10.43221
    59.61181     51.80169    -10.04997
    26.21023     20.88545    -12.35315
    36.77664     29.45700     -9.87909
    33.63497     47.24215    -12.29525
    43.94157     35.66896    -12.92253
    49.65083     36.70583    -12.18229
    26.21333     20.88314    -12.35156
    52.05830     52.08280    -12.49850
    45.92299     43.06410     -7.90052
    52.18002     52.05847     -7.88647
    52.15727     52.08880     -7.80919
    42.62192     37.95539     -7.29866
    51.49720     51.13391     -7.98748
    41.37620     26.79190    -13.86710
    52.12537     52.10257     -7.79438
    42.62196     37.95542     -7.29874
    45.47530     58.13070    -13.98000
    51.20374     40.85405    -12.39816
    39.66382     39.17039     -8.58563
    50.75284     64.38933    -24.55131
    45.68870     59.75300     -9.77230
    23.20912     37.12847     -9.00633
    33.51162     25.89026    -10.01582
    43.05144     41.15408    -13.59065
    48.93153     42.35196    -14.89116
    40.76753     27.57880     -8.10223
    50.35910     43.86988    -11.05769
    46.53930     48.89540    -29.01360
    51.22540     38.93523    -13.14365
    42.41824     28.95088     -9.45625
    34.59763     31.15971    -11.16378
    34.67173     46.42748    -10.12770
    41.68979     54.24788    -10.35857
    41.65196     25.08320    -11.14402
    26.76010     18.81160     -7.32450
    36.41709     29.37957    -10.15374
    57.33257     47.87363    -16.86358
    33.71625     26.36999    -20.41673
    39.80080     27.44242     -6.59640
    29.14633     27.27113    -12.61269
    23.13923     23.43799    -13.08972
    17.72098     26.31058     -7.60613
    48.79529     42.35099    -10.04582
    42.25706     37.58460    -11.70425
    51.86505     51.83439     -7.82115
    34.62237     31.16888    -11.27428
    25.31180     35.12183     -8.41366
    27.08315     38.68402    -12.08095
    32.70337     24.79392    -10.56568
    54.86480     59.73460     -8.00220
    29.57702     20.08524    -12.90254
    51.15164     40.81613    -12.35103
    29.29677     42.14079     -6.00899
    59.60889     51.79398    -10.04711
    51.41296     41.92058    -12.57851
    52.14838     52.01699     -7.88983
    52.09112     52.13565     -7.77228
    42.62202     37.95658     -7.29769
    32.00303     26.69348    -11.34123
    41.06950     48.15990    -22.65070
    52.16048     52.08711     -7.81010
    52.16709     52.08477     -7.81110
    26.93207     38.62839    -12.10531
    56.15560     63.33370    -20.96360
    43.83237     35.49094    -12.92479
    32.17513     42.68133    -12.35672
    45.90219     59.31948    -16.49405
    41.03145     29.97772     -6.84357
    28.72240     33.36090    -21.77620
    33.86933     47.77293    -11.55001
    20.89918     23.33201    -10.25659
    26.77680     26.24690     -8.44700
    38.76171     53.11847    -10.64425
    39.03147     32.03745     -8.43730
    37.86971     49.39363    -12.66119
    54.61300     43.71910    -15.58420
    35.70902     35.27899     -7.74664
    48.75998     48.23666    -15.20295
    35.47353     36.87241    -14.62941
    28.51494     39.20356    -11.86902
    36.19826     21.13193    -22.24698
    52.06232     52.10144     -7.79784
    42.09140     29.36241     -8.17528
    51.48947     41.21698    -12.69060
    42.35475     32.22042    -13.93852
    56.74675     65.46867    -23.05050
    29.98150     19.03190    -22.11260
    39.93560     36.78020    -12.50270
    26.78517     38.52475    -11.60271
    41.84985     54.19529    -10.42509
    35.78992     28.13278    -12.65845
    35.70609     20.46762    -14.76339
    29.57593     20.08657    -12.90220
    42.68273     57.25811    -10.30121
    20.14912     23.10278     -9.15368
    35.58298     19.98870    -14.37891
    23.54520     35.59881    -11.47210
    42.51448     28.69967    -11.28783
    58.49440     56.43562     -9.80927
    23.52800     19.46980    -17.71530
    40.69455     38.12101     -9.61850
    53.06292     43.54890    -13.33012
    20.57997     23.56438    -10.06752
    48.75976     48.23644    -15.20213
    36.41699     29.37677    -10.15765
    47.39120     45.32638     -8.81883
    33.71574     26.37009    -20.41640
    49.86133     45.50360    -10.56224
    31.87280     20.59970    -17.55220
    41.84140     25.26080    -20.14920
    44.04025     51.88677    -23.33525
    33.36837     37.12029    -16.83092
    42.16545     29.27181     -8.30705
    18.83446     31.02782     -8.67871
    19.99033     22.80690     -8.67094
    23.85310     18.00990    -15.17350
    42.24972     29.37258     -8.46175
    28.66160     22.63849    -11.79682
    51.07803     45.02137    -10.98486
    29.54705     43.30152    -14.21546
    49.82906     44.39037    -11.58061
    17.13450     27.24183     -6.44745
    53.51439     55.13671     -8.22034
    53.51398     55.13540     -8.21934
    22.60482     21.19540    -10.39465
    38.25333     32.04227    -20.05805
    40.87999     53.04403    -11.06672
    36.58376     29.44998     -9.90898
    38.02364     27.05180     -8.34179
    28.62874     39.32095    -11.67355
    52.33706     41.31382    -13.60927
    26.22209     20.87672    -12.34663
    37.08378     30.71468    -18.53341
    26.21051     20.88543    -12.35275
    32.07479     42.68115    -12.45114
    45.03272     40.63328    -13.12509
    45.26326     46.33181    -26.61551
    43.47669     56.01895    -13.75427
    34.97370     17.34560     -5.57550
    33.60357     44.97354    -12.28635
    24.61870     19.79740    -14.35230
    35.91333     29.49022    -13.37000
    43.75669     36.41271     -8.26773
    20.89887     23.33234    -10.25694
    31.98861     26.68737    -11.35544
    46.92178     43.41492     -8.02936
    36.54446     25.11359     -9.13474
    36.54429     25.11367     -9.13485
    30.86924     30.06070     -7.70434
    20.78430     28.26350     -8.84910
    52.04485     51.99744     -7.91167
    35.73767     20.54056    -14.87013
    31.25502     43.60829     -9.57429
    21.26195     23.28111    -10.65131
    55.73521     56.28122    -14.59034
    55.73521     56.28147    -14.59050
    53.51654     55.14120     -8.22249
    39.13066     32.05749     -8.52657
    35.83686     20.15042    -17.27453
    57.33212     47.87374    -16.86346
    35.82746     28.03544    -12.64402
    29.33955     20.36249    -12.91009
    54.20531     53.17074    -11.72891
    27.50246     26.71566    -23.59692
    39.38393     31.94631     -8.50654
    27.50254     26.71574    -23.59698
    48.79218     42.35439    -10.04213
    39.88480     44.21870    -21.71450
    55.73524     56.28164    -14.59056
    42.24027     37.39796    -11.59638
    26.16194     20.89771    -12.40595
    36.99015     29.45177     -9.87515
    17.47130     26.22080    -16.68800
    42.88373     34.34978    -12.08456
    42.87481     34.34389    -12.07214
    23.20938     37.12851     -9.00731
    53.13607     51.68650     -8.12144
    37.91520     46.93580    -17.84970
    48.35743     49.93540    -11.78651
    50.29322     44.31150    -11.12488
    22.60526     21.19565    -10.39503
    43.13246     41.59696     -9.59104
    54.27882     46.38964    -13.61827
    20.77900     23.76901    -10.46996
    48.76055     35.32574    -11.11357
    21.14350     23.39367    -10.62074
    17.05522     27.72306     -6.96631
    35.60573     20.09309    -14.43885
    23.55223     35.60162    -11.47873
    38.69866     31.87541    -14.09276
    30.22980     15.70690    -15.74770
    42.73826     28.63378    -10.30365
    35.74423     20.55263    -14.89395
    35.16500     31.33740    -20.25100
    21.86010     30.31000    -12.24100
    48.75628     35.36673    -11.19335
    53.96159     50.00325    -12.19265
    45.79350     49.08670    -22.09160
    46.92175     43.41505     -8.02964
    31.39021     43.79290     -9.50553
    35.22898     32.68435     -7.50114
    23.21289     35.46906    -11.21147
    29.56075     43.32782    -14.15978
    42.68757     57.26317    -10.30039
    40.30490     24.11620     -6.60510
    46.87251     44.28556    -14.99067
    59.61439     51.80810    -10.05275
    52.08601     46.79052    -10.87846
    42.11203     38.82374    -12.64991
    50.21645     44.22319    -11.14495
    38.30370     23.94830     -8.91820
    51.83848     49.46508    -10.40610
    35.75236     20.51540    -15.10961
    32.91324     45.06730    -13.07579
    33.47128     25.80855    -10.03387
    31.07428     37.73108    -23.41527
    31.98484     26.68562    -11.35998
    41.31760     52.31690    -14.82860
    40.39177     37.80946     -9.43374
    53.95483     50.00152    -12.18701
    50.10403     57.29592    -23.89547
    17.97766     25.95060     -7.79392
    51.97980     66.01210    -13.33990
    18.60474     25.17938     -8.06108
    31.56763     42.67893    -12.92298
    28.15710     39.06889    -11.93298
    50.79858     64.61581    -15.10053
    52.34143     59.66535    -23.63602
    56.07605     65.08891    -22.69580
    40.45365     32.47916    -12.21119
    45.19675     37.90300    -13.15851
    26.06515     37.98583     -8.37551
    41.41570     53.02850     -7.48610
    45.56780     26.47630    -13.16380
    39.40110     40.90210     -9.53460
    30.33820     37.81790    -19.32930
    32.82340     36.71140     -9.76700
    40.41619     54.61272     -9.92264
    42.46341     30.54347     -7.93690
    38.62867     29.35287     -9.73453
    45.51063     42.96984     -8.28933
    48.79233     42.35570    -10.04177
    47.19286     45.27618     -8.81196
    26.21408     20.88298    -12.35232
    41.65164     25.08300    -11.14468
    29.92124     36.22891    -14.00368
    32.53878     22.57764    -10.26168
    48.79057     42.35609    -10.04026
    22.21898     26.08215    -11.90143
    33.40006     37.36408    -17.06114
    30.66160     41.06190    -14.08760
    37.81780     32.79150     -8.25670
    18.77000     31.13892     -8.54267
    31.07389     37.73125    -23.41490
    40.80899     27.02548     -8.14788
    44.04566     35.83740    -12.82597
    42.09181     29.57910     -7.97482
    42.13346     29.48320     -8.14421
    17.31856     27.39836     -6.71502
    18.85365     23.69512     -6.19596
    26.88497     38.59872    -12.12458
    35.47263     36.87086    -14.62735
    45.43115     37.06846     -9.16554
    46.78634     43.36648     -8.01165
    59.61039     51.79688    -10.04922
    39.24202     32.01147     -8.52314
    31.38927     43.79262     -9.50612
    18.85405     23.69518     -6.19574
    23.15820     21.42410     -5.53430
    31.12889     43.37149     -9.62287
    50.64309     44.56670    -10.99336
    51.34372     45.32567    -10.95911
    23.59760     29.32030    -13.29600
    42.90114     34.33268    -12.19940
    48.78944     42.35710    -10.03991
    34.92641     36.01131    -17.26181
    24.86780     14.60160     -8.73950
    41.72747     31.18544    -14.21980
    51.58271     58.18752    -19.00213
    41.66349     29.13881    -14.72283
    35.74657     20.50616    -15.08243
    23.24701     23.72480    -13.22428
    33.47126     25.80858    -10.03386
    29.57350     28.33810    -19.65320
    48.93539     42.34804    -14.88913
    39.54349     53.92177    -10.56436
    49.79440     54.26780    -26.21010
    51.69760     49.63908    -10.14930
    51.73228     49.59543    -10.21411
    51.71671     49.61381    -10.18613
    43.43684     34.36953     -8.58239
    64.62510     57.33450    -26.74960
    41.61091     29.16999    -14.92256
    40.30053     32.77486    -13.97080
    37.48920     37.95930    -10.00680
    30.24730      9.53290    -16.80930
    41.33865     27.25519     -8.54315
    42.77178     39.52527     -6.50118
    35.74420     20.55266    -14.89394
    44.34815     33.19728    -15.57281
    41.15710     25.76320    -17.02690
    31.15247     34.21407    -15.34145
    30.33207     32.13271    -16.13099
    56.27390     53.54740    -12.86100
    33.54895     47.07162    -12.67283
    16.49600     29.29630    -16.03870
    42.83406     34.25956    -12.12695
    54.02084     46.10452    -13.53454
    47.34840     39.36879    -14.69333
    33.47127     25.80912    -10.03394
    52.12525     52.10295     -7.79184
    40.48122     33.69161    -11.56502
    53.51441     55.13676     -8.21971
    29.76309     35.88025    -14.90715
    33.47056     25.81036    -10.03513
    56.27032     65.21820    -22.78331
    48.35762     49.93486    -11.78644
    47.47727     34.54188     -8.63608
    40.12900     23.35350    -20.44900
    23.13963     23.43807    -13.08921
    25.35550     39.39550    -15.87860
    23.50138     24.43015    -13.55518
    30.19360     15.51390    -22.92640
    28.38260     18.26430    -13.36990
    37.71168     21.22877    -17.09983
    20.22849     23.19821     -9.33012
    47.49862     34.55729     -8.51459
    26.81945     38.57392    -12.13808
    52.43970     64.98020    -23.98260
    31.86109     42.67902    -12.65179
    41.98760     42.60780    -23.76900
    45.03286     40.63344    -13.12423
    26.06714     37.98784     -8.37771
    45.03267     40.63347    -13.12446
    33.43432     37.61700    -17.30579
    45.03790     49.15630    -27.34960
    34.82545     31.41527    -13.57330
    41.71447     31.07815    -14.38117
    26.22332     20.87607    -12.34687
    31.35503     43.73722     -9.52181
    30.33182     32.13285    -16.13087
    40.92580     27.62060    -20.48360
    42.62321     37.96453     -7.29633
    37.77550     45.24520    -21.96600
    37.74650     30.73250    -21.58330
    49.53970     57.39132    -22.81949
    42.88980     26.81090    -14.48280
    52.24848     47.44455    -11.25279
    31.70097     35.87759    -15.40087
    31.70107     35.87759    -15.40069
    35.47467     36.87312    -14.63195
    43.47681     56.01855    -13.75483
    42.62079     37.95604     -7.29643
    45.29831     35.90161    -10.91972
    40.25244     32.89028    -14.67704
    42.62152     37.95486     -7.29699
    42.56896     28.70612    -10.71837
    37.69577     32.17895    -12.06741
    42.83362     34.25711    -12.12743
    46.61505     46.32655     -6.55378
    47.41767     37.60164    -10.37648
    40.25253     32.89036    -14.67731
    40.25869     32.86307    -14.51642
    50.32217     44.16264    -11.01074
    32.02910     31.05970     -8.60630
    31.18593     34.21721    -15.40494
    34.51110     24.52160    -19.07710
    53.06230     43.55744    -13.31991
    45.21323     42.84736     -7.30501
    55.23120     49.96620     -3.99030
    32.64296     26.60786     -7.40356
    38.83283     31.63481    -14.23828
    35.46990     18.70809    -14.30386
    48.35669     49.93575    -11.78810
    40.00511     54.34907    -10.24134
    35.72425     27.97998    -12.85509
    48.35712     49.93546    -11.78744
    33.38660     39.33160    -21.26650
    48.73470     61.40290    -11.50270
    35.86924     29.86053    -11.58457
    18.77018     31.13862     -8.54136
    43.43734     34.36708     -8.58142
    49.87039     45.50063    -10.56510
    41.57090     27.12286     -8.74555
    45.90201     59.31922    -16.49405
    27.69900     39.58950     -6.07220
    54.11770     46.21190    -13.56564
    35.89572     28.86875    -18.14411
    34.30893     31.23852    -10.32151
    28.71493     37.94013    -15.11014
    41.17344     36.50550     -8.23359
    33.45730     37.78459    -17.46687
    37.86938     49.39344    -12.66299
    36.14400     37.72220     -9.44070
    16.01460     27.88150    -21.06910
    30.77680     27.94290    -10.40010
    40.61529     34.25323    -11.49228
    40.10687     27.97616     -7.70393
    17.83278     26.25032     -7.01943
    49.75432     57.66259    -22.04497
    42.06682     39.71182    -10.36815
    40.88011     53.04407    -11.06588
    35.74055     20.49662    -15.05902
    25.52350     14.22830    -15.46170
    23.25280     28.10120     -9.25690
    31.36310     42.68292    -13.10413
    48.40598     35.11652    -11.13803
    32.99440     14.82930    -12.25890
    40.51182     34.82603    -12.42159
    50.39519     44.25294    -11.00971
    41.44500     25.02200     -7.22820
    35.73694     20.54110    -14.86645
    41.89600     44.71240    -16.53980
    40.52101     33.01585    -11.82751
    34.98739     46.53156    -10.16341
    46.87391     44.28507    -14.98675
    47.17237     39.22850    -14.66909
    25.93289     37.97443     -8.03281
    35.47375     36.87275    -14.62997
    29.52108     34.17300    -12.53975
    50.11110     44.12199    -11.17893
    47.03619     43.45596     -8.05383
    38.41169     28.09151    -14.98262
    37.53750     35.57940    -10.89980
    34.92637     36.01133    -17.26182
    43.15709     34.67956    -12.32303
    37.69750     32.15619    -12.03679
    43.05100     34.50593    -12.12256
    39.74997     45.54613    -18.71990
    24.52613     33.47284    -13.93693
    26.79310     38.56405    -12.14279
    52.53461     51.91742     -8.00664
    22.64780     24.30780     -8.40420
    43.42147     34.36729     -8.67435
    52.34364     52.46430     -7.46641
    48.79188     42.35480    -10.04207
    34.01799     44.67529    -10.79526
    55.42664     50.84206    -13.33561
    39.22958     32.01752     -8.52497
    20.84940     19.39410    -12.48970
    37.12710     19.25490    -13.25670
    39.12508     32.05343     -8.51664
    21.20543     23.32495    -10.62080
    39.41130     29.35850    -24.47000
    29.23350     19.06460    -10.50650
    43.39905     34.36822     -8.82719
    51.54892     41.71396    -12.73631
    43.70196     35.28191    -12.97039
    40.28057     54.59427     -9.96304
    30.85250     26.72530     -8.67040
    40.36344     27.82703     -7.83609
    39.53308     53.92443    -10.69259
    40.19032     34.15941    -13.91909
    20.33813     24.54432    -10.56213
    42.10251     29.54831     -8.01608
    35.80118     20.65334    -15.12804
    35.72773     20.52247    -14.83590
    48.36380     49.92754    -11.77390
    43.94640     28.53020    -14.08800
    28.39981     39.15697    -11.89185
    53.24106     51.57813     -8.22578
    23.28594     23.81806    -13.26089
    44.34855     33.19732    -15.57229
    53.29760     56.71430    -24.11930
    47.55191     39.48937    -14.73763
    41.61496     29.16659    -14.90634
    42.06678     39.71131    -10.36756
    52.46158     51.90971     -7.99927
    49.85750     46.81460    -14.13820
    26.23733     20.86415    -12.33788
    36.23669     29.54430    -10.69328
    52.17710     64.52120    -13.20430
    63.63890     59.54110    -21.47440
    43.87240     46.62340    -23.87660
    28.55454     38.91397    -12.60585
    41.62911     29.16596    -14.85387
    33.75944     47.54279    -11.87344
    52.14591     47.09347    -11.16782
    35.86837     28.87701    -18.11553
    50.21050     49.60490    -15.33280
    38.01875     41.09393    -18.58037
    36.99018     29.45162     -9.87536
    35.45956     30.39972    -12.46728
    49.22880     39.52600    -14.66970
    36.54461     25.11833     -9.13517
    35.60195     30.16442    -12.43937
    41.89898     38.82198    -13.07676
    18.08720     28.36950    -18.64750
    52.31850     47.76198    -11.32610
    48.75545     35.36709    -11.19502
    39.76564     29.14674    -10.16781
    48.35614     49.93672    -11.78943
    26.99733     38.65235    -12.09431
    58.46324     56.44280     -9.77075
    26.88405     38.59903    -12.12774
    59.59970     51.27030    -15.21760
    36.63240     51.07660     -5.95940
    42.16524     29.26870     -8.30726
    17.24694     27.22758     -6.69178
    32.53879     22.57774    -10.26264
    35.23667     32.67437     -7.50580
    38.44290     46.34840    -21.20660
    39.84291     34.17478    -13.00249
    23.20919     37.12864     -9.00623
    39.74875     33.19097    -18.13137
    35.21890     16.95400    -12.52680
    38.51474     28.03813    -14.97963
    48.76355     35.37832    -11.20317
    38.27440     28.36460    -17.94510
    33.90460     29.79770    -20.04260
    22.83344     34.85919    -11.56104
    35.06057     30.91792    -12.15842
    58.42262     48.84941     -9.99130
    51.66607     45.87129    -10.76792
    42.62543     31.55014     -7.90813
    22.99318     23.12092    -12.99261
    33.06389     46.39185    -10.25425
    42.16284     26.89759     -9.32155
    37.69075     32.08283    -11.90168
    40.27176     31.51140     -8.37273
    42.72104     31.97780    -15.79502
    41.84966     54.19556    -10.42539
    40.60200     44.28370    -25.14600
    43.43918     34.36346     -8.58345
    32.64314     26.60814     -7.40304
    42.37193     32.26199    -13.59474
    43.94032     35.66970    -12.92358
    24.71933     36.05781    -12.38751
    42.16502     26.89561     -9.32477
    33.45728     25.92431    -10.06948
    29.56447     20.09967    -12.90369
    33.43601     37.63001    -17.31726
    28.89630     24.24160    -22.32350
    48.80648     35.34409    -11.12185
    42.45997     32.90860    -13.20550
    26.21036     20.88548    -12.35241
    29.92171     36.22980    -14.00260
    55.73530     56.28146    -14.59098
    23.20933     37.12835     -9.00655
    32.66277     24.76007    -10.60530
    47.11350     57.17400    -19.60400
    36.36170     48.05745     -9.77697
    16.29530     25.38540    -13.04020
    52.34117     59.66555    -23.63538
    15.02922     27.49682    -12.69412
    40.60190     33.99797    -11.47165
    52.14682     52.09382     -7.80239
    54.39980     46.52422    -13.65663
    34.09500     14.30000     -5.67740
    37.33940     29.20870    -21.84140
    35.31170     42.41710    -24.22580
    40.44503     32.75949    -12.28067
    30.12750     13.82510    -22.58130
    49.71874     57.62226    -22.17583
    60.42956     54.52649    -23.02130
    52.17110     48.81070     -7.24050
    22.60491     21.19566    -10.39532
    45.43547     37.07170     -9.17093
    51.70836     41.32532    -12.92198
    40.40268     34.23128    -15.16339
    21.87920     21.46820    -19.03910
    45.26324     46.33188    -26.61561
    50.96330     47.55530     -7.77730
    25.71450     39.31980     -9.21900
    44.92470     31.47050    -10.29290
    35.46990     18.70742    -14.30441
    50.75235     64.38972    -24.54957
    46.61505     46.32635     -6.55382
    43.92690     43.35860    -25.81570
    42.64107     31.74327     -7.90784
    58.47996     56.43899     -9.79192
    48.79034     42.35703    -10.03900
    28.47494     39.18394    -11.88418
    50.68396     59.11990    -23.82798
    29.62637     20.02843    -12.89901
    45.51242     39.43873     -6.91724
    51.24557     40.95134    -12.43956
    48.79156     42.35519    -10.04195
    48.79156     42.35490    -10.04166
    36.54449     25.11616     -9.13454
    41.58677     29.18087    -15.01128
    25.40580     22.24778    -13.37325
    29.22614     42.10570     -6.02294
    42.49962     28.70445    -11.36779
    42.62189     37.95524     -7.30191
    49.72128     36.81622    -12.26409
    40.26055     34.54197    -12.93998
    55.58560     48.26350    -15.06370
    33.31717     25.60499    -10.14113
    38.25318     32.03817    -20.05448
    24.71846     36.05720    -12.38667
    36.51050     41.11700    -17.67680
    27.37580     19.40650    -13.56040
    43.61260     47.63450    -22.50900
    51.09031     45.12427    -10.95975
    57.58050     64.72880    -20.73380
    20.33794     24.54575    -10.56377
    37.70996     29.46570     -9.73560
    20.35113     24.46475    -10.51672
    30.06321     36.24786    -13.76116
    27.60050     32.67590    -17.18070
    48.79106     42.35573    -10.04116
    35.82801     28.03485    -12.64518
    47.62420     47.50910    -26.54980
    40.51409     32.54419    -12.04066
    32.12572     45.59004    -14.12262
    17.71923     26.31800     -7.59298
    45.03235     40.63314    -13.12449
    36.43793     48.16517     -9.76301
    38.25390     32.04237    -20.05839
    32.20810     44.65016     -9.02090
    42.04572     39.77720    -10.22975
    25.92316     21.17796    -12.59729
    31.31790     30.96818    -11.87037
    36.69930     22.92220     -7.11420
    54.49099     46.62243    -13.68857
    32.47614     45.35064    -13.66982
    35.80099     28.29950    -12.72384
    48.25285     39.83946    -10.68159
    48.25309     39.84018    -10.68165
    35.74376     29.90089    -12.50415
    45.81940     50.76700     -8.41320
    42.56610     28.73379    -10.33106
    40.21404     33.29552    -14.64425
    21.18361     23.40426    -10.67788
    40.76884     27.57654     -8.10406
    45.03221     40.63312    -13.12505
    37.69504     32.16476    -12.04428
    36.73988     25.12481    -11.52408
    49.71470     61.23100    -21.37650
    26.01846     38.07001    -12.54245
    33.43486     37.62011    -17.30827
    27.60293     38.86581    -11.99959
    28.87638     34.65548    -11.88855
    40.17342     32.99636    -15.35036
    35.24102     32.66857     -7.50879
    35.69977     20.45786    -14.74466
    30.12240     27.94340     -5.97000
    31.92275     23.09650     -8.03798
    29.14677     27.27137    -12.61261
    35.83709     20.15036    -17.27518
    34.06720     18.10510    -11.82880
    53.06300     43.54762    -13.33182
    15.02945     27.49734    -12.69360
    29.34630     34.09468    -12.18788
    31.69466     21.49083    -11.81422
    28.66116     22.63827    -11.79739
    36.71302     34.25576    -12.09361
    51.20840     45.27251    -10.95275
    34.11797     45.02123    -11.91296
    38.98141     36.21970     -8.36272
    29.92144     36.22920    -14.00419
    31.69458     21.49124    -11.81367
    31.70076     35.87751    -15.40114
    25.12880     21.16947    -13.53880
    29.27663     34.27849    -12.22667
    28.01250     36.51400    -17.31020
    25.20218     39.18467    -13.13572
    52.46231     41.30196    -13.75591
    46.68706     32.79872     -6.87195
    46.68693     32.79863     -6.87203
    46.68711     32.79865     -6.87203
    25.99805     37.97947     -8.20216
    46.00440     61.43460    -21.12490
    53.07942     51.71339     -8.10693
    29.55934     43.32558    -14.16524
    36.43780     48.16554     -9.76052
    47.47361     34.54265     -8.66355
    50.27930     44.11559    -11.01384
    18.17360     26.44880    -13.23670
    35.40305     49.71473     -6.85515
    53.06317     43.55009    -13.32871
    53.51494     55.13753     -8.22052
    54.05961     50.04518    -12.27901
    36.11270     45.26220    -17.48320
    45.10025     43.14441    -10.57279
    17.77024     26.08195     -8.27988
    45.10242     43.14334    -10.56949
    29.92131     36.22876    -14.00436
    37.70929     32.16887    -12.08271
    35.82808     28.03576    -12.63962
    42.62263     28.68435    -10.50886
    27.78770     28.79800    -19.31580
    54.20539     53.17046    -11.72909
    33.41670     41.00530    -19.54690
    48.59885     35.24568    -11.07179
    35.70848     35.28316     -7.74275
    51.87086     41.24629    -13.09937
    26.88356     38.59818    -12.12406
    23.38226     24.08027    -13.38842
    35.15930     33.41870    -13.77510
    29.92163     36.22900    -14.00387
    39.22560     43.62550    -27.10760
    45.43392     37.07030     -9.16832
    42.68440     57.26097    -10.30394
    58.27590     48.50580    -21.62960
    15.02963     27.49772    -12.69382
    46.51326     43.26829     -7.96398
    31.18670     34.21707    -15.40718
    50.33392     44.52293    -11.03983
    41.98788     32.67421     -7.63264
    34.83891     46.28424    -10.01793
    42.09143     29.36247     -8.17567
    31.55522     42.67913    -12.93342
    42.67164     33.93210    -12.37671
    35.71418     20.48568    -14.78924
    35.82787     28.03521    -12.64432
    35.47300     36.87202    -14.62900
    45.42410     53.69910    -18.28400
    34.35298     31.22532    -10.45448
    36.18210     27.21784    -12.59433
    34.15002     46.96377    -11.45943
    52.23492     47.40230    -11.24085
    35.54890     23.84040    -10.64570
    23.09843     35.28205    -11.32093
    22.21907     26.08280    -11.90178
    43.20285     34.63240    -12.45863
    25.31186     35.12159     -8.41616
    33.47133     25.80834    -10.03201
    60.05770     54.47386    -22.04610
    60.18423     54.49178    -22.37799
    42.51825     28.78988    -10.08909
    42.52511     28.78732    -10.11548
    42.70480     34.06949    -12.26878
    18.48024     23.89178    -14.04025
    20.10430     22.30070    -18.06400
    31.53910     37.69300    -16.98645
    42.60648     34.56911    -12.31311
    37.71182     21.22863    -17.09987
    23.14665     23.45227    -13.09294
    51.24996     45.31547    -10.82238
    28.66308     39.35449    -11.62178
    32.73394     45.22525    -13.35445
    32.76083     45.22297    -13.32308
    33.44623     37.70649    -17.39072
    33.98590     27.81760    -10.62090
    35.14749     46.55962     -9.99002
    23.98760     27.03520    -18.04650
    23.11559     35.30679    -11.31097
    50.27015     44.10624    -11.01290
    37.69786     32.14976    -12.02586
    43.39838     34.37006     -8.82615
    42.52067     28.78954    -10.09855
    52.02251     52.03234     -7.80334
    43.55830     40.48090     -4.81850
    17.59669     26.19663     -8.68465
    43.83306     35.48723    -12.92768
    33.98403     48.03749    -11.24598
    26.06200     21.02410    -12.49025
    23.20920     37.12844     -9.00688
    29.92120     36.22847    -14.00592
    36.58612     29.80260     -8.55628
    26.60268     20.76690    -12.39468
    23.05981     35.43255    -11.05583
    33.57246     25.80107     -9.89033
    47.47892     34.54922     -8.64232
    34.60750     38.02690    -21.63930
    18.83434     31.02810     -8.67931
    43.02123     34.46785    -12.18184
    63.52230     57.30985    -23.67272
    37.89978     44.14489    -23.53812
    29.29459     42.13957     -6.00756
    54.95650     45.64500     -8.92050
    39.84506     31.73595     -8.46936
    47.41720     37.60171    -10.37793
    33.13087     32.36478     -7.42118
    29.92119     36.22906    -14.00468
    35.09180     33.91190    -18.83450
    27.19377     38.72520    -12.05700
    47.47928     34.54582     -8.63047
    38.81100     22.74720    -10.33140
    37.69645     32.15827    -12.03680
    40.76688     32.26663    -12.40406
    48.03750     49.49930    -22.54640
    38.75264     27.91347    -14.97514
    40.43855     33.98881    -11.72881
    36.88690     27.33765    -21.91543
    19.34661     30.14340     -9.77006
    34.69810     33.59550    -16.31990
    35.72379     20.45592    -14.98590
    50.59936     44.56589    -11.02456
    42.83346     34.25984    -12.12808
    31.74976     42.68001    -12.75246
    35.00667     31.30326    -12.92393
    50.07243     44.41519    -11.07850
    34.07036     45.11451    -11.61618
    32.04260     44.71850     -5.76230
    32.26410     14.60940     -8.98340
    49.59580     44.38589    -11.87142
    47.45649     34.54188     -8.79572
    56.26578     65.21595    -22.78170
    53.63532     51.09050     -8.73492
    36.43799     48.16514     -9.76183
    25.47998     21.68983    -13.01232
    33.98050     45.01266    -12.10000
    48.45881     45.30960    -17.53213
    27.16220     41.81880     -6.56650
    40.68100     34.59667    -11.60878
    45.47972     42.91097     -7.84546
    18.77020     31.13918     -8.54095
    22.73726     34.65985    -11.72625
    36.79208     29.45912     -9.87707
    18.65952     28.10112     -7.92442
    25.20140     39.18461    -13.13576
    26.16344     20.89764    -12.40434
    35.88719     47.43731     -9.87070
    48.75545     35.36681    -11.19497
    40.82739     38.25830     -9.69832
    23.16282     35.38893    -11.25723
    35.70984     35.27146     -7.75396
    28.71465     37.94041    -15.10952
    35.85326     28.88156    -18.09969
    38.38284     27.34593    -12.06444
    18.48056     23.89142    -14.03985
    22.09320     20.36050    -13.91980
    50.86240     63.58390    -10.17290
    42.68821     28.65773    -10.33157
    29.15750     34.33928    -12.08462
    36.54423     25.11140     -9.13518
    26.29967     20.83476    -12.34534
    58.42282     48.84960     -9.99210
    45.51252     39.43923     -6.91703
    39.32370     35.12960    -22.01330
    25.64148     24.08492    -15.49346
    47.19162     45.27589     -8.81213
    34.02739     43.03408    -17.38524
    23.89290     30.19230    -17.38090
    31.25486     43.60881     -9.57461
    47.13746     39.19540    -14.66672
    55.73525     56.28131    -14.59042
    59.98119     54.46365    -21.84445
    58.42285     48.84958     -9.99180
    56.40812     65.47824    -22.70501
    51.22544     38.93514    -13.14374
    43.75673     36.41281     -8.26810
    41.24120     51.32250    -16.82890
    40.14180     50.56540    -15.18710
    46.31780     59.10500    -13.12020
    20.52432     23.52562     -9.96457
    20.42604     23.34365     -9.69266
    37.86978     49.39339    -12.66003
    48.93786     42.34632    -14.88677
    26.90752     38.60443    -11.97912
    29.11120     15.29010    -10.75820
    51.22546     38.93523    -13.14361
    31.18599     34.21715    -15.40398
    47.06749     45.24483     -8.80697
    48.75985     48.23650    -15.20281
    50.08300     56.19730     -9.08960
    34.02741     43.03402    -17.38546
    42.62218     37.95534     -7.29912
    48.35755     49.93487    -11.78629
    20.06576     22.96628     -8.92278
    31.98675     26.68635    -11.35734
    24.11910     31.65590    -14.19770
    48.78963     42.35699    -10.03999
    51.58279     58.18768    -19.00167
    29.89900     39.27480    -15.11640
    34.59742     31.15987    -11.16406
    34.26220     45.06481    -12.25976
    38.40174     29.39427     -9.64823
    33.96957     47.97848    -11.30052
    20.93739     23.53872    -10.48861
    51.34958     41.02958    -12.54743
    40.69895     38.12537     -9.62173
    18.68482     28.11079     -7.95129
    40.70001     34.80420    -11.81067
    25.43059     22.07921    -13.24829
    54.00120     64.80940    -19.34930
    50.77754     45.13516    -10.88955
    38.25280     32.03193    -20.04883
    30.50810     19.00410     -7.59800
    41.05664     38.46088     -9.92038
    42.55617     33.54507    -12.66094
    50.68384     59.12000    -23.82752
    26.86941     38.59359    -12.13095
    32.69978     24.79194    -10.56937
    19.91350     26.11470     -7.88740
    50.26317     44.11001    -11.01811
    25.93316     37.97361     -8.03413
    51.07740     53.31000    -15.06350
    40.68395     34.61309    -11.63372
    56.56050     60.99320    -19.21710
    38.37233     27.35819    -12.05730
    41.65342     54.26211    -10.33526
    45.03290     31.48270    -15.08140
    52.15470     38.42500    -10.76880
    33.85687     47.54697    -11.71645
    58.97410     64.07940    -21.15830
    37.89982     44.14501    -23.53818
    38.01789     41.09279    -18.58129
    50.52558     57.20875    -24.46606
    45.19665     37.90320    -13.15889
    27.23190     17.19050    -14.70600
    53.06348     43.55006    -13.33014
    45.85810     52.15090    -21.02200
    36.88765     27.33815    -21.91560
    18.77061     31.13855     -8.54111
    32.61824     24.71451    -10.64287
    43.42670     34.38014     -8.57728
    17.73684     26.33911     -7.42691
    54.23221     50.10769    -12.43362
    42.24747     38.80400    -12.39777
    16.96380     23.96540    -10.14870
    43.11356     41.60733     -9.58173
    26.80230     12.92620     -8.95300
    49.72146     36.81600    -12.26400
    35.40161     49.71397     -6.85187
    40.64758     27.62915     -8.02293
    32.99360     28.94420    -10.75110
    50.20088     44.20028    -11.15384
    32.69976     24.79265    -10.56887
    42.59071     28.72001    -10.30501
    41.66229     29.13969    -14.72731
    15.83380     25.39500     -6.60680
    50.66978     57.17391    -24.61456
    37.79792     32.13578    -12.25193
    33.54145     44.99640    -12.57237
    31.35539     43.73695     -9.52193
    46.62733     38.71990    -14.62682
    34.86656     31.17219    -12.14212
    45.47846     42.91090     -7.84225
    42.62330     37.95297     -7.29999
    38.01953     41.09445    -18.57969
    35.75543     20.51937    -15.12448
    52.18374     52.08068     -7.81343
    20.62090     25.06050    -19.23630
    33.74856     44.94994    -12.12087
    53.06478     43.51584    -13.37165
    33.45176     37.74566    -17.42939
    64.60260     55.96750    -25.49600
    57.33261     47.87363    -16.86366
    26.84481     38.58338    -12.13160
    55.10430     56.03850     -8.77580
    33.71667     26.37007    -20.41637
    21.24911     23.32297    -10.66942
    22.21968     26.08352    -11.90218
    18.76539     28.09200     -7.89536
    19.58391     27.42143    -14.39117
    28.44135     24.95321    -14.19563
    35.23612     32.67482     -7.50549
    25.12850     32.76800    -17.31850
    21.20453     23.32722    -10.62118
    54.40033     46.52409    -13.65793
    49.00437     56.78869    -23.49486
    34.86110     25.91790    -13.95890
    49.30620     64.84760    -26.27330
    30.68779     42.53047     -9.78852
    23.38223     24.08031    -13.38848
    60.42100     50.59010    -20.36510
    52.08020     52.12424     -7.77412
    36.08400     29.52441    -10.91617
    18.60501     25.17973     -8.06138
    52.23811     47.39473    -11.24514
    40.02470     24.98110    -13.12710
    21.29537     23.62881    -10.90598
    49.72066     57.49543    -22.80898
    58.90550     50.36640    -17.29480
    42.25518     37.47409    -11.64116
    24.39995     33.42404    -13.91143
    25.89790     32.00640    -13.19250
    31.33950     24.58480     -7.06100
    59.60965     51.79486    -10.04874
    52.15288     41.32865    -13.40416
    42.23482     37.38763    -11.59282
    42.16501     26.89645     -9.32687
    31.37160     34.32400     -9.00520
    50.19370     62.41980    -26.10540
    40.54080     41.92350    -11.80240
    47.33692     39.35557    -14.69357
    17.48702     27.05904     -6.77893
    30.33183     32.13282    -16.13083
    52.29790     47.68976    -11.30618
    18.77081     31.13843     -8.53788
    51.44093     41.21506    -12.63793
    34.49291     31.18900    -10.88144
    35.34730     46.72902     -9.96859
    34.07187     44.84223    -10.99479
    44.37590     30.46530    -13.50520
    29.57360     20.08925    -12.90278
    43.86575     35.53832    -12.94216
    28.44205     24.95410    -14.19326
    49.83630     62.97820    -21.28470
    59.60304     51.77575    -10.04406
    37.87170     49.39330    -12.65265
    49.59897     44.38424    -11.86268
    41.00810     31.56480    -19.21380
    29.67992     19.96802    -12.89342
    53.93899     46.01331    -13.50810
    18.30204     27.98542     -7.66646
    39.77640     26.12720    -22.34250
    37.56120     24.48320     -6.56660
    40.61018     34.29209    -11.54675
    51.42710     41.89945    -12.59618
    30.33189     32.13282    -16.13082
    45.54839     42.93235     -7.85203
    42.77175     39.52468     -6.50095
    48.79301     42.35559    -10.04143
    39.75003     45.54647    -18.71910
