    43.38702     41.45007     -9.71489
    29.13546     42.07127     -6.09137
    39.05445     36.31448     -8.42922
    39.26656     32.16606     -9.03007
    40.22624     32.47401    -13.69288
    43.39227     41.45688     -9.72558
    55.82106     57.28722     -9.83465
    33.30580     17.84170    -15.31120
    52.34402     41.33016    -13.60798
    40.27973     32.97279    -14.82981
    38.02099     27.05367     -8.34676
    43.77301     36.40937     -8.26776
    42.07120     29.45896     -7.89900
    41.49530     50.84940    -19.94120
    43.04681     41.15254    -13.59246
    51.30010     40.88197    -12.48056
    36.19518     21.13327    -22.24545
    53.06498     43.57487    -13.30509
    31.53813     37.69198    -16.97798
    50.79707     64.61462    -15.11042
    18.89125     28.10098     -7.90365
    46.77123     39.04152    -14.55579
    42.20218     37.27257    -11.52413
    48.93708     42.35118    -14.88603
    40.41623     54.72501     -9.76153
    33.85020     20.85440    -17.85220
    40.19905     54.54647    -10.04752
    18.84529     28.12347     -7.98842
    42.60486     28.68515    -10.69258
    21.75553     22.76802    -10.47617
    38.96292     27.81133    -14.95045
    26.29243     20.82610    -12.33710
    35.47403     36.87256    -14.62989
    35.47484     36.87153    -14.63111
    38.75867     31.67927    -14.23834
    33.85888     46.22442     -9.89429
    42.36068     38.98346    -12.02193
    48.84006     42.24608    -10.12828
    25.69943     21.07148    -11.86365
    53.48524     49.80780    -11.83462
    39.66350     39.17062     -8.58605
    31.94449     23.10620     -8.04240
    33.20135     46.33320    -10.06167
    41.47481     27.33201     -8.51960
    40.79541     27.59699     -8.02738
    47.42160     37.59509    -10.37146
    56.20380     62.35240    -17.98270
    42.04305     39.80831    -10.15464
    28.37070     40.67040    -13.65690
    48.25824     39.85113    -10.68021
    26.55536     38.62134    -12.34651
    34.86863     31.42681    -13.59433
    29.60806     20.04116    -12.91171
    31.21234     43.52793     -9.59152
    49.26049     49.01972     -7.45109
    38.94535     31.44319    -14.37494
    33.59417     20.45239    -12.44852
    34.93250     18.55510     -9.84340
    46.50560     40.92520    -10.37440
    25.69908     21.13215    -12.18671
    39.97740     28.46979     -8.36243
    40.22377     28.19537     -8.12744
    28.65759     22.63295    -11.81380
    44.03924     51.88835    -23.34386
    32.66406     22.46551    -10.82945
    20.06839     23.02649     -9.00307
    49.59680     37.17130     -8.03180
    48.25400     39.84296    -10.68114
    30.86559     30.05978     -7.70547
    43.39127     41.45697     -9.72276
    44.85030     47.70500     -5.77110
    57.00105     65.55138    -23.23578
    43.10181     34.66497    -12.46639
    34.92551     36.01289    -17.26612
    42.40262     30.22486     -7.88614
    42.23522     29.70886     -7.93281
    37.74590     26.71980    -18.65540
    40.45569     32.20307    -12.10509
    52.30149     47.81430    -11.26309
    63.52130     57.31173    -23.67889
    52.02880     46.08759     -9.36434
    41.30010     36.23470    -22.85650
    49.83918     36.99454    -12.37256
    36.55177     25.08964     -9.28118
    42.47458     33.68827    -12.42051
    42.57350     33.96259    -12.24384
    45.94254     43.06264     -7.85402
    35.76557     28.17378    -12.32066
    51.68369     41.51582    -12.87459
    54.85209     50.34930    -13.00606
    32.39076     22.70966     -9.67248
    42.56378     57.11400    -10.26547
    55.91130     64.94165    -22.65240
    55.94493     65.02058    -22.61972
    55.94523     65.02083    -22.61984
    21.16785     23.36101    -10.63647
    35.70025     30.30398    -12.19944
    55.90933     64.94033    -22.64030
    33.58170     20.43827    -12.47209
    33.57505     20.43698    -12.47932
    33.58083     20.44014    -12.47207
    53.73854     49.93378    -11.96500
    50.75235     64.38831    -24.54626
    38.95487     36.19703     -8.34119
    30.07457     36.43995    -13.55638
    45.45240     34.36470     -9.65390
    42.61834     37.94192     -7.28531
    42.56595     28.68727    -11.03816
    37.98949     28.33385    -14.95787
    25.31151     35.12364     -8.41699
    56.57331     65.43806    -22.90619
    18.52491     25.28292     -7.98582
    24.37439     33.41549    -13.90633
    38.48761     27.22455    -12.13403
    55.82140     57.28711     -9.82763
    18.63313     28.08709     -7.85990
    55.82157     57.28758     -9.82658
    55.82197     57.28840     -9.82745
    52.49606     51.52457     -9.35063
    47.70320     45.95270    -14.10210
    40.37462     33.87562    -11.46162
    32.73970     25.93380    -17.92810
    36.43179     48.13342     -9.77317
    33.48374     37.96887    -17.65339
    21.27011     23.35010    -10.73877
    51.05239     44.90423    -11.03945
    20.06980     23.03178     -8.98687
    45.61056     42.94051     -7.76188
    28.45642     24.97004    -14.15444
    33.12911     32.35988     -7.41640
    26.36942     20.79080    -12.34260
    30.09097     41.83975    -10.00586
    51.04559     40.67638    -12.27431
    30.54161     42.26080     -9.84570
    49.09206     35.82539    -11.54135
    33.03019     44.97458    -12.99963
    59.61784     51.82653    -10.04929
    33.58738     20.44612    -12.46494
    31.23747     43.62030     -9.58220
    46.20570     32.72890    -11.25580
    50.89182     45.31176    -10.93975
    52.40559     41.30351    -13.67937
    33.71697     26.36873    -20.41292
    57.78140     45.95380    -19.94950
    58.41344     47.54287    -11.12881
    52.36728     52.01658     -7.85841
    18.67370     24.49300    -17.50850
    42.62338     37.94473     -7.30094
    32.58410     28.10750    -21.45320
    37.63026     32.22639    -11.97497
    34.17950     22.68200    -16.91630
    43.13773     34.38123    -10.43653
    53.20788     51.67715     -8.08533
    31.28473     43.68383     -9.57127
    42.19413     28.91121     -8.48022
    48.45675     45.30587    -17.52591
    33.34458     44.79458    -12.34786
    18.00073     27.79807     -7.23435
    36.55948     25.11318     -9.28063
    36.09120     31.10600    -21.94950
    42.44411     41.97317     -9.24413
    45.48548     42.89646     -7.73816
    51.71747     49.65138    -10.20199
    34.57285     46.01159     -9.97760
    53.48841     55.08691     -8.19608
    42.08425     26.96597     -9.19159
    49.82560     36.97478    -12.36089
    31.27558     43.70500     -9.58486
    33.31830     15.36970    -29.73350
    35.05967     46.32627     -9.96429
    39.94964     33.92957    -11.80297
    49.43368     57.33828    -23.61108
    35.55495     20.28928    -14.13920
    35.69264     20.51118    -14.62655
    39.27127     29.16920     -9.45201
    43.39369     41.46957     -9.72609
    40.11399     28.04376     -7.58771
    38.76475     34.25019    -14.03515
    48.13980     62.62900    -16.83150
    29.64203     43.42420    -13.88543
    42.73511     28.63258    -10.33048
    43.74654     35.36051    -13.15383
    25.39583     22.29360    -13.38565
    58.46875     56.44147     -9.78519
    41.92380     46.97900    -10.85520
    56.69980     52.80560     -9.72560
    42.66835     30.85022     -7.93444
    50.71306     57.16363    -24.67357
    45.49925     42.87993     -7.75999
    20.99050     23.39654    -10.45689
    33.31140     25.27377     -9.96783
    31.17543     36.06573    -12.48365
    42.37019     29.04390     -8.86485
    52.37075     51.99709     -7.93966
    36.71351     34.25749    -12.09334
    40.39312     54.68604     -9.75996
    24.09135     33.30375    -13.84751
    33.37236     37.16089    -16.86030
    20.36992     24.76218    -10.71504
    40.03077     54.38729    -10.25713
    37.87025     49.39291    -12.66116
    35.77598     28.37535    -12.72080
    49.25461     49.02228     -7.44141
    35.48063     36.87863    -14.63517
    25.64083     24.08549    -15.50088
    45.46839     42.90234     -7.94199
    31.64043     45.93938    -14.71579
    19.58285     27.42273    -14.39277
    46.84847     44.29551    -15.06320
    38.95142     31.20132    -14.48063
    23.59260     34.84070    -14.41390
    30.94220     23.06340    -14.43650
    35.42818     49.72953     -6.91413
    47.39164     37.60873    -10.45130
    51.45132     45.38548    -10.95238
    56.03065     65.11337    -22.64796
    33.16640     41.19940     -6.84530
    31.68130     13.26550    -28.55530
    42.27468     32.34579     -7.73988
    36.90690     24.60850    -16.54050
    31.69505     21.49222    -11.80983
    23.20861     37.12877     -9.00530
    47.42705     37.60100    -10.34787
    34.61707     31.18125    -11.40786
    55.90230     62.32160    -24.12560
    26.28861     20.82470    -12.33981
    26.32149     20.81264    -12.29549
    42.62408     28.67901    -10.42465
    40.66147     54.66359     -9.76274
    34.83632     46.21920     -9.96713
    44.22982     35.93044    -12.58216
    26.67570     23.94420    -17.96450
    33.46975     37.86214    -17.54118
    37.90339     29.54215     -9.70202
    30.75657     42.64126     -9.75239
    46.64927     38.84393    -14.58091
    24.39353     33.41723    -13.91071
    42.63315     28.65701    -10.79088
    38.02110     41.09517    -18.57570
    52.32164     47.71025    -11.32770
    34.06453     48.19413    -11.09146
    31.62938     42.67423    -12.87937
    41.17555     36.50931     -8.23096
    17.18196     27.33858     -6.33978
    43.56955     35.16895    -13.03031
    49.69135     36.77203    -12.24916
    49.66945     36.73829    -12.22922
    35.44915     36.85173    -14.58484
    31.81175     45.82751    -14.53253
    35.43482     31.55229    -13.10019
    35.64311     20.42661    -14.46812
    41.74400     31.45069    -13.69878
    46.33920     54.49780     -6.72030
    49.84077     45.48004    -10.55644
    45.50540     39.42281     -6.92430
    41.48276     29.21737    -15.35803
    35.50472     20.19302    -13.99159
    17.54261     26.58753     -7.10212
    60.41835     54.52205    -22.99723
    35.53692     20.11275    -14.14895
    33.20535     46.33075    -10.02142
    27.21540     11.38560     -5.57460
    21.34492     23.23319    -10.79964
    21.32630     23.23828    -10.76643
    45.49095     42.89241     -7.75040
    42.62324     41.86937     -9.33800
    35.51827     20.04421    -14.08527
    31.24160     43.61756     -9.58749
    17.86890     33.31230     -3.54400
    29.38382     34.08291    -12.23045
    34.27820     23.30980    -10.11930
    46.91680     37.05580     -7.52600
    39.46778     53.85862    -10.80454
    50.90754     44.90256    -10.99053
    53.73176     49.94891    -11.97521
    34.43110     43.09450    -20.58980
    22.21934     26.08355    -11.89483
    26.96106     38.64264    -12.15617
    20.35170     23.20214     -9.51739
    36.53844     25.13086     -9.04365
    27.20560     38.71491    -12.12758
    36.53184     25.11346     -9.04974
    29.63128     43.51203    -13.83239
    41.70556     31.05973    -14.39570
    33.06020     46.35677    -10.05650
    35.51992     20.22835    -14.06214
    42.15308     39.56237    -10.66016
    39.88903     54.29376    -10.45375
    58.41246     47.53933    -11.12439
    20.78460     29.74560     -9.72620
    43.24610     44.68840    -18.05850
    56.67740     60.55160     -9.56270
    42.56135     32.59243    -13.75474
    51.15019     40.81112    -12.34201
    40.56953     34.05501    -11.11616
    23.84950     21.80500    -18.29680
    50.32949     43.97788    -10.88281
    33.13382     32.36611     -7.41973
    35.53817     20.24101    -14.08221
    36.89258     27.33662    -21.91567
    35.28599     46.54710     -9.87907
    36.57083     25.27347     -9.06655
    41.06771     27.38844     -8.16125
    41.95270     32.72576     -7.60623
    31.24641     34.22206    -15.52770
    42.21923     37.29305    -11.52562
    54.27039     50.13056    -12.45064
    26.40827     20.77469    -12.36598
    49.47780     46.84670     -7.65100
    31.31501     30.96673    -11.86818
    26.28893     20.82369    -12.34440
    53.23520     51.62727     -8.12176
    45.47024     42.90560     -7.91709
    28.44248     24.95487    -14.19542
    37.08597     30.71318    -18.53037
    33.56560     25.98195    -10.00737
    31.07217     37.72751    -23.40824
    18.73679     31.19202     -8.48534
    40.54860     38.45990    -19.46670
    26.77324     38.59889    -12.24602
    36.87071     27.33026    -21.90823
    51.29836     41.20686    -12.46824
    29.55222     42.26407     -5.94242
    48.94944     42.34993    -14.86035
    41.42280     29.23475    -15.63671
    23.21248     37.12965     -8.98105
    45.26136     46.32903    -26.61335
    40.45596     31.38763     -8.26326
    54.60342     46.74064    -13.72117
    42.62214     28.67316    -10.71464
    59.64245     51.89629    -10.06836
    26.28852     20.82351    -12.35086
    36.63883     29.41078     -9.79912
    33.52888     47.10433    -12.60748
    44.00652     35.88684    -12.92862
    49.66857     36.73855    -12.22415
    26.29574     20.81979    -12.34957
    52.05830     52.08280    -12.49850
    45.80895     42.99778     -7.83855
    52.11701     52.11295     -7.87096
    52.03248     52.18317     -7.74645
    42.61930     37.94337     -7.30371
    51.49720     51.13391     -7.98748
    41.37620     26.79190    -13.86710
    52.02740     52.18123     -7.74516
    42.62015     37.94379     -7.30508
    45.47530     58.13070    -13.98000
    51.19387     40.73306    -12.35127
    39.66410     39.17018     -8.58525
    50.75709     64.38662    -24.56797
    45.68870     59.75300     -9.77230
    23.20660     37.12795     -9.00569
    33.54075     26.03696    -10.01866
    43.05559     41.15546    -13.58904
    48.86891     42.40479    -14.93706
    40.84663     27.55998     -7.99467
    50.41393     43.65401    -11.02429
    46.53930     48.89540    -29.01360
    51.22479     38.93578    -13.14341
    42.43665     28.83312     -9.23525
    34.56901     31.13530    -10.98134
    34.77197     46.35133    -10.07318
    41.97768     54.14794    -10.50546
    41.65458     25.08488    -11.13849
    26.76010     18.81160     -7.32450
    36.22327     29.14530    -10.18768
    57.33492     47.87304    -16.86374
    33.71643     26.36941    -20.42174
    39.80080     27.44242     -6.59640
    29.14259     27.26917    -12.61333
    23.06076     23.22154    -12.97480
    17.73597     26.21286     -7.75824
    48.85450     42.28531    -10.11346
    42.27951     37.48505    -11.61777
    51.89180     51.97778     -7.55352
    34.56310     31.14023    -11.00939
    25.31149     35.12303     -8.39154
    26.99813     38.66766    -12.15950
    32.64793     24.72035    -10.60520
    54.86480     59.73460     -8.00220
    29.55943     20.10047    -12.91375
    51.01928     40.68012    -12.26138
    29.27564     42.13415     -6.03547
    59.59006     51.75800    -10.01700
    51.25260     42.15860    -12.35844
    52.07796     52.07835     -7.85408
    51.99303     52.23406     -7.73385
    42.62107     37.96467     -7.28623
    32.16719     26.76423    -11.18020
    41.06950     48.15990    -22.65070
    52.03103     52.17733     -7.74015
    52.14955     52.13523     -7.75807
    26.89670     38.62895    -12.19259
    56.15560     63.33370    -20.96360
    43.84300     35.54879    -13.10491
    32.36074     42.68394    -12.16729
    45.90368     59.32176    -16.49397
    41.03145     29.97772     -6.84357
    28.72240     33.36090    -21.77620
    33.88888     47.89626    -11.42777
    21.03508     23.34663    -10.46720
    26.77680     26.24690     -8.44700
    38.76171     53.11847    -10.64425
    38.79729     31.87010     -8.11465
    37.86237     49.39690    -12.69423
    54.61300     43.71910    -15.58420
    35.70742     35.29801     -7.72729
    48.76197     48.23878    -15.20835
    35.47656     36.87801    -14.63405
    28.64413     39.35809    -11.59526
    36.20102     21.13073    -22.24835
    51.95202     52.21019     -7.85014
    42.06287     29.32864     -7.97705
    51.32373     41.08362    -12.51706
    42.39000     32.13409    -13.92649
    57.00297     65.54965    -23.23248
    29.98150     19.03190    -22.11260
    39.93560     36.78020    -12.50270
    26.81874     38.54583    -11.82664
    41.98206     54.14133    -10.50715
    35.77554     28.24131    -12.72213
    35.67294     20.47717    -14.56044
    29.53996     20.12443    -12.90777
    42.68849     57.26403    -10.30089
    20.12348     23.24424     -9.29343
    35.48096     19.92702    -13.99286
    23.43166     35.62714    -11.29281
    42.47101     28.68531    -11.66168
    58.65589     56.39813    -10.00150
    23.52800     19.46980    -17.71530
    40.74732     38.17715     -9.64495
    53.05844     43.57224    -13.29228
    20.52458     23.64272    -10.07722
    48.75802     48.23485    -15.19368
    36.22158     29.09500    -10.25787
    47.55942     45.36909     -8.82424
    33.70741     26.37119    -20.41578
    49.79602     45.53893    -10.54128
    31.87280     20.59970    -17.55220
    41.84140     25.26080    -20.14920
    44.04116     51.88535    -23.32754
    33.35753     36.98444    -16.73108
    42.07407     29.01543     -8.16498
    18.80862     31.07020     -8.63457
    19.94903     22.68566     -8.48736
    23.85310     18.00990    -15.17350
    42.22492     29.49782     -8.08624
    28.66702     22.64288    -11.78430
    51.21532     44.94231    -11.09083
    29.44963     43.12305    -14.60415
    49.65625     44.51686    -12.31848
    16.88712     27.11863     -6.20851
    53.51154     55.13248     -8.22248
    53.50408     55.10894     -8.20457
    22.60185     21.19255    -10.38875
    38.25376     32.10295    -20.11074
    40.87889     53.04362    -11.07377
    36.52311     29.40329     -9.79160
    38.02601     27.05013     -8.33734
    28.71725     39.40450    -11.54141
    52.51317     41.29384    -13.81131
    26.34102     20.80168    -12.33620
    37.08183     30.71602    -18.53613
    26.29363     20.82326    -12.34370
    32.36262     42.68704    -12.18509
    45.03538     40.63315    -13.13228
    45.26429     46.33250    -26.61560
    43.47559     56.02239    -13.74955
    34.97370     17.34560     -5.57550
    33.45671     44.85816    -12.42899
    24.61870     19.79740    -14.35230
    35.91333     29.49022    -13.37000
    43.74879     36.41341     -8.26469
    21.02958     23.35250    -10.47335
    31.95918     26.67667    -11.37976
    47.07534     43.46957     -8.05030
    36.53306     25.06638     -9.04548
    36.53003     25.06783     -9.04748
    30.87251     30.06152     -7.70333
    20.78430     28.26350     -8.84910
    51.94303     51.98507     -8.02393
    35.85812     20.79813    -15.15430
    31.27892     43.69409     -9.57543
    21.32718     23.24461    -10.76916
    55.73468     56.27783    -14.58663
    55.73462     56.28225    -14.58951
    53.55013     55.21296     -8.26105
    39.08703     32.10481     -8.53091
    35.83494     20.15095    -17.26902
    57.32687     47.87502    -16.86173
    35.78601     28.03405    -12.56549
    29.30636     20.40357    -12.90315
    54.20467     53.17306    -11.72736
    27.50181     26.71490    -23.59639
    39.29256     32.12942     -8.64445
    27.50319     26.71650    -23.59751
    48.79865     42.34634    -10.04720
    39.88480     44.21870    -21.71450
    55.73515     56.28530    -14.59060
    42.21226     37.28366    -11.53404
    26.21536     20.83698    -12.42504
    37.15616     29.51752     -9.76535
    17.47130     26.22080    -16.68800
    42.80821     34.34911    -11.90119
    42.80696     34.35420    -11.90216
    23.21128     37.12876     -9.02330
    53.19036     51.74646     -8.04648
    37.91520     46.93580    -17.84970
    48.35017     49.94897    -11.79785
    50.28701     44.16059    -11.02391
    22.60974     21.19698    -10.39545
    43.30709     41.49973     -9.67432
    54.26233     46.37794    -13.61031
    20.82281     23.78861    -10.48947
    48.88743     35.29826    -10.91974
    21.26059     23.40104    -10.78675
    16.94682     27.87122     -7.11437
    35.48984     19.97131    -13.99915
    23.55782     35.67745    -11.41184
    38.57419     32.14534    -14.00928
    30.22980     15.70690    -15.74770
    42.84534     28.58834    -10.19349
    35.88441     20.83706    -15.24533
    35.16500     31.33740    -20.25100
    21.86010     30.31000    -12.24100
    48.79409     35.34345    -11.18116
    53.86778     49.97395    -12.08090
    45.79350     49.08670    -22.09160
    47.07473     43.47186     -8.05549
    31.39683     43.86234     -9.51777
    35.15359     32.78361     -7.45570
    23.11837     35.52761    -10.99441
    29.55386     43.31309    -14.18562
    42.77535     57.35487    -10.28608
    40.30490     24.11620     -6.60510
    46.87205     44.28503    -14.98969
    59.66854     51.94998    -10.10651
    51.95484     46.39240    -10.96119
    42.17147     38.78901    -12.83934
    50.17563     44.11081    -11.01063
    38.30370     23.94830     -8.91820
    52.20575     48.98814    -11.05790
    35.88139     20.75816    -15.50399
    32.90339     44.93727    -13.02884
    33.55295     25.89308    -10.00628
    31.07849     37.73136    -23.42162
    31.89164     26.64524    -11.46131
    41.31760     52.31690    -14.82860
    40.16873     37.57817     -9.30176
    53.74643     49.94290    -11.97974
    50.01681     57.37270    -24.06017
    18.00814     25.90245     -7.77605
    51.97980     66.01210    -13.33990
    18.67900     25.08056     -8.11225
    31.29861     42.66666    -13.19610
    28.13935     39.07322    -11.89980
    50.79993     64.61688    -15.09168
    52.34359     59.66357    -23.64139
    55.90968     64.94100    -22.63745
    40.21567     32.40158    -12.05438
    45.19766     37.90136    -13.15534
    26.27064     37.99675     -8.92127
    41.41570     53.02850     -7.48610
    45.56780     26.47630    -13.16380
    39.40110     40.90210     -9.53460
    30.33820     37.81790    -19.32930
    32.82340     36.71140     -9.76700
    40.45864     54.75910     -9.69781
    42.43315     30.29874     -7.90182
    38.67532     29.41402     -9.70236
    45.49599     42.93541     -8.38455
    48.80132     42.36977    -10.04078
    47.07346     45.24371     -8.81077
    26.30918     20.81678    -12.36318
    41.64902     25.08132    -11.15021
    29.88663     36.26654    -13.93445
    32.61459     22.51322    -10.49548
    48.76975     42.37682    -10.01357
    22.21442     26.07050    -11.89737
    33.35399     37.06429    -16.74961
    30.66160     41.06190    -14.08760
    37.81780     32.79150     -8.25670
    18.73356     31.19594     -8.49952
    31.07143     37.73433    -23.41484
    40.80899     27.02548     -8.14788
    44.10363     36.12495    -12.71459
    42.05189     29.59656     -7.79631
    42.09242     29.39892     -7.97261
    17.24215     27.38884     -6.43713
    18.85019     23.69459     -6.19790
    26.86826     38.59446    -12.14396
    35.46034     36.85030    -14.59695
    45.39115     37.03971     -9.11937
    47.03721     43.45832     -8.05050
    59.61696     51.81009    -10.05501
    39.13097     32.13939     -8.57813
    31.38007     43.85743     -9.52847
    18.85751     23.69571     -6.19380
    23.15820     21.42410     -5.53430
    31.10985     43.31869     -9.62861
    50.76347     44.47871    -10.98207
    51.45677     45.22219    -11.12300
    23.59760     29.32030    -13.29600
    42.84664     34.33370    -12.06615
    48.74953     42.39483    -10.00740
    34.92712     36.01044    -17.25976
    24.86780     14.60160     -8.73950
    41.71080     31.04674    -14.38353
    51.58205     58.18616    -19.00606
    41.80562     29.04500    -14.21144
    35.86398     20.73405    -15.42624
    23.25451     23.72548    -13.21871
    33.55250     25.89361    -10.00614
    29.57350     28.33810    -19.65320
    48.93819     42.33461    -14.90059
    39.52523     53.91453    -10.74322
    49.79440     54.26780    -26.21010
    51.55412     49.81572     -9.85838
    51.64920     49.69616    -10.07545
    51.55934     49.78360     -9.91190
    43.48353     34.38835     -8.41577
    64.62510     57.33450    -26.74960
    41.52227     29.23943    -15.26906
    40.26175     32.77965    -14.58279
    37.48920     37.95930    -10.00680
    30.24730      9.53290    -16.80930
    41.23465     27.31079     -8.33191
    42.77204     39.53026     -6.50312
    35.88382     20.83754    -15.24512
    44.34479     33.19694    -15.57721
    41.15710     25.76320    -17.02690
    31.01753     34.20774    -15.06571
    30.33496     32.13113    -16.13286
    56.27390     53.54740    -12.86100
    33.51337     46.91217    -13.09922
    16.49600     29.29630    -16.03870
    42.75109     34.24537    -11.95732
    53.90530     45.97718    -13.49843
    47.48834     39.50158    -14.70656
    33.55278     25.90318    -10.00754
    52.02521     52.18801     -7.69965
    40.50901     33.78105    -11.18954
    53.51184     55.13334     -8.21128
    29.76309     35.88025    -14.90715
    33.53993     25.92554    -10.02880
    56.21512     65.16978    -22.76917
    48.35371     49.93929    -11.79653
    47.47344     34.44972     -8.42079
    40.12900     23.35350    -20.44900
    23.06800     23.22303    -12.96571
    25.35550     39.39550    -15.87860
    23.50138     24.43015    -13.55518
    30.19360     15.51390    -22.92640
    28.38260     18.26430    -13.36990
    37.71046     21.22996    -17.09949
    20.14335     23.26870     -9.31434
    47.61963     34.69641     -7.99022
    26.74306     38.54336    -12.22204
    52.43970     64.98020    -23.98260
    32.06307     42.67578    -12.47383
    41.98760     42.60780    -23.76900
    45.03800     40.63599    -13.11688
    26.30632     38.03289     -8.96071
    45.03451     40.63651    -13.12108
    33.44166     37.69366    -17.38257
    45.03790     49.15630    -27.34960
    34.72357     31.43566    -13.72974
    41.70877     30.94433    -14.66894
    26.36308     20.78994    -12.34049
    31.34905     43.77802     -9.53566
    30.33039     32.13367    -16.13073
    40.92580     27.62060    -20.48360
    42.64241     38.10724     -7.26179
    37.77550     45.24520    -21.96600
    37.74650     30.73250    -21.58330
    49.41790     57.31775    -23.58393
    42.88980     26.81090    -14.48280
    52.30070     47.49260    -11.33796
    31.70156     35.87807    -15.40028
    31.70346     35.87804    -15.39720
    35.49709     36.89077    -14.67959
    43.47791     56.01511    -13.75955
    42.59906     37.95489     -7.26367
    45.29831     35.90161    -10.91972
    40.26425     32.87213    -14.83208
    42.61216     37.93377     -7.27365
    42.54864     28.69223    -11.20950
    37.65181     32.34441    -12.20995
    42.74314     34.20141    -11.96592
    46.61502     46.32822     -6.55343
    47.42693     37.60110    -10.34720
    40.26583     32.87353    -14.83689
    40.26405     32.87112    -14.83196
    50.34433     43.96142    -10.89807
    32.02910     31.05970     -8.60630
    31.25251     34.22396    -15.53396
    34.51110     24.52160    -19.07710
    53.05063     43.66655    -13.18322
    45.21323     42.84736     -7.30501
    55.23120     49.96620     -3.99030
    32.64149     26.60555     -7.40799
    38.98443     31.67257    -14.25400
    35.46990     18.71378    -14.29914
    48.33686     49.95534    -11.82640
    39.85537     54.24666    -10.45619
    35.72425     27.97998    -12.85509
    48.34468     49.95002    -11.81440
    33.38660     39.33160    -21.26650
    48.73470     61.40290    -11.50270
    35.73317     30.09166    -11.70867
    18.73671     31.19056     -8.47597
    43.49251     34.34440     -8.39832
    49.95876     45.48558    -10.59270
    41.51815     27.19575     -8.60381
    45.90052     59.31694    -16.49413
    27.69900     39.58950     -6.07220
    53.90628     45.97772    -13.49651
    36.01178     28.83363    -18.26510
    34.27647     31.24097    -10.18207
    28.71725     37.93778    -15.11537
    41.17155     36.50209     -8.23594
    33.48776     37.97289    -17.65300
    37.85651     49.39362    -12.72654
    36.14400     37.72220     -9.44070
    16.01460     27.88150    -21.06910
    30.77680     27.94290    -10.40010
    40.70225     34.22087    -11.14124
    40.09224     28.06882     -7.57415
    17.89912     26.17336     -6.80385
    49.83975     57.78610    -21.24361
    42.03850     39.81274    -10.15982
    40.88121     53.04448    -11.05883
    35.82483     20.68477    -15.31666
    25.52350     14.22830    -15.46170
    23.25280     28.10120     -9.25690
    31.13146     42.71364    -13.26504
    48.39651     35.03966    -11.38487
    32.99440     14.82930    -12.25890
    40.64852     35.02097    -12.29950
    50.47770     44.12356    -10.93141
    41.44500     25.02200     -7.22820
    35.83908     20.77136    -15.07213
    41.89600     44.71240    -16.53980
    40.49964     32.99964    -11.57070
    35.14854     46.63070    -10.25837
    46.89711     44.27624    -14.91930
    47.25426     39.38940    -14.64060
    25.73327     37.96899     -7.50410
    35.48054     36.88411    -14.64409
    29.85181     34.07103    -12.95569
    50.09031     43.92393    -10.95878
    47.18598     43.50655     -8.10807
    38.19683     28.19002    -15.00852
    37.53750     35.57940    -10.89980
    34.92646     36.01077    -17.25992
    43.02584     34.55495    -12.17285
    37.66825     32.14220    -11.96089
    43.11073     34.50833    -11.96130
    39.74943     45.54334    -18.72674
    24.63431     33.51094    -13.95788
    26.69614     38.54285    -12.23917
    52.84490     51.82098     -8.06103
    22.64780     24.30780     -8.40420
    43.43447     34.33721     -8.63109
    52.34364     52.46430     -7.46641
    48.79336     42.35356    -10.04605
    33.94100     44.53725    -10.69707
    55.42664     50.84206    -13.33561
    39.13437     32.14382     -8.59629
    20.84940     19.39410    -12.48970
    37.12710     19.25490    -13.25670
    38.98692     32.03197     -8.35275
    21.31901     23.27722    -10.78768
    39.41130     29.35850    -24.47000
    29.23350     19.06460    -10.50650
    43.44308     34.33014     -8.64405
    51.44989     41.84983    -12.67567
    43.66948     35.14716    -13.26700
    40.38132     54.80338     -9.79803
    30.85250     26.72530     -8.67040
    40.34879     27.87308     -7.71911
    39.61237     54.01888    -10.81360
    40.21099     34.12242    -14.47522
    20.31509     24.60555    -10.58912
    42.07587     29.49282     -7.88523
    35.91460     20.88591    -15.34961
    35.78900     20.69274    -14.92658
    48.43087     49.84707    -11.64086
    43.94640     28.53020    -14.08800
    28.46170     39.20213    -11.80721
    53.25473     51.61399     -8.16572
    23.40632     24.10563    -13.38731
    44.35191     33.19766    -15.56789
    53.29760     56.71430    -24.11930
    47.76042     39.56741    -14.79485
    41.59501     29.17832    -14.97814
    42.03777     39.80359    -10.14913
    52.74488     51.79965     -8.07736
    49.85750     46.81460    -14.13820
    26.36943     20.79220    -12.32475
    36.20175     29.42123    -10.43438
    52.17710     64.52120    -13.20430
    63.63890     59.54110    -21.47440
    43.87240     46.62340    -23.87660
    28.57353     38.88412    -12.67499
    41.75379     29.19840    -14.39359
    33.48305     47.17811    -12.09845
    52.12810     46.97045    -11.20178
    35.86167     28.87920    -18.10912
    50.21050     49.60490    -15.33280
    38.01845     41.09698    -18.58045
    37.15656     29.51498     -9.76908
    35.50686     30.43353    -12.49836
    49.22880     39.52600    -14.66970
    36.53570     25.15148     -9.05325
    35.57474     30.28604    -12.49353
    41.42157     38.87384    -13.73876
    18.08720     28.36950    -18.64750
    52.42417     47.75642    -11.47621
    48.77933     35.34992    -11.21123
    39.76564     29.14674    -10.16781
    48.32702     49.97276    -11.85028
    26.96950     38.65574    -12.16597
    58.29259     56.48179     -9.55245
    26.85161     38.60000    -12.20068
    59.59970     51.27030    -15.21760
    36.63240     51.07660     -5.95940
    42.07035     28.95945     -8.16877
    17.18368     27.21720     -6.40758
    32.61479     22.51493    -10.51277
    35.24606     32.66395     -7.50964
    38.44290     46.34840    -21.20660
    39.59829     34.22557    -12.88613
    23.20778     37.13105     -9.00387
    39.74875     33.19097    -18.13137
    35.21890     16.95400    -12.52680
    38.57801     27.99547    -14.99472
    48.92464     35.55140    -11.35743
    38.27440     28.36460    -17.94510
    33.90460     29.79770    -20.04260
    22.74823     34.69253    -11.63004
    35.05482     30.96820    -12.12132
    58.42021     48.84738     -9.98393
    51.76780     45.92748    -10.90828
    42.79545     31.45042     -7.96504
    22.94328     23.04990    -13.00828
    32.98840     46.45149    -10.52340
    42.23469     26.85673     -9.39330
    37.73052     31.79162    -11.52038
    40.45648     31.38728     -8.26440
    42.72104     31.97780    -15.79502
    41.97860     54.14626    -10.51252
    40.60200     44.28370    -25.14600
    43.52547     34.27950     -8.43475
    32.64461     26.61045     -7.39861
    42.16536     31.88587    -12.87909
    43.98419     35.90011    -12.94754
    24.72673     36.06296    -12.39461
    42.27388     26.82119     -9.45117
    33.42835     26.11074    -10.19304
    29.41376     20.27062    -12.92563
    33.45865     37.81855    -17.48939
    28.89630     24.24160    -22.32350
    48.93847     35.26510    -10.77105
    42.47575     32.99746    -13.23770
    26.29086     20.82404    -12.33768
    29.89514     36.28250    -13.91501
    55.73639     56.28219    -14.59804
    23.21023     37.12591     -9.00972
    32.49937     24.62030    -10.77334
    47.11350     57.17400    -19.60400
    36.47357     48.21613     -9.75378
    16.29530     25.38540    -13.04020
    52.33901     59.66733    -23.63001
    15.02559     27.48876    -12.69869
    40.96712     33.82925    -11.36181
    52.03476     52.18850     -7.70862
    54.54476     46.70268    -13.68609
    34.09500     14.30000     -5.67740
    37.33940     29.20870    -21.84140
    35.31170     42.41710    -24.22580
    40.32689     32.95982    -11.79262
    30.12750     13.82510    -22.58130
    49.80961     57.76578    -21.42272
    60.60094     54.55340    -23.46569
    52.17110     48.81070     -7.24050
    22.60341     21.19717    -10.40080
    45.46859     37.09790     -9.21616
    51.81157     41.44123    -13.01359
    40.40268     34.23128    -15.16339
    21.87920     21.46820    -19.03910
    45.26396     46.33376    -26.61755
    50.96330     47.55530     -7.77730
    25.71450     39.31980     -9.21900
    44.92470     31.47050    -10.29290
    35.46991     18.70174    -14.30913
    50.74833     64.39354    -24.53676
    46.61508     46.32468     -6.55417
    43.92690     43.35860    -25.81570
    42.91045     31.55905     -8.03020
    58.49697     56.43563     -9.81785
    48.76577     42.39367     -9.99110
    28.56973     39.24626    -11.78663
    50.68494     59.11908    -23.83185
    29.80415     19.82781    -12.87510
    45.51486     39.44192     -6.91572
    51.14772     40.82913    -12.33535
    48.78762     42.36057    -10.04404
    48.78757     42.35541    -10.03873
    36.53368     25.11247     -9.04198
    41.42187     29.23344    -15.62955
    25.39056     22.44725    -13.55806
    29.08520     42.02505     -6.01047
    42.38022     28.73225    -12.02453
    42.61874     37.94055     -7.36200
    49.77790     36.90972    -12.32678
    40.13440     34.64770    -13.03869
    55.58560     48.26350    -15.06370
    33.48844     25.79769    -10.04953
    38.25110     32.02942    -20.04674
    24.71106     36.05205    -12.37957
    36.51050     41.11700    -17.67680
    27.37580     19.40650    -13.56040
    43.61260     47.63450    -22.50900
    51.18727     45.11116    -11.04303
    57.58050     64.72880    -20.73380
    20.31170     24.63116    -10.61866
    37.83750     29.53879     -9.71548
    20.32542     24.25397    -10.35632
    30.04120     36.29223    -13.68894
    27.60050     32.67590    -17.18070
    48.77858     42.37031    -10.02978
    35.79590     28.02339    -12.58639
    47.62420     47.50910    -26.54980
    40.44851     32.44219    -11.82662
    32.03132     45.64896    -14.26431
    17.73733     26.21036     -7.73617
    45.02875     40.63062    -13.12148
    36.47057     48.21957     -9.77401
    38.26401     32.10483    -20.11684
    32.20810     44.65016     -9.02090
    42.00482     39.83687    -10.13490
    25.60333     21.35282    -12.69469
    31.32049     30.96947    -11.87232
    36.69930     22.92220     -7.11420
    54.66082     46.78637    -13.76485
    32.56610     45.21228    -13.55044
    35.78032     28.37547    -12.72208
    48.24792     39.82685    -10.68189
    48.25238     39.83986    -10.68304
    35.78229     29.89604    -12.70540
    45.81940     50.76700     -8.41320
    42.62844     28.66983    -10.43567
    40.29404     33.22877    -15.03052
    21.25303     23.42264    -10.79533
    40.87001     27.51945     -8.02747
    45.02618     40.63018    -13.13161
    37.62418     32.29608    -12.09528
    36.73988     25.12481    -11.52408
    49.71470     61.23100    -21.37650
    26.01846     38.07001    -12.54245
    33.45133     37.74951    -17.42717
    27.64208     38.87599    -11.96440
    28.75681     34.80498    -11.80405
    40.18508     32.97803    -15.44970
    35.32422     32.55982     -7.56326
    35.57433     20.32982    -14.26888
    30.12240     27.94340     -5.97000
    31.90331     23.08782     -8.03404
    29.15051     27.27333    -12.61197
    35.83901     20.14983    -17.28068
    34.06720     18.10510    -11.82880
    53.05990     43.54937    -13.32273
    15.02978     27.49812    -12.68949
    29.33391     33.92779    -12.03927
    31.69510     21.48681    -11.82073
    28.65921     22.63887    -11.79457
    36.71259     34.25421    -12.09386
    51.40278     45.32407    -11.08796
    34.33187     45.08817    -12.24445
    38.94190     36.15845     -8.32452
    29.89027     36.27158    -13.94353
    31.69375     21.49418    -11.81094
    31.69778     35.87659    -15.40522
    25.12880     21.16947    -13.53880
    29.26448     34.22579    -12.16313
    28.01250     36.51400    -17.31020
    25.20879     39.18516    -13.13533
    52.57320     41.30898    -13.89799
    46.68746     32.79955     -6.87103
    46.68527     32.79803     -6.87251
    46.68837     32.79842     -6.87246
    25.96731     37.96029     -8.14438
    46.00440     61.43460    -21.12490
    53.14065     51.81627     -7.99150
    29.52864     43.27295    -14.28359
    36.46830     48.22621     -9.72946
    47.40773     34.46352     -8.91365
    50.34076     43.95712    -10.89506
    18.17360     26.44880    -13.23670
    35.40335     49.71417     -6.85508
    53.06284     43.59371    -13.26692
    53.52139     55.14715     -8.22580
    53.99070     49.99870    -12.21656
    36.11270     45.26220    -17.48320
    45.08185     43.15350    -10.60077
    17.69199     26.15783     -8.41273
    45.12082     43.13425    -10.54152
    29.88795     36.26384    -13.94655
    37.72820     32.30630    -12.33743
    35.79728     28.03972    -12.48654
    42.74171     28.63287    -10.50019
    27.78770     28.79800    -19.31580
    54.20603     53.16814    -11.73064
    33.41670     41.00530    -19.54690
    48.36372     35.15283    -11.12007
    35.69777     35.37271     -7.65739
    52.05823     41.17237    -13.27218
    26.84290     38.58468    -12.13455
    23.44803     24.24939    -13.47606
    35.15930     33.41870    -13.77510
    29.89379     36.26800    -13.93782
    39.22560     43.62550    -27.10760
    45.44080     37.07284     -9.16926
    42.71849     57.31542    -10.34979
    58.27590     48.50580    -21.62960
    15.03294     27.50499    -12.69336
    46.58438     43.29621     -7.93883
    31.26628     34.22137    -15.57415
    50.35452     44.30314    -10.90844
    41.91911     32.74913     -7.61718
    34.76577     46.09493     -9.82567
    42.06332     29.32984     -7.98408
    31.25610     42.66932    -13.21953
    42.59162     33.91934    -12.26923
    35.75059     20.62583    -14.79912
    35.79340     28.02997    -12.57098
    35.46700     36.87106    -14.62658
    45.42410     53.69910    -18.28400
    34.24933     31.28166    -10.23882
    36.18210     27.21784    -12.59433
    34.46962     46.79622    -11.08577
    52.19543     47.17381    -11.24873
    35.54890     23.84040    -10.64570
    22.95580     35.23570    -11.15363
    22.21612     26.08225    -11.90371
    43.61154     34.78683    -13.07045
    25.31246     35.11861     -8.43636
    33.55385     25.88930     -9.97295
    59.87816     54.44607    -21.57850
    60.14153     54.48435    -22.26892
    42.57689     28.69495    -10.22927
    42.62453     28.69017    -10.37515
    42.55613     34.07847    -12.08539
    18.47760     23.89482    -14.04357
    20.10430     22.30070    -18.06400
    31.53997     37.69392    -16.99402
    42.60648     34.56911    -12.31311
    37.71304     21.22744    -17.10021
    23.10773     23.25941    -12.93349
    51.41148     45.38234    -10.93334
    28.74389     39.43038    -11.51929
    32.85273     45.04427    -13.17438
    32.82440     45.07044    -13.21571
    33.47881     37.96760    -17.63591
    33.98590     27.81760    -10.62090
    35.29137     46.55743     -9.93756
    23.98760     27.03520    -18.04650
    23.08067     35.43061    -11.09054
    50.27129     43.88916    -10.88617
    37.67478     32.02691    -11.76471
    43.43111     34.36326     -8.62543
    42.62021     28.68873    -10.39917
    51.91221     52.01502     -7.73499
    43.55830     40.48090     -4.81850
    17.55407     26.21399     -8.80626
    43.85525     35.48220    -13.15666
    34.05963     48.19582    -11.07264
    26.11269     20.90739    -12.42292
    23.20793     37.12741     -9.01560
    29.88606     36.25861    -13.97461
    36.58612     29.80260     -8.55628
    26.60268     20.76690    -12.39468
    22.97753     35.48542    -10.87526
    33.62265     25.66808     -9.71809
    47.50306     34.58137     -8.53263
    34.60750     38.02690    -21.63930
    18.80655     31.07529     -8.64534
    43.07430     34.50464    -12.08602
    63.52320     57.30817    -23.66721
    37.89942     44.14381    -23.53755
    29.23652     42.11225     -6.00982
    54.95650     45.64500     -8.92050
    40.21945     31.56857     -8.47672
    47.41840     37.60244    -10.37320
    33.12987     32.36781     -7.42647
    29.88575     36.26916    -13.95239
    35.09180     33.91190    -18.83450
    27.16445     38.71927    -12.07624
    47.50940     34.52042     -8.32002
    38.81100     22.74720    -10.33140
    37.64950     32.17960    -11.96110
    40.94443     32.04753    -12.25988
    48.03750     49.49930    -22.54640
    38.94834     27.81131    -14.97637
    40.42867     33.82251    -11.31993
    36.88556     27.33739    -21.91713
    19.34661     30.14340     -9.77006
    34.69810     33.59550    -16.31990
    35.80740     20.64517    -15.23574
    50.64590     44.50481    -10.99473
    42.74038     34.25025    -11.97750
    31.65855     42.67237    -12.84839
    35.03455     31.32286    -13.04347
    49.93928     44.35566    -11.00890
    34.28024     45.23303    -11.28074
    32.04260     44.71850     -5.76230
    32.26410     14.60940     -8.98340
    49.49877     44.34272    -11.83828
    47.35641     34.57449     -9.68953
    56.13379     65.12931    -22.74038
    53.63532     51.09050     -8.73492
    36.47170     48.21910     -9.75293
    25.41010     21.81165    -13.07260
    34.19955     45.04108    -12.32068
    48.46065     45.31293    -17.53769
    27.16220     41.81880     -6.56650
    40.72854     34.42424    -10.94562
    45.43036     42.86608     -7.74106
    18.73715     31.20061     -8.46858
    22.65311     34.44664    -11.98417
    36.74881     29.43252     -9.78476
    18.61741     28.17911     -8.13099
    25.19478     39.18411    -13.13615
    26.24221     20.83569    -12.39606
    35.81775     47.19807     -9.89651
    48.77922     35.34492    -11.21033
    40.91684     38.35523     -9.74203
    23.13422     35.53602    -11.03784
    35.72214     35.16288     -7.85867
    28.71233     37.94277    -15.10429
    35.71191     28.92408    -17.95141
    38.38253     27.34573    -12.06529
    18.48320     23.88838    -14.03653
    22.09320     20.36050    -13.91980
    50.86240     63.58390    -10.17290
    42.79987     28.61185    -10.21496
    28.92921     34.57464    -11.92795
    36.52902     25.02716     -9.05350
    26.43603     20.77610    -12.35544
    58.42377     48.85080     -9.99838
    45.51657     39.45091     -6.91198
    39.32370     35.12960    -22.01330
    25.64207     24.08441    -15.48682
    47.05124     45.23841     -8.81392
    34.02719     43.03461    -17.38333
    23.89290     30.19230    -17.38090
    31.27598     43.70348     -9.58125
    47.11393     39.31424    -14.60647
    55.73535     56.27953    -14.58803
    59.87915     54.45330    -21.57016
    58.42432     48.85041     -9.99289
    56.33425     65.49621    -22.61504
    51.22560     38.93414    -13.14491
    43.74965     36.41522     -8.27129
    41.24120     51.32250    -16.82890
    40.14180     50.56540    -15.18710
    46.31780     59.10500    -13.12020
    20.45007     23.54377     -9.91654
    20.26769     23.33470     -9.48407
    37.86354     49.39272    -12.67329
    48.98250     42.30368    -14.85823
    26.85781     38.56258    -11.85842
    29.11120     15.29010    -10.75820
    51.22591     38.93567    -13.14267
    31.25356     34.22278    -15.51688
    46.85445     45.19512     -8.79031
    48.75961     48.23597    -15.20587
    50.08300     56.19730     -9.08960
    34.02761     43.03349    -17.38737
    42.62399     37.94233     -7.31197
    48.35231     49.93952    -11.79388
    19.97409     22.78390     -8.63901
    31.92580     26.65827    -11.41385
    24.11910     31.65590    -14.19770
    48.75301     42.39284    -10.00883
    51.58345     58.18904    -18.99774
    29.89900     39.27480    -15.11640
    34.56517     31.13829    -10.98643
    34.44576     45.10516    -12.62961
    38.46553     29.47074     -9.61574
    34.06278     48.19634    -11.08517
    21.11474     23.46271    -10.68975
    51.17706     40.86650    -12.36692
    40.82621     38.25532     -9.70296
    18.55397     28.18704     -8.20679
    40.83725     35.13192    -11.92502
    25.39986     22.29067    -13.37344
    54.00120     64.80940    -19.34930
    50.71183     45.26853    -10.87761
    38.24433     31.91754    -19.94542
    30.50810     19.00410     -7.59800
    40.94929     38.39461     -9.74729
    42.44234     33.64703    -12.45767
    50.68286     59.12082    -23.82365
    26.83996     38.59534    -12.20142
    32.58356     24.68466    -10.67144
    19.91350     26.11470     -7.88740
    50.22810     43.92394    -10.89523
    25.73804     37.95423     -7.52788
    51.07740     53.31000    -15.06350
    40.78143     34.71888    -11.39313
    56.56050     60.99320    -19.21710
    38.27855     27.46760    -11.99358
    41.73156     54.24344    -10.31263
    45.03290     31.48270    -15.08140
    52.15470     38.42500    -10.76880
    33.75046     47.41480    -11.77240
    58.97410     64.07940    -21.15830
    37.90018     44.14609    -23.53875
    38.00310     41.07656    -18.59703
    50.70720     57.15838    -24.67900
    45.19574     37.90484    -13.16206
    27.23190     17.19050    -14.70600
    53.06855     43.59306    -13.29252
    45.85810     52.15090    -21.02200
    36.89905     27.34637    -21.92028
    18.74441     31.18931     -8.47142
    32.49555     24.61189    -10.76776
    43.35093     34.51459     -8.29505
    17.78744     26.32219     -7.11077
    54.48428     50.11902    -12.71220
    42.44733     38.50429    -12.32113
    16.96380     23.96540    -10.14870
    43.12727     41.59883     -9.58756
    26.80230     12.92620     -8.95300
    49.78124     36.90578    -12.32513
    35.37757     49.70058     -6.79625
    40.67178     27.66353     -7.92686
    32.99360     28.94420    -10.75110
    50.19943     44.03270    -11.04852
    32.58329     24.69757    -10.66257
    42.66974     28.66010    -10.09493
    41.78418     29.06090    -14.29192
    15.83380     25.39500     -6.60680
    50.88478     57.11537    -24.76757
    37.79769     32.17713    -12.35290
    33.54183     44.90110    -12.66020
    31.35559     43.77322     -9.53788
    46.54502     38.50360    -14.68343
    34.90694     31.15714    -12.24968
    45.40763     42.86488     -7.68352
    42.64419     37.89988     -7.32763
    38.03240     41.10631    -18.56829
    35.88108     20.75842    -15.50484
    52.18158     52.15076     -7.73692
    20.62090     25.06050    -19.23630
    33.79385     44.89014    -12.20826
    53.07507     43.33674    -13.59844
    33.48235     37.96759    -17.64984
    64.60260     55.96750    -25.49600
    57.33552     47.87294    -16.86523
    26.83672     38.57750    -12.13346
    55.10430     56.03850     -8.77580
    33.72413     26.37077    -20.41531
    21.33245     23.29584    -10.83649
    22.22710     26.09505    -11.91076
    18.99853     28.04201     -7.75049
    19.58485     27.42027    -14.38973
    28.42846     24.93784    -14.23316
    35.23626     32.67206     -7.50397
    25.12850     32.76800    -17.31850
    21.30295     23.31788    -10.79452
    54.55415     46.70032    -13.70948
    49.00437     56.78869    -23.49486
    34.86110     25.91790    -13.95890
    49.30620     64.84760    -26.27330
    30.71824     42.42945     -9.78515
    23.44749     24.25015    -13.47715
    60.42100     50.59010    -20.36510
    51.98191     52.22828     -7.77223
    36.00645     29.35340    -10.43657
    18.68396     25.08700     -8.11747
    52.25256     47.21826    -11.32797
    40.02470     24.98110    -13.12710
    21.29537     23.62881    -10.90598
    49.65209     57.58866    -22.73582
    58.90550     50.36640    -17.29480
    42.35046     37.61004    -11.69170
    24.44955     33.44884    -13.92281
    25.89790     32.00640    -13.19250
    31.33950     24.58480     -7.06100
    59.60369     51.77383    -10.04639
    52.34549     41.32624    -13.60885
    42.15157     37.18098    -11.51051
    42.27368     26.83613     -9.48874
    31.37160     34.32400     -9.00520
    50.19370     62.41980    -26.10540
    40.54080     41.92350    -11.80240
    47.64763     39.50283    -14.78320
    17.56255     26.97703     -6.49870
    30.33060     32.13319    -16.12998
    52.38034     48.00459    -11.38318
    18.74798     31.18717     -8.41353
    51.30470     41.16704    -12.48764
    34.43422     31.17549    -10.62659
    35.45082     46.63201     -9.84250
    34.02015     44.63161    -10.71783
    44.37590     30.46530    -13.50520
    29.49810     20.17246    -12.91802
    43.87056     35.51903    -13.12603
    28.44108     24.95374    -14.19064
    49.83630     62.97820    -21.28470
    59.53549     51.57038    -10.00575
    37.89806     49.39101    -12.54100
    49.55560     44.31320    -11.68132
    41.00810     31.56480    -19.21380
    29.92536     19.69573    -12.86465
    53.84545     45.90617    -13.47840
    18.28482     28.08186     -7.84550
    39.77640     26.12720    -22.34250
    37.56120     24.48320     -6.56660
    40.67641     34.25268    -11.21247
    51.37510     41.97277    -12.53303
    30.33165     32.13322    -16.12993
    45.49312     42.87344     -7.77605
    42.77149     39.51969     -6.49901
    48.81360     42.36780    -10.03457
    39.75057     45.54926    -18.71226
