    0 990105 0549 27.0255   243.2948   192.3867     6.7600 0.0     0     0     0
    1 990202 0633 56.8532   269.3601   195.2097     6.0503 0.0     0     1     0
    2 990207 0632 19.8807   214.6974   196.3435    18.5649 0.0     0     2     0
    3 990214 2051 46.3151   301.1449   251.7522    12.2487 0.0     0     3     0
    4 990214 2054 30.9108   301.1510   251.5163    12.6937 0.0     0     4     0
    5 990222 2215 30.3499   258.8274   181.8871    15.1186 0.0     0     5     0
    6 990227 1708 10.9326   154.8047    83.5800     3.9800 0.0     0     6     0
    7 990317 2326 11.3862   272.6076   219.2698     5.5817 0.0     0     7     0
    8 990318 2021 14.6880   255.6526   271.0379    20.2990 0.0     0     8     0
    9 990327 0120 34.6451   212.1426   142.3896    18.6636 0.0     0     9     0
   10 990416 0740 12.1500   179.0222    92.3574    12.2118 0.0     0    10     0
   11 990422 1526 47.9136   241.9282   125.9491    10.9777 0.0     0    11     0
   12 990423 0608  0.4503   171.0982   109.5081    19.4398 0.0     0    12     0
   13 990525 1015 38.4106   219.9404   190.3256    25.9607 0.0     0    13     0
   14 990607 1657 50.0855   262.6578   186.1568    18.1887 0.0     0    14     0
   15 990623 1403 57.1019   277.3268   214.5024    13.9986 0.0     0    15     0
   16 990718 1957 12.0179   247.9102   169.9700    20.1407 0.0     0    16     0
   17 990722 1630 19.1156   262.9216   144.7071    19.1514 0.0     0    17     0
   18 990804 1249 57.7606   230.5787   184.9802     7.1510 0.0     0    18     0
   19 990827 0240 43.5483   240.7664   125.5695    -1.0000 0.0    14    19     0
   20 990829 1252  9.2523   238.9333   162.0079    17.1628 0.0     0    20     0
   21 990830 1626 28.1418   244.6937   187.0652    18.0695 0.0     0    21     0
   22 990830 1641 51.9374   244.8406   187.3284    19.1655 0.0     0    22     0
   23 990906 2342  1.2370   288.8701   210.4926    17.9958 0.0     0    23     0
   24 991009 1154 27.0565   169.7925    95.6019    18.3547 0.0     0    24     0
   25 991009 1212 45.4806   169.7996    93.5753    15.1800 0.0     0    25     0
   26 991015 1656 52.6816   168.8486    96.2929     9.1660 0.0     0    26     0
   27 991029 0939 48.7740   193.7384   103.9497    12.7014 0.0     0    27     0
   28 991104 1538 19.6402   269.9150   215.7466     8.4913 0.0     0    28     0
   29 991107 0931 19.3925   222.5990   189.9246     9.8306 0.0     0    29     0
   30 991126 1142 58.7864   252.9350   194.2115     9.6860 0.0     0    30     0
   31 991130 1906  1.0690   233.6020   201.1561    -0.0069 0.0    14    31     0
   32 991216 0402 11.0190   300.0019   255.1909     5.9624 0.0     0    32     0
   33 991217 1848 27.7502   248.1507   170.6136    19.5958 0.0     0    33     0
   34 991219 1228 53.0166   253.5297   195.9187    13.8681 0.0     0    34     0
   35 991220 0824 48.4849   288.0333   284.7690    25.4051 0.0     0    35     0
   36 991223 0722 44.5535   174.5129   178.7478     9.8452 0.0     0    36     0
   37 990115 0025 18.4122   223.9356   202.1357    20.3988 0.0     0    37     0
   38 990119 0108 59.9678   257.0552   202.3868     8.9336 0.0     0    38     0
   39 990125 0213 34.5666   186.8074   173.1760    10.7520 0.0     0    39     0
   40 990207 0804 46.6908   293.4343   236.3994    11.1205 0.0     0    40     0
   41 990213 1950 55.8757   258.8252   186.3665    12.6167 0.0     0    41     0
   42 990219 1402 50.2893   127.0916   119.6684     9.2696 0.0     0    42     0
   43 990226 2352 23.5160   316.6737   269.3591     9.7401 0.0     0    43     0
   44 990309 1429 57.8960   184.8199   125.8558     6.1019 0.0     0    44     0
   45 990312 0857 43.5838   233.4549   156.2035     7.0420 0.0     0    45     0
   46 990312 1304 47.4599   312.7542   224.2031    22.6627 0.0     0    46     0
   47 990409 2051 12.3912   271.6759   208.0940    17.6613 0.0     0    47     0
   48 990409 2141  0.8471   272.3070   207.7429    15.3580 0.0     0    48     0
   49 990410 1053 58.8687   271.4347   208.6533    18.0008 0.0     0    49     0
   50 990420 0421  3.2777   224.6261   178.4341    10.4100 0.0     0    50     0
   51 990429 0704 22.5630   253.8497   196.0042    20.8445 0.0     0    51     0
   52 990507 1410  4.0521   204.7960   137.4348    14.3670 0.0     0    52     0
   53 990617 0030 47.7171   263.1927   190.5055    19.8593 0.0     0    53     0
   54 990617 0039 17.0580   261.1450   190.6244    17.3086 0.0     0    54     0
   55 990620 1209 22.2340   207.3991   130.8041    14.0799 0.0     0    55     0
   56 990712 1820 28.7179   172.4338   145.7685     4.4075 0.0     0    56     0
   57 990815 1731 52.6132   282.1688   201.7984    15.1411 0.0     0    57     0
   58 990822 1754 13.8272   224.5269   134.4613    17.4247 0.0     0    58     0
   59 990823 0756 33.9777   206.9721   146.2012    15.9353 0.0     0    59     0
   60 990825 0152 46.9843   302.8718   248.1975     8.7438 0.0     0    60     0
   61 990917 1625  8.0799   273.5320   181.3441    13.0709 0.0     0    61     0
   62 990924 0001 12.1415   275.0635   205.0512    18.3555 0.0     0    62     0
   63 991105 0059 28.9164   306.4931   277.4855    12.4492 0.0     0    63     0
   64 991120 0310  2.4042   236.2998   180.5018    16.3419 0.0     0    64     0
   65 991122 1319 26.4128   291.8414   249.7555    11.9396 0.0     0    65     0
   66 991123 1436 16.0403   164.2532   169.4139    19.1705 0.0     0    66     0
   67 991126 0228 50.5900   237.0090   192.4520     6.5000 0.0    14    67     0
   68 991128 2249  9.2058   255.8650   160.8575    14.9458 0.0     0    68     0
   69 991208 0445 58.1588   271.5508   213.2309    15.7788 0.0     0    69     0
   70 991218 1223 29.4449   221.1538   216.6154    24.5587 0.0     0    70     0
   71 991220 1515  6.4181   208.0020   114.7215     8.5538 0.0     0    71     0
   72 991222 0056  4.9641   302.4480   204.2411    14.0213 0.0     0    72     0
   73 990107 0126 43.4383   208.2410   191.2477    22.2621 0.0     0    73     0
   74 990108 0710 40.2299   231.3676   163.0261    15.3550 0.0     0    74     0
   75 990108 0854 18.6542   237.0389   160.5981    14.9806 0.0     0    75     0
   76 990108 1539 59.3420   208.1794   191.0866    17.8682 0.0     0    76     0
   77 990112 0135 31.1069   160.3925    69.9292    10.6317 0.0     0    77     0
   78 990117 0046  0.4180   243.1252   146.2671    14.1305 0.0     0    78     0
   79 990127 0644 26.9322   307.3114   230.9587    20.6252 0.0     0    79     0
   80 990127 0646  0.2831   309.1798   230.3389    17.4509 0.0     0    80     0
   81 990130 1145 32.9024   297.2765   248.6022     8.9941 0.0     0    81     0
   82 990202 2219 36.6138   213.8744   134.9715    17.6250 0.0     0    82     0
   83 990203 0053  6.8382   308.3508   229.8993    19.8553 0.0     0    83     0
   84 990208 0309 19.0706   163.0646   161.1232    21.8532 0.0     0    84     0
   85 990219 0243 37.1860   161.6241   105.0515    14.7135 0.0     0    85     0
   86 990219 0757 11.5546   265.9679   219.2201    10.0893 0.0     0    86     0
   87 990222 1020 15.5362   262.2287   201.4639     7.0109 0.0     0    87     0
   88 990325 0445 34.2396   233.7767   150.7723    12.9097 0.0     0    88     0
   89 990411 0605 26.1330   149.0502    86.7616    12.0829 0.0     0    89     0
   90 990419 0740 53.1499   140.5093   145.3229    26.7247 0.0     0    90     0
   91 990423 0718 57.5083   160.9147    99.0576    15.1599 0.0     0    91     0
   92 990427 2230 26.6847   299.8472   229.0369    18.0848 0.0     0    92     0
   93 990501 0121 20.6433   216.2325   141.8996    17.6718 0.0     0    93     0
   94 990504 1925 40.2721   258.3175   183.2870    18.8225 0.0     0    94     0
   95 990513 1430 36.4319   260.1358   186.5012    13.9326 0.0     0    95     0
   96 990518 0218  5.5204   310.4256   183.9621    14.7407 0.0     0    96     0
   97 990519 2346 47.3519   227.9085   182.4443     9.4646 0.0     0    97     0
   98 990530 1744 25.1541   260.3430   200.4115    12.7076 0.0     0    98     0
   99 990602 0746 12.4512   231.4710   174.3932    19.1114 0.0     0    99     0
  100 990606 0849 55.3006   251.0549   149.5370    16.4051 0.0     0   100     0
  101 990611 0903 52.5292   258.1159   211.4595     6.6128 0.0     0   101     0
  102 990621 0040  2.3128   173.1346   164.7774    18.9143 0.0     0   102     0
  103 990624 1922 42.1118   281.4380   235.1329    23.7555 0.0     0   103     0
  104 990624 2254 46.8265   281.6883   235.7523    22.8044 0.0     0   104     0
  105 990704 2155  9.6972   306.1117   245.5156    19.5916 0.0     0   105     0
  106 990705 2116 12.6333   285.0681   224.9559     6.9002 0.0     0   106     0
  107 990711 1426 14.9754   188.3096   117.1428    13.7525 0.0     0   107     0
  108 990712 1316 41.6875   266.6667   237.4256     3.6764 0.0     0   108     0
  109 990712 1725  7.1679   305.5929   241.3649    11.2447 0.0     0   109     0
  110 990719 1231 53.9202   188.2117   117.9267     9.9242 0.0     0   110     0
  111 990725 1243 55.1291   251.8612   197.8228    15.0072 0.0     0   111     0
  112 990807 1236 46.2491   225.6897   181.2573    15.7842 0.0     0   112     0
  113 990817 0604 10.3659   277.0591   277.1065    24.1068 0.0     0   113     0
  114 990829 0749  3.7241   138.3146    55.1412     9.6712 0.0     0   114     0
  115 990901 2347  7.7696   229.3248   182.5237    12.6864 0.0     0   115     0
  116 990917 0832  9.9718   162.6738    92.7528    10.4493 0.0     0   116     0
  117 991026 0819 33.6912   282.0271   226.7054    16.8556 0.0     0   117     0
  118 991102 0344 40.4100   318.0253   271.4732    11.4027 0.0     0   118     0
  119 991102 1704 47.5917   258.3670   210.8872     8.7465 0.0     0   119     0
  120 991115 1207 56.5629   291.5414   224.8207    13.1709 0.0     0   120     0
  121 991116 1908 36.2515   237.4690   228.0972    21.2608 0.0     0   121     0
  122 991121 1349 55.0721   269.1950   186.8878    -1.0000 0.0    14   122     0
  123 991121 1850 34.4669   316.3441   208.3021    14.8163 0.0     0   123     0
  124 991124 1839 35.4009   255.0688   168.3286     9.3962 0.0     0   124     0
  125 991204 0308 21.6965   229.4819   183.1876    13.7524 0.0     0   125     0
  126 991226 0859 38.7632   228.6831   182.3968    11.0902 0.0     0   126     0
  127 990102 0410 27.5667   199.9610   190.7537    19.4198 0.0     0   127     0
  128 990112 1856  3.1554   253.4630   181.6531    15.7095 0.0     0   128     0
  129 990116 1441 55.1543   203.7451   217.4040    17.5440 0.0     0   129     0
  130 990203 1431 28.4338   235.4067   180.2850     9.1218 0.0     0   130     0
  131 990210 0902 46.4466   186.1494   121.1697     3.2063 0.0     0   131     0
  132 990211 0820  1.0241   242.7942   152.0063    19.0323 0.0     0   132     0
  133 990221 1014  2.8427   237.2441   190.4653    15.6594 0.0     0   133     0
  134 990221 2221 40.6467   240.6617   148.1469    15.4797 0.0     0   134     0
  135 990223 0812 43.3345   247.4643   204.7410    17.3993 0.0     0   135     0
  136 990224 0958 10.8552   157.0491    92.8393     6.5984 0.0     0   136     0
  137 990306 1030 40.6795   266.2516   236.9265     2.7003 0.0     0   137     0
  138 990313 1955 22.6368   256.3935   199.5835     6.0359 0.0     0   138     0
  139 990314 2041 58.3570   265.8927   212.4106    16.8742 0.0     0   139     0
  140 990316 0500 24.0727   162.8867   153.5047    21.2147 0.0     0   140     0
  141 990324 2013 42.9004   251.4678   184.2108    16.5965 0.0     0   141     0
  142 990327 0729 30.4414   255.7819   188.2237    19.9929 0.0     0   142     0
  143 990327 0735 39.2225   255.4320   187.5089    15.8196 0.0     0   143     0
  144 990327 1623  5.2246   255.7673   186.3688    15.7047 0.0     0   144     0
  145 990328 1530 17.0683   241.4109   198.6607     6.4621 0.0     0   145     0
  146 990401 0817 21.0372   255.8582   186.3316    19.5744 0.0     0   146     0
  147 990403 2135 35.3268   223.2049   190.4650     3.1207 0.0     0   147     0
  148 990404 0031 24.2203   245.8949   177.4536     9.2090 0.0     0   148     0
  149 990404 1423 55.4830   288.3512   217.2137    20.1105 0.0     0   149     0
  150 990408 2332 59.0986   268.0254   186.6989    22.0695 0.0     0   150     0
  151 990409 0131 23.5249   255.6080   188.1930    19.5699 0.0     0   151     0
  152 990413 1122 30.6185   220.4880   200.0152     7.2751 0.0     0   152     0
  153 990423 2331 30.2184   226.2978   113.2876    15.4534 0.0     0   153     0
  154 990428 0302 38.7203   224.4975   182.0837    10.3889 0.0     0   154     0
  155 990428 0339 38.6338   225.9203   182.9152     8.2015 0.0     0   155     0
  156 990430 0649 25.7673   205.2522   196.8165    11.7129 0.0     0   156     0
  157 990509 0910  8.5899   168.0534    91.9960    11.0770 0.0     0   157     0
  158 990512 1217 59.8522   274.7031   236.0014    12.3908 0.0     0   158     0
  159 990516 0055  7.7099   294.3254   269.0924    19.2876 0.0     0   159     0
  160 990522 0736 22.3726   183.1506   127.7875    16.8605 0.0     0   160     0
  161 990525 1117 44.5741   232.1568   183.3799    10.6783 0.0     0   161     0
  162 990529 0724 20.6555   202.8688   202.8620    22.7275 0.0     0   162     0
  163 990601 0250 22.7977   253.7582   189.3295    16.3374 0.0     0   163     0
  164 990609 2020 55.2859   157.4038    72.6242     8.1874 0.0     0   164     0
  165 990614 0617 29.9133   256.3738   155.3612    16.5352 0.0     0   165     0
  166 990704 1047 24.8649   236.1957   185.3336    19.2605 0.0     0   166     0
  167 990707 1503 33.7806   251.6711   189.6811    23.3065 0.0     0   167     0
  168 990711 0004 29.5702   290.8244   248.2716    25.2638 0.0     0   168     0
  169 990711 0022 18.8380   291.4743   249.7906    22.3049 0.0     0   169     0
  170 990711 0248  5.9260   290.6173   249.5301    25.4114 0.0     0   170     0
  171 990711 2224 10.2290   306.3615   223.5136    19.6126 0.0     0   171     0
  172 990717 0819 11.2605   287.8820   235.9415    14.2565 0.0     0   172     0
  173 990717 1530 25.5093   291.4890   247.7144    21.9469 0.0     0   173     0
  174 990719 2332 38.0034   180.8446   106.4492    18.5159 0.0     0   174     0
  175 990725 0215 52.8613   257.1733   214.0811    16.2347 0.0     0   175     0
  176 990801 0740 13.6583   237.4267   185.1637     7.2665 0.0     0   176     0
  177 990808 0041 48.2827   200.1027   130.8094    14.2989 0.0     0   177     0
  178 990813 0704 19.7170   174.7142   122.5760    12.3233 0.0     0   178     0
  179 990813 1337  1.2010   248.2264   195.0835    12.4306 0.0     0   179     0
  180 990814 0221 27.4966   217.9915   173.2874     4.6829 0.0     0   180     0
  181 990814 1948 19.7467   186.2836   169.9199    18.3044 0.0     0   181     0
  182 990822 2003 36.7865   260.2124   198.8057    25.1471 0.0     0   182     0
  183 990825 1053  8.8524   273.8669   196.5099    11.1432 0.0     0   183     0
  184 990901 2302 49.6049   240.1649   183.1454    19.9192 0.0     0   184     0
  185 990901 2315 42.6366   240.1079   182.5661    18.7341 0.0     0   185     0
  186 990902 0757 21.5038   169.3811    96.1178     7.7650 0.0     0   186     0
  187 990905 2013 16.7638   194.7815   186.0219    17.1156 0.0     0   187     0
  188 990906 0846 40.7603   192.4131   125.9122     1.0800 0.0     0   188     0
  189 990907 0606 54.5946   220.8011   122.6565    11.8240 0.0     0   189     0
  190 990916 2132 31.7600   300.6570   246.9614    23.3295 0.0     0   190     0
  191 990919 0322 50.0890   212.3026   182.7800    17.9216 0.0     0   191     0
  192 990922 1723 50.1458   247.4054   194.7770    18.8493 0.0     0   192     0
  193 991005 2009 50.9928   268.0995   168.3161    11.4257 0.0     0   193     0
  194 991010 1139 12.0058   226.6657   202.3055    17.4251 0.0     0   194     0
  195 991020 2249 56.2902   235.3326   217.7238     9.4090 0.0     0   195     0
  196 991023 0940  7.6211   260.7870   219.0416     7.4304 0.0     0   196     0
  197 991023 1052 52.0838   231.5630   110.2017     9.9559 0.0     0   197     0
  198 991104 2030 45.9772   163.9251    90.7583     9.3114 0.0     0   198     0
  199 991104 2217 39.7080   279.6071   187.1832    15.6775 0.0     0   199     0
  200 991104 2219  8.5863   280.1084   187.0222    15.0224 0.0     0   200     0
  201 991108 0515  7.5868   154.2845    97.4051     4.6536 0.0     0   201     0
  202 991108 0846 51.5698   323.3155   267.6258     6.2000 0.0     0   202     0
  203 991110 0838 22.9932   173.7065   175.1167    21.8256 0.0     0   203     0
  204 991110 2356 36.4742   228.2764   149.3039    13.2277 0.0     0   204     0
  205 991111 0702 40.5592   262.5707   203.5840    17.5403 0.0     0   205     0
  206 991129 1520 35.2703   273.8512   192.3429    21.8173 0.0     0   206     0
  207 991206 1453  6.0435   162.7282    96.1428     7.0626 0.0     0   207     0
  208 991207 0404 48.4732   236.2275   237.1984    23.3770 0.0     0   208     0
  209 991208 0928  7.7107   167.4723    96.7500     9.4842 0.0     0   209     0
  210 991211 0630 45.4126   213.8662   183.9804    17.2336 0.0     0   210     0
  211 991213 0039 30.3029   232.7493   166.8494    20.5506 0.0     0   211     0
  212 991214 0713 20.3564   256.6960   210.3378    18.4110 0.0     0   212     0
  213 991215 1020 21.2792   241.2191   211.3303    18.3470 0.0     0   213     0
  214 991216 1122 41.7717   262.1809   200.3720    18.4288 0.0     0   214     0
  215 991226 0727 43.7660   206.2454   127.8894    10.1339 0.0     0   215     0
  216 991229 1339 11.2320   277.9550   220.6759    20.6058 0.0     0   216     0
  217 990108 2327 51.7681   262.3990   156.6512     7.8307 0.0     0   217     0
  218 990108 2347 10.2564   259.5235   157.7727    10.3222 0.0     0   218     0
  219 990109 0003 28.7425   261.1198   157.0355    15.8298 0.0     0   219     0
  220 990109 0016 55.6764   259.8573   157.4016    10.9658 0.0     0   220     0
  221 990109 0024 37.2850   260.6292   156.7272     9.1766 0.0     0   221     0
  222 990109 0107 40.9528   259.2003   156.8460    11.1973 0.0     0   222     0
  223 990109 0115  5.6955   259.7437   157.8719     7.2770 0.0     0   223     0
  224 990109 1921  4.9523   258.8544   158.6847    14.9066 0.0     0   224     0
  225 990109 2211 24.9014   261.1413   157.5789    10.2101 0.0     0   225     0
  226 990111 1221 59.3795   255.9667   174.6848    15.0380 0.0     0   226     0
  227 990118 0547 51.7898   211.2894   143.4079    12.8167 0.0     0   227     0
  228 990207 0839 30.0287   319.2038   270.5417     6.8617 0.0     0   228     0
  229 990207 1054 11.4127   186.5462   168.0753    -0.9552 0.0     0   229     0
  230 990211 2013  9.6472   239.4682   195.5813    13.5271 0.0     0   230     0
  231 990211 2213 12.1123   248.5062   177.9425    18.6023 0.0     0   231     0
  232 990212 1447 39.0387   276.7003   205.6480    10.6242 0.0     0   232     0
  233 990213 0553  1.6622   216.4407   164.6291    10.5680 0.0     0   233     0
  234 990214 0404 52.7035   246.4190   191.8913     7.6528 0.0     0   234     0
  235 990214 1140 47.3507   311.8584   247.6500    10.7537 0.0     0   235     0
  236 990217 1130 24.0519   321.4380   271.8900    11.3099 0.0     0   236     0
  237 990218 0037 45.7192   293.1930   164.0386     1.4661 0.0     0   237     0
  238 990218 1647 56.6080   166.3766   174.3627    17.5152 0.0     0   238     0
  239 990220 2031  2.6011   311.2570   222.7522    20.3773 0.0     0   239     0
  240 990302 1828 10.7839   319.8628   272.2605    11.4974 0.0     0   240     0
  241 990309 1158 56.3696   313.4953   250.6427     5.8020 0.0     0   241     0
  242 990311 1639 32.7437   277.0294   217.3357    15.5176 0.0     0   242     0
  243 990324 0422 40.6460   172.2268   120.3005     7.9988 0.0     0   243     0
  244 990331 0245 30.0623   260.2224   147.8932     7.9115 0.0     0   244     0
  245 990402 0010 11.3287   272.0876   190.4416    19.4553 0.0     0   245     0
  246 990402 1718 35.6304   272.7968   185.9958     6.4916 0.0     0   246     0
  247 990423 0101 16.8169   256.4649   212.4097    18.7840 0.0     0   247     0
  248 990424 0008 47.6642   297.6445   250.4930    17.5930 0.0     0   248     0
  249 990501 0034 52.1925   213.5328   140.1817    17.6798 0.0     0   249     0
  250 990502 1113 32.1378   297.4942   250.1547    16.3211 0.0     0   250     0
  251 990505 0819 26.9640   177.5206   115.8248     7.6892 0.0     0   251     0
  252 990519 1121 57.4520   262.8185   218.3165     3.4511 0.0     0   252     0
  253 990520 0718 36.5649   180.4177   121.8207    -1.0000 0.0    14   253     0
  254 990521 0351 22.0377   170.7494   114.8278    12.5071 0.0     0   254     0
  255 990523 0932 52.1180   252.6825   161.3675    10.0382 0.0     0   255     0
  256 990526 0953 40.9426   282.1189   224.7118     9.7256 0.0     0   256     0
  257 990527 1506 26.1520   277.8838   204.6880    16.1533 0.0     0   257     0
  258 990603 1547 53.3736   162.7403   151.2100    13.9505 0.0     0   258     0
  259 990614 0154 59.6702   234.0950   171.3132    10.5822 0.0     0   259     0
  260 990614 1210 40.5656   213.9281   164.5872    14.6505 0.0     0   260     0
  261 990614 1337 51.7578   302.4674   254.4067    18.3779 0.0     0   261     0
  262 990616 0900 44.6733   142.4690    68.6607    11.7571 0.0     0   262     0
  263 990618 1036 28.6540   263.1530   189.1773     9.9113 0.0     0   263     0
  264 990620 0750 18.8572   257.4739   217.7775     6.7056 0.0     0   264     0
  265 990622 1648  3.4552   262.6220   199.2202    11.7707 0.0     0   265     0
  266 990630 1257 31.6737   323.1127   253.7796    18.3021 0.0     0   266     0
  267 990703 1128  8.7671   249.2796   201.5147    15.7174 0.0     0   267     0
  268 990715 1315 29.4329   263.2815   199.9031    12.1687 0.0     0   268     0
  269 990726 1927 26.5028   192.0430   147.4523    18.7228 0.0     0   269     0
  270 990727 0437 17.8379   188.7871   171.6147    19.4821 0.0     0   270     0
  271 990729 0233  1.1302   168.9642   104.1889    14.5977 0.0     0   271     0
  272 990807 0654 41.4762   188.9514   155.1104    15.6919 0.0     0   272     0
  273 990814 0638 38.3989   274.0747   209.7305    11.3710 0.0     0   273     0
  274 990814 1706 45.4795   233.4282   143.7820    14.0860 0.0     0   274     0
  275 990823 2200 28.3337   307.9804   283.8655    17.8285 0.0     0   275     0
  276 990910 0535 20.1013   258.7411   151.1394    11.2261 0.0     0   276     0
  277 990915 2340 59.4235   257.5492   160.0711     9.4994 0.0     0   277     0
  278 990915 2342 53.3386   257.2090   160.3345     4.3612 0.0     0   278     0
  279 991001 0749 43.7390   285.5515   253.2593     6.0973 0.0     0   279     0
  280 991004 1155 24.4762   254.8207   167.8058    -1.0000 0.0    14   280     0
  281 991008 2201 48.2543   195.7288   154.1379    15.3726 0.0     0   281     0
  282 991013 0917 26.0754   142.0822    51.2383    12.4111 0.0     0   282     0
  283 991014 2217 12.9594   178.9062    90.6168     6.2916 0.0     0   283     0
  284 991019 0856 47.1177   261.6676   181.6661    11.9954 0.0     0   284     0
  285 991025 0023 52.8638   195.8214   182.2521    20.3414 0.0     0   285     0
  286 991027 1537 53.8815   255.7707   192.5508    15.5907 0.0     0   286     0
  287 991101 1307 41.0636   267.7993   208.0924    10.7495 0.0     0   287     0
  288 991101 1634 16.2880   299.1926   268.4876    21.5648 0.0     0   288     0
  289 991108 1844 18.9750   204.1770   180.7304    15.7477 0.0     0   289     0
  290 991117 0721 46.4835   233.6813   187.3185     8.8452 0.0     0   290     0
  291 991201 0918 28.8605   261.3547   210.7788     8.9443 0.0     0   291     0
  292 991204 0300  1.6198   241.7576   186.3006    10.2510 0.0     0   292     0
  293 991217 0422 11.6504   169.5483   173.9461    11.9300 0.0     0   293     0
  294 990106 0430  8.0640   270.2323   216.2404     6.6300 0.0     0   294     0
  295 990117 1130 24.7895   255.3781   213.9157    20.7896 0.0     0   295     0
  296 990118 0425 36.3007   248.4923   237.5247    19.1479 0.0     0   296     0
  297 990119 1138 26.0554   312.2115   200.8685     5.4949 0.0     0   297     0
  298 990123 1028 12.4517   208.4174   146.7410    12.6999 0.0     0   298     0
  299 990215 0446 19.8720   183.2403   178.0829    17.4004 0.0     0   299     0
  300 990227 0505  5.5528   279.9304   214.9173    15.5776 0.0     0   300     0
  301 990304 0928  3.5463   229.7778   170.0781    15.6695 0.0     0   301     0
  302 990310 1052 23.1120   221.3388   144.1003    11.8878 0.0     0   302     0
  303 990313 0124 48.8454   235.2993   188.3651    18.4011 0.0     0   303     0
  304 990316 0043 58.3417   210.4648   160.0806    18.8857 0.0     0   304     0
  305 990316 0905 52.8809   318.7738   264.9271     6.1100 0.0     0   305     0
  306 990401 2215 23.6011   169.7220   120.0377     7.6196 0.0     0   306     0
  307 990403 1013  7.4503   309.1501   247.0988    19.3848 0.0     0   307     0
  308 990420 1525 47.9428   199.3454   152.7623    13.5139 0.0     0   308     0
  309 990430 1734 50.0154   229.7726   164.9517    13.6582 0.0     0   309     0
  310 990503 1447 15.4458   253.1940   194.3285     8.8515 0.0     0   310     0
  311 990504 0633 29.8526   229.9613   203.2143    21.3398 0.0     0   311     0
  312 990508 0208 54.2460   150.2862    56.2121     8.7283 0.0     0   312     0
  313 990526 1721 45.6887   297.0906   207.0137    13.0734 0.0     0   313     0
  314 990531 0644 24.6340   196.2785   137.1974    17.7435 0.0     0   314     0
  315 990609 0944 22.7285   307.5531   245.6402     8.6774 0.0     0   315     0
  316 990615 0609  2.6007   296.1892   277.4036    18.5247 0.0     0   316     0
  317 990701 0441 14.8906   147.3211    67.1367    14.3793 0.0     0   317     0
  318 990709 1151 58.0129   234.6608   183.4767    13.3971 0.0     0   318     0
  319 990711 1453 28.6235   233.1985   184.2202    22.1677 0.0     0   319     0
  320 990717 0639 44.3531   248.7766   183.6779    21.8982 0.0     0   320     0
  321 990725 0505 45.8219   197.5806   190.3529    22.4749 0.0     0   321     0
  322 990730 2039  0.2271   279.0233   241.7402    21.2325 0.0     0   322     0
  323 990808 0942 11.5676   268.4636   233.8640    16.1670 0.0     0   323     0
  324 990809 0926  1.0385   242.4694   161.4825     7.7179 0.0     0   324     0
  325 990820 2254 25.7976   259.8154   226.2595    10.6359 0.0     0   325     0
  326 990825 0538 36.5690   220.8716   177.6606    11.0393 0.0     0   326     0
  327 990827 2351 55.5500   233.5266   247.1600    11.4800 0.0     0   327     0
  328 990903 0957 33.8401   232.1319   183.7968    15.8647 0.0     0   328     0
  329 990903 0957 36.5033   231.3643   184.3042    17.3971 0.0     0   329     0
  330 990907 0518  6.2367   237.1488   180.5649    24.2756 0.0     0   330     0
  331 991004 1816 17.7913   255.5087   185.7886    17.6371 0.0     0   331     0
  332 991005 0904 30.2327   217.9812   164.6380    16.6557 0.0     0   332     0
  333 991202 0059 41.8419   271.4768   208.3128    12.9810 0.0     0   333     0
  334 991202 1331 45.8828   289.5353   236.5578    11.7863 0.0     0   334     0
  335 991229 1251 12.8066   299.0500   267.7740    17.1551 0.0     0   335     0
  336 990119 1736 53.1033   194.7471   118.8112    15.3232 0.0     0   336     0
  337 990128 1138 23.7948   250.4067   148.0558    -0.9431 0.0     0   337     0
  338 990202 1114 36.0290   252.6480   198.4469    14.7897 0.0     0   338     0
  339 990210 2342  8.1963   270.2235   155.8019     7.3910 0.0     0   339     0
  340 990214 1043 38.5823   320.0438   191.9376     5.7860 0.0     0   340     0
  341 990217 1630 32.6450   254.1195   206.6308     3.6159 0.0     0   341     0
  342 990223 1710 44.9744   234.4770   180.8956    16.1444 0.0     0   342     0
  343 990223 1712 54.2561   235.9721   182.4454    12.7800 0.0     0   343     0
  344 990301 0441  5.3842   297.3279   247.8145     9.7987 0.0     0   344     0
  345 990318 0341 35.3056   248.4930   199.5416    12.0012 0.0     0   345     0
  346 990320 1610 55.9841   324.7441   237.8391    26.7551 0.0     0   346     0
  347 990321 0944 39.2500   178.4735   106.2751    15.1900 0.0     0   347     0
  348 990324 0651 47.9204   218.4105   141.0059    15.7504 0.0     0   348     0
  349 990325 1347 16.4357   264.1132   147.1460    11.3533 0.0     0   349     0
  350 990331 1627 44.6925   229.9016   228.6939    16.4761 0.0     0   350     0
  351 990419 2036 48.4013   273.9569   232.1085    22.3701 0.0     0   351     0
  352 990504 2140 37.1695   138.9612    63.2186    11.1900 0.0     0   352     0
  353 990613 1101 58.3152   156.0005   106.5187    10.1820 0.0     0   353     0
  354 990616 2300  0.1699   166.1863   171.0681    20.2473 0.0     0   354     0
  355 990622 0926  4.9805   264.5483   182.9694    10.2705 0.0     0   355     0
  356 990711 1841 10.9301   275.8611   215.5621    15.8778 0.0     0   356     0
  357 990713 0831 13.7077   243.7324   127.0107     4.1404 0.0     0   357     0
  358 990714 2348 29.4937   243.3713   202.0371    16.1142 0.0     0   358     0
  359 990727 0556 27.2540   141.5811    53.9341     4.4147 0.0     0   359     0
  360 990728 1109 39.4667   186.7004   114.7663     6.6169 0.0     0   360     0
  361 990729 1419 42.6935   202.4488   148.1787    10.1300 0.0     0   361     0
  362 990804 1116 48.1108   308.7625   284.8224     4.1809 0.0     0   362     0
  363 990819 2110 33.5917   272.5706   180.0431    10.4574 0.0     0   363     0
  364 990828 0455 10.8570   217.5824   137.3169    14.7902 0.0     0   364     0
  365 990901 0504 12.7755   262.0164   186.8238    15.4275 0.0     0   365     0
  366 990919 2156 44.8581   143.3135    69.3551     4.8547 0.0     0   366     0
  367 991104 0222 27.9123   242.6779   168.9029    -1.0000 0.0    14   367     0
  368 991219 1810 31.2846   237.3500   190.2189    19.1244 0.0     0   368     0
  369 990114 0506 30.5267   326.3506   247.3119    10.3707 0.0     0   369     0
  370 990115 0615 28.9489   327.7287   245.6496     8.7949 0.0     0   370     0
  371 990115 2103 46.3045   292.8883   246.3449     8.0444 0.0     0   371     0
  372 990116 1822 15.1195   326.9574   247.1416     6.5762 0.0     0   372     0
  373 990121 0140 57.7679   294.9128   245.7096     6.4993 0.0     0   373     0
  374 990219 0115 15.3553   246.2384   181.8165    18.2661 0.0     0   374     0
  375 990219 1400  1.7138   253.3059   194.3779    12.0202 0.0     0   375     0
  376 990307 0344 58.1748   294.4268   284.8307    14.7677 0.0     0   376     0
  377 990307 0931 40.4557   253.9132   181.0628    17.1405 0.0     0   377     0
  378 990415 0555 47.2512   313.6007   192.5208     7.9039 0.0     0   378     0
  379 990428 1937 44.3003   266.6235   207.6808     7.7945 0.0     0   379     0
  380 990505 0302 16.8700   278.2487   274.8471    22.8778 0.0     0   380     0
  381 990510 1350 43.2744   215.6459   208.3961     3.5120 0.0     0   381     0
  382 990510 1940 36.9292   168.8568   108.1601     9.1763 0.0     0   382     0
  383 990519 0144 29.1338   204.8219   158.0959    20.2005 0.0     0   383     0
  384 990520 1005 24.4531   177.5393    94.4893     6.4386 0.0     0   384     0
  385 990526 0549 27.4821   219.2502   178.6540    15.9041 0.0     0   385     0
  386 990529 0247 19.0633   250.6136   171.1888    21.0002 0.0     0   386     0
  387 990613 0614 52.4694   199.8282   119.7933    11.9843 0.0     0   387     0
  388 990613 2246  3.0132   209.6960   187.7157    15.1490 0.0     0   388     0
  389 990620 0720 48.8825   257.9157   210.1946    21.1885 0.0     0   389     0
  390 990711 0026 14.3800   290.3923   252.6985    -1.0000 0.0    14   390     0
  391 990714 0731 56.3709   237.2449   187.5472    13.1331 0.0     0   391     0
  392 990718 0931 17.2706   202.4898   123.1625     6.5473 0.0     0   392     0
  393 990729 1533 21.7215   201.4155   138.3524    13.2249 0.0     0   393     0
  394 990731 0744 14.5423   244.4986   125.9430     5.6107 0.0     0   394     0
  395 990817 1759  9.3825   143.6271   113.6714    20.9801 0.0     0   395     0
  396 990818 1532 17.2874   270.2602   178.9549    14.6368 0.0     0   396     0
  397 990908 2214 20.2849   294.3086   255.7112     8.0643 0.0     0   397     0
  398 990924 0721  7.0639   265.3719   204.1514    14.6894 0.0     0   398     0
  399 991009 0427 51.5664   194.8603   115.0280     4.6559 0.0     0   399     0
  400 991014 1110 37.6669   258.0290   192.0625    11.3633 0.0     0   400     0
  401 991019 1530 21.4453   170.1978    95.5544    10.7949 0.0     0   401     0
  402 991021 0110 48.7877   170.0847    94.6638    11.2373 0.0     0   402     0
  403 991022 0630 57.2623   146.8564    65.2926    16.8450 0.0     0   403     0
  404 991025 1044 49.2649   306.2697   234.9117     8.3506 0.0     0   404     0
  405 991028 1046 21.1823   211.7835   192.2852    10.9996 0.0     0   405     0
  406 991030 1454 12.7714   213.1256   111.4576     8.9555 0.0     0   406     0
  407 991103 0653  3.0860   252.3204   176.4104    14.7419 0.0     0   407     0
  408 991103 0706  0.3577   256.3192   174.5986     5.3769 0.0     0   408     0
  409 991110 0954 42.4214   155.1400    94.0839     5.3858 0.0     0   409     0
  410 991111 2306  5.0245   232.8427   187.6236     6.2243 0.0     0   410     0
  411 991115 0852 13.4379   267.5576   164.4396     9.0759 0.0     0   411     0
  412 991121 0512  2.3040   243.4829   179.0730     6.8821 0.0     0   412     0
  413 991122 0533 41.9493   250.1933   177.1288     4.8452 0.0     0   413     0
  414 991125 2015 52.3679   187.1019   173.3507     6.9976 0.0     0   414     0
  415 991201 2239  6.6564   190.0063   118.3065    17.6300 0.0     0   415     0
  416 991203 1515 21.2553   266.7561   189.7487     4.6815 0.0     0   416     0
  417 991205 1610 31.3323   266.3327   190.5681     8.7849 0.0     0   417     0
  418 991214 0215 50.6861   254.1075   210.2454    14.0736 0.0     0   418     0
  419 991222 0256 11.0843   205.7859   164.5923    10.6051 0.0     0   419     0
  420 991227 2001  3.5530   208.0999   146.9955    19.4690 0.0     0   420     0
  421 990104 0201 22.4828   317.7208   268.2026     4.9269 0.0     0   421     0
  422 990214 1036  3.7782   221.6998   155.3461    15.0220 0.0     0   422     0
  423 990307 1030 44.1192   279.7921   234.9055     6.1137 0.0     0   423     0
  424 990313 2249 41.2777   239.8325   184.9062    15.5975 0.0     0   424     0
  425 990317 0847 23.1230   199.7030   151.5159    19.2999 0.0     0   425     0
  426 990318 0145 40.6221   307.3901   223.6959    18.0924 0.0     0   426     0
  427 990321 0723 31.7899   251.6910   215.7386     8.0231 0.0     0   427     0
  428 990323 0847 36.6712   273.3123   229.7002    12.1201 0.0     0   428     0
  429 990330 0920 30.4534   179.1840   181.6987    19.7115 0.0     0   429     0
  430 990402 1117 10.4427   217.5940   165.0054    20.4301 0.0     0   430     0
  431 990425 2001 59.2468   214.5169   112.0062     6.1671 0.0     0   431     0
  432 990426 0417  1.8658   177.0502    91.2844    25.3937 0.0     0   432     0
  433 990505 0129 56.2212   229.0501   151.9854    19.7900 0.0     0   433     0
  434 990614 1127 39.9848   279.3692   251.9016    13.1870 0.0     0   434     0
  435 990704 1623 19.0245   300.9685   255.5379    17.3184 0.0     0   435     0
  436 990719 0502 42.7232   229.7006   229.6350    22.5480 0.0     0   436     0
  437 990803 1134 28.6305   171.7488   105.3494    11.7829 0.0     0   437     0
  438 990808 0351 42.0253   147.1564    76.5731    11.1804 0.0     0   438     0
  439 990812 0416 53.9455   250.2328   157.3957    21.1727 0.0     0   439     0
  440 990926 1916 49.8964   238.7713   229.4009     4.1394 0.0     0   440     0
  441 991020 0211 59.7272   268.5000   283.0636    12.6963 0.0     0   441     0
  442 991021 1744 45.7546   234.2649   184.3114    18.0121 0.0     0   442     0
  443 991024 1227 58.3201   191.3338    92.5657    11.2943 0.0     0   443     0
  444 991025 1448 44.9501   239.5305   143.6703     4.6529 0.0     0   444     0
  445 991110 1203 48.9312   229.0082   189.1956    11.0074 0.0     0   445     0
  446 991110 1716 47.0791   263.2997   199.1598     8.9266 0.0     0   446     0
  447 991118 0937  7.2052   295.6412   247.3105     6.8454 0.0     0   447     0
  448 990108 2119 25.8793   222.0398   142.9674    13.6721 0.0     0   448     0
  449 990115 0202 51.1712   184.9652   128.5159    11.0336 0.0     0   449     0
  450 990128 0151 40.5876   254.6309   142.2879     5.8600 0.0     0   450     0
  451 990213 1135 55.1292   231.6517   163.9643    15.5243 0.0     0   451     0
  452 990220 0110 13.5447   304.7385   270.4305    11.9744 0.0     0   452     0
  453 990312 0956 38.3203   234.0572   205.3622     6.6000 0.0     0   453     0
  454 990322 1410 25.1520   235.1583   179.0165     9.6313 0.0     0   454     0
  455 990415 0634 56.7289   308.9305   223.2648    16.4347 0.0     0   455     0
  456 990505 0457 16.2961   164.2668    96.0902    10.8750 0.0     0   456     0
  457 990519 1031 18.6733   196.2005   182.4886    19.2748 0.0     0   457     0
  458 990519 1037 57.8445   197.0233   182.3069    17.3382 0.0     0   458     0
  459 990525 0111  0.0679   184.2925   119.2214    18.2890 0.0     0   459     0
  460 990607 1035  6.4149   140.1905   126.4620    10.5606 0.0     0   460     0
  461 990728 0358 25.2387   236.9429   227.9211    22.4363 0.0     0   461     0
  462 990728 0415 51.9591   236.7316   153.9000    11.9279 0.0     0   462     0
  463 990801 0849 43.8196   321.9807   244.5625    13.7254 0.0     0   463     0
  464 990906 1148 20.6889   261.4975   200.8464     8.3926 0.0     0   464     0
  465 991116 0625  7.8912   161.2186    96.0864    14.4876 0.0     0   465     0
  466 991116 0632  9.5888   159.3117    97.2346    10.2436 0.0     0   466     0
  467 991229 0248 54.6493   146.4353   131.4845    19.4323 0.0     0   467     0
  468 990921 0124  8.2813   283.4990   210.3628     9.4269 0.0     0   468     0
  469 990923 0115  6.8644   299.6402   269.5789    -0.5035 0.0     0   469     0
  470 991025 0429 20.5311   236.8309   203.3350    14.2768 0.0     0   470     0
  471 991029 0956 10.5326   247.2556   176.8328    17.2705 0.0     0   471     0
  472 991126 1749 35.3900   179.6645   121.4669    -1.0000 0.0    14   472     0
  473 990123 0215 14.0400   269.8840   161.0750    -1.0000 0.0    14   473     0
  474 990123 0721 27.2300   332.8790   290.6030    15.5400 0.0    14   474     0
  475 990123 1707 56.0865   234.0207   191.4652     0.6700 0.0     0   475     0
  476 990324 0824  3.1300   325.3520   278.9420     1.9500 0.0    14   476     0
  477 990326 0605 22.4100   258.8159   212.4580    -1.0000 0.0    14   477     0
  478 990402 0805 59.9958   188.9102   122.1187    11.1679 0.0     0   478     0
  479 990411 0802 20.6590   318.2760   223.3420     8.1000 0.0     0   479     0
  480 990519 2222 33.9120   154.1169    79.9261     7.5134 0.0     0   480     0
  481 990520 0556 20.4961   258.9227   209.0769     3.4460 0.0     0   481     0
  482 990527 0454 18.9164   303.6400   244.8524    13.1414 0.0     0   482     0
  483 990604 2307 30.5127   176.1013   179.2280    20.9986 0.0     0   483     0
  484 990608 0942  3.9114   304.1977   246.6417    11.5282 0.0     0   484     0
  485 990626 0147 42.7447   221.7795   127.7978    20.7695 0.0     0   485     0
  486 990719 1706 34.4085   203.9044   118.2537     6.8430 0.0     0   486     0
  487 990727 0852  8.8065   174.3024   134.4798     7.4185 0.0     0   487     0
  488 990727 1525 34.4100   196.3515   119.1292    -1.0000 0.0    14   488     0
  489 990803 0307  5.0569   291.1503   223.6025    16.1116 0.0     0   489     0
  490 990804 0628 13.3201   301.4020   233.5981    18.4451 0.0     0   490     0
  491 990807 0830 58.0563   241.8366   185.0240    20.3906 0.0     0   491     0
  492 990914 0723 50.4376   128.0433    70.5800     1.4068 0.0     0   492     0
  493 990914 2342 50.1473   233.8828   228.0162    11.0242 0.0     0   493     0
  494 990924 0216 16.8157   256.9347   201.5060    15.6809 0.0     0   494     0
  495 990928 0747 27.4241   311.6407   246.1096    14.3197 0.0     0   495     0
  496 990929 1946 54.9190   179.1170   176.9895    17.3600 0.0     0   496     0
  497 991012 0655 32.3674   148.9856    55.8852    -0.5002 0.0     0   497     0
  498 991014 0616 23.3042   170.7528   174.2205     7.3528 0.0     0   498     0
  499 991014 0722 33.1998   233.6222   166.9458    13.3442 0.0     0   499     0
  500 991016 0436 16.0596   195.7082   153.7824    -1.0000 0.0    14   500     0
  501 991019 1211 56.4287   262.2718   151.4241     8.2029 0.0     0   501     0
  502 991019 1839 54.9706   208.2415   157.1296     9.6080 0.0     0   502     0
  503 991019 2045 21.0400   132.7431    71.2182     6.0209 0.0     0   503     0
  504 991103 1634 59.4734   140.9452    64.0181     7.3033 0.0     0   504     0
  505 991112 1510 44.1469   251.8234   131.1979     7.3326 0.0     0   505     0
  506 991119 1610  7.6168   251.8607   208.1089    16.3057 0.0     0   506     0
  507 991119 1946  2.0552   300.7216   212.6486    22.0869 0.0     0   507     0
  508 991123 2240 18.9443   253.8039   210.4613    22.3422 0.0     0   508     0
  509 991127 1703  6.5258   188.9099   143.0128     4.3489 0.0     0   509     0
  510 991202 0234  0.9018   296.1913   243.2841    15.0200 0.0     0   510     0
  511 991205 1401 29.8522   193.9142   148.2202    10.5800 0.0     0   511     0
  512 991224 0135 49.4146   175.4357   178.7305     7.9900 0.0     0   512     0
  513 990114 0301 25.3898   272.8187   220.8086    21.4862 0.0     0   513     0
  514 990124 1515 18.6368   292.5895   246.6321    13.9516 0.0     0   514     0
  515 990128 1644 21.2391   136.8900    59.7920     0.7415 0.0     0   515     0
  516 990202 0615  1.2246   295.2784   288.6602    16.4007 0.0     0   516     0
  517 990203 2218 41.5614   134.8422    57.7866     7.8746 0.0     0   517     0
  518 990212 0728  2.8739   182.9397   183.7670    12.4911 0.0     0   518     0
  519 990303 1216 42.9323   272.5213   209.9076     7.9744 0.0     0   519     0
  520 990312 1045 24.7446   169.9825   175.3177    23.8479 0.0     0   520     0
  521 990318 2022  7.3462   255.8775   156.5085    20.1433 0.0     0   521     0
  522 990320 1500  6.1597   230.4585   189.0634    13.0598 0.0     0   522     0
  523 990403 0426 41.7701   319.9908   236.3439     6.5737 0.0     0   523     0
  524 990414 0839 13.2737   193.5756   117.1675     1.3967 0.0     0   524     0
  525 990416 1821 27.9229   298.3913   242.4004     6.2732 0.0     0   525     0
  526 990422 0258 45.2070   322.3439   237.3824     8.3439 0.0     0   526     0
  527 990426 0602 27.3617   165.7893   184.8075     6.3053 0.0     0   527     0
  528 990429 0220 59.8684   255.1015   201.0812    16.1800 0.0     0   528     0
  529 990430 0400  9.1689   291.5860   235.6411     7.6429 0.0     0   529     0
  530 990515 0906 24.1447   218.9817   151.3064     7.5696 0.0     0   530     0
  531 990525 1046 57.9796   274.0228   198.7004    17.2953 0.0     0   531     0
  532 990531 1103 55.4297   200.4752   127.6544     0.7483 0.0     0   532     0
  533 990617 0401  1.9593   298.5228   250.4681    14.6984 0.0     0   533     0
  534 990617 0800 23.5267   239.6909   229.8654    14.5386 0.0     0   534     0
  535 990617 1807 45.9280   239.3977   229.0441     9.8701 0.0     0   535     0
  536 990618 0509 59.5018   169.3961    90.4237    11.4403 0.0     0   536     0
  537 990619 0102 58.4353   156.0997   141.8526    20.5272 0.0     0   537     0
  538 990703 1306 49.5742   175.7262   187.3069    10.9252 0.0     0   538     0
  539 990704 1124 18.4960   227.5443   184.4681     8.0651 0.0     0   539     0
  540 990723 2311 41.5540   190.8180   108.4541     3.7438 0.0     0   540     0
  541 990808 0654 33.9198   255.8855   212.7003     6.2552 0.0     0   541     0
  542 990808 0753 52.0614   254.6116   211.5694    -1.0000 0.0    14   542     0
  543 990809 0103 25.8109   231.9693   135.7094     8.7800 0.0     0   543     0
  544 990812 0204 29.8414   188.6131   179.3948     4.7231 0.0     0   544     0
  545 990901 0915 38.9588   181.7500   102.5099     1.4313 0.0     0   545     0
  546 990905 0716 34.8103   169.1783   110.0857    10.0258 0.0     0   546     0
  547 990913 1122 43.1501   250.3151   150.9283     8.4124 0.0     0   547     0
  548 990913 1547  8.3455   303.5955   251.3408     8.0348 0.0     0   548     0
  549 990913 1811  4.2398   313.7234   281.2525    10.2771 0.0     0   549     0
  550 990922 1844 44.4001   217.2386   154.5614    11.9224 0.0     0   550     0
  551 991019 1046 21.6325   302.4560   270.8900    20.0031 0.0     0   551     0
  552 991020 1630 10.3785   245.7336   169.6792     4.5850 0.0     0   552     0
  553 991112 1103 52.1935   217.3202   109.7855     7.4019 0.0     0   553     0
  554 991113 2228 48.4763   167.1524   168.3521    13.1961 0.0     0   554     0
  555 991205 0546 58.5866   146.6521    79.1864     4.2985 0.0     0   555     0
  556 991221 0330 55.5232   299.7492   255.4445     5.1920 0.0     0   556     0
  557 990116 2249 28.6559   221.3314   189.2882    13.6403 0.0     0   557     0
  558 990118 1447  1.4362   317.4031   276.6565    11.9066 0.0     0   558     0
  559 990118 1702 52.1967   160.6621   155.0684    21.8124 0.0     0   559     0
  560 990130 0532  8.2926   259.6157   269.6449    22.8439 0.0     0   560     0
  561 990309 0625 43.9337   149.1716   119.6318     6.9922 0.0     0   561     0
  562 990313 0657 56.3415   306.7346   242.3029    10.8550 0.0     0   562     0
  563 990402 1103 24.5386   263.5265   179.6923    10.0879 0.0     0   563     0
  564 990402 1134 42.4632   263.7399   181.5927    13.5651 0.0     0   564     0
  565 990412 0642 40.5191   202.2103   128.5745    13.8328 0.0     0   565     0
  566 990415 0111 57.0053   274.8194   225.2839    14.5367 0.0     0   566     0
  567 990417 0030 59.8324   247.4768   195.0997    12.6912 0.0     0   567     0
  568 990424 1043 51.7736   235.2454   188.8030    15.8737 0.0     0   568     0
  569 990427 0106 51.8158   301.7859   250.8356     7.9526 0.0     0   569     0
  570 990517 1729 33.1313   193.4085   157.9245    -1.0000 0.0    14   570     0
  571 990518 0234 15.5259   190.7398   158.5282     6.1485 0.0     0   571     0
  572 990518 0245 20.8524   190.6899   158.8532    -0.5343 0.0     0   572     0
  573 990522 0855 36.5865   211.2962   191.7942    21.1818 0.0     0   573     0
  574 990522 1520 54.2564   284.9808   208.0146    20.5859 0.0     0   574     0
  575 990527 1121  0.4441   279.0936   210.2519    12.3869 0.0     0   575     0
  576 990528 1211 57.5958   134.4578   140.4706    10.6496 0.0     0   576     0
  577 990529 2259  3.9021   301.2563   250.4823     6.1504 0.0     0   577     0
  578 990530 0341 56.7700   300.0887   249.3630     6.0507 0.0     0   578     0
  579 990617 0553 16.8600   317.7870   283.9497    -1.0000 0.0    14   579     0
  580 990625 1731  7.3086   189.9160   102.0037    21.3023 0.0     0   580     0
  581 990628 0153  3.5270   180.8085   161.8064    13.1660 0.0     0   581     0
  582 990706 0621  4.0301   244.2201   194.9361    26.5857 0.0     0   582     0
  583 990706 1556 53.6506   299.5075   238.0500    -1.0000 0.0    14   583     0
  584 990716 0154 22.5307   304.4113   244.3233     7.0063 0.0     0   584     0
  585 990814 0415 59.2234   257.7331   201.5123    10.3099 0.0     0   585     0
  586 990824 0148 50.0865   187.7802   118.4805    -1.0000 0.0    14   586     0
  587 990902 2148 49.7553   151.1915   143.1378    15.6359 0.0     0   587     0
  588 990917 1224 14.8634   250.9447   168.2449     9.8224 0.0     0   588     0
  589 990922 1537 30.2300   300.2880   283.0660    31.4900 0.0    14   589     0
  590 991019 0938 14.1059   254.2405   191.3815    18.5584 0.0     0   590     0
  591 991110 1825 57.9000   183.3225    90.1970    -1.0000 0.0    14   591     0
  592 991112 0306 33.5819   153.8768   110.7244    10.6892 0.0     0   592     0
  593 991117 0331 22.1907   219.3326   170.7903    12.8872 0.0     0   593     0
  594 991120 0007 29.5800   237.3812   173.4574    -1.0000 0.0    14   594     0
  595 991128 0930 30.9383   265.5885   193.7426     2.8994 0.0     0   595     0
  596 991130 0127 23.7794   282.6035   275.0598     6.5663 0.0     0   596     0
  597 991208 2118 42.0987   198.4909   129.3307    11.7287 0.0     0   597     0
  598 991219 2111 12.8800   281.0538   280.7782    -1.0000 0.0    14   598     0
  599 990103 2125  0.0977   205.5309   166.2623    16.8800 0.0     0   599     0
  600 990221 1427 30.6200   310.2651   281.7661     4.1520 0.0     0   600     0
  601 990304 1908 25.1000   246.8685   199.7128     7.8313 0.0     0   601     0
  602 990312 0620 23.3645   176.6035   158.3711    15.3567 0.0     0   602     0
  603 990320 1000 50.4324   153.9590    89.4153    10.4494 0.0     0   603     0
  604 990320 1936 50.3459   152.4222    89.8822    10.9109 0.0     0   604     0
  605 990324 1945 26.3532   154.6275   169.3484    16.2134 0.0     0   605     0
  606 990403 2339 34.4612   177.3374   174.7590    17.4118 0.0     0   606     0
  607 990410 1248 15.3885   261.1880   177.2276    16.0835 0.0     0   607     0
  608 990412 0354  5.8077   246.6662   201.3652     8.6257 0.0     0   608     0
  609 990416 0238 45.0131   278.7164   262.6411     9.0841 0.0     0   609     0
  610 990425 0300 19.1824   205.9271   183.6544    12.9242 0.0     0   610     0
  611 990503 1248 31.1070   223.9175   223.7025    25.5170 0.0     0   611     0
  612 990508 2237  7.0433   170.7359   132.0452     8.4580 0.0     0   612     0
  613 990515 1505 34.0745   197.8987   144.6225     4.4389 0.0     0   613     0
  614 990516 0125 17.7273   320.8777   275.5507    19.7400 0.0     0   614     0
  615 990604 0506 47.6030   261.8084   187.8968     9.4791 0.0     0   615     0
  616 990621 0251 20.3736   150.3510    82.7572     4.7773 0.0     0   616     0
  617 990702 1420 21.1688   252.4245   148.8357    12.2913 0.0     0   617     0
  618 990707 2335  0.2956   188.8944   119.5272    11.2298 0.0     0   618     0
  619 990708 2141  2.0821   278.9998   216.6539    12.8038 0.0     0   619     0
  620 990711 1459 47.5367   292.4700   224.8867    10.9895 0.0     0   620     0
  621 990711 1744 26.7541   171.3679   177.8610    18.0453 0.0     0   621     0
  622 990712 0627  5.1839   169.9880   184.3634    14.4090 0.0     0   622     0
  623 990721 1535 11.7167   173.3905   157.6224    18.9296 0.0     0   623     0
  624 990728 2016 39.1659   254.2110   200.1255    17.0536 0.0     0   624     0
  625 990807 0703 44.4171   194.6180   213.6624     5.6692 0.0     0   625     0
  626 990809 1130 47.9798   165.2361   114.1621     7.2771 0.0     0   626     0
  627 990820 0644 17.0163   256.1461   195.1293     6.6373 0.0     0   627     0
  628 990823 0812 42.9595   218.6988   225.9780    18.6490 0.0     0   628     0
  629 990904 0226 51.9627   138.6882   128.7511    19.8843 0.0     0   629     0
  630 990908 1010 37.9100   246.0097   235.2900    24.7900 0.0     0   630     0
  631 990911 0535 40.0532   314.7792   199.7440    15.0100 0.0     0   631     0
  632 990914 1605 21.9129   160.7192    88.1693     0.8276 0.0     0   632     0
  633 990921 0717 25.5693   162.1010   106.7657     5.5750 0.0     0   633     0
  634 990925 1316 41.5269   223.4364   171.7713    15.2212 0.0     0   634     0
  635 991019 0639 26.9894   270.1709   196.7429    11.5653 0.0     0   635     0
  636 991021 1836  0.4358   256.6037   205.9381    18.0153 0.0     0   636     0
  637 991023 0757 30.1138   208.8585   185.1698    12.5229 0.0     0   637     0
  638 991109 1513 55.2814   181.0785   179.5363    16.0177 0.0     0   638     0
  639 991118 1622  9.2075   233.6495   182.9136    17.2807 0.0     0   639     0
  640 991118 1708  2.0598   232.0678   183.9941    15.6730 0.0     0   640     0
  641 991122 1805 42.5433   186.1123   118.7077     9.1659 0.0     0   641     0
  642 991210 1751 51.0176   217.8161   175.4833    26.7770 0.0     0   642     0
  643 991221 2226 29.2822   182.9525   120.1861     1.9161 0.0     0   643     0
  644 991226 0440 38.4519   195.7205   200.1813     7.4400 0.0     0   644     0
  645 990107 1215 34.8868   230.2961   183.7466    12.6600 0.0     0   645     0
  646 990114 1146 10.6007   258.4282   169.6861    14.5159 0.0     0   646     0
  647 990127 1208 56.9104   148.0769    96.0413     4.5973 0.0     0   647     0
  648 990131 0545 48.6312   196.4256   192.3660     0.2969 0.0     0   648     0
  649 990218 1917  3.9337   276.4818   210.7362     6.5177 0.0     0   649     0
  650 990220 0708 36.2516   203.7698   142.6690    15.0315 0.0     0   650     0
  651 990223 0138 14.5997   183.7511   113.4450    10.0700 0.0     0   651     0
  652 990227 1646 26.8706   244.8248   201.5117    21.0637 0.0     0   652     0
  653 990307 1712 23.5824   200.5363   182.2749     7.0800 0.0     0   653     0
  654 990321 2335 35.0043   146.7484   107.6501    -1.0000 0.0    14   654     0
  655 990325 1456 54.9936   288.7874   238.5105     6.5381 0.0     0   655     0
  656 990330 2201 12.1697   232.1986   182.3779    17.7172 0.0     0   656     0
  657 990405 2320 33.1374   248.0569   196.3583     7.8451 0.0     0   657     0
  658 990413 0749 52.4061   301.8086   235.6751    16.8175 0.0     0   658     0
  659 990413 1636 20.9886   331.7320   294.5573     7.9538 0.0     0   659     0
  660 990415 0646  7.9638   196.9699   204.9010     5.9400 0.0     0   660     0
  661 990423 0338 38.1580   264.6775   153.5258     6.1937 0.0     0   661     0
  662 990427 0031 12.4795   158.8745    57.3537     1.9615 0.0     0   662     0
  663 990517 0643 48.4166   288.8712   243.4267     7.1486 0.0     0   663     0
  664 990521 0236  6.4651   275.8851   220.8235     7.1056 0.0     0   664     0
  665 990629 1549  3.3862   207.1614   126.7423     4.8845 0.0     0   665     0
  666 990704 1606 28.0435   228.6968   213.8672     7.2248 0.0     0   666     0
  667 990718 1600 52.1032   183.6472   176.7698     2.1911 0.0     0   667     0
  668 990726 0526 45.9187   314.2102   236.4476    11.0371 0.0     0   668     0
  669 990809 1131 59.2851   191.5931    91.3415    -1.0000 0.0    14   669     0
  670 990811 1953 24.6452   219.4068   243.1755    16.5741 0.0     0   670     0
  671 990906 1552 50.7827   217.2027   114.4063    10.6322 0.0     0   671     0
  672 990922 0843 28.6334   262.4055   214.6455    17.6500 0.0     0   672     0
  673 990928 0744 41.2772   284.0677   166.5933     7.9774 0.0     0   673     0
  674 990928 0958 21.6331   196.0107   138.3424     5.3730 0.0     0   674     0
  675 991003 0144  3.3286   155.1511    81.7023     1.6813 0.0     0   675     0
  676 991029 2140 41.7549   194.1305   150.7045    10.9727 0.0     0   676     0
  677 991029 2146 59.8004   194.2180   148.9659     5.1747 0.0     0   677     0
  678 991104 1310 33.0386   306.9534   176.3128    -1.0000 0.0    14   678     0
  679 991108 1131 22.3469   253.7792   180.3289    10.5522 0.0     0   679     0
  680 991117 1132  8.4618   308.8286   227.5126    16.1279 0.0     0   680     0
  681 991128 0627 17.1033   218.1840   150.7375    18.1030 0.0     0   681     0
  682 991201 2118 21.1973   245.7344   167.7111    10.6154 0.0     0   682     0
  683 991205 1307 39.3218   270.3496   203.0582    19.4272 0.0     0   683     0
  684 990129 0650 58.4466   163.8853   166.7681     9.0108 0.0     0   684     0
  685 990217 0700 43.8786   229.1206   202.8967    12.2900 0.0     0   685     0
  686 990221 0515 24.1184   200.0183   176.2784     7.1170 0.0     0   686     0
  687 990225 0153 15.7289   288.8263   240.7455    12.8431 0.0     0   687     0
  688 990324 1408 57.2391   226.2676   181.1767     7.8646 0.0     0   688     0
  689 990327 0710 50.1589   258.7695   154.3674    -0.1099 0.0     0   689     0
  690 990406 2049 51.9149   184.9605    92.7210     7.1529 0.0     0   690     0
  691 990417 2336 31.9700   177.6806    90.2232    -1.0000 0.0    14   691     0
  692 990515 0634 50.1962   270.1725   186.3316    21.3802 0.0     0   692     0
  693 990516 0705 29.9689   256.3175   194.3484    19.3122 0.0     0   693     0
  694 990518 0702 31.4704   333.4034   271.3748     9.9060 0.0     0   694     0
  695 990724 1131 21.7717   289.3772   230.7583    11.5606 0.0     0   695     0
  696 990804 0156 54.2209   273.1417   224.0194    19.2367 0.0     0   696     0
  697 990816 1340 12.2476   199.3243   198.5995    18.5900 0.0     0   697     0
  698 990819 0637  5.0831   269.4582   185.5391    -1.0000 0.0    14   698     0
  699 990827 1407 35.5166   200.6339   197.6835    15.4548 0.0     0   699     0
  700 990901 1821 19.7352   219.7649   172.1396    11.4960 0.0     0   700     0
  701 990904 0222 16.8359   293.8943   266.1004     5.2945 0.0     0   701     0
  702 991002 2155 19.7570   244.9822   168.0567    18.1979 0.0     0   702     0
  703 991014 0323 11.3917   199.6809   183.5219     3.4419 0.0     0   703     0
  704 991108 0309 12.0148   312.4196   227.0303    19.7740 0.0     0   704     0
  705 991122 0124 34.3981   308.5367   282.4162    15.2308 0.0     0   705     0
  706 991208 0117  2.8876   212.4867   156.9953    19.2967 0.0     0   706     0
  707 990408 0100 30.5333   192.8231   119.3199     3.9855 0.0     0   707     0
  708 990429 0859 38.9465   130.6970    65.7193    20.2771 0.0     0   708     0
  709 990429 0922 24.5408   130.0177    64.0996     3.9070 0.0     0   709     0
  710 990429 0934 55.3274   128.9726    65.0322     6.1732 0.0     0   710     0
  711 990429 0945 41.2802   128.7082    63.1264     5.8614 0.0     0   711     0
  712 990429 0949  6.9928   130.1031    69.0937     4.3323 0.0     0   712     0
  713 990429 0953 55.2921   129.5559    61.8238     4.0278 0.0     0   713     0
  714 990429 0958  1.6260   131.3716    64.0564     5.7804 0.0     0   714     0
  715 990429 1226  3.6255   128.5167    64.1487     8.7933 0.0     0   715     0
  716 990429 1240 18.2918   128.0544    61.6699     3.1795 0.0     0   716     0
  717 990502 1048 43.8265   132.1807    66.4921    18.5242 0.0     0   717     0
  718 990702 1018 26.1781   225.0554   284.1355    23.6295 0.0     0   718     0
  719 990706 1359 26.6195   129.9181    63.8609    13.9656 0.0     0   719     0
  720 990713 0241 35.3128   282.2736   201.0652    18.1861 0.0     0   720     0
  721 990715 1917 14.6403   128.7658    65.3909     5.8375 0.0     0   721     0
  722 990725 0723 39.8900    94.4480    55.7730    -1.0000 0.0    14   722     0
  723 990816 0918 33.7438   128.5070    59.1900     4.5304 0.0     0   723     0
  724 990823 0739 58.4928   258.9026   193.3878    13.6746 0.0     0   724     0
  725 991118 0306 27.9302   251.6799   207.6292     2.1258 0.0     0   725     0
  726 991217 1425  2.9874   270.8348   189.3835    15.9608 0.0     0   726     0
  727 991226 0028 38.4111   226.5088   179.5721    17.9150 0.0     0   727     0
  728 990121 0924 21.6735   249.5314   169.1385     8.2892 0.0     0   728     0
  729 990313 1704 52.8000   204.3490   254.4450    34.5800 0.0    14   729     0
  730 990313 1707 57.6533   269.8709   296.2871    18.2414 0.0     0   730     0
  731 990423 1543 32.6581   232.6807   183.7516    18.1461 0.0     0   731     0
  732 990427 0111 49.4400   297.3927   293.1959    16.9894 0.0     0   732     0
  733 990430 1326  9.9791   384.5299   324.0785    14.2312 0.0     0   733     0
  734 990507 2243 24.7479   249.9854   151.7755     8.8551 0.0     0   734     0
  735 990509 0546 43.4473   230.7741   158.0102    18.8452 0.0     0   735     0
  736 990525 1355  7.1848   313.1993   227.4817    24.5878 0.0     0   736     0
  737 990607 0806 56.4095   272.3909   211.4477    13.4819 0.0     0   737     0
  738 990608 2137 36.5857   244.8868   175.9146    19.3290 0.0     0   738     0
  739 990608 2159 52.3002   244.3733   175.7960    19.9867 0.0     0   739     0
  740 990611 0851 40.5121   299.6743   225.5263     4.1335 0.0     0   740     0
  741 990626 2105  6.3338   237.9890   167.9785    12.5758 0.0     0   741     0
  742 990628 2244 18.1225   190.1765   129.0003     6.8767 0.0     0   742     0
  743 990819 1037 40.1744   275.8112   205.4476    12.5126 0.0     0   743     0
  744 990920 2326 17.8609   143.1380    85.2622    20.2100 0.0     0   744     0
  745 991010 0638 21.7827   194.2495   107.2077    28.6002 0.0     0   745     0
  746 991111 0328  5.9564    91.6372   114.5240     1.4564 0.0     0   746     0
  747 991113 1919 18.5946    97.5816     9.9389    -1.0000 0.0    14   747     0
  748 991117 0500 39.4840   317.0150   269.5117    14.6983 0.0     0   748     0
  749 991117 0509 14.8196   317.6986   269.5759    15.5804 0.0     0   749     0
  750 991130 2359 20.8900   159.6530   297.1170    12.2000 0.0    14   750     0
  751 991212 1025 22.4494   251.7240   183.3679    19.2948 0.0     0   751     0
  752 991223 0654 20.5275   258.6514   173.4907    11.8931 0.0     0   752     0
  753 991230 0443 16.9007   278.8975   209.2838    18.8522 0.0     0   753     0
  754 990318 0102 13.7000   277.7471   181.9350    -1.0000 0.0    14   754     0
  755 990404 1323 27.4800   157.4480   232.6290    34.4800 0.0    14   755     0
  756 990405 0354 56.1058   200.2673   253.0871    17.4158 0.0     0   756     0
  757 990405 2037 42.2927   301.5382   255.3455    14.5574 0.0     0   757     0
  758 990414 1538 15.5630   268.3380   178.0188    18.0667 0.0     0   758     0
  759 990501 2247 50.3388   307.2294   213.7168    23.3321 0.0     0   759     0
  760 990523 1935 35.4273   223.7233   180.8477    12.7185 0.0     0   760     0
  761 990524 0942 54.3051   201.7583   155.4002     9.5186 0.0     0   761     0
  762 990525 0343 25.6374   250.9712   197.6625     8.8133 0.0     0   762     0
  763 990606 1522 14.9236   286.0937   245.5513     7.2540 0.0     0   763     0
  764 990608 0913  2.8941   211.2101   132.3036     9.9256 0.0     0   764     0
  765 990608 0950 30.9813   347.6194   150.6343     3.8828 0.0     0   765     0
  766 990620 1908 27.7604   231.8907   183.6381    12.9454 0.0     0   766     0
  767 990627 1401 39.4498   268.0342   166.5775    15.8403 0.0     0   767     0
  768 990723 1728 27.2011   256.8905   185.7694    19.8808 0.0     0   768     0
  769 990725 0230 53.1111   333.5203   322.0969    12.1280 0.0     0   769     0
  770 990728 0839 21.0579   189.2614   121.2165    12.2358 0.0     0   770     0
  771 990731 1248 56.2900   230.4310   256.0290    37.0300 0.0    14   771     0
  772 990823 2340  3.6360   233.2149   185.6651    15.6417 0.0     0   772     0
  773 990825 0309 41.9699   388.1767   193.2190    18.1736 0.0     0   773     0
  774 990907 2357 29.1570   271.9172   197.7553    12.5330 0.0     0   774     0
  775 991002 0055 48.0062   266.5334   179.1639    11.1244 0.0     0   775     0
  776 991012 0627 29.9033   225.9503   180.9378     9.6364 0.0     0   776     0
  777 991016 0333 42.3489   141.0086    66.8851    11.3550 0.0     0   777     0
  778 991020 1550 40.2053   243.8694   159.4239     8.7439 0.0     0   778     0
  779 991025 0518 10.0023   158.0581    57.8706    10.1868 0.0     0   779     0
  780 991110 0311 58.9111   310.8125   225.4782    23.7124 0.0     0   780     0
  781 991115 1546 24.0926   242.0828   184.5373    19.3591 0.0     0   781     0
  782 991116 2019 30.6884   237.1587   184.5298    11.0974 0.0     0   782     0
  783 991118 0341 20.1236   220.3567   172.2665    14.1719 0.0     0   783     0
  784 991118 0726 32.3079   303.4079   224.0506    18.8170 0.0     0   784     0
  785 991118 0833 19.1132   198.5739   191.0725    14.3512 0.0     0   785     0
  786 991127 0402 23.4036   279.8303   210.8119    16.7151 0.0     0   786     0
  787 991207 1929 48.3500   416.1930   231.5260    33.3100 0.0    14   787     0
  788 991209 2030 56.8323   229.1415   179.8046    15.1888 0.0     0   788     0
  789 991213 1742 43.7822   247.8171   195.9428     9.3865 0.0     0   789     0
  790 991230 0315 20.0836   201.4239   142.5573     6.1724 0.0     0   790     0
  791 990116 0723 14.1626   243.0784   201.5813    18.3756 0.0     0   791     0
  792 990216 1147 18.5910   206.5689   142.9527     7.0181 0.0     0   792     0
  793 990227 1009 15.8700   229.8630   163.7271    10.5110 0.0     0   793     0
  794 990306 1028  1.3600   426.4734   231.3458    -1.0000 0.0    14   794     0
  795 990317 1520 49.7304   260.5453   203.7725    13.4883 0.0     0   795     0
  796 990322 1346 36.2116   185.6365    92.0718    13.5756 0.0     0   796     0
  797 990322 2132 56.6722   114.0372   164.9566    19.4054 0.0     0   797     0
  798 990401 1242 37.6179   248.0681   205.1075    18.8735 0.0     0   798     0
  799 990409 0543 22.4488   306.3927   262.6105    18.9902 0.0     0   799     0
  800 990410 0743  6.4840   279.9374   193.6642    22.9552 0.0     0   800     0
  801 990411 0329 20.6959   233.2727   164.8129    19.6574 0.0     0   801     0
  802 990413 0626 35.6487   244.5510   192.3150    13.9424 0.0     0   802     0
  803 990510 1217 29.1270   240.2692   184.1983    25.1150 0.0     0   803     0
  804 990522 1726 28.4504   296.3073   249.7780    10.1089 0.0     0   804     0
  805 990616 0057 26.7548   347.6636   184.5008     1.9375 0.0     0   805     0
  806 990622 1342 35.7090   165.0360    73.4961     8.0548 0.0     0   806     0
  807 990622 1344 12.9201   165.1234    73.3598     9.3948 0.0     0   807     0
  808 990624 2151 30.5300   419.6940   277.3345     8.3703 0.0     0   808     0
  809 990629 0316 56.7756   270.1505   207.7616    20.1868 0.0     0   809     0
  810 990708 0515 31.1259   266.8844   188.1380    14.1603 0.0     0   810     0
  811 990807 0844 27.4218   144.4751   114.2571    17.0443 0.0     0   811     0
  812 990809 0352 16.2296   282.0917   110.3704    -1.0000 0.0     0   812     0
  813 990820 2118 58.6182   171.5027   128.0860    10.1281 0.0     0   813     0
  814 990821 0645 56.0929   266.4183   198.7393     8.5455 0.0     0   814     0
  815 990826 0652 46.4037   235.6162   186.4202     8.6318 0.0     0   815     0
  816 990829 1905 14.4023   302.1432   212.7874    13.4221 0.0     0   816     0
  817 990904 1448 57.0777   183.6097   166.9435    21.9474 0.0     0   817     0
  818 990918 1738 19.1878   177.9223   177.3211    18.0379 0.0     0   818     0
  819 991002 1956 19.1260   188.1116   174.3487     8.0924 0.0     0   819     0
  820 991012 1550 19.1924   220.2048   186.4813    14.0825 0.0     0   820     0
  821 991015 1849 33.4379   141.5557    82.0495     6.3970 0.0     0   821     0
  822 991218 0834 26.4178   245.3617   164.7980    17.8981 0.0     0   822     0
  823 991226 1125  3.8601   246.4680   210.1141    14.5528 0.0     0   823     0
  824 990102 0324 52.8908   183.1596    81.3834     8.9722 0.0     0   824     0
  825 990103 2305 44.5036   279.8695   227.8224    17.4355 0.0     0   825     0
  826 990105 1507 43.1194   135.9937    59.0111     4.8312 0.0     0   826     0
  827 990109 0842 14.6100   280.9012   110.8699    -1.0000 0.0    14   827     0
  828 990111 0537 49.4904   335.8972   299.1932    18.2100 0.0     0   828     0
  829 990126 0146  8.4091   324.7310   311.7824    24.7764 0.0     0   829     0
  830 990127 1629 56.1089   276.5371   187.0678    19.6079 0.0     0   830     0
  831 990203 1436 48.9446   282.5576   246.4847    10.7600 0.0     0   831     0
  832 990207 0034 53.5200   159.4505    80.0832     9.9695 0.0     0   832     0
  833 990210 1843 19.5323   250.3940   200.3764    11.8803 0.0     0   833     0
  834 990221 0638 16.9658   250.5481   200.3086    11.6087 0.0     0   834     0
  835 990228 0758  8.7792   274.2996   217.2810    18.4911 0.0     0   835     0
  836 990301 1201 27.0136   172.5610   109.3901     9.1436 0.0     0   836     0
  837 990308 1732 29.0900   267.6760   258.8620    19.1100 0.0    14   837     0
  838 990314 2350 38.9355   275.7626   224.8250    17.5444 0.0     0   838     0
  839 990317 1244 46.6051   124.4250   126.9305     9.1868 0.0     0   839     0
  840 990326 0228  8.1923   252.3481   148.9500     8.2519 0.0     0   840     0
  841 990403 0114 37.0302   354.8734   225.0832    15.9956 0.0     0   841     0
  842 990408 1144 49.4100   285.2090   313.2610    44.9200 0.0    14   842     0
  843 990411 1109  9.9063   282.9239   205.3111    18.5234 0.0     0   843     0
  844 990412 0137 48.7766   241.8694   177.5252    12.2704 0.0     0   844     0
  845 990414 0258 27.3306   278.0510   216.7910    16.3643 0.0     0   845     0
  846 990422 0043 48.6403   271.0810   190.9227    21.3741 0.0     0   846     0
  847 990422 0144 52.9244   159.7829   200.7309    17.6125 0.0     0   847     0
  848 990424 0346 14.1756   232.2677   166.9949    19.3522 0.0     0   848     0
  849 990425 0122 52.0196   256.5811   184.7471    10.8322 0.0     0   849     0
  850 990429 2352 18.8205   227.4915   190.6387    11.6514 0.0     0   850     0
  851 990429 2357 17.1354   227.2359   190.5416    10.2764 0.0     0   851     0
  852 990430 0151 42.7505   226.8534   190.6207     9.9481 0.0     0   852     0
  853 990502 1644 51.7869   226.4625   190.3848     7.5919 0.0     0   853     0
  854 990510 0550  4.4154   184.9923   124.0915     6.6563 0.0     0   854     0
  855 990514 0353 51.5189   260.8973   168.5027     4.6072 0.0     0   855     0
  856 990521 1110 50.0607   201.1126   148.2822    15.0000 0.0     0   856     0
  857 990608 0758 41.2932   245.1203   185.3611    25.8569 0.0     0   857     0
  858 990608 0911 21.5482   261.7344   203.9260    20.4992 0.0     0   858     0
  859 990610 1259 17.4438   152.7126   213.8228     7.2771 0.0     0   859     0
  860 990612 0520 36.4743   404.0108   251.8718     8.6102 0.0     0   860     0
  861 990612 1033 32.1158   240.1394   189.2899    17.3096 0.0     0   861     0
  862 990613 2231 49.0438   164.0185   152.2699    19.2145 0.0     0   862     0
  863 990614 1706 32.7963   264.5567   185.7689     9.0155 0.0     0   863     0
  864 990617 1220  2.5304   265.1799   185.7984     9.0502 0.0     0   864     0
  865 990619 1816 26.7605   152.4268   211.8184     6.1597 0.0     0   865     0
  866 990625 1900  9.2958   288.6201   238.3838    14.4684 0.0     0   866     0
  867 990708 2008 36.7821   333.8519   194.5672     7.8963 0.0     0   867     0
  868 990708 2240 10.6137   276.6800   249.2741     5.6618 0.0     0   868     0
  869 990717 0249 13.5800   210.8400   325.4420     8.0300 0.0    14   869     0
  870 990728 1515 51.3997   125.0880   147.6061    10.8951 0.0     0   870     0
  871 990730 0950 56.2600   145.8510   333.4950    28.1100 0.0    14   871     0
  872 990804 1004 45.3226   448.6470   185.5921     4.8135 0.0     0   872     0
  873 990810 0030 23.8400   224.2340   273.8970    44.4300 0.0    14   873     0
  874 990811 2124  1.7448   266.6402   206.6407    11.0604 0.0     0   874     0
  875 990816 1008 51.2587   151.6102    79.1152     6.7800 0.0     0   875     0
  876 990828 2120  4.9400   194.9100   294.7020    30.0100 0.0    14   876     0
  877 990903 1119 44.7382   187.0687   172.1473    12.9274 0.0     0   877     0
  878 990910 1801 15.4016   226.8624   198.8410    15.0046 0.0     0   878     0
  879 990916 0027 38.1042   319.6600   268.7354     9.1289 0.0     0   879     0
  880 990916 1310 10.6348   259.3953   214.3844    14.3025 0.0     0   880     0
  881 991013 0301 52.9296   314.0654   277.5914    12.8678 0.0     0   881     0
  882 991017 1917 15.5962   245.5030   177.8390    10.8763 0.0     0   882     0
  883 991023 0516 11.4433   266.9463   191.6862    22.4194 0.0     0   883     0
  884 991029 0125 27.6351   247.7802   183.8087    16.4755 0.0     0   884     0
  885 991102 1640 48.8905   158.3219   159.2114    17.1024 0.0     0   885     0
  886 991106 0741 29.8883   158.0375    90.7438     7.1254 0.0     0   886     0
  887 991118 2346 40.9710   238.5113   194.5151    18.2403 0.0     0   887     0
  888 991121 0830 14.3484   172.2764   176.1614    15.1908 0.0     0   888     0
  889 991121 0849 26.3136   171.7120   176.2530    15.9507 0.0     0   889     0
  890 991123 0548  6.6324   248.7682   184.3227    18.1407 0.0     0   890     0
  891 991124 0525 51.2107   173.1881   176.8909    15.4971 0.0     0   891     0
  892 991128 1856 30.0100   241.3550   314.0140    41.3000 0.0    14   892     0
  893 991206 1214 20.9360   230.2296   183.5435     8.7307 0.0     0   893     0
  894 991207 1107  2.7368   440.6948   167.3321     7.3143 0.0     0   894     0
  895 991208 0437 23.9308   218.5215   174.2361     0.8278 0.0     0   895     0
  896 991209 0658 36.9187   151.7362   264.8018    11.3756 0.0     0   896     0
  897 991209 1926 41.1098   254.5548   193.6272     5.1822 0.0     0   897     0
  898 991213 0057 59.2097   168.8827   115.1542     8.7361 0.0     0   898     0
  899 991228 0104  0.7596   220.0992     0.0100    11.8607 0.0    14   899     0
  900 990116 0713 31.3460   169.8592    79.1509     6.8815 0.0     0   900     0
  901 990120 1712 51.4456   153.2549   151.6154    17.4000 0.0     0   901     0
  902 990122 1056 13.1852   238.8031   183.3952    27.8644 0.0     0   902     0
  903 990205 0737 17.3399   271.6289   210.0741    21.6800 0.0     0   903     0
  904 990205 0806 18.6180   271.5573   210.1324    21.1364 0.0     0   904     0
  905 990220 0240 33.4748   217.7098   131.5382    13.9181 0.0     0   905     0
  906 990228 0233  0.5492   189.3674   189.3881    20.8537 0.0     0   906     0
  907 990309 0805 21.9712   202.4954   107.4771     5.7598 0.0     0   907     0
  908 990313 1342 51.3457   225.0974   163.3210     8.8228 0.0     0   908     0
  909 990315 0530  3.5767   169.3869   114.9417     6.7115 0.0     0   909     0
  910 990415 1329 22.4864   239.7709   182.1085    20.0426 0.0     0   910     0
  911 990416 0642 16.5155   320.2197   269.6841    11.3373 0.0     0   911     0
  912 990419 2352 27.2101   234.6588   206.7194    11.3694 0.0     0   912     0
  913 990423 1705 48.5917   231.1333   183.1214    11.7278 0.0     0   913     0
  914 990426 1919 18.9615   201.3983   133.2519    25.4788 0.0     0   914     0
  915 990427 0742 59.6922   258.0373   201.6692    14.9259 0.0     0   915     0
  916 990427 0746 42.4244   257.9113   200.9282    16.2759 0.0     0   916     0
  917 990504 2223 53.1802   263.5222   162.3289    13.3465 0.0     0   917     0
  918 990509 0345 51.4880   267.6253   217.8081     8.1989 0.0     0   918     0
  919 990516 0329 58.1700   137.8920   295.0010    42.5400 0.0    14   919     0
  920 990521 0745 27.0995   221.4556   223.1270    19.0146 0.0     0   920     0
  921 990522 1441  4.1600   123.4340   293.4900    16.6000 0.0    14   921     0
  922 990526 2224 26.1272   224.8727   202.8017    24.2008 0.0     0   922     0
  923 990601 2251 36.5370   201.9013   138.1458     6.1911 0.0     0   923     0
  924 990602 0916 45.2119   106.0217    86.3059     6.3998 0.0     0   924     0
  925 990621 0749 51.3551   285.8388   157.5180    -1.0000 0.0    14   925     0
  926 990623 2330 19.8708   201.0355   115.9701     7.2382 0.0     0   926     0
  927 990626 1103 33.6402   175.7953   176.0925    18.0320 0.0     0   927     0
  928 990628 1531 47.4928   229.2036   174.6028    14.6505 0.0     0   928     0
  929 990628 1533 20.2438   228.3029   174.2597    14.5051 0.0     0   929     0
  930 990705 0514 57.2371   249.4728   182.3470    18.7521 0.0     0   930     0
  931 990711 0610 29.0549   253.3752   195.3988     9.2805 0.0     0   931     0
  932 990712 0121 15.4920   230.0518   173.6389    16.1256 0.0     0   932     0
  933 990712 0738  3.6266   261.1625   200.0156     7.7789 0.0     0   933     0
  934 990718 1901 45.8422    63.3923   121.5046     9.6015 0.0     0   934     0
  935 990721 0112 31.3587   148.1708    69.9993     8.8712 0.0     0   935     0
  936 990723 0903 43.2962   183.7145    89.2213    11.1698 0.0     0   936     0
  937 990728 2003 40.5343   210.8053   210.3386    17.0973 0.0     0   937     0
  938 990802 0141 19.0792    77.5353    83.4655     5.9525 0.0     0   938     0
  939 990811 1939  2.2336   236.6048   181.7174    13.0762 0.0     0   939     0
  940 990813 0339 58.6218   135.5937    61.1929     4.9819 0.0     0   940     0
  941 990814 1457  3.7868   280.0898   208.0157    10.3009 0.0     0   941     0
  942 990816 0109 18.9841   278.5405   229.4901    14.3658 0.0     0   942     0
  943 990816 0316 28.2249   207.6223   130.6731    18.8611 0.0     0   943     0
  944 990816 0905 20.3400   282.5350   309.9380    27.4902 0.0     0   944     0
  945 990818 0300 20.1338   206.9506   163.3089    12.2637 0.0     0   945     0
  946 990902 0316 30.2644   173.0016   184.0768    16.4583 0.0     0   946     0
  947 990917 0526 55.8987   243.6773   220.7278    15.9734 0.0     0   947     0
  948 990922 1049  9.8231   155.7079   160.4909    23.2307 0.0     0   948     0
  949 990924 0833 35.3610   253.8811   210.7397    17.2363 0.0     0   949     0
  950 990928 1146 46.2518   180.7759   134.7257     6.9974 0.0     0   950     0
  951 990930 1428 27.1000   177.8650   313.4430    39.0400 0.0    14   951     0
  952 990930 2346 46.8125   214.4250   185.0275    18.1376 0.0     0   952     0
  953 991006 2346 58.4694   257.7198   183.5828     9.0831 0.0     0   953     0
  954 991025 2347 17.0769   309.6349   245.7504    18.1454 0.0     0   954     0
  955 991031 1637 33.6328   275.7074   211.3971    12.8757 0.0     0   955     0
  956 991101 1318 56.8686   275.6664   211.3923    12.2821 0.0     0   956     0
  957 991110 0229  0.6984   222.1667   209.5927    25.0901 0.0     0   957     0
  958 991125 2000 26.1921   248.6447   206.0547    17.3928 0.0     0   958     0
  959 991213 1320 39.1292   195.7772   124.3530    14.4785 0.0     0   959     0
  960 991216 0134 20.1405   277.2876   196.2789    23.4682 0.0     0   960     0
  961 991218 0005  6.8467   311.1931   243.6313    12.3922 0.0     0   961     0
  962 990116 0151 43.8041   250.7381   151.0833     7.5155 0.0     0   962     0
  963 990123 1330 37.7413   247.3705   204.6536    11.3043 0.0     0   963     0
  964 990125 0827 51.6926   174.6910    98.3946    12.7185 0.0     0   964     0
  965 990126 1504 16.7210   235.4973   204.2190    16.4451 0.0     0   965     0
  966 990127 1120 12.2400   260.1837   325.7049    23.9314 0.0     0   966     0
  967 990127 1743 41.9257   236.0650   226.2329    15.5598 0.0     0   967     0
  968 990216 2326 57.5713   275.5268   207.6712    17.8751 0.0     0   968     0
  969 990220 1547 56.3800   219.5540   313.8810    20.5300 0.0    14   969     0
  970 990223 1051 30.3225   306.3119   158.6269     2.8845 0.0     0   970     0
  971 990314 2216 18.4681   265.2488   174.9533    23.0730 0.0     0   971     0
  972 990325 1152 26.8599   236.3330   176.7531    17.4129 0.0     0   972     0
  973 990329 1853 55.8693   198.9011   152.7256    15.1813 0.0     0   973     0
  974 990331 0107 19.4842   268.3939   185.5641    11.6925 0.0     0   974     0
  975 990402 1502 20.3524   263.9427   155.0206    12.5828 0.0     0   975     0
  976 990413 0312 55.6873   233.3551   185.1772    17.4957 0.0     0   976     0
  977 990425 0435 43.9227   237.0022   148.4105    13.8860 0.0     0   977     0
  978 990429 0948 21.6598   267.6878   210.0091    18.0692 0.0     0   978     0
  979 990501 0416  5.9245   304.3962   256.4247     5.4293 0.0     0   979     0
  980 990503 0523 42.8994    72.2017    84.9193    10.8310 0.0     0   980     0
  981 990507 1817  1.8996   262.5662   186.3217    14.6477 0.0     0   981     0
  982 990507 2318  9.3091   248.8403   200.4391     7.4439 0.0     0   982     0
  983 990510 1703  9.6900   245.5110   279.8150    21.2500 0.0    14   983     0
  984 990520 0031 41.0900   234.2530   136.5640    34.2300 0.0    14   984     0
  985 990522 1120 58.0440   275.8745   211.4776    11.7645 0.0     0   985     0
  986 990523 0103 31.2293   262.1769   191.7687     7.4166 0.0     0   986     0
  987 990523 2113 13.2621   254.4879   152.3719     7.2655 0.0     0   987     0
  988 990524 0624 14.4563   239.8627   191.8356    18.5824 0.0     0   988     0
  989 990608 2359 57.4577   241.3676   197.0302    18.7485 0.0     0   989     0
  990 990618 1135  9.8013   164.1769   166.8935    20.8627 0.0     0   990     0
  991 990621 0709 59.1327   207.9771   204.4172    19.5317 0.0     0   991     0
  992 990627 1604 59.3017   375.3951   146.7827    -1.0000 0.0    14   992     0
  993 990703 1806 59.0612   154.2510    79.8762     8.0303 0.0     0   993     0
  994 990705 0724  7.2442   247.2235   195.4524    17.1563 0.0     0   994     0
  995 990712 1627 12.8909   413.0873   166.0532     4.6237 0.0     0   995     0
  996 990713 1423 45.1427   413.0761   165.2949    -1.0000 0.0    14   996     0
  997 990713 1600 38.5059   412.9772   167.0418     0.9003 0.0     0   997     0
  998 990714 0114 38.7501   412.9221   166.9806    -1.0000 0.0    14   998     0
  999 990801 1338 26.0976   251.1165   132.9946     6.2042 0.0     0   999     0
 1000 990807 0225 54.5927   252.3242   189.9968    10.2636 0.0     0  1000     0
 1001 990807 2338 11.7400   239.0900   218.7450    44.6900 0.0    14  1001     0
 1002 990812 1535 42.4532   221.7506   164.3405    20.9580 0.0     0  1002     0
 1003 990814 1348 18.1400   424.0566   330.9309    16.2106 0.0     0  1003     0
 1004 990816 0555 34.2548   169.6392   174.3840    16.1762 0.0     0  1004     0
 1005 990817 2350 31.5169   180.0286   130.4600     7.0012 0.0     0  1005     0
 1006 990829 1421  3.1097   243.4960   192.9465     9.4280 0.0     0  1006     0
 1007 990830 1134  6.3692   272.1302   188.0204    14.3111 0.0     0  1007     0
 1008 990831 1407 10.0517   264.4876   212.0320    16.1635 0.0     0  1008     0
 1009 990921 0427 52.2342   168.9624   108.2803    19.2923 0.0     0  1009     0
 1010 990921 1637  8.3703   177.4542   118.7591     2.8841 0.0     0  1010     0
 1011 990922 1839 39.8456   143.9031   120.1515    18.0661 0.0     0  1011     0
 1012 990924 0242 48.0990   233.7913   167.8509    16.3948 0.0     0  1012     0
 1013 990928 0535 17.2028   219.9550   185.9908    23.6735 0.0     0  1013     0
 1014 991002 0045  3.9414   208.4778   191.1426    19.4675 0.0     0  1014     0
 1015 991003 2144 19.4979   412.9839   165.9857     5.1927 0.0     0  1015     0
 1016 991010 0401 56.0953   157.2165    66.5657     6.8388 0.0     0  1016     0
 1017 991010 0700 41.5854   241.1692   195.1934    21.9775 0.0     0  1017     0
 1018 991013 0118 56.3121   158.7901    87.8651     6.9149 0.0     0  1018     0
 1019 991025 1846 33.4600    91.8570   309.9530    18.8400 0.0    14  1019     0
 1020 991026 0546  6.2757   266.3969   187.3066    23.5384 0.0     0  1020     0
 1021 991101 1701 26.1894   199.5445   138.9798    23.9234 0.0     0  1021     0
 1022 991101 1709 17.0684   199.4857   139.0429    20.0400 0.0     0  1022     0
 1023 991102 0132 56.4966   199.7623   138.9285    22.0646 0.0     0  1023     0
 1024 991102 0134 41.5704   200.2531   138.6652    22.4395 0.0     0  1024     0
 1025 991102 0310 52.9618   199.9040   138.8437    21.3872 0.0     0  1025     0
 1026 991117 0134  8.2993   245.6427   191.9346    10.3296 0.0     0  1026     0
 1027 991123 1630 45.5167   242.6636   191.6753     6.7655 0.0     0  1027     0
 1028 991127 0243 21.4175   259.4747   186.2668    20.8488 0.0     0  1028     0
 1029 991129 1628 46.5442   248.8515   195.5385    14.1586 0.0     0  1029     0
 1030 991203 1118 33.9961   175.5845   137.2782     8.5489 0.0     0  1030     0
 1031 991203 1927 46.5216   244.3776   198.7212    20.4865 0.0     0  1031     0
 1032 991207 0947 58.9350   200.7170   147.4445     7.0200 0.0     0  1032     0
 1033 991208 0116  6.6375   223.6416   177.6808    17.2146 0.0     0  1033     0
 1034 991223 1527 43.2648   218.8603   167.9541    13.4681 0.0     0  1034     0
 1035 991223 2023 58.6444   277.9868   214.2924    19.2126 0.0     0  1035     0
 1036 991227 1623 17.2472   137.7048   168.6112    22.0585 0.0     0  1036     0
 1037 991230 0511 33.7484   169.6415   173.3807    23.7588 0.0     0  1037     0
 1038 991230 0512 34.0765   169.4613   173.7055    25.5718 0.0     0  1038     0
