    43.52759     41.16086     -9.69889
    28.78920     42.20030     -7.79720
    39.09470     36.69140     -8.59910
    39.33697     32.37407     -8.74799
    40.11973     32.32213    -14.22796
    43.52803     41.16116     -9.69993
    55.82149     57.28757     -9.82919
    33.30580     17.84170    -15.31120
    52.60246     41.26695    -13.96508
    40.42395     32.74240    -14.68965
    37.71450     27.26970     -8.92110
    43.69159     36.36322     -8.30204
    41.91395     29.20247     -7.66694
    41.49530     50.84940    -19.94120
    42.51180     40.97500    -13.80150
    51.81274     40.20797    -12.32777
    35.83890     21.28830    -22.06900
    53.36523     43.90331    -13.94322
    31.42610     37.57310    -15.99920
    50.62280     64.47660    -16.25290
    19.53931     28.14290     -8.12239
    46.66215     39.58216    -14.26976
    42.05753     37.13658    -11.38715
    49.00420     42.72730    -15.12510
    40.38189     55.17538    -10.02330
    33.85020     20.85440    -17.85220
    40.38062     55.17557    -10.02569
    19.53929     28.14290     -8.12241
    42.59092     28.68364    -11.29036
    22.41520     22.65730     -9.38360
    39.49305     27.73295    -14.62351
    26.55930     20.74579    -12.20919
    35.33252     36.96279    -14.43640
    35.33406     36.96359    -14.43761
    38.07680     31.82080    -14.85930
    33.05891     46.21263     -9.40410
    42.61540     39.20370    -12.64280
    49.09036     41.69679    -10.53810
    25.44911     20.89680    -10.32305
    53.40075     50.12642    -11.84209
    39.66379     39.17040     -8.58566
    32.26050     23.49600     -7.53170
    33.05800     46.21138     -9.41046
    41.85979     27.46687     -8.30608
    40.86707     27.33816     -8.05182
    47.52370     36.89560    -10.84190
    56.20380     62.35240    -17.98270
    42.24587     39.75418     -9.86712
    28.37070     40.67040    -13.65690
    48.31983     40.05250    -10.69434
    26.32504     38.56629    -12.73806
    34.88110     31.81330    -15.48400
    30.24707     19.45456    -12.68586
    31.39368     43.70068     -9.53903
    49.61920     48.86400     -8.04130
    39.20533     31.52766    -14.60837
    34.02056     20.85016    -11.82771
    34.93250     18.55510     -9.84340
    46.50560     40.92520    -10.37440
    25.44909     20.89690    -10.32315
    40.14813     28.65867     -8.30545
    40.14817     28.65863     -8.30545
    28.55040     22.23620    -13.10380
    43.92220     52.07090    -24.33980
    32.46250     22.66190    -12.75660
    20.07083     22.55128     -9.77511
    49.59680     37.17130     -8.03180
    48.31980     40.05248    -10.69436
    30.44380     29.95390     -7.83580
    43.52791     41.16110     -9.69963
    44.85030     47.70500     -5.77110
    57.31856     65.58677    -23.57959
    42.70172     34.74817    -11.92587
    34.92635     36.01140    -17.26202
    42.66898     30.30959     -8.03736
    42.66894     30.30924     -8.03761
    37.74590     26.71980    -18.65540
    40.37840     31.45620    -12.25050
    52.01915     47.95376    -10.49966
    63.40510     57.52930    -24.39110
    52.25920     46.10750     -8.11370
    41.30010     36.23470    -22.85650
    50.36925     37.65060    -12.60827
    36.58305     24.37238     -8.96491
    42.34794     33.67145    -12.23929
    42.35167     33.67625    -12.23134
    46.07118     43.25822     -7.50455
    35.55582     27.90474    -11.61107
    51.80627     41.86692    -12.68777
    55.32970     50.29490    -13.58700
    32.36700     22.73850     -9.41360
    41.91020     56.49160    -10.16880
    55.63267     64.45696    -22.35715
    55.63266     64.45704    -22.35702
    55.63266     64.45705    -22.35702
    21.28317     23.66957    -10.82614
    36.53060     30.71140    -12.32960
    55.63265     64.45697    -22.35699
    33.30463     20.18140    -12.79827
    33.30457     20.18145    -12.79827
    33.30461     20.18144    -12.79827
    53.74620     49.22670    -11.74510
    50.59792     64.47780    -23.91900
    38.46590     36.20860     -7.86160
    30.65410     37.20860    -13.55440
    45.45240     34.36470     -9.65390
    42.62793     37.82727     -7.10630
    42.57986     28.66106    -11.39609
    37.76880     28.98520    -14.37940
    25.26470     35.40590     -8.72060
    57.31848     65.58679    -23.57929
    18.84880     25.10670     -7.24980
    24.24014     33.24882    -13.86577
    39.18560     26.66160    -12.13460
    55.82150     57.28757     -9.82904
    18.74560     28.38570     -6.94130
    55.82150     57.28758     -9.82902
    55.82151     57.28759     -9.82904
    52.44929     51.55785     -9.75016
    47.70320     45.95270    -14.10210
    40.30279     33.41697    -11.24181
    32.73970     25.93380    -17.92810
    36.69740     48.02438     -9.76225
    33.55124     38.16499    -17.83470
    21.32373     23.72792    -10.89000
    51.37834     44.97190    -11.22420
    20.06460     22.85260     -7.47730
    45.93951     43.21127     -7.52577
    29.03240     25.43170    -13.00510
    32.90660     31.78430     -6.87190
    26.55970     20.74601    -12.20827
    29.45460     41.52220    -10.40850
    50.32970     40.44385    -11.92132
    30.26400     41.81480     -9.64650
    48.79879     35.54819    -11.75867
    32.63043     45.13325    -13.61280
    59.83533     52.32687    -10.31214
    34.02054     20.85014    -11.82789
    31.35913     43.75641     -9.56093
    46.20570     32.72890    -11.25580
    50.52412     45.71837    -11.12417
    52.60243     41.26680    -13.96503
    33.95678     26.32738    -20.44479
    57.78140     45.95380    -19.94950
    58.41296     47.54114    -11.12665
    53.06839     51.52938     -7.41670
    18.67370     24.49300    -17.50850
    42.64485     37.80280     -7.19070
    32.58410     28.10750    -21.45320
    37.33948     32.57019    -11.45525
    34.17950     22.68200    -16.91630
    43.25650     34.51280     -9.97920
    53.06950     51.53026     -7.41608
    31.45023     43.63960     -9.49820
    42.12746     28.77683     -7.81024
    48.21850     44.87510    -16.80700
    33.50016     44.58680    -12.32753
    17.96461     27.93039     -7.57037
    36.89860     25.25720     -9.77340
    36.09120     31.10600    -21.94950
    42.24446     42.06244     -9.20787
    45.15787     42.91961     -7.64963
    51.48993     49.75190     -9.88061
    34.83683     45.78285     -9.19501
    53.32415     54.76905     -8.02659
    42.40644     26.54356     -9.23205
    50.36925     37.65060    -12.60823
    31.33381     43.79004     -9.57863
    33.31830     15.36970    -29.73350
    34.83699     45.78295     -9.19517
    39.27300     33.66610    -10.49120
    49.31240     57.36660    -24.91240
    35.36936     20.10220    -13.68636
    35.36955     20.10182    -13.68657
    39.18976     29.27321     -9.74096
    43.71230     42.22020    -10.05090
    39.91560     28.22255     -6.74983
    38.50660     34.28780    -14.59280
    48.13980     62.62900    -16.83150
    29.77363     43.37424    -13.04179
    43.41403     28.18184     -9.84905
    43.79337     35.23044    -13.94116
    25.60837     22.64297    -13.36750
    58.02680     56.46750    -10.19170
    41.92380     46.97900    -10.85520
    56.69980     52.80560     -9.72560
    42.68962     30.43502     -7.94351
    50.61063     56.88203    -25.28211
    45.73896     42.08886     -7.66975
    21.21718     23.57513    -10.72308
    33.59720     24.69260     -9.42220
    31.45530     35.89290    -12.17470
    41.97944     29.07052     -7.71211
    52.44910     51.55816     -9.74973
    36.71306     34.25588    -12.09359
    40.78045     54.33600     -8.58465
    23.36830     32.83080    -13.76790
    33.77210     36.87920    -15.91220
    20.96570     25.33730    -10.77470
    39.73130     54.15835    -10.51640
    37.70375     49.41091    -13.16687
    35.72254     28.11368    -12.68670
    48.89590     49.17800     -6.85120
    35.40563     37.00396    -14.49231
    25.56560     24.15150    -16.35860
    45.15192     42.91624     -7.65114
    31.18540     46.23060    -15.59000
    19.58383     27.42153    -14.39128
    46.46720     44.59930    -16.69510
    38.66770     30.50110    -14.48330
    23.59260     34.84070    -14.41390
    30.94220     23.06340    -14.43650
    35.86460     50.13430     -8.09360
    46.76820     37.76060    -12.27300
    51.58105     45.19000    -11.27732
    56.08766     65.61338    -22.66295
    33.16640     41.19940     -6.84530
    31.68130     13.26550    -28.55530
    42.43180     32.52240     -7.41580
    36.90690     24.60850    -16.54050
    31.66596     21.75288    -11.38984
    23.14936     37.08667     -9.32709
    47.58975     37.77204     -9.63422
    34.53314     31.05616    -10.45273
    55.90230     62.32160    -24.12560
    26.52375     20.73207    -12.27811
    26.74347     20.87395    -11.65273
    42.60154     28.70379    -11.19494
    40.78055     54.33600     -8.58475
    34.83689     45.78294     -9.19507
    44.75430     36.00940    -12.21760
    26.67570     23.94420    -17.96450
    33.55128     38.16495    -17.83456
    37.94371     29.57726     -8.72502
    30.78749     42.64883     -9.60575
    46.23380     38.35080    -14.62660
    24.24026     33.24878    -13.86583
    42.58084     28.66119    -11.39369
    37.90828     41.26973    -18.39850
    52.01922     47.95375    -10.49973
    34.26215     48.33158    -11.42759
    31.13572     42.58933    -13.53911
    41.41930     36.94940     -7.92720
    17.06633     27.42293     -5.46578
    43.79287     35.23035    -13.94070
    49.74588     36.85879    -12.31785
    49.74586     36.85879    -12.31784
    35.00851     36.78059    -14.18753
    31.45920     45.83530    -14.20260
    36.05690     31.93960    -12.23170
    35.36959     20.10172    -13.68649
    41.73940     31.51360    -13.10320
    46.33920     54.49780     -6.72030
    49.49329     45.78239    -10.39525
    45.07280     38.72260     -7.24850
    40.71210     29.26760    -14.61570
    35.36966     20.10181    -13.68607
    17.98482     26.06437     -6.14766
    60.87448     54.62134    -24.10423
    35.36961     20.10160    -13.68656
    33.05727     46.21272     -9.40389
    27.21540     11.38560     -5.57460
    21.58519     22.68918    -11.48122
    21.58524     22.68905    -11.48069
    45.41500     43.01617     -7.60861
    42.24467     42.06205     -9.20828
    35.36973     20.10150    -13.68645
    31.36428     43.75169     -9.55724
    17.86890     33.31230     -3.54400
    29.28828     33.61602    -11.60025
    34.27820     23.30980    -10.11930
    46.91680     37.05580     -7.52600
    39.40694     53.41590    -11.58532
    51.20714     44.78843    -11.17834
    53.40120     50.12729    -11.84255
    34.43110     43.09450    -20.58980
    22.03120     25.95613    -11.71326
    27.04830     38.68212    -12.25298
    20.07087     22.55132     -9.77519
    36.27740     25.57652     -8.46851
    27.39368     38.82348    -12.03056
    36.27710     25.57619     -8.46863
    29.59280     44.43680    -13.51140
    41.55986     30.76965    -14.76952
    33.05367     46.21485     -9.39387
    35.36934     20.10199    -13.68666
    42.24585     39.75375     -9.86704
    39.73141     54.15837    -10.51697
    58.41294     47.54106    -11.12655
    20.78460     29.74560     -9.72620
    43.24610     44.68840    -18.05850
    56.67740     60.55160     -9.56270
    43.04611     32.84231    -13.67743
    50.91976     40.84203    -12.16147
    40.80225     34.22279    -10.29511
    23.84950     21.80500    -18.29680
    50.18888     43.73118    -10.68113
    33.24314     32.65473     -7.69528
    35.38464     20.08594    -13.67019
    37.04394     27.16403    -22.02831
    35.85925     46.71240     -9.35848
    37.25860     26.01720     -9.38420
    40.86771     27.33748     -8.05069
    41.79730     32.87170     -6.98840
    31.45222     34.22651    -16.14356
    42.05778     37.13734    -11.38621
    54.65638     49.97925    -13.53226
    26.56602     20.74992    -12.19076
    49.47780     46.84670     -7.65100
    30.98020     30.79970    -11.61570
    26.50274     20.71895    -12.33518
    53.06867     51.52912     -7.41687
    45.15719     42.91906     -7.64978
    28.35231     25.00351    -14.08860
    37.08394     30.71457    -18.53319
    33.66427     26.68597     -8.82130
    30.84520     37.29310    -22.59600
    18.32048     31.36832     -8.71544
    40.54860     38.45990    -19.46670
    26.64760     38.59849    -12.53713
    36.07480     27.07360    -21.39060
    51.07732     40.99419    -12.19620
    30.13360     42.60420     -4.39510
    49.26380     42.70740    -13.37530
    41.36637     29.40253    -16.77077
    23.70370     37.25600     -7.08850
    45.26316     46.33171    -26.61545
    40.71824     31.38740     -7.66554
    54.87145     47.02025    -13.75199
    42.58114     28.66194    -11.39051
    59.83554     52.32705    -10.31296
    26.49133     20.71162    -12.36787
    36.68334     29.53327     -9.29802
    33.53690     47.00590    -14.03660
    44.09868     36.57196    -12.42007
    49.74584     36.85879    -12.31773
    26.49283     20.71252    -12.36364
    52.05830     52.08280    -12.49850
    46.07370     43.25503     -7.50905
    51.84844     52.44139     -7.98238
    51.86474     52.43870     -7.85445
    42.64469     37.80253     -7.19032
    51.26337     51.00241     -7.37898
    41.37620     26.79190    -13.86710
    51.86461     52.43870     -7.85477
    42.64485     37.80261     -7.19111
    45.47530     58.13070    -13.98000
    51.81276     40.20793    -12.32753
    39.66381     39.17040     -8.58564
    51.07440     64.27430    -26.02480
    45.68870     59.75300     -9.77230
    23.14928     37.08666     -9.32698
    33.66423     26.68603     -8.82140
    43.59060     41.33300    -13.38000
    48.00910     42.82540    -15.32550
    40.86731     27.33910     -8.04879
    50.69644     42.92650    -11.38027
    46.53930     48.89540    -29.01360
    51.22542     38.93521    -13.14366
    42.12621     28.77951     -7.80938
    34.53312     31.05615    -10.45254
    34.39270     46.57750    -10.45350
    41.93277     54.28083    -10.55122
    41.99400     25.30230    -10.42310
    26.76010     18.81160     -7.32450
    35.57723     29.23166    -10.18422
    57.67479     47.79070    -16.97678
    33.95676     26.32739    -20.44498
    39.61860     26.99760     -5.94330
    28.66000     27.01520    -12.69600
    22.88428     22.91870    -12.47081
    17.48376     26.19805     -8.60882
    49.09033     41.69935    -10.53689
    42.12348     37.35493    -11.10974
    51.66160     51.57890     -5.51110
    34.53308     31.05615    -10.45260
    25.31040     35.08090     -6.68600
    27.40149     38.84609    -12.06004
    32.45068     24.86581    -10.77849
    54.86480     59.73460     -8.00220
    29.32172     20.42524    -13.19624
    50.43028     40.51268    -11.96165
    29.78310     42.14760     -6.74570
    59.01260     51.52240     -8.65790
    50.71652     42.88624    -11.41555
    51.86455     52.43851     -7.85606
    51.84981     52.44317     -7.95773
    42.63012     37.82722     -7.12033
    32.68920     27.41650    -10.43760
    41.06950     48.15990    -22.65070
    51.86490     52.43861     -7.85330
    51.87973     52.43532     -7.74088
    26.79302     38.62410    -12.44824
    56.15560     63.33370    -20.96360
    43.79339     35.23059    -13.94101
    32.50793     42.61108    -11.27787
    45.90213     59.31940    -16.49405
    40.73140     30.00080     -6.62840
    28.72240     33.36090    -21.77620
    34.26204     48.33159    -11.42765
    21.21724     23.57505    -10.72291
    26.77680     26.24690     -8.44700
    38.43990     52.98980    -10.40000
    38.39792     31.46040     -7.61075
    37.70366     49.41127    -13.16901
    54.61300     43.71910    -15.58420
    35.97220     35.29770     -7.24670
    48.74377     48.21534    -15.21288
    35.39061     36.99549    -14.48097
    28.98737     39.64780    -11.24088
    36.55730     20.97570    -22.42480
    51.78648     52.45329     -8.46239
    41.94082     29.06416     -7.75516
    50.95127     40.87298    -12.16808
    42.48480     32.09160    -14.74700
    57.31863     65.58672    -23.57964
    29.98150     19.03190    -22.11260
    39.93560     36.78020    -12.50270
    26.80621     38.47262     -9.87924
    42.56000     53.62470    -10.79050
    35.72339     28.10856    -12.68349
    35.36960     20.10173    -13.68651
    29.32175     20.42541    -13.19602
    42.73020     57.07150    -10.18100
    19.91299     23.62049     -9.35128
    35.39273     20.07607    -13.66256
    23.80008     35.67084    -11.88789
    42.48924     28.46882    -12.28941
    59.45470     56.11050    -10.11790
    23.52800     19.46980    -17.71530
    40.90327     38.50059     -9.39717
    52.66161     43.12517    -13.25375
    19.91502     23.62104     -9.35149
    48.74339     48.21495    -15.21146
    36.34840     28.48200     -9.93870
    48.18280     45.75510     -8.67390
    32.96240     26.56410    -20.26920
    49.49345     45.78325    -10.39655
    31.87280     20.59970    -17.55220
    41.84140     25.26080    -20.14920
    44.15820     51.70280    -22.33160
    33.35790     36.18270    -17.70980
    41.57177     28.95585     -8.20729
    18.95075     30.93043     -9.68454
    20.02410     22.10390     -7.02840
    23.85310     18.00990    -15.17350
    42.66020     30.25530     -8.07915
    29.19120     22.91110    -11.09790
    51.19460     44.76945    -11.17874
    29.25145     42.74742    -15.51099
    50.03530     44.92620    -13.30080
    16.24830     26.70990     -7.07820
    53.32421     54.76917     -8.02657
    53.32426     54.76908     -8.02644
    22.21750     20.82420     -9.62620
    37.82130     32.74550    -20.33430
    40.73700     52.99160    -11.98560
    36.68329     29.53332     -9.29793
    38.33250     26.83410     -7.76300
    28.98862     39.64901    -11.23994
    52.60316     41.26879    -13.96648
    26.55937     20.74573    -12.20937
    37.08386     30.71463    -18.53331
    26.52246     20.73096    -12.28309
    32.88900     42.85680    -13.01050
    45.37294     40.84226    -13.05247
    45.26322     46.33178    -26.61550
    43.33410     56.46680    -13.13940
    34.97370     17.34560     -5.57550
    33.57018     44.61781    -12.42672
    24.61870     19.79740    -14.35230
    36.50520     29.28750    -14.72760
    43.69146     36.36327     -8.30215
    21.21713     23.57508    -10.72324
    31.65758     26.52639    -10.96589
    47.66831     43.73752     -8.21215
    36.58310     24.37234     -8.96469
    36.58306     24.37235     -8.96474
    31.29430     30.16740     -7.57300
    20.78430     28.26350     -8.84910
    51.41240     51.50900     -9.36490
    36.03766     21.12998    -15.45658
    31.36408     43.86648     -9.53657
    21.58527     22.68907    -11.48069
    55.73546     56.28630    -14.59091
    55.73548     56.28649    -14.59108
    53.89243     55.84134     -8.67560
    39.33693     32.37408     -8.74764
    35.81146     20.08025    -17.40896
    56.64770     48.03960    -16.63710
    35.67019     28.03395    -12.32988
    28.68840     20.99970    -11.78360
    54.20534     53.17065    -11.72897
    27.50249     26.71568    -23.59694
    39.33713     32.37409     -8.74757
    27.50251     26.71572    -23.59696
    49.01319     42.12465    -10.25377
    39.88480     44.21870    -21.71450
    55.73550     56.28664    -14.59120
    42.05741     37.13605    -11.38797
    25.96771     20.52861    -13.31065
    37.36670     29.74393    -10.95956
    17.47130     26.22080    -16.68800
    42.67175     34.62713    -11.84746
    42.67173     34.62730    -11.84754
    23.14977     37.08652     -9.32837
    53.61042     52.49003     -8.41523
    37.91520     46.93580    -17.84970
    48.11872     50.29081    -12.29535
    50.15086     43.79228    -10.65857
    23.18780     21.37000    -10.45080
    43.52781     41.16105     -9.69934
    53.75015     45.74818    -13.46444
    21.08920     24.26700     -8.87600
    49.30093     34.96444     -9.37266
    21.44521     23.90208    -11.08007
    16.70280     28.13760     -8.25010
    35.38447     20.08601    -13.67012
    23.80012     35.67086    -11.88791
    38.88730     32.82940    -13.76680
    30.22980     15.70690    -15.74770
    43.41407     28.18180     -9.84913
    36.03766     21.12996    -15.45677
    35.16500     31.33740    -20.25100
    21.86010     30.31000    -12.24100
    48.79857     35.54785    -11.75858
    53.40114     50.12703    -11.84227
    45.79350     49.08670    -22.09160
    47.66835     43.73758     -8.21235
    31.36478     44.43204     -9.43259
    34.82790     33.64310     -7.66290
    23.13100     35.61900     -9.25200
    29.77357     43.37426    -13.04201
    43.37440     57.70320     -9.08090
    40.30490     24.11620     -6.60510
    46.73820     44.13290    -14.70880
    59.83577     52.32721    -10.31381
    51.89426     46.54869    -11.24145
    42.18690     38.59910    -13.81000
    50.06787     43.88254    -10.59081
    38.30370     23.94830     -8.91820
    52.33880     49.18170    -12.15110
    36.03765     21.12994    -15.45691
    32.35380     44.35800    -12.54240
    33.52490     26.10737    -11.02473
    31.62260     37.76740    -24.24120
    31.65670     26.49830    -13.11930
    41.31760     52.31690    -14.82860
    39.96140     37.24210     -9.47670
    53.40100     50.12680    -11.84225
    49.89049     57.92051    -23.95180
    17.98525     26.06337     -6.14749
    51.97980     66.01210    -13.33990
    18.46230     24.44990     -8.45210
    31.13538     42.58922    -13.53934
    27.63138     38.85461    -11.75972
    50.97420     64.75490    -13.94920
    52.62240     59.43380    -24.33510
    55.63266     64.45698    -22.35693
    39.75890     31.97410    -11.77980
    45.19672     37.90306    -13.15863
    26.29670     37.49390     -9.91120
    41.41570     53.02850     -7.48610
    45.56780     26.47630    -13.16380
    39.40110     40.90210     -9.53460
    30.33820     37.81790    -19.32930
    32.82340     36.71140     -9.76700
    40.41855     55.17010     -9.95323
    42.66899     30.30960     -8.03748
    39.18964     29.27319     -9.74094
    45.87200     42.71960    -10.18740
    48.92367     42.30285    -10.10200
    47.04024     45.06745     -9.21074
    26.49288     20.71256    -12.36363
    41.30960     24.86390    -11.86560
    29.79777     36.31420    -13.49968
    32.89454     22.17809    -10.47466
    48.36370     42.59082     -9.57865
    22.03116     25.95590    -11.71347
    33.04490     37.15200    -15.08230
    30.66160     41.06190    -14.08760
    37.81780     32.79150     -8.25670
    18.32046     31.36838     -8.71554
    30.75430     38.13270    -23.40750
    40.25120     26.42010     -8.33950
    44.09872     36.57204    -12.42023
    41.88049     29.32926     -7.59480
    41.89052     29.14405     -7.73842
    17.06631     27.42299     -5.46598
    18.40350     23.62630     -6.44820
    26.88426     38.64259    -12.37507
    35.57030     35.98860    -13.81830
    45.19750     36.58100     -8.19230
    47.04650     43.26580     -8.80150
    59.83547     52.32689    -10.31258
    39.33705     32.37408     -8.74746
    31.36423     44.43087     -9.43338
    19.30420     23.76400     -5.94350
    23.15820     21.42410     -5.53430
    30.78751     42.64887     -9.60565
    51.16468     44.74160    -11.16914
    51.64976     45.26182    -11.29911
    23.59760     29.32030    -13.29600
    42.67190     34.62558    -11.84723
    48.36339     42.59073     -9.58058
    34.92638     36.01135    -17.26189
    24.86780     14.60160     -8.73950
    41.55994     30.76965    -14.76948
    51.58274     58.18757    -19.00199
    41.77704     28.86570    -14.29289
    36.03766     21.12993    -15.45679
    23.18240     23.62950    -12.90730
    33.52489     26.10738    -11.02473
    29.57350     28.33810    -19.65320
    48.79140     41.78940    -15.56950
    39.40696     53.41590    -11.58518
    49.79440     54.26780    -26.21010
    51.48993     49.75196     -9.88036
    51.48992     49.75192     -9.88057
    51.48992     49.75192     -9.88046
    43.92220     35.09830     -8.69060
    64.62510     57.33450    -26.74960
    41.36645     29.40257    -16.77061
    40.37292     32.67205    -14.61253
    37.48920     37.95930    -10.00680
    30.24730      9.53290    -16.80930
    40.86832     27.33567     -8.05200
    42.79799     39.66350     -6.47755
    36.03765     21.12997    -15.45676
    43.91020     33.15360    -16.14580
    41.15710     25.76320    -17.02690
    30.90720     34.38270    -13.68510
    30.33197     32.13276    -16.13092
    56.27390     53.54740    -12.86100
    33.58380     46.17160    -13.62680
    16.49600     29.29630    -16.03870
    42.62853     34.47235    -11.85761
    53.74988     45.74741    -13.46447
    48.07137     39.97760    -14.69831
    33.52487     26.10749    -11.02478
    51.91123     52.42786     -7.50974
    40.35078     33.18186    -11.20247
    53.32424     54.76921     -8.02630
    29.65260     35.21490    -15.62790
    33.52480     26.10760    -11.02485
    56.08774     65.61332    -22.66295
    48.49391     49.56605    -11.51573
    47.53371     33.91246     -7.81487
    40.12900     23.35350    -20.44900
    22.88432     22.91870    -12.47069
    25.35550     39.39550    -15.87860
    23.45720     25.47900    -13.28050
    30.19360     15.51390    -22.92640
    28.38260     18.26430    -13.36990
    37.71172     21.22873    -17.09984
    19.91463     23.62090     -9.35137
    47.86555     35.18054     -7.48944
    26.75160     38.22064    -12.27684
    52.43970     64.98020    -23.98260
    32.50787     42.61112    -11.27803
    41.98760     42.60780    -23.76900
    45.37296     40.84276    -13.04981
    26.80170     38.47773     -9.78833
    45.37293     40.84279    -13.04986
    33.00160     37.30590    -17.48690
    45.03790     49.15630    -27.34960
    33.87230     31.44090    -13.88690
    41.92280     30.94300    -16.50350
    26.55939     20.74578    -12.20913
    31.36255     43.87796     -9.53578
    30.33187     32.13282    -16.13087
    40.92580     27.62060    -20.48360
    43.13800     38.74330     -8.40660
    37.77550     45.24520    -21.96600
    37.74650     30.73250    -21.58330
    49.01080     57.13290    -22.80250
    42.88980     26.81090    -14.48280
    52.01924     47.95368    -10.49972
    31.68520     35.87853    -15.42704
    31.68529     35.87854    -15.42690
    36.05150     36.83580    -16.65510
    43.61940     55.57070    -14.36970
    41.73150     38.22390     -6.33720
    45.54160     35.85340    -10.33930
    40.42372     32.74221    -14.68956
    42.49282     37.82981     -6.33738
    42.56347     28.63124    -11.53882
    37.50531     32.65519    -12.36641
    42.37264     33.70194    -12.18626
    46.61505     46.32649     -6.55379
    47.58975     37.77204     -9.63420
    40.42374     32.74220    -14.68962
    40.37313     32.67228    -14.61274
    50.32742     43.56574    -10.84087
    32.02910     31.05970     -8.60630
    31.45265     34.22657    -16.14314
    34.51110     24.52160    -19.07710
    53.08082     44.11019    -12.03541
    44.85100     42.72200     -5.11700
    55.23120     49.96620     -3.99030
    32.45150     26.30710     -7.97960
    39.20537     31.52774    -14.60843
    35.52571     18.40321    -14.43745
    48.11784     50.29074    -12.29778
    39.73124     54.15833    -10.51616
    35.16160     27.68090    -14.81930
    48.11799     50.29077    -12.29743
    33.38660     39.33160    -21.26650
    48.73470     61.40290    -11.50270
    35.90560     30.36360    -10.71670
    18.32046     31.36830     -8.71532
    44.07740     34.40930     -7.68060
    49.49339     45.78282    -10.39586
    41.85981     27.46683     -8.30602
    45.90207     59.31930    -16.49405
    27.69900     39.58950     -6.07220
    53.74991     45.74748    -13.46443
    36.85830     28.50460    -18.88580
    34.05280     30.90560     -8.18960
    28.71740     37.84389    -15.29968
    40.92780     36.06200     -8.53970
    33.55139     38.16502    -17.83486
    37.70365     49.41141    -13.17060
    36.14400     37.72220     -9.44070
    16.01460     27.88150    -21.06910
    30.77680     27.94290    -10.40010
    40.80272     34.22337    -10.29459
    39.91570     28.22275     -6.74956
    17.98475     26.06263     -6.14340
    50.39170     58.06940    -21.00940
    42.24586     39.75462     -9.86731
    41.02310     53.09650    -10.14700
    36.03733     21.12920    -15.45874
    25.52350     14.22830    -15.46170
    23.25280     28.10120     -9.25690
    31.13408     42.58898    -13.53992
    48.55670     34.15770    -11.53860
    32.99440     14.82930    -12.25890
    40.43020     35.66650    -12.96410
    50.27780     43.65948    -10.75799
    41.44500     25.02200     -7.22820
    36.03782     21.13031    -15.45469
    41.89600     44.71240    -16.53980
    40.38204     33.00337    -11.18898
    34.90504     46.92561    -12.23930
    47.47770     44.19900    -13.70570
    46.66224     39.58223    -14.26986
    25.50421     38.24399     -6.58721
    35.41642     37.01014    -14.50060
    30.05950     34.30720    -13.66450
    49.86885     43.60457    -10.36543
    47.66845     43.73759     -8.21255
    37.73580     28.16890    -15.18040
    37.53750     35.57940    -10.89980
    34.92637     36.01135    -17.26189
    42.67246     34.63088    -11.85091
    37.84263     31.36448    -11.02973
    43.83537     34.24495    -11.72889
    39.67990     45.18180    -19.60970
    25.58180     33.56560    -13.92480
    26.30786     38.56326    -12.74378
    53.06876     51.52949     -7.41662
    22.64780     24.30780     -8.40420
    43.63240     33.69397     -8.23472
    52.72790     53.25290     -7.06790
    48.98189     42.15339    -10.21928
    33.96576     44.16233    -10.00208
    55.63670     51.39410    -13.11830
    39.33703     32.37409     -8.74780
    20.84940     19.39410    -12.48970
    37.12710     19.25490    -13.25670
    38.39798     31.46040     -7.61075
    21.58518     22.68921    -11.48116
    39.41130     29.35850    -24.47000
    29.23350     19.06460    -10.50650
    43.63242     33.69398     -8.23475
    51.12380     41.97430    -14.62060
    43.79334     35.23025    -13.94135
    40.32399     55.18395    -10.13363
    30.85250     26.72530     -8.67040
    39.91553     28.22232     -6.75006
    39.12410     54.15180    -12.24050
    40.36550     34.36050    -14.79840
    20.01280     24.73840    -10.82239
    41.88561     29.28038     -7.63018
    36.03770     21.13003    -15.45697
    36.03766     21.12995    -15.45650
    49.13010     49.32940    -10.31950
    43.94640     28.53020    -14.08800
    28.98242     39.64279    -11.24457
    53.81820     51.38760     -9.57130
    23.59605     24.41779    -13.95219
    44.78650     33.24100    -14.99930
    53.29760     56.71430    -24.11930
    48.07143     39.97770    -14.69819
    41.77700     28.86573    -14.29313
    42.24582     39.75399     -9.86691
    53.06870     51.52943     -7.41673
    49.85750     46.81460    -14.13820
    26.62823     20.78881    -12.01851
    35.57723     29.23173    -10.18433
    52.17710     64.52120    -13.20430
    63.63890     59.54110    -21.47440
    43.87240     46.62340    -23.87660
    28.69250     38.77950    -13.45680
    41.91460     29.79770    -13.38820
    33.34670     47.42602    -11.88914
    51.89439     46.54978    -11.24262
    35.80220     28.99540    -18.40000
    50.21050     49.60490    -15.33280
    37.90822     41.26977    -18.39860
    37.36670     29.74387    -10.95964
    35.27117     30.78068    -12.98268
    49.22880     39.52600    -14.66970
    36.27735     25.57661     -8.46875
    35.27640     30.76230    -12.97448
    41.07930     38.99670    -13.70690
    18.08720     28.36950    -18.64750
    52.98927     48.05917    -12.47808
    48.79848     35.54782    -11.75859
    40.36930     28.90750    -11.08900
    48.11785     50.29082    -12.29784
    27.37793     38.82131    -12.04815
    57.84320     56.62030     -7.86500
    26.73062     38.62402    -12.48945
    59.59970     51.27030    -15.21760
    36.63240     51.07660     -5.95940
    42.04641     28.92112     -7.77009
    17.06600     27.42261     -5.46605
    32.89456     22.17811    -10.47484
    35.58510     32.54980     -7.27980
    38.44290     46.34840    -21.20660
    39.34200     34.16610    -12.78820
    23.14929     37.08675     -9.32692
    39.81800     33.21350    -19.45400
    35.21890     16.95400    -12.52680
    38.42350     27.61940    -15.55980
    48.79862     35.54793    -11.75864
    38.27440     28.36460    -17.94510
    33.90460     29.79770    -20.04260
    22.59080     34.26580    -11.52790
    35.24770     30.86492    -13.02168
    58.10880     48.58530     -9.03170
    51.89396     46.54679    -11.23967
    43.22583     31.79394     -8.32742
    22.37170     22.43420    -14.22210
    32.37460     46.64870    -12.03440
    42.40650     26.54356     -9.23209
    37.84258     31.36438    -11.02966
    40.71826     31.38740     -7.66556
    42.91500     31.80250    -17.05960
    41.93283     54.28081    -10.55148
    40.60200     44.28370    -25.14600
    43.63248     33.69395     -8.23463
    32.83460     26.90890     -6.82700
    42.32370     32.06870    -11.35800
    43.41330     36.47810    -13.21160
    24.95080     36.45080    -12.90720
    42.40646     26.54348     -9.23196
    33.50831     26.14154    -11.04976
    29.32180     20.42561    -13.19591
    33.55111     38.16497    -17.83431
    28.89630     24.24160    -22.32350
    49.30097     34.96436     -9.37274
    43.04609     32.84239    -13.67757
    26.52437     20.73281    -12.27474
    29.85947     36.31177    -13.46196
    55.73552     56.28652    -14.59129
    23.14942     37.08660     -9.32729
    32.45448     24.85747    -10.79012
    47.11350     57.17400    -19.60400
    36.69737     48.02459     -9.76198
    16.29530     25.38540    -13.04020
    52.06020     59.89710    -22.93630
    14.74470     26.86100    -13.31690
    41.28810     33.63060    -11.38810
    51.88518     52.43458     -7.69728
    54.22000     47.13320    -12.60330
    34.09500     14.30000     -5.67740
    37.33940     29.20870    -21.84140
    35.31170     42.41710    -24.22580
    40.38189     33.00283    -11.18949
    30.12750     13.82510    -22.58130
    49.41710     57.60880    -20.40500
    60.87452     54.62136    -24.10437
    52.17110     48.81070     -7.24050
    22.40970     21.39250    -11.10800
    45.74940     37.36357     -9.68390
    51.80633     41.86688    -12.68763
    40.91060     34.23550    -16.75230
    21.87920     21.46820    -19.03910
    45.26322     46.33181    -26.61554
    50.96330     47.55530     -7.77730
    25.71450     39.31980     -9.21900
    44.92470     31.47050    -10.29290
    35.52569     18.40319    -14.43755
    50.59788     64.47790    -23.91900
    46.61505     46.32641     -6.55381
    43.92690     43.35860    -25.81570
    43.22587     31.79396     -8.32748
    58.74370     56.50450    -10.61200
    48.32233     42.61078     -9.52279
    28.98653     39.64696    -11.24146
    50.68392     59.11993    -23.82784
    30.24762     19.45459    -12.68541
    45.71321     39.84781     -6.73362
    50.79539     40.76510    -12.10636
    48.81620     42.35967    -10.00338
    48.78123     42.29611    -10.01464
    36.27722     25.57632     -8.46852
    41.36639     29.40250    -16.77072
    25.08210     22.76080    -15.26680
    28.78740     41.21090     -5.31540
    42.48847     28.46549    -12.30377
    42.67010     37.79188     -7.33156
    49.74579     36.85925    -12.31801
    39.87120     35.15080    -13.55630
    55.58560     48.26350    -15.06370
    33.55978     26.03503    -10.97192
    38.24082     31.40649    -19.52731
    24.88740     35.81880    -12.08690
    36.51050     41.11700    -17.67680
    27.37580     19.40650    -13.56040
    43.61260     47.63450    -22.50900
    51.39359     44.98806    -11.22771
    57.58050     64.72880    -20.73380
    20.01278     24.73838    -10.82259
    37.94369     29.57724     -8.72518
    20.01272     24.73832    -10.82241
    30.22946     36.29658    -13.23561
    27.60050     32.67590    -17.18070
    48.56257     42.48906     -9.77185
    35.71667     28.08160    -12.61477
    47.62420     47.50910    -26.54980
    40.44520     32.57379    -11.19398
    32.49140     46.06630    -14.73250
    17.48374     26.19805     -8.60878
    44.50211     40.32560    -13.21827
    36.28260     48.65140    -11.37600
    38.92830     32.46170    -20.73760
    32.75480     44.79920     -8.86670
    41.09240     40.21000    -10.34990
    25.31084     21.19166    -12.82062
    31.65530     31.13650    -12.12480
    36.69930     22.92220     -7.11420
    55.24880     46.48730    -15.04450
    32.63035     45.13329    -13.61291
    35.72884     28.12347    -12.72954
    48.01820     39.04500    -10.59740
    48.31977     40.05242    -10.69440
    35.91500     29.45310    -13.74450
    45.81940     50.76700     -8.41320
    42.60765     28.71250    -11.14882
    39.94450     33.59470    -15.11710
    21.48710     23.96290    -11.14745
    40.86756     27.33768     -8.05074
    44.50209     40.32560    -13.21843
    37.47567     32.63999    -12.20355
    36.66890     25.06560    -12.30700
    49.71470     61.23100    -21.37650
    25.45570     37.62070    -12.37960
    33.55115     38.16494    -17.83439
    27.48006     38.84479    -11.94926
    28.60700     35.49150    -11.00160
    39.62240     33.09510    -16.80600
    35.74300     31.87480     -8.37430
    35.20723     20.27203    -13.86431
    30.12240     27.94340     -5.97000
    31.22390     22.78460     -7.89610
    29.63310     27.52730    -12.52930
    35.81155     20.07992    -17.41018
    34.06720     18.10510    -11.82880
    52.66159     43.12513    -13.25385
    15.16284     27.79377    -12.49552
    29.28825     33.61555    -11.59977
    31.75200     20.96740    -12.66180
    28.34960     22.73430    -11.34640
    36.71304     34.25582    -12.09361
    51.56980     45.17762    -11.27466
    34.71609     45.18481    -13.17694
    38.94700     35.32140     -8.27030
    29.79778     36.31427    -13.49990
    31.66594     21.75292    -11.38986
    31.68499     35.87847    -15.42733
    24.65100     21.18370    -14.69410
    29.28826     33.61627    -11.60053
    28.01250     36.51400    -17.31020
    25.43800     39.56780    -13.07590
    53.30030     40.94150    -15.02380
    46.68704     32.79869     -6.87198
    46.68700     32.79865     -6.87201
    46.68706     32.79866     -6.87201
    25.84970     37.40030     -8.33290
    46.00440     61.43460    -21.12490
    53.61038     52.49007     -8.41517
    29.25145     42.74748    -15.51091
    36.17300     48.72740     -8.15300
    46.99550     34.16610     -9.91470
    50.29046     43.55800    -10.81081
    18.17360     26.44880    -13.23670
    35.48920     49.55510     -6.83640
    53.08088     44.11011    -12.03539
    53.89247     55.84126     -8.67560
    54.29500     49.71630    -11.49200
    36.11270     45.26220    -17.48320
    44.42800     43.26040    -10.56210
    18.22420     26.13560    -10.30060
    45.27520     43.31500    -11.30130
    29.85935     36.31168    -13.46218
    37.50537     32.65510    -12.36689
    35.59764     27.94822    -11.86884
    43.41416     28.18190     -9.84958
    27.78770     28.79800    -19.31580
    54.20536     53.17055    -11.72903
    33.41670     41.00530    -19.54690
    47.67550     35.34070    -11.09520
    35.40960     36.15610     -7.26410
    52.60199     41.26566    -13.96408
    26.69605     38.57149    -12.47843
    23.59613     24.41784    -13.95210
    35.15930     33.41870    -13.77510
    29.85958     36.31166    -13.46189
    39.22560     43.62550    -27.10760
    45.74930     37.36353     -9.68380
    42.64220     57.91170    -11.87480
    58.27590     48.50580    -21.62960
    15.16286     27.79383    -12.49568
    46.07744     43.25901     -7.50404
    31.45272     34.22657    -16.14339
    49.99753     44.08154    -10.56745
    41.31240     33.17750     -8.21680
    34.83695     45.78285     -9.19499
    41.94080     29.06414     -7.75532
    31.13535     42.58923    -13.53922
    42.35315     33.67755    -12.22821
    36.03766     21.12993    -15.45650
    35.67660     28.04830    -12.37987
    35.31391     36.95224    -14.42231
    45.42410     53.69910    -18.28400
    33.57340     31.86200    -10.78330
    36.47630     26.76740    -12.25440
    34.90496     46.92559    -12.23940
    51.89459     46.55089    -11.24350
    35.54890     23.84040    -10.64570
    23.16380     34.64120    -10.43160
    22.03114     25.95604    -11.71346
    43.80180     33.95610    -13.87500
    25.37660     34.78060     -9.73300
    33.47690     25.76140     -8.52640
    59.74596     54.17603    -21.67725
    59.74604     54.17607    -21.67745
    42.60153     28.70377    -11.19490
    42.61818     28.73171    -11.05879
    42.35323     33.67785    -12.22783
    18.13660     24.28790    -14.47240
    20.10430     22.30070    -18.06400
    31.65200     37.81280    -17.97280
    41.96370     34.84260    -13.72640
    37.71178     21.22867    -17.09986
    23.89830     23.17180    -12.25690
    51.56970     45.17796    -11.27393
    28.99097     39.65153    -11.23832
    32.63035     45.13326    -13.61275
    32.63037     45.13330    -13.61275
    33.55023     38.16486    -17.83218
    33.98590     27.81760    -10.62090
    35.85950     46.71210     -9.35966
    23.98760     27.03520    -18.04650
    22.81872     35.75208    -11.43500
    50.26822     43.59476    -10.78026
    37.84258     31.36444    -11.02961
    42.87494     34.82047     -7.71522
    42.60700     28.71308    -11.14987
    51.26343     51.00249     -7.37892
    43.55830     40.48090     -4.81850
    16.72220     26.36500     -9.86960
    43.79354     35.23045    -13.94115
    33.94190     48.43720     -9.26220
    25.31086     21.19164    -12.82048
    23.14939     37.08666     -9.32729
    29.99220     36.15260    -15.69850
    36.78370     30.24430     -7.26690
    27.46950     21.05010    -13.79130
    22.11080     35.81240    -10.03390
    34.34260     25.38720     -8.32890
    47.86545     35.18056     -7.48956
    34.60750     38.02690    -21.63930
    18.95075     30.93047     -9.68466
    43.83533     34.24495    -11.72891
    63.63940     57.09060    -22.95500
    37.89979     44.14493    -23.53814
    28.79540     42.26900     -5.23270
    54.95650     45.64500     -8.92050
    40.02920     31.29820     -9.37230
    47.58970     37.77203     -9.63438
    33.24306     32.65477     -7.69542
    29.79770     36.31431    -13.50020
    35.09180     33.91190    -18.83450
    27.39473     38.82370    -12.02908
    47.53369     33.91254     -7.81473
    38.81100     22.74720    -10.33140
    37.47340     32.63880    -12.19096
    41.17830     32.06140    -12.24380
    48.03750     49.49930    -22.54640
    39.49305     27.73295    -14.62379
    40.31262     33.37266    -11.23182
    37.04386     27.16407    -22.02839
    19.53190     29.85280     -9.96690
    34.69810     33.59550    -16.31990
    35.81152     20.08199    -17.40535
    51.12801     44.70828    -11.15630
    42.62892     34.48547    -11.88929
    31.13573     42.58927    -13.53906
    35.19043     31.07281    -13.11911
    49.81376     44.30658    -10.50884
    34.34070     45.23720    -10.94800
    32.04260     44.71850     -5.76230
    32.26410     14.60940     -8.98340
    49.02606     44.18380    -12.72565
    46.91000     34.96830    -10.59250
    56.11370     65.20130    -24.32300
    54.04540     50.53200     -8.91750
    36.69733     48.02471     -9.76188
    25.23250     22.06810    -12.32240
    34.71584     45.18476    -13.17691
    48.69890     45.74370    -18.25660
    27.16220     41.81880     -6.56650
    39.99460     35.01500    -10.09830
    45.11490     42.89854     -7.65673
    18.70050     31.93540     -7.73090
    22.41080     34.20410    -13.61540
    36.68336     29.53331     -9.29806
    18.52950     28.89560     -9.05130
    24.61980     38.97760    -13.19020
    26.47780     20.70430    -12.40132
    35.85949     46.71259     -9.35976
    48.79834     35.54759    -11.75853
    40.90422     38.50218     -9.39835
    22.81878     35.75212    -11.43510
    35.60650     34.44040     -8.91420
    28.71730     37.84391    -15.29962
    34.95460     29.07880    -16.89440
    38.19730     27.22970    -12.56530
    18.82420     23.49530    -13.60770
    22.09320     20.36050    -13.91980
    50.86240     63.58390    -10.17290
    43.41399     28.18176     -9.84892
    28.47760     34.78550    -12.31300
    36.58309     24.37232     -8.96476
    26.75384     20.87702    -11.64339
    58.57974     48.98165    -10.47181
    45.71319     39.84789     -6.73358
    39.32370     35.12960    -22.01330
    25.71730     24.01840    -14.62910
    47.04016     45.06745     -9.21086
    34.02740     43.03406    -17.38531
    23.89290     30.19230    -17.38090
    31.35282     43.76347     -9.56575
    46.66221     39.58220    -14.26988
    55.73549     56.28643    -14.59104
    59.65050     54.93570    -20.09180
    58.57976     48.98165    -10.47169
    56.12880     66.11570    -20.89740
    51.22544     38.93518    -13.14369
    43.69143     36.36333     -8.30234
    41.24120     51.32250    -16.82890
    40.14180     50.56540    -15.18710
    46.31780     59.10500    -13.12020
    19.91482     23.62096     -9.35151
    19.91483     23.62095     -9.35131
    37.70365     49.41114    -13.16843
    49.62000     41.68430    -14.51880
    26.80637     38.47235     -9.88602
    29.11120     15.29010    -10.75820
    51.22544     38.93521    -13.14365
    31.45299     34.22659    -16.14240
    46.04730     45.19440     -7.92790
    48.74363     48.21519    -15.21243
    50.08300     56.19730     -9.08960
    34.02740     43.03404    -17.38539
    42.66414     37.79894     -7.29954
    48.49389     49.56605    -11.51567
    19.44520     22.35050     -8.15680
    31.65752     26.52631    -10.96601
    24.11910     31.65590    -14.19770
    48.36350     42.59080     -9.57965
    51.58276     58.18763    -19.00181
    29.89900     39.27480    -15.11640
    34.53310     31.05615    -10.45259
    34.71611     45.18488    -13.17714
    38.65150     30.00710    -10.12700
    34.26211     48.33163    -11.42746
    21.21682     23.57517    -10.72415
    50.91889     40.85020    -12.15557
    40.98180     37.92530    -10.96230
    18.66220     28.18290    -10.38880
    41.27025     35.32919    -11.76688
    25.60843     22.64293    -13.36740
    54.00120     64.80940    -19.34930
    50.52408     45.71833    -11.12393
    38.24088     31.40641    -19.52719
    30.50810     19.00410     -7.59800
    40.90475     38.50305     -9.39903
    42.34792     33.67147    -12.23933
    50.68388     59.11997    -23.82766
    26.69608     38.57294    -12.48683
    32.45063     24.86588    -10.77839
    19.91350     26.11470     -7.88740
    50.18472     43.73604    -10.67559
    25.50419     38.24391     -6.58719
    51.07740     53.31000    -15.06350
    41.27025     35.32911    -11.76682
    56.56050     60.99320    -19.21710
    37.85840     28.20460    -11.24300
    41.93263     54.28077    -10.55075
    45.03290     31.48270    -15.08140
    52.15470     38.42500    -10.76880
    33.34680     47.42598    -11.88916
    58.97410     64.07940    -21.15830
    37.89981     44.14497    -23.53816
    37.59620     40.27070    -19.39160
    50.61057     56.88197    -25.28209
    45.19668     37.90314    -13.15877
    27.23190     17.19050    -14.70600
    53.36527     43.90339    -13.94328
    45.85810     52.15090    -21.02200
    37.25960     27.95640    -22.01910
    19.13160     31.02492     -7.01672
    32.05500     23.83890    -10.58500
    42.87486     34.82053     -7.71508
    17.98494     26.06363     -6.14652
    54.65642     49.97915    -13.53234
    43.14430     38.52590    -12.33230
    16.96380     23.96540    -10.14870
    42.24482     42.06187     -9.20846
    26.80230     12.92620     -8.95300
    49.74588     36.85889    -12.31785
    34.81330     49.53270     -5.64460
    40.86729     27.33839     -8.05042
    32.99360     28.94420    -10.75110
    50.15308     43.78669    -10.66120
    32.44803     24.87156    -10.77048
    43.41383     28.18194     -9.84888
    41.77706     28.86577    -14.29288
    15.83380     25.39500     -6.60680
    51.33430     57.48930    -23.73610
    37.50540     32.65505    -12.36681
    33.57060     44.61794    -12.42753
    31.37279     43.74560     -9.55079
    46.83490     37.87160    -15.19710
    35.24456     30.87574    -13.02649
    45.10383     42.89155     -7.65770
    42.71715     37.70526     -7.55195
    38.78060     41.50510    -18.19780
    36.03765     21.12995    -15.45693
    51.92566     52.42419     -7.40947
    20.62090     25.06050    -19.23630
    33.59739     44.62992    -12.46477
    53.48750     42.70070    -14.91330
    33.55119     38.16499    -17.83453
    64.60260     55.96750    -25.49600
    57.67481     47.79070    -16.97682
    26.69547     38.57032    -12.48215
    55.10430     56.03850     -8.77580
    33.95686     26.32744    -20.44483
    21.58510     22.68950    -11.48211
    22.82200     26.60730    -12.68810
    19.21470     27.23210     -6.58750
    19.58387     27.42147    -14.39122
    28.08980     24.34570    -15.65960
    34.87390     32.59390     -6.96700
    25.12850     32.76800    -17.31850
    21.58512     22.68936    -11.48162
    54.87135     47.02025    -13.75211
    48.74850     56.08120    -23.80340
    34.86110     25.91790    -13.95890
    49.30620     64.84760    -26.27330
    31.26960     42.03460    -10.31950
    23.59612     24.41786    -13.95212
    60.42100     50.59010    -20.36510
    51.81649     52.44959     -8.21634
    35.57713     29.23172    -10.18435
    19.07150     25.24200     -9.09370
    52.86470     46.89590    -11.89150
    40.02470     24.98110    -13.12710
    21.53845     24.03714    -11.22918
    49.89041     57.92049    -23.95160
    58.90550     50.36640    -17.29480
    43.05960     37.79990    -12.10010
    24.61480     34.10060    -14.12640
    25.89790     32.00640    -13.19250
    31.33950     24.58480     -7.06100
    59.48776     50.90783    -10.47484
    52.60242     41.26682    -13.96499
    42.04101     37.08185    -11.45674
    42.40290     27.14730    -11.33240
    31.37160     34.32400     -9.00520
    50.19370     62.41980    -26.10540
    40.54080     41.92350    -11.80240
    47.95640     38.70150    -15.20240
    18.09360     27.16690     -5.57140
    30.33187     32.13281    -16.13086
    52.98923     48.05923    -12.47792
    19.13160     31.02488     -7.01648
    50.95146     40.87364    -12.16776
    34.53305     31.05623    -10.45238
    35.85944     46.71220     -9.35914
    33.96584     44.16237    -10.00202
    44.37590     30.46530    -13.50520
    29.32176     20.42545    -13.19609
    43.79355     35.23050    -13.94111
    28.35229     25.00349    -14.08850
    49.83630     62.97820    -21.28470
    59.48774     50.90777    -10.47486
    38.40650     49.43370    -10.64190
    49.02614     44.18370    -12.72575
    41.00810     31.56480    -19.21380
    30.24766     19.45456    -12.68561
    53.74976     45.74707    -13.46442
    17.96459     27.93041     -7.57063
    39.77640     26.12720    -22.34250
    37.56120     24.48320     -6.56660
    40.80266     34.22337    -10.29458
    51.53450     42.60210    -12.15950
    30.33189     32.13281    -16.13085
    45.73894     42.08884     -7.66985
    42.79801     39.66340     -6.47745
    49.14177     42.37416    -10.11810
    39.82010     45.91080    -17.82930
