    43.52783     41.16104     -9.69943
    28.78920     42.20030     -7.79720
    39.09470     36.69140     -8.59910
    39.33702     32.37408     -8.74770
    40.11973     32.32213    -14.22796
    43.52784     41.16105     -9.69946
    55.82150     57.28757     -9.82908
    33.30580     17.84170    -15.31120
    52.60249     41.26701    -13.96513
    40.39925     32.70837    -14.65237
    37.71450     27.26970     -8.92110
    43.69150     36.36327     -8.30217
    41.92244     29.13459     -7.71492
    41.49530     50.84940    -19.94120
    42.51180     40.97500    -13.80150
    51.81275     40.20795    -12.32765
    35.83890     21.28830    -22.06900
    53.36525     43.90335    -13.94325
    31.42610     37.57310    -15.99920
    50.62280     64.47660    -16.25290
    19.53930     28.14290     -8.12240
    46.66220     39.58220    -14.26983
    42.07128     37.18206    -11.32942
    49.00420     42.72730    -15.12510
    40.37433     55.17653    -10.03766
    33.85020     20.85440    -17.85220
    40.37430     55.17654    -10.03771
    19.53930     28.14290     -8.12240
    42.58433     28.66764    -11.36291
    22.41520     22.65730     -9.38360
    39.49305     27.73295    -14.62365
    26.55988     20.75877    -12.16388
    35.28827     36.93792    -14.40236
    35.28830     36.93794    -14.40238
    38.07680     31.82080    -14.85930
    33.05700     46.21289     -9.40310
    42.61540     39.20370    -12.64280
    49.09035     41.69804    -10.53751
    25.44910     20.89685    -10.32310
    53.40102     50.12688    -11.84229
    39.66380     39.17040     -8.58565
    32.26050     23.49600     -7.53170
    33.05698     46.21286     -9.40324
    41.85980     27.46685     -8.30605
    40.86753     27.33776     -8.05076
    47.52370     36.89560    -10.84190
    56.20380     62.35240    -17.98270
    42.24585     39.75414     -9.86709
    28.37070     40.67040    -13.65690
    48.31980     40.05247    -10.69437
    26.31663     38.56481    -12.74086
    34.88110     31.81330    -15.48400
    30.24744     19.45457    -12.68563
    31.38239     43.75337     -9.54016
    49.61920     48.86400     -8.04130
    39.20535     31.52770    -14.60840
    34.02055     20.85015    -11.82780
    34.93250     18.55510     -9.84340
    46.50560     40.92520    -10.37440
    25.44910     20.89685    -10.32310
    40.14815     28.65865     -8.30545
    40.14815     28.65865     -8.30545
    28.55040     22.23620    -13.10380
    43.92220     52.07090    -24.33980
    32.46250     22.66190    -12.75660
    20.07085     22.55130     -9.77515
    49.59680     37.17130     -8.03180
    48.31980     40.05247    -10.69437
    30.44380     29.95390     -7.83580
    43.52784     41.16105     -9.69945
    44.85030     47.70500     -5.77110
    57.31856     65.58676    -23.57951
    42.70172     34.74817    -11.92587
    34.92637     36.01137    -17.26194
    42.67507     30.34643     -8.00999
    42.67507     30.34642     -8.01000
    37.74590     26.71980    -18.65540
    40.37840     31.45620    -12.25050
    52.01920     47.95373    -10.49970
    63.40510     57.52930    -24.39110
    52.25920     46.10750     -8.11370
    41.30010     36.23470    -22.85650
    50.36925     37.65060    -12.60825
    36.58307     24.37235     -8.96478
    42.35627     33.68514    -12.22337
    42.37224     33.73271    -12.20518
    46.01149     43.23501     -7.51543
    35.58291     27.93426    -11.77987
    51.80630     41.86690    -12.68770
    55.32970     50.29490    -13.58700
    32.36700     22.73850     -9.41360
    41.91020     56.49160    -10.16880
    55.63266     64.45700    -22.35702
    55.63266     64.45700    -22.35702
    55.63266     64.45700    -22.35702
    21.33017     23.73739    -10.90066
    36.53060     30.71140    -12.32960
    55.63266     64.45700    -22.35702
    33.30460     20.18143    -12.79827
    33.30460     20.18143    -12.79827
    33.30460     20.18143    -12.79827
    53.74620     49.22670    -11.74510
    50.59790     64.47785    -23.91900
    38.46590     36.20860     -7.86160
    30.65410     37.20860    -13.55440
    45.45240     34.36470     -9.65390
    42.62544     37.80066     -7.07932
    42.56854     28.63452    -11.51720
    37.76880     28.98520    -14.37940
    25.26470     35.40590     -8.72060
    57.31856     65.58676    -23.57950
    18.84880     25.10670     -7.24980
    24.24020     33.24880    -13.86580
    39.18560     26.66160    -12.13460
    55.82150     57.28757     -9.82907
    18.74560     28.38570     -6.94130
    55.82150     57.28758     -9.82907
    55.82150     57.28758     -9.82907
    52.44919     51.55800     -9.74995
    47.70320     45.95270    -14.10210
    40.32387     33.30908    -11.22669
    32.73970     25.93380    -17.92810
    36.69737     48.02456     -9.76204
    33.55109     38.16496    -17.83423
    21.33103     23.73863    -10.90201
    51.39784     44.99271    -11.22973
    20.06460     22.85260     -7.47730
    45.85372     43.17644     -7.54021
    29.03240     25.43170    -13.00510
    32.90660     31.78430     -6.87190
    26.55988     20.75877    -12.16386
    29.45460     41.52220    -10.40850
    50.47340     40.54319    -11.97829
    30.26400     41.81480     -9.64650
    48.79857     35.54788    -11.75860
    32.63038     45.13327    -13.61280
    59.83552     52.32700    -10.31286
    34.02055     20.85015    -11.82780
    31.37958     43.78450     -9.53709
    46.20570     32.72890    -11.25580
    50.52410     45.71835    -11.12405
    52.60249     41.26700    -13.96513
    33.95680     26.32740    -20.44487
    57.78140     45.95380    -19.94950
    58.41295     47.54110    -11.12660
    53.06880     51.52953     -7.41660
    18.67370     24.49300    -17.50850
    42.62687     37.79910     -7.08668
    32.58410     28.10750    -21.45320
    37.33948     32.57019    -11.45525
    34.17950     22.68200    -16.91630
    43.25650     34.51280     -9.97920
    53.06882     51.52955     -7.41659
    31.43276     43.65847     -9.51082
    42.08011     28.85765     -7.78973
    48.21850     44.87510    -16.80700
    33.55832     44.61256    -12.40985
    17.96460     27.93040     -7.57050
    36.89860     25.25720     -9.77340
    36.09120     31.10600    -21.94950
    42.24465     42.06213     -9.20820
    45.25983     42.95518     -7.63361
    51.48993     49.75192     -9.88050
    34.83691     45.78290     -9.19506
    53.32421     54.76913     -8.02648
    42.40647     26.54353     -9.23203
    50.36925     37.65060    -12.60825
    31.37252     43.80078     -9.54067
    33.31830     15.36970    -29.73350
    34.83692     45.78290     -9.19506
    39.27300     33.66610    -10.49120
    49.31240     57.36660    -24.91240
    35.34950     20.12264    -13.70863
    35.34951     20.12263    -13.70863
    39.18970     29.27320     -9.74095
    43.71230     42.22020    -10.05090
    39.91561     28.22254     -6.74982
    38.50660     34.28780    -14.59280
    48.13980     62.62900    -16.83150
    29.77360     43.37425    -13.04190
    43.41402     28.18185     -9.84911
    43.79334     35.23043    -13.94108
    25.60840     22.64295    -13.36745
    58.02680     56.46750    -10.19170
    41.92380     46.97900    -10.85520
    56.69980     52.80560     -9.72560
    42.68962     30.43502     -7.94351
    50.61060     56.88200    -25.28210
    45.73895     42.08885     -7.66980
    21.30818     23.70579    -10.86607
    33.59720     24.69260     -9.42220
    31.45530     35.89290    -12.17470
    41.96524     29.05826     -7.73619
    52.44919     51.55801     -9.74994
    36.71305     34.25585    -12.09360
    40.78050     54.33600     -8.58470
    23.36830     32.83080    -13.76790
    33.77210     36.87920    -15.91220
    20.96570     25.33730    -10.77470
    39.73132     54.15835    -10.51651
    37.70368     49.41118    -13.16869
    35.69116     28.06644    -12.47339
    48.89590     49.17800     -6.85120
    35.33530     36.96437    -14.43847
    25.56560     24.15150    -16.35860
    45.25970     42.95511     -7.63364
    31.18540     46.23060    -15.59000
    19.58385     27.42150    -14.39125
    46.46720     44.59930    -16.69510
    38.66770     30.50110    -14.48330
    23.59260     34.84070    -14.41390
    30.94220     23.06340    -14.43650
    35.86460     50.13430     -8.09360
    46.76820     37.76060    -12.27300
    51.46951     45.06967    -11.24866
    56.08770     65.61335    -22.66295
    33.16640     41.19940     -6.84530
    31.68130     13.26550    -28.55530
    42.43180     32.52240     -7.41580
    36.90690     24.60850    -16.54050
    31.66595     21.75290    -11.38985
    23.14942     37.08664     -9.32732
    47.58973     37.77203     -9.63427
    34.53310     31.05617    -10.45257
    55.90230     62.32160    -24.12560
    26.52503     20.74521    -12.23142
    26.74854     20.87545    -11.64816
    42.58456     28.66807    -11.36087
    40.78050     54.33600     -8.58470
    34.83691     45.78290     -9.19506
    44.75430     36.00940    -12.21760
    26.67570     23.94420    -17.96450
    33.55109     38.16496    -17.83423
    37.94370     29.57725     -8.72510
    30.78750     42.64885     -9.60570
    46.23380     38.35080    -14.62660
    24.24020     33.24880    -13.86580
    42.56856     28.63452    -11.51715
    37.90825     41.26975    -18.39855
    52.01920     47.95373    -10.49970
    34.26210     48.33160    -11.42757
    31.13526     42.58921    -13.53932
    41.41930     36.94940     -7.92720
    17.06621     27.42285     -5.46594
    43.79333     35.23043    -13.94107
    49.74585     36.85890    -12.31786
    49.74585     36.85890    -12.31786
    35.00851     36.78059    -14.18753
    31.45920     45.83530    -14.20260
    36.05690     31.93960    -12.23170
    35.34951     20.12263    -13.70863
    41.73940     31.51360    -13.10320
    46.33920     54.49780     -6.72030
    49.49338     45.78281    -10.39587
    45.07280     38.72260     -7.24850
    40.71210     29.26760    -14.61570
    35.34951     20.12263    -13.70862
    17.98494     26.06352     -6.14630
    60.87450     54.62135    -24.10430
    35.34951     20.12263    -13.70863
    33.05697     46.21289     -9.40310
    27.21540     11.38560     -5.57460
    21.58518     22.68923    -11.48125
    21.58518     22.68922    -11.48124
    45.55819     43.06628     -7.58670
    42.24465     42.06212     -9.20820
    35.34951     20.12263    -13.70863
    31.37969     43.78440     -9.53701
    17.86890     33.31230     -3.54400
    29.28827     33.61595    -11.60018
    34.27820     23.30980    -10.11930
    46.91680     37.05580     -7.52600
    39.40695     53.41590    -11.58525
    51.37056     44.96348    -11.22238
    53.40103     50.12690    -11.84229
    34.43110     43.09450    -20.58980
    22.03117     25.95602    -11.71339
    27.02996     38.66398    -12.24022
    20.07085     22.55130     -9.77515
    36.27727     25.57641     -8.46860
    27.38345     38.80231    -12.00618
    36.27726     25.57641     -8.46860
    29.59280     44.43680    -13.51140
    41.55990     30.76965    -14.76950
    33.05689     46.21294     -9.40288
    35.34950     20.12264    -13.70864
    42.24585     39.75413     -9.86709
    39.73132     54.15835    -10.51652
    58.41295     47.54110    -11.12660
    20.78460     29.74560     -9.72620
    43.24610     44.68840    -18.05850
    56.67740     60.55160     -9.56270
    43.04610     32.84235    -13.67750
    50.75631     40.74104    -12.08898
    40.80254     34.22317    -10.29477
    23.84950     21.80500    -18.29680
    50.14372     43.71029    -10.67942
    33.24310     32.65475     -7.69535
    35.36245     20.10904    -13.69448
    37.04390     27.16405    -22.02835
    35.85942     46.71232     -9.35925
    37.25860     26.01720     -9.38420
    40.86755     27.33774     -8.05074
    41.79730     32.87170     -6.98840
    31.45264     34.22656    -16.14313
    42.07128     37.18207    -11.32940
    54.65640     49.97920    -13.53230
    26.56002     20.75885    -12.16348
    49.47780     46.84670     -7.65100
    30.98020     30.79970    -11.61570
    26.49735     20.72915    -12.30337
    53.06880     51.52953     -7.41661
    45.35176     42.98950     -7.61913
    28.35230     25.00350    -14.08855
    37.08390     30.71460    -18.53325
    33.66425     26.68600     -8.82135
    30.84520     37.29310    -22.59600
    18.32047     31.36833     -8.71543
    40.54860     38.45990    -19.46670
    26.62735     38.58362    -12.52956
    36.07480     27.07360    -21.39060
    51.07732     40.99419    -12.19620
    30.13360     42.60420     -4.39510
    49.26380     42.70740    -13.37530
    41.36640     29.40253    -16.77070
    23.70370     37.25600     -7.08850
    45.26320     46.33177    -26.61550
    40.71825     31.38740     -7.66555
    54.87140     47.02025    -13.75205
    42.56857     28.63453    -11.51708
    59.83553     52.32700    -10.31287
    26.49516     20.72781    -12.30933
    36.68333     29.53330     -9.29800
    33.53690     47.00590    -14.03660
    44.09870     36.57200    -12.42015
    49.74585     36.85890    -12.31785
    26.49519     20.72783    -12.30924
    52.05830     52.08280    -12.49850
    46.01154     43.23494     -7.51552
    51.85605     52.44003     -7.92409
    51.86163     52.43880     -7.88237
    42.62686     37.79909     -7.08667
    51.26340     51.00245     -7.37895
    41.37620     26.79190    -13.86710
    51.86163     52.43880     -7.88237
    42.62687     37.79910     -7.08669
    45.47530     58.13070    -13.98000
    51.81275     40.20795    -12.32765
    39.66380     39.17040     -8.58565
    51.07440     64.27430    -26.02480
    45.68870     59.75300     -9.77230
    23.14941     37.08664     -9.32731
    33.66425     26.68600     -8.82135
    43.59060     41.33300    -13.38000
    48.00910     42.82540    -15.32550
    40.86754     27.33778     -8.05070
    50.70627     42.90680    -11.39754
    46.53930     48.89540    -29.01360
    51.22543     38.93520    -13.14367
    42.06498     28.88052     -7.78563
    34.53310     31.05617    -10.45257
    34.39270     46.57750    -10.45350
    41.93274     54.28080    -10.55115
    41.99400     25.30230    -10.42310
    26.76010     18.81160     -7.32450
    35.57720     29.23170    -10.18430
    57.67480     47.79070    -16.97680
    33.95680     26.32740    -20.44487
    39.61860     26.99760     -5.94330
    28.66000     27.01520    -12.69600
    22.88430     22.91870    -12.47075
    17.48375     26.19805     -8.60880
    49.09035     41.69810    -10.53748
    42.07611     37.19805    -11.30910
    51.66160     51.57890     -5.51110
    34.53310     31.05617    -10.45257
    25.31040     35.08090     -6.68600
    27.40284     38.81815    -12.00816
    32.45095     24.86519    -10.77935
    54.86480     59.73460     -8.00220
    29.32176     20.42542    -13.19607
    50.62776     40.65140    -12.03852
    29.78310     42.14760     -6.74570
    59.01260     51.52240     -8.65790
    50.70669     42.90594    -11.39829
    51.86163     52.43880     -7.88240
    51.86064     52.43905     -7.88956
    42.62621     37.80002     -7.08343
    32.68920     27.41650    -10.43760
    41.06950     48.15990    -22.65070
    51.86163     52.43880     -7.88234
    51.86863     52.43744     -7.82840
    26.75656     38.59938    -12.44108
    56.15560     63.33370    -20.96360
    43.79334     35.23043    -13.94108
    32.50790     42.61110    -11.27795
    45.90210     59.31935    -16.49405
    40.73140     30.00080     -6.62840
    28.72240     33.36090    -21.77620
    34.26210     48.33160    -11.42757
    21.27903     23.66393    -10.82030
    26.77680     26.24690     -8.44700
    38.43990     52.98980    -10.40000
    38.39795     31.46040     -7.61075
    37.70368     49.41118    -13.16873
    54.61300     43.71910    -15.58420
    35.97220     35.29770     -7.24670
    48.74360     48.21516    -15.21227
    35.33498     36.96419    -14.43823
    28.98719     39.64762    -11.24103
    36.55730     20.97570    -22.42480
    51.78648     52.45329     -8.46239
    41.92943     29.04904     -7.77897
    50.89030     40.83974    -12.13820
    42.48480     32.09160    -14.74700
    57.31856     65.58676    -23.57951
    29.98150     19.03190    -22.11260
    39.93560     36.78020    -12.50270
    26.80479     38.47420     -9.85179
    42.56000     53.62470    -10.79050
    35.69118     28.06633    -12.47332
    35.34951     20.12263    -13.70863
    29.32176     20.42543    -13.19606
    42.73020     57.07150    -10.18100
    19.91443     23.62086     -9.35139
    35.38936     20.08015    -13.66569
    23.80010     35.67085    -11.88790
    42.48886     28.46719    -12.29643
    59.45470     56.11050    -10.11790
    23.52800     19.46980    -17.71530
    40.90406     38.50191     -9.39816
    52.66160     43.12515    -13.25380
    19.91447     23.62087     -9.35140
    48.74359     48.21515    -15.21224
    36.34840     28.48200     -9.93870
    48.18280     45.75510     -8.67390
    32.96240     26.56410    -20.26920
    49.49338     45.78283    -10.39590
    31.87280     20.59970    -17.55220
    41.84140     25.26080    -20.14920
    44.15820     51.70280    -22.33160
    33.35790     36.18270    -17.70980
    41.57177     28.95585     -8.20729
    18.95075     30.93045     -9.68460
    20.02410     22.10390     -7.02840
    23.85310     18.00990    -15.17350
    42.67135     30.32380     -8.02700
    29.19120     22.91110    -11.09790
    51.30918     44.89743    -11.20628
    29.25145     42.74745    -15.51095
    50.03530     44.92620    -13.30080
    16.24830     26.70990     -7.07820
    53.32422     54.76913     -8.02648
    53.32422     54.76913     -8.02648
    22.21750     20.82420     -9.62620
    37.82130     32.74550    -20.33430
    40.73700     52.99160    -11.98560
    36.68333     29.53330     -9.29800
    38.33250     26.83410     -7.76300
    28.98721     39.64765    -11.24101
    52.60251     41.26704    -13.96516
    26.55988     20.75877    -12.16388
    37.08390     30.71460    -18.53325
    26.52500     20.74518    -12.23153
    32.88900     42.85680    -13.01050
    45.37294     40.84260    -13.05075
    45.26320     46.33177    -26.61550
    43.33410     56.46680    -13.13940
    34.97370     17.34560     -5.57550
    33.55981     44.61322    -12.41196
    24.61870     19.79740    -14.35230
    36.50520     29.28750    -14.72760
    43.69149     36.36327     -8.30217
    21.29526     23.68723    -10.84579
    31.65755     26.52635    -10.96595
    47.66837     43.73756     -8.21235
    36.58308     24.37235     -8.96477
    36.58307     24.37235     -8.96477
    31.29430     30.16740     -7.57300
    20.78430     28.26350     -8.84910
    51.41240     51.50900     -9.36490
    36.03765     21.12992    -15.45674
    31.37692     43.90186     -9.51814
    21.58519     22.68922    -11.48124
    55.73549     56.28647    -14.59110
    55.73549     56.28648    -14.59110
    53.89245     55.84130     -8.67560
    39.33702     32.37408     -8.74769
    35.81151     20.08071    -17.40818
    56.64770     48.03960    -16.63710
    35.66906     28.03901    -12.33123
    28.68840     20.99970    -11.78360
    54.20535     53.17060    -11.72900
    27.50250     26.71570    -23.59695
    39.33702     32.37408     -8.74769
    27.50250     26.71570    -23.59695
    48.97641     42.09807    -10.22796
    39.88480     44.21870    -21.71450
    55.73549     56.28648    -14.59111
    42.07128     37.18205    -11.32943
    25.96771     20.52861    -13.31065
    37.36670     29.74390    -10.95960
    17.47130     26.22080    -16.68800
    42.66254     34.60428    -11.88631
    42.66254     34.60428    -11.88632
    23.14942     37.08664     -9.32734
    53.61040     52.49005     -8.41520
    37.91520     46.93580    -17.84970
    48.11812     50.29078    -12.29706
    50.10037     43.77907    -10.64945
    23.18780     21.37000    -10.45080
    43.52784     41.16104     -9.69944
    53.74993     45.74755    -13.46444
    21.08920     24.26700     -8.87600
    49.30095     34.96440     -9.37270
    21.33362     23.74234    -10.90606
    16.70280     28.13760     -8.25010
    35.36244     20.10904    -13.69448
    23.80010     35.67085    -11.88790
    38.88730     32.82940    -13.76680
    30.22980     15.70690    -15.74770
    43.41402     28.18185     -9.84911
    36.03765     21.12992    -15.45674
    35.16500     31.33740    -20.25100
    21.86010     30.31000    -12.24100
    48.79856     35.54788    -11.75860
    53.40102     50.12689    -11.84229
    45.79350     49.08670    -22.09160
    47.66837     43.73756     -8.21235
    31.36451     44.43147     -9.43298
    34.82790     33.64310     -7.66290
    23.13100     35.61900     -9.25200
    29.77360     43.37425    -13.04190
    43.37440     57.70320     -9.08090
    40.30490     24.11620     -6.60510
    46.73820     44.13290    -14.70880
    59.83553     52.32701    -10.31289
    51.89430     46.54903    -11.24180
    42.18690     38.59910    -13.81000
    50.03439     43.86212    -10.58993
    38.30370     23.94830     -8.91820
    52.33880     49.18170    -12.15110
    36.03765     21.12992    -15.45674
    32.35380     44.35800    -12.54240
    33.53376     26.08897    -11.01129
    31.62260     37.76740    -24.24120
    31.65670     26.49830    -13.11930
    41.31760     52.31690    -14.82860
    39.96140     37.24210     -9.47670
    53.40102     50.12689    -11.84229
    49.89045     57.92050    -23.95170
    17.98495     26.06350     -6.14629
    51.97980     66.01210    -13.33990
    18.46230     24.44990     -8.45210
    31.13526     42.58920    -13.53933
    27.63138     38.85461    -11.75972
    50.97420     64.75490    -13.94920
    52.62240     59.43380    -24.33510
    55.63266     64.45700    -22.35702
    39.75890     31.97410    -11.77980
    45.19670     37.90310    -13.15870
    26.29670     37.49390     -9.91120
    41.41570     53.02850     -7.48610
    45.56780     26.47630    -13.16380
    39.40110     40.90210     -9.53460
    30.33820     37.81790    -19.32930
    32.82340     36.71140     -9.76700
    40.37511     55.17642    -10.03617
    42.67507     30.34643     -8.00999
    39.18970     29.27320     -9.74095
    45.87200     42.71960    -10.18740
    48.85089     42.30387    -10.03281
    47.04020     45.06745     -9.21080
    26.49519     20.72783    -12.30924
    41.30960     24.86390    -11.86560
    29.87383     36.31113    -13.45328
    32.89455     22.17810    -10.47475
    48.46992     42.53047     -9.67771
    22.03117     25.95602    -11.71340
    33.04490     37.15200    -15.08230
    30.66160     41.06190    -14.08760
    37.81780     32.79150     -8.25670
    18.32047     31.36833     -8.71544
    30.75430     38.13270    -23.40750
    40.25120     26.42010     -8.33950
    44.09870     36.57200    -12.42015
    41.88741     29.28212     -7.62702
    41.92691     29.05285     -7.77830
    17.06621     27.42285     -5.46594
    18.40350     23.62630     -6.44820
    26.86679     38.62682    -12.35721
    35.57030     35.98860    -13.81830
    45.19750     36.58100     -8.19230
    47.04650     43.26580     -8.80150
    59.83552     52.32700    -10.31287
    39.33702     32.37408     -8.74769
    31.36450     44.43144     -9.43299
    19.30420     23.76400     -5.94350
    23.15820     21.42410     -5.53430
    30.78750     42.64885     -9.60570
    51.30854     44.89684    -11.20608
    51.61442     45.22476    -11.28808
    23.59760     29.32030    -13.29600
    42.65126     34.57000    -11.89775
    48.43228     42.55177     -9.64274
    34.92637     36.01137    -17.26193
    24.86780     14.60160     -8.73950
    41.55990     30.76965    -14.76950
    51.58275     58.18760    -19.00190
    41.77703     28.86573    -14.29297
    36.03765     21.12992    -15.45674
    23.18240     23.62950    -12.90730
    33.53376     26.08897    -11.01129
    29.57350     28.33810    -19.65320
    48.79140     41.78940    -15.56950
    39.40695     53.41590    -11.58525
    49.79440     54.26780    -26.21010
    51.48993     49.75193     -9.88050
    51.48992     49.75192     -9.88050
    51.48992     49.75192     -9.88050
    43.92220     35.09830     -8.69060
    64.62510     57.33450    -26.74960
    41.36640     29.40253    -16.77070
    40.33679     32.62206    -14.55754
    37.48920     37.95930    -10.00680
    30.24730      9.53290    -16.80930
    40.86756     27.33770     -8.05077
    42.79800     39.66345     -6.47750
    36.03765     21.12992    -15.45674
    43.91020     33.15360    -16.14580
    41.15710     25.76320    -17.02690
    30.90720     34.38270    -13.68510
    30.33190     32.13280    -16.13088
    56.27390     53.54740    -12.86100
    33.58380     46.17160    -13.62680
    16.49600     29.29630    -16.03870
    42.64204     34.53748    -11.89356
    53.74992     45.74753    -13.46444
    48.07140     39.97765    -14.69825
    33.53376     26.08897    -11.01129
    51.90158     52.43009     -7.58244
    40.34411     33.19703    -11.21622
    53.32422     54.76913     -8.02647
    29.65260     35.21490    -15.62790
    33.53376     26.08897    -11.01130
    56.08770     65.61335    -22.66295
    48.49390     49.56605    -11.51570
    47.53370     33.91250     -7.81480
    40.12900     23.35350    -20.44900
    22.88430     22.91870    -12.47075
    25.35550     39.39550    -15.87860
    23.45720     25.47900    -13.28050
    30.19360     15.51390    -22.92640
    28.38260     18.26430    -13.36990
    37.71175     21.22870    -17.09985
    19.91446     23.62087     -9.35139
    47.86550     35.18055     -7.48950
    26.75160     38.22064    -12.27684
    52.43970     64.98020    -23.98260
    32.50790     42.61110    -11.27795
    41.98760     42.60780    -23.76900
    45.37294     40.84261    -13.05069
    26.80470     38.47430     -9.84986
    45.37294     40.84261    -13.05070
    33.00160     37.30590    -17.48690
    45.03790     49.15630    -27.34960
    33.87230     31.44090    -13.88690
    41.92280     30.94300    -16.50350
    26.55988     20.75877    -12.16388
    31.37689     43.90210     -9.51812
    30.33190     32.13280    -16.13087
    40.92580     27.62060    -20.48360
    43.13800     38.74330     -8.40660
    37.77550     45.24520    -21.96600
    37.74650     30.73250    -21.58330
    49.01080     57.13290    -22.80250
    42.88980     26.81090    -14.48280
    52.01920     47.95373    -10.49970
    31.68516     35.87851    -15.42709
    31.68516     35.87852    -15.42709
    36.05150     36.83580    -16.65510
    43.61940     55.57070    -14.36970
    41.73150     38.22390     -6.33720
    45.54160     35.85340    -10.33930
    40.38020     32.68205    -14.62346
    42.49282     37.82981     -6.33738
    42.56806     28.63362    -11.52145
    37.47854     32.64141    -12.21932
    42.37269     33.73325    -12.20422
    46.61505     46.32645     -6.55380
    47.58973     37.77203     -9.63427
    40.38020     32.68205    -14.62346
    40.33679     32.62206    -14.55754
    50.30849     43.50290    -10.87123
    32.02910     31.05970     -8.60630
    31.45264     34.22656    -16.14312
    34.51110     24.52160    -19.07710
    53.08085     44.11015    -12.03540
    44.85100     42.72200     -5.11700
    55.23120     49.96620     -3.99030
    32.45150     26.30710     -7.97960
    39.20535     31.52770    -14.60840
    35.52570     18.40320    -14.43750
    48.11810     50.29078    -12.29711
    39.73131     54.15835    -10.51650
    35.16160     27.68090    -14.81930
    48.11810     50.29078    -12.29711
    33.38660     39.33160    -21.26650
    48.73470     61.40290    -11.50270
    35.90560     30.36360    -10.71670
    18.32047     31.36833     -8.71543
    44.07740     34.40930     -7.68060
    49.49338     45.78282    -10.39589
    41.85980     27.46685     -8.30605
    45.90210     59.31935    -16.49405
    27.69900     39.58950     -6.07220
    53.74993     45.74753    -13.46444
    36.85830     28.50460    -18.88580
    34.05280     30.90560     -8.18960
    28.71735     37.84390    -15.29965
    40.92780     36.06200     -8.53970
    33.55109     38.16496    -17.83423
    37.70368     49.41119    -13.16877
    36.14400     37.72220     -9.44070
    16.01460     27.88150    -21.06910
    30.77680     27.94290    -10.40010
    40.80255     34.22318    -10.29476
    39.91561     28.22254     -6.74981
    17.98493     26.06348     -6.14621
    50.39170     58.06940    -21.00940
    42.24585     39.75415     -9.86710
    41.02310     53.09650    -10.14700
    36.03764     21.12991    -15.45678
    25.52350     14.22830    -15.46170
    23.25280     28.10120     -9.25690
    31.13523     42.58920    -13.53934
    48.55670     34.15770    -11.53860
    32.99440     14.82930    -12.25890
    40.43020     35.66650    -12.96410
    50.27744     43.55916    -10.81309
    41.44500     25.02200     -7.22820
    36.03765     21.12993    -15.45670
    41.89600     44.71240    -16.53980
    40.36129     33.09151    -11.21226
    34.90500     46.92560    -12.23935
    47.47770     44.19900    -13.70570
    46.66220     39.58220    -14.26983
    25.50420     38.24395     -6.58720
    35.36406     36.98056    -14.46054
    30.05950     34.30720    -13.66450
    49.95980     43.73917    -10.48101
    47.66837     43.73756     -8.21235
    37.73580     28.16890    -15.18040
    37.53750     35.57940    -10.89980
    34.92637     36.01137    -17.26193
    42.66657     34.61672    -11.88255
    37.84260     31.36443    -11.02967
    43.83535     34.24495    -11.72890
    39.67990     45.18180    -19.60970
    25.58180     33.56560    -13.92480
    26.31627     38.56474    -12.74098
    53.06880     51.52953     -7.41660
    22.64780     24.30780     -8.40420
    43.63243     33.69397     -8.23470
    52.72790     53.25290     -7.06790
    48.90455     42.16893    -10.14540
    33.96580     44.16235    -10.00205
    55.63670     51.39410    -13.11830
    39.33702     32.37408     -8.74769
    20.84940     19.39410    -12.48970
    37.12710     19.25490    -13.25670
    38.39795     31.46040     -7.61075
    21.58518     22.68923    -11.48125
    39.41130     29.35850    -24.47000
    29.23350     19.06460    -10.50650
    43.63243     33.69397     -8.23470
    51.12380     41.97430    -14.62060
    43.79334     35.23043    -13.94109
    40.37261     55.17679    -10.04094
    30.85250     26.72530     -8.67040
    39.91561     28.22254     -6.74982
    39.12410     54.15180    -12.24050
    40.36550     34.36050    -14.79840
    20.01277     24.73837    -10.82247
    41.89991     29.23064     -7.65742
    36.03765     21.12993    -15.45675
    36.03765     21.12992    -15.45674
    49.13010     49.32940    -10.31950
    43.94640     28.53020    -14.08800
    28.98708     39.64752    -11.24111
    53.81820     51.38760     -9.57130
    23.59610     24.41783    -13.95213
    44.78650     33.24100    -14.99930
    53.29760     56.71430    -24.11930
    48.07140     39.97765    -14.69825
    41.77703     28.86573    -14.29297
    42.24585     39.75413     -9.86709
    53.06880     51.52953     -7.41660
    49.85750     46.81460    -14.13820
    26.59325     20.77735    -12.07975
    35.57720     29.23170    -10.18430
    52.17710     64.52120    -13.20430
    63.63890     59.54110    -21.47440
    43.87240     46.62340    -23.87660
    28.69250     38.77950    -13.45680
    41.91460     29.79770    -13.38820
    33.34675     47.42600    -11.88915
    51.89430     46.54905    -11.24183
    35.80220     28.99540    -18.40000
    50.21050     49.60490    -15.33280
    37.90825     41.26975    -18.39855
    37.36670     29.74390    -10.95960
    35.25061     30.85479    -13.01718
    49.22880     39.52600    -14.66970
    36.27727     25.57641     -8.46861
    35.25575     30.83622    -13.00853
    41.07930     38.99670    -13.70690
    18.08720     28.36950    -18.64750
    52.98925     48.05920    -12.47800
    48.79856     35.54787    -11.75860
    40.36930     28.90750    -11.08900
    48.11810     50.29078    -12.29712
    27.38311     38.80227    -12.00656
    57.84320     56.62030     -7.86500
    26.66924     38.59271    -12.50068
    59.59970     51.27030    -15.21760
    36.63240     51.07660     -5.95940
    41.99608     28.97948     -7.77122
    17.06621     27.42284     -5.46594
    32.89455     22.17810    -10.47475
    35.58510     32.54980     -7.27980
    38.44290     46.34840    -21.20660
    39.34200     34.16610    -12.78820
    23.14941     37.08664     -9.32731
    39.81800     33.21350    -19.45400
    35.21890     16.95400    -12.52680
    38.42350     27.61940    -15.55980
    48.79856     35.54788    -11.75860
    38.27440     28.36460    -17.94510
    33.90460     29.79770    -20.04260
    22.59080     34.26580    -11.52790
    35.23842     30.89894    -13.03782
    58.10880     48.58530     -9.03170
    51.89429     46.54899    -11.24176
    43.22585     31.79395     -8.32745
    22.37170     22.43420    -14.22210
    32.37460     46.64870    -12.03440
    42.40647     26.54353     -9.23203
    37.84260     31.36443    -11.02967
    40.71825     31.38740     -7.66555
    42.91500     31.80250    -17.05960
    41.93275     54.28080    -10.55116
    40.60200     44.28370    -25.14600
    43.63243     33.69397     -8.23470
    32.83460     26.90890     -6.82700
    42.32370     32.06870    -11.35800
    43.41330     36.47810    -13.21160
    24.95080     36.45080    -12.90720
    42.40647     26.54353     -9.23203
    33.52835     26.10017    -11.01948
    29.32176     20.42543    -13.19606
    33.55109     38.16496    -17.83422
    28.89630     24.24160    -22.32350
    49.30095     34.96440     -9.37270
    43.04610     32.84235    -13.67750
    26.52504     20.74522    -12.23135
    29.87711     36.31100    -13.45127
    55.73549     56.28648    -14.59111
    23.14942     37.08664     -9.32732
    32.45103     24.86502    -10.77960
    47.11350     57.17400    -19.60400
    36.69737     48.02456     -9.76204
    16.29530     25.38540    -13.04020
    52.06020     59.89710    -22.93630
    14.74470     26.86100    -13.31690
    41.28810     33.63060    -11.38810
    51.87218     52.43668     -7.80160
    54.22000     47.13320    -12.60330
    34.09500     14.30000     -5.67740
    37.33940     29.20870    -21.84140
    35.31170     42.41710    -24.22580
    40.36128     33.09150    -11.21227
    30.12750     13.82510    -22.58130
    49.41710     57.60880    -20.40500
    60.87450     54.62135    -24.10430
    52.17110     48.81070     -7.24050
    22.40970     21.39250    -11.10800
    45.74935     37.36355     -9.68385
    51.80630     41.86690    -12.68770
    40.91060     34.23550    -16.75230
    21.87920     21.46820    -19.03910
    45.26320     46.33177    -26.61550
    50.96330     47.55530     -7.77730
    25.71450     39.31980     -9.21900
    44.92470     31.47050    -10.29290
    35.52570     18.40320    -14.43750
    50.59790     64.47785    -23.91900
    46.61505     46.32645     -6.55380
    43.92690     43.35860    -25.81570
    43.22585     31.79395     -8.32745
    58.74370     56.50450    -10.61200
    48.40036     42.57038     -9.61118
    28.98717     39.64761    -11.24104
    50.68390     59.11995    -23.82775
    30.24745     19.45457    -12.68562
    45.71320     39.84785     -6.73360
    50.78607     40.76559    -12.09822
    48.69071     42.39891     -9.88313
    48.74947     42.29249     -9.98123
    36.27727     25.57641     -8.46860
    41.36640     29.40253    -16.77070
    25.08210     22.76080    -15.26680
    28.78740     41.21090     -5.31540
    42.48884     28.46712    -12.29674
    42.66135     37.78543     -7.27652
    49.74585     36.85891    -12.31786
    39.87120     35.15080    -13.55630
    55.58560     48.26350    -15.06370
    33.54579     26.06403    -10.99309
    38.24085     31.40645    -19.52725
    24.88740     35.81880    -12.08690
    36.51050     41.11700    -17.67680
    27.37580     19.40650    -13.56040
    43.61260     47.63450    -22.50900
    51.39817     44.99305    -11.22981
    57.58050     64.72880    -20.73380
    20.01277     24.73837    -10.82247
    37.94370     29.57725     -8.72510
    20.01277     24.73837    -10.82247
    29.89299     36.31034    -13.44155
    27.60050     32.67590    -17.18070
    48.56344     42.46917     -9.77041
    35.68295     28.05571    -12.41983
    47.62420     47.50910    -26.54980
    40.44520     32.57379    -11.19398
    32.49140     46.06630    -14.73250
    17.48375     26.19805     -8.60880
    44.50210     40.32560    -13.21835
    36.28260     48.65140    -11.37600
    38.92830     32.46170    -20.73760
    32.75480     44.79920     -8.86670
    41.09240     40.21000    -10.34990
    25.31085     21.19165    -12.82055
    31.65530     31.13650    -12.12480
    36.69930     22.92220     -7.11420
    55.24880     46.48730    -15.04450
    32.63037     45.13328    -13.61280
    35.69129     28.06665    -12.47430
    48.01820     39.04500    -10.59740
    48.31980     40.05247    -10.69437
    35.91500     29.45310    -13.74450
    45.81940     50.76700     -8.41320
    42.58469     28.66826    -11.35989
    39.94450     33.59470    -15.11710
    21.35378     23.77130    -10.93775
    40.86754     27.33775     -8.05074
    44.50210     40.32560    -13.21835
    37.45532     32.62952    -12.09174
    36.66890     25.06560    -12.30700
    49.71470     61.23100    -21.37650
    25.45570     37.62070    -12.37960
    33.55109     38.16496    -17.83422
    27.44178     38.82417    -11.96546
    28.60700     35.49150    -11.00160
    39.62240     33.09510    -16.80600
    35.74300     31.87480     -8.37430
    35.20723     20.27203    -13.86431
    30.12240     27.94340     -5.97000
    31.22390     22.78460     -7.89610
    29.63310     27.52730    -12.52930
    35.81151     20.08070    -17.40820
    34.06720     18.10510    -11.82880
    52.66160     43.12515    -13.25380
    15.16285     27.79380    -12.49560
    29.28826     33.61594    -11.60017
    31.75200     20.96740    -12.66180
    28.34960     22.73430    -11.34640
    36.71305     34.25585    -12.09360
    51.46927     45.06941    -11.24860
    34.71602     45.18482    -13.17699
    38.94700     35.32140     -8.27030
    29.87383     36.31113    -13.45328
    31.66595     21.75290    -11.38985
    31.68516     35.87851    -15.42710
    24.65100     21.18370    -14.69410
    29.28826     33.61595    -11.60019
    28.01250     36.51400    -17.31020
    25.43800     39.56780    -13.07590
    53.30030     40.94150    -15.02380
    46.68703     32.79867     -6.87200
    46.68703     32.79867     -6.87200
    46.68703     32.79867     -6.87200
    25.84970     37.40030     -8.33290
    46.00440     61.43460    -21.12490
    53.61040     52.49005     -8.41520
    29.25145     42.74745    -15.51095
    36.17300     48.72740     -8.15300
    46.99550     34.16610     -9.91470
    50.25322     43.54478    -10.80957
    18.17360     26.44880    -13.23670
    35.48920     49.55510     -6.83640
    53.08085     44.11015    -12.03540
    53.89245     55.84130     -8.67560
    54.29500     49.71630    -11.49200
    36.11270     45.26220    -17.48320
    44.42800     43.26040    -10.56210
    18.22420     26.13560    -10.30060
    45.27520     43.31500    -11.30130
    29.87711     36.31099    -13.45127
    37.47854     32.64141    -12.21933
    35.63762     28.00030    -12.12936
    43.41402     28.18185     -9.84912
    27.78770     28.79800    -19.31580
    54.20535     53.17060    -11.72900
    33.41670     41.00530    -19.54690
    47.67550     35.34070    -11.09520
    35.40960     36.15610     -7.26410
    52.60248     41.26698    -13.96511
    26.67595     38.55855    -12.48051
    23.59610     24.41783    -13.95213
    35.15930     33.41870    -13.77510
    29.87712     36.31099    -13.45127
    39.22560     43.62550    -27.10760
    45.74935     37.36355     -9.68385
    42.64220     57.91170    -11.87480
    58.27590     48.50580    -21.62960
    15.16285     27.79380    -12.49560
    46.04114     43.24579     -7.51084
    31.45265     34.22656    -16.14313
    49.93866     44.08551    -10.55045
    41.31240     33.17750     -8.21680
    34.83692     45.78290     -9.19506
    41.92943     29.04904     -7.77898
    31.13525     42.58920    -13.53933
    42.35638     33.68527    -12.22313
    36.03765     21.12992    -15.45674
    35.66920     28.03932    -12.33230
    35.28787     36.93770    -14.40206
    45.42410     53.69910    -18.28400
    33.57340     31.86200    -10.78330
    36.47630     26.76740    -12.25440
    34.90500     46.92560    -12.23935
    51.89431     46.54908    -11.24184
    35.54890     23.84040    -10.64570
    23.16380     34.64120    -10.43160
    22.03117     25.95602    -11.71340
    43.80180     33.95610    -13.87500
    25.37660     34.78060     -9.73300
    33.47690     25.76140     -8.52640
    59.74600     54.17605    -21.67735
    59.74600     54.17605    -21.67735
    42.58456     28.66807    -11.36087
    42.59732     28.69391    -11.23969
    42.37963     33.75460    -12.19657
    18.13660     24.28790    -14.47240
    20.10430     22.30070    -18.06400
    31.65200     37.81280    -17.97280
    41.96370     34.84260    -13.72640
    37.71175     21.22870    -17.09985
    23.89830     23.17180    -12.25690
    51.46664     45.06660    -11.24789
    28.98726     39.64770    -11.24097
    32.63037     45.13327    -13.61280
    32.63037     45.13328    -13.61280
    33.55107     38.16496    -17.83418
    33.98590     27.81760    -10.62090
    35.85942     46.71232     -9.35927
    23.98760     27.03520    -18.04650
    22.81875     35.75210    -11.43505
    50.25274     43.54556    -10.80892
    37.84260     31.36443    -11.02967
    42.87490     34.82050     -7.71515
    42.58467     28.66827    -11.35991
    51.26340     51.00245     -7.37895
    43.55830     40.48090     -4.81850
    16.72220     26.36500     -9.86960
    43.79335     35.23043    -13.94108
    33.94190     48.43720     -9.26220
    25.31085     21.19165    -12.82055
    23.14942     37.08664     -9.32732
    29.99220     36.15260    -15.69850
    36.78370     30.24430     -7.26690
    27.46950     21.05010    -13.79130
    22.11080     35.81240    -10.03390
    34.34260     25.38720     -8.32890
    47.86550     35.18055     -7.48950
    34.60750     38.02690    -21.63930
    18.95075     30.93045     -9.68460
    43.83535     34.24495    -11.72890
    63.63940     57.09060    -22.95500
    37.89980     44.14495    -23.53815
    28.79540     42.26900     -5.23270
    54.95650     45.64500     -8.92050
    40.02920     31.29820     -9.37230
    47.58973     37.77203     -9.63427
    33.24310     32.65475     -7.69535
    29.86304     36.31157    -13.45990
    35.09180     33.91190    -18.83450
    27.41927     38.81584    -11.98144
    47.53370     33.91250     -7.81480
    38.81100     22.74720    -10.33140
    37.45527     32.62949    -12.09148
    41.17830     32.06140    -12.24380
    48.03750     49.49930    -22.54640
    39.49305     27.73295    -14.62365
    40.34247     33.20551    -11.21734
    37.04390     27.16405    -22.02835
    19.53190     29.85280     -9.96690
    34.69810     33.59550    -16.31990
    35.81151     20.08075    -17.40810
    51.24774     44.83167    -11.19002
    42.52274     34.18382    -12.03882
    31.13526     42.58921    -13.53932
    35.19043     31.07281    -13.11911
    49.81376     44.30658    -10.50884
    34.34070     45.23720    -10.94800
    32.04260     44.71850     -5.76230
    32.26410     14.60940     -8.98340
    49.02610     44.18375    -12.72570
    46.91000     34.96830    -10.59250
    56.11370     65.20130    -24.32300
    54.04540     50.53200     -8.91750
    36.69736     48.02456     -9.76204
    25.23250     22.06810    -12.32240
    34.71601     45.18482    -13.17699
    48.69890     45.74370    -18.25660
    27.16220     41.81880     -6.56650
    39.99460     35.01500    -10.09830
    45.18579     42.92730     -7.64529
    18.70050     31.93540     -7.73090
    22.41080     34.20410    -13.61540
    36.68333     29.53330     -9.29800
    18.52950     28.89560     -9.05130
    24.61980     38.97760    -13.19020
    26.48704     20.72392    -12.32761
    35.85942     46.71233     -9.35927
    48.79856     35.54787    -11.75860
    40.90408     38.50195     -9.39819
    22.81875     35.75210    -11.43505
    35.60650     34.44040     -8.91420
    28.71735     37.84390    -15.29965
    34.95460     29.07880    -16.89440
    38.19730     27.22970    -12.56530
    18.82420     23.49530    -13.60770
    22.09320     20.36050    -13.91980
    50.86240     63.58390    -10.17290
    43.41402     28.18185     -9.84911
    28.47760     34.78550    -12.31300
    36.58308     24.37235     -8.96477
    26.74876     20.87552    -11.64796
    58.57975     48.98165    -10.47175
    45.71320     39.84785     -6.73360
    39.32370     35.12960    -22.01330
    25.71730     24.01840    -14.62910
    47.04020     45.06745     -9.21080
    34.02740     43.03405    -17.38535
    23.89290     30.19230    -17.38090
    31.37945     43.78465     -9.53719
    46.66220     39.58220    -14.26983
    55.73549     56.28648    -14.59110
    59.65050     54.93570    -20.09180
    58.57975     48.98165    -10.47175
    56.12880     66.11570    -20.89740
    51.22543     38.93520    -13.14367
    43.69149     36.36327     -8.30218
    41.24120     51.32250    -16.82890
    40.14180     50.56540    -15.18710
    46.31780     59.10500    -13.12020
    19.91447     23.62087     -9.35140
    19.91447     23.62087     -9.35139
    37.70368     49.41118    -13.16872
    49.62000     41.68430    -14.51880
    26.80479     38.47419     -9.85194
    29.11120     15.29010    -10.75820
    51.22543     38.93520    -13.14367
    31.45265     34.22656    -16.14311
    46.04730     45.19440     -7.92790
    48.74360     48.21516    -15.21226
    50.08300     56.19730     -9.08960
    34.02740     43.03405    -17.38535
    42.64363     37.79525     -7.18039
    48.49390     49.56605    -11.51570
    19.44520     22.35050     -8.15680
    31.65755     26.52635    -10.96595
    24.11910     31.65590    -14.19770
    48.43228     42.55177     -9.64272
    51.58275     58.18760    -19.00190
    29.89900     39.27480    -15.11640
    34.53310     31.05617    -10.45257
    34.71602     45.18482    -13.17700
    38.65150     30.00710    -10.12700
    34.26210     48.33160    -11.42756
    21.30817     23.70579    -10.86609
    50.79099     40.76901    -12.10017
    40.98180     37.92530    -10.96230
    18.66220     28.18290    -10.38880
    41.27025     35.32915    -11.76685
    25.60840     22.64295    -13.36745
    54.00120     64.80940    -19.34930
    50.52410     45.71835    -11.12405
    38.24085     31.40645    -19.52725
    30.50810     19.00410     -7.59800
    40.90409     38.50197     -9.39820
    42.35627     33.68514    -12.22337
    50.68390     59.11995    -23.82775
    26.67595     38.55858    -12.48069
    32.45095     24.86520    -10.77935
    19.91350     26.11470     -7.88740
    50.14364     43.71039    -10.67930
    25.50420     38.24395     -6.58720
    51.07740     53.31000    -15.06350
    41.27025     35.32915    -11.76685
    56.56050     60.99320    -19.21710
    37.85840     28.20460    -11.24300
    41.93274     54.28080    -10.55114
    45.03290     31.48270    -15.08140
    52.15470     38.42500    -10.76880
    33.34675     47.42600    -11.88915
    58.97410     64.07940    -21.15830
    37.89980     44.14495    -23.53815
    37.59620     40.27070    -19.39160
    50.61060     56.88200    -25.28210
    45.19670     37.90310    -13.15870
    27.23190     17.19050    -14.70600
    53.36525     43.90335    -13.94325
    45.85810     52.15090    -21.02200
    37.25960     27.95640    -22.01910
    19.13160     31.02490     -7.01660
    32.05500     23.83890    -10.58500
    42.87490     34.82050     -7.71515
    17.98494     26.06350     -6.14627
    54.65640     49.97920    -13.53230
    43.14430     38.52590    -12.33230
    16.96380     23.96540    -10.14870
    42.24465     42.06212     -9.20821
    26.80230     12.92620     -8.95300
    49.74585     36.85890    -12.31786
    34.81330     49.53270     -5.64460
    40.86754     27.33776     -8.05073
    32.99360     28.94420    -10.75110
    50.11613     43.76014    -10.66508
    32.45089     24.86532    -10.77918
    43.41401     28.18185     -9.84911
    41.77703     28.86573    -14.29296
    15.83380     25.39500     -6.60680
    51.33430     57.48930    -23.73610
    37.47854     32.64141    -12.21933
    33.55982     44.61322    -12.41197
    31.37987     43.78427     -9.53687
    46.83490     37.87160    -15.19710
    35.23835     30.89917    -13.03792
    45.16264     42.91838     -7.64893
    42.66466     37.78166     -7.29344
    38.78060     41.50510    -18.19780
    36.03765     21.12992    -15.45674
    51.90659     52.42889     -7.54587
    20.62090     25.06050    -19.23630
    33.56039     44.61348    -12.41277
    53.48750     42.70070    -14.91330
    33.55109     38.16496    -17.83423
    64.60260     55.96750    -25.49600
    57.67480     47.79070    -16.97680
    26.67594     38.55852    -12.48059
    55.10430     56.03850     -8.77580
    33.95680     26.32740    -20.44487
    21.58518     22.68923    -11.48127
    22.82200     26.60730    -12.68810
    19.21470     27.23210     -6.58750
    19.58385     27.42150    -14.39125
    28.08980     24.34570    -15.65960
    34.87390     32.59390     -6.96700
    25.12850     32.76800    -17.31850
    21.58518     22.68923    -11.48126
    54.87140     47.02025    -13.75205
    48.74850     56.08120    -23.80340
    34.86110     25.91790    -13.95890
    49.30620     64.84760    -26.27330
    31.26960     42.03460    -10.31950
    23.59610     24.41783    -13.95213
    60.42100     50.59010    -20.36510
    51.84465     52.44242     -8.01068
    35.57720     29.23170    -10.18430
    19.07150     25.24200     -9.09370
    52.86470     46.89590    -11.89150
    40.02470     24.98110    -13.12710
    21.48833     23.96474    -11.14951
    49.89045     57.92050    -23.95170
    58.90550     50.36640    -17.29480
    43.05960     37.79990    -12.10010
    24.61480     34.10060    -14.12640
    25.89790     32.00640    -13.19250
    31.33950     24.58480     -7.06100
    59.48775     50.90780    -10.47485
    52.60249     41.26700    -13.96513
    42.06605     37.16473    -11.35143
    42.40290     27.14730    -11.33240
    31.37160     34.32400     -9.00520
    50.19370     62.41980    -26.10540
    40.54080     41.92350    -11.80240
    47.95640     38.70150    -15.20240
    18.09360     27.16690     -5.57140
    30.33190     32.13280    -16.13087
    52.98925     48.05920    -12.47800
    19.13160     31.02490     -7.01660
    50.89030     40.83976    -12.13819
    34.53310     31.05617    -10.45256
    35.85942     46.71232     -9.35926
    33.96580     44.16235    -10.00205
    44.37590     30.46530    -13.50520
    29.32176     20.42543    -13.19607
    43.79335     35.23043    -13.94108
    28.35230     25.00350    -14.08855
    49.83630     62.97820    -21.28470
    59.48775     50.90780    -10.47485
    38.40650     49.43370    -10.64190
    49.02610     44.18375    -12.72570
    41.00810     31.56480    -19.21380
    30.24745     19.45457    -12.68563
    53.74992     45.74753    -13.46444
    17.96460     27.93040     -7.57050
    39.77640     26.12720    -22.34250
    37.56120     24.48320     -6.56660
    40.80254     34.22318    -10.29476
    51.53450     42.60210    -12.15950
    30.33190     32.13280    -16.13087
    45.73895     42.08885     -7.66980
    42.79800     39.66345     -6.47750
    49.14177     42.37416    -10.11810
    39.82010     45.91080    -17.82930
