    43.44851     41.10257     -9.52100
    28.78920     42.20030     -7.79720
    39.09470     36.69140     -8.59910
    39.31906     32.37166     -8.84350
    40.11973     32.32213    -14.22796
    43.59121     41.19816     -9.85424
    55.81845     57.28512     -9.86726
    33.30580     17.84170    -15.31120
    52.60090     41.27179    -13.97005
    40.57252     32.91564    -14.83969
    37.71450     27.26970     -8.92110
    43.72287     36.34709     -8.25942
    41.87149     29.49708     -7.45787
    41.49530     50.84940    -19.94120
    42.51180     40.97500    -13.80150
    51.80885     40.21486    -12.36577
    35.83890     21.28830    -22.06900
    53.36005     43.89130    -13.93404
    31.42610     37.57310    -15.99920
    50.62280     64.47660    -16.25290
    19.54286     28.14322     -8.11774
    46.64609     39.57080    -14.24658
    41.98736     36.91830    -11.64448
    49.00420     42.72730    -15.12510
    40.53677     55.13711     -9.75571
    33.85020     20.85440    -17.85220
    40.28008     55.16785    -10.23998
    19.53574     28.14258     -8.12706
    42.52776     28.77170    -11.11146
    22.41520     22.65730     -9.38360
    39.49237     27.73269    -14.57792
    26.53077     20.71161    -12.36127
    35.50344     37.05225    -14.58469
    35.51967     37.04208    -14.58749
    38.07680     31.82080    -14.85930
    33.25973     46.23561     -9.26318
    42.61540     39.20370    -12.64280
    49.08304     41.60977    -10.56969
    25.45142     20.88036    -10.30747
    53.31282     49.97709    -11.77833
    39.66172     39.17188     -8.58842
    32.26050     23.49600     -7.53170
    33.04509     46.12380     -9.85122
    41.85529     27.47445     -8.31518
    40.75650     27.43385     -8.31257
    47.52370     36.89560    -10.84190
    56.20380     62.35240    -17.98270
    42.25161     39.76974     -9.87577
    28.37070     40.67040    -13.65690
    48.33005     40.06343    -10.68525
    26.26356     38.59118    -12.83053
    34.88110     31.81330    -15.48400
    30.12552     19.45076    -12.76124
    31.49950     43.51671     -9.36845
    49.61920     48.86400     -8.04130
    39.19994     31.51390    -14.59801
    34.02448     20.85354    -11.79777
    34.93250     18.55510     -9.84340
    46.50560     40.92520    -10.37440
    25.44678     20.91334    -10.33873
    40.14311     28.66409     -8.30432
    40.15319     28.65321     -8.30658
    28.55040     22.23620    -13.10380
    43.92220     52.07090    -24.33980
    32.46250     22.66190    -12.75660
    20.06386     22.54448     -9.76092
    49.59680     37.17130     -8.03180
    48.32020     40.05761    -10.69242
    30.44380     29.95390     -7.83580
    43.55321     41.17983     -9.75814
    44.85030     47.70500     -5.77110
    57.31892     65.58951    -23.60601
    42.82343     35.01578    -12.51335
    34.92051     36.02181    -17.29060
    42.68429     30.44268     -7.89544
    42.67073     30.32987     -7.97534
    37.74590     26.71980    -18.65540
    40.37840     31.45620    -12.25050
    52.00298     47.96334    -10.48615
    63.40510     57.52930    -24.39110
    52.25920     46.10750     -8.11370
    41.30010     36.23470    -22.85650
    50.37061     37.65031    -12.61327
    36.57648     24.38258     -9.00843
    42.23125     33.54507    -12.49153
    42.23909     33.56533    -12.49145
    46.13377     43.42050     -7.31676
    35.46398     27.91172    -11.17047
    51.79700     41.87416    -12.71009
    55.32970     50.29490    -13.58700
    32.36700     22.73850     -9.41360
    41.91020     56.49160    -10.16880
    55.63577     64.44464    -22.39955
    55.63204     64.47031    -22.35602
    55.63405     64.47202    -22.35681
    21.15105     23.45263    -10.56624
    36.53060     30.71140    -12.32960
    55.62950     64.44672    -22.34613
    33.31294     20.17192    -12.79796
    33.29391     20.18768    -12.79908
    33.30695     20.18470    -12.79777
    53.74620     49.22670    -11.74510
    50.60451     64.46297    -23.91992
    38.46590     36.20860     -7.86160
    30.65410     37.20860    -13.55440
    45.45240     34.36470     -9.65390
    42.55005     37.90799     -6.52368
    42.39671     28.69064    -11.56610
    37.76880     28.98520    -14.37940
    25.26470     35.40590     -8.72060
    57.29316     65.59662    -23.50867
    18.84880     25.10670     -7.24980
    24.22221     33.25604    -13.85502
    39.18560     26.66160    -12.13460
    55.82082     57.28440     -9.81914
    18.74560     28.38570     -6.94130
    55.82198     57.28758     -9.81195
    55.82475     57.29321     -9.81795
    52.47940     51.50894     -9.82018
    47.70320     45.95270    -14.10210
    40.16994     33.71923    -11.53413
    32.73970     25.93380    -17.92810
    36.70807     47.96612     -9.83122
    33.58475     38.17253    -17.95278
    21.28224     23.55889    -10.55661
    51.13233     44.68757    -11.16151
    20.06460     22.85260     -7.47730
    45.75047     43.28955     -7.44590
    29.03240     25.43170    -13.00510
    32.90660     31.78430     -6.87190
    26.63984     20.77142    -12.11345
    29.45460     41.52220    -10.40850
    50.27178     40.39721    -11.89919
    30.26400     41.81480     -9.64650
    48.87330     35.64928    -11.77981
    32.64780     45.12420    -13.61159
    59.77175     52.28311    -10.07681
    34.01662     20.84676    -11.85783
    31.11781     43.82978     -9.72026
    46.20570     32.72890    -11.25580
    50.53022     45.72409    -11.16119
    52.59169     41.22402    -13.95304
    33.94913     26.31939    -20.42060
    57.78140     45.95380    -19.94950
    58.41631     47.55324    -11.14174
    52.94566     51.48814     -7.44212
    18.67370     24.49300    -17.50850
    42.67500     37.95399     -7.32599
    32.58410     28.10750    -21.45320
    37.29378     32.55032    -11.23229
    34.17950     22.68200    -16.91630
    43.25650     34.51280     -9.97920
    53.22465     51.69058     -7.29582
    31.67536     43.45629     -9.33343
    42.21961     28.59435     -7.86093
    48.21850     44.87510    -16.80700
    33.37286     44.53053    -12.14637
    17.96654     27.92634     -7.52867
    36.89860     25.25720     -9.77340
    36.09120     31.10600    -21.94950
    42.18317     42.16392     -9.10239
    45.38002     43.14076     -7.62079
    51.49043     49.74397     -9.91732
    34.81040     45.76796     -9.17951
    53.30353     54.74437     -8.06347
    42.39810     26.55248     -9.23647
    50.36789     37.65089    -12.60323
    31.12173     43.84273     -9.79661
    33.31830     15.36970    -29.73350
    34.86113     45.80057     -9.23069
    39.27300     33.66610    -10.49120
    49.31240     57.36660    -24.91240
    35.34167     20.19669    -13.60812
    35.38800     20.11298    -13.67458
    39.20779     29.27555     -9.74321
    43.71230     42.22020    -10.05090
    39.91135     28.22610     -6.75355
    38.50660     34.28780    -14.59280
    48.13980     62.62900    -16.83150
    29.78357     43.37017    -13.00605
    43.41682     28.17997     -9.83012
    43.80342     35.23461    -13.96803
    25.59910     22.64952    -13.38394
    58.02680     56.46750    -10.19170
    41.92380     46.97900    -10.85520
    56.69980     52.80560     -9.72560
    42.73227     30.63762     -7.84194
    50.61983     56.89087    -25.28673
    45.74287     42.09071     -7.65457
    21.13195     23.45593    -10.54519
    33.59720     24.69260     -9.42220
    31.45530     35.89290    -12.17470
    42.07279     28.91312     -7.76549
    52.41898     51.60707     -9.67971
    36.71621     34.26707    -12.09179
    40.76479     54.33587     -8.56815
    23.36830     32.83080    -13.76790
    33.77210     36.87920    -15.91220
    20.96570     25.33730    -10.77470
    39.72650     54.15860    -10.48019
    37.72652     49.32881    -12.61585
    35.72700     28.46832    -13.21429
    48.89590     49.17800     -6.85120
    35.63047     37.12963    -14.64205
    25.56560     24.15150    -16.35860
    45.14506     42.92075     -7.75250
    31.18540     46.23060    -15.59000
    19.57703     27.42995    -14.40165
    46.46720     44.59930    -16.69510
    38.66770     30.50110    -14.48330
    23.59260     34.84070    -14.41390
    30.94220     23.06340    -14.43650
    35.86460     50.13430     -8.09360
    46.76820     37.76060    -12.27300
    51.74374     45.42661    -11.26653
    56.07426     65.62445    -22.66220
    33.16640     41.19940     -6.84530
    31.68130     13.26550    -28.55530
    42.43180     32.52240     -7.41580
    36.90690     24.60850    -16.54050
    31.67042     21.74618    -11.38605
    23.13199     37.09573     -9.25661
    47.59569     37.77277     -9.61799
    34.54596     31.05324    -10.50560
    55.90230     62.32160    -24.12560
    26.44254     20.64472    -12.60789
    26.64320     20.99799    -11.00927
    42.69733     28.84058    -10.59142
    40.79621     54.33613     -8.60125
    34.82802     45.79739     -9.19637
    44.75430     36.00940    -12.21760
    26.67570     23.94420    -17.96450
    33.59790     38.15885    -17.90613
    37.94565     29.58065     -8.69826
    30.78564     42.64345     -9.62148
    46.23380     38.35080    -14.62660
    24.25819     33.24156    -13.87658
    42.51414     28.63985    -11.57651
    37.91733     41.26354    -18.38227
    52.02412     47.95971    -10.50825
    34.27781     48.32587    -11.43586
    31.24945     42.62167    -13.48908
    41.41930     36.94940     -7.92720
    17.10472     27.45103     -5.41411
    43.64184     35.20433    -13.81875
    49.75412     36.82336    -12.31589
    49.74913     36.82219    -12.31268
    34.85200     36.69427    -14.03557
    31.45920     45.83530    -14.20260
    36.05690     31.93960    -12.23170
    35.40253     20.08040    -13.64790
    41.73940     31.51360    -13.10320
    46.33920     54.49780     -6.72030
    49.46595     45.64384    -10.19095
    45.07280     38.72260     -7.24850
    40.71210     29.26760    -14.61570
    35.42471     20.10827    -13.51416
    17.92438     26.25469     -6.29538
    60.86651     54.61722    -24.08182
    35.40958     20.04289    -13.67163
    33.06318     46.21313     -9.39454
    27.21540     11.38560     -5.57460
    21.58857     22.67421    -11.47089
    21.60294     22.63177    -11.30024
    45.33229     43.07219     -7.66107
    42.25154     42.03989     -9.23149
    35.44724     20.01017    -13.63655
    31.28678     43.71113     -9.62482
    17.86890     33.31230     -3.54400
    29.29449     33.64016    -11.62129
    34.27820     23.30980    -10.11930
    46.91680     37.05580     -7.52600
    39.40281     53.41644    -11.60725
    51.08286     44.72309    -11.13681
    53.45870     50.25723    -11.92623
    34.43110     43.09450    -20.58980
    22.04258     25.99044    -11.66920
    27.02193     38.62151    -12.23065
    20.07784     22.55812     -9.78938
    36.31862     25.61293     -8.43967
    27.51589     38.85759    -11.92544
    36.22435     25.50573     -8.47682
    29.59280     44.43680    -13.51140
    41.54771     30.77120    -14.77706
    32.88732     46.28444     -9.07833
    35.32064     20.16592    -13.70491
    42.24686     39.63101     -9.84940
    39.76055     54.16453    -10.66554
    58.40959     47.52896    -11.11146
    20.78460     29.74560     -9.72620
    43.24610     44.68840    -18.05850
    56.67740     60.55160     -9.56270
    43.05037     32.82936    -13.65385
    50.94370     40.65100    -12.30010
    40.70778     34.09823    -10.40851
    23.84950     21.80500    -18.29680
    50.34442     43.62226    -10.72370
    33.25663     32.64895     -7.67224
    35.50553     19.97251    -13.59809
    37.05625     27.15743    -22.01620
    35.80512     46.73735     -9.10825
    37.25860     26.01720     -9.38420
    40.91691     27.24503     -8.06222
    41.79730     32.87170     -6.98840
    31.31703     34.21105    -16.28415
    42.06800     37.16336    -11.34402
    54.64922     49.99412    -13.51900
    26.75080     20.77285    -11.97588
    49.47780     46.84670     -7.65100
    30.98020     30.79970    -11.61570
    26.43234     20.64018    -12.63339
    53.03622     51.40745     -7.49661
    45.29024     43.04838     -7.69398
    28.35711     25.00737    -14.10494
    37.09807     30.70488    -18.51351
    33.67036     26.67717     -8.80634
    30.84520     37.29310    -22.59600
    18.32468     31.36447     -8.71706
    40.54860     38.45990    -19.46670
    26.52724     38.69811    -12.88323
    36.07480     27.07360    -21.39060
    51.33942     41.35754    -12.20345
    30.13360     42.60420     -4.39510
    49.26380     42.70740    -13.37530
    41.35566     29.40089    -16.79453
    23.70370     37.25600     -7.08850
    45.25055     46.31304    -26.60075
    40.71646     31.38862     -7.66163
    54.88704     47.01994    -13.73256
    42.58584     28.77472    -11.00767
    59.84092     52.34134    -10.34108
    26.40112     20.63324    -12.71496
    36.68591     29.52423     -9.30347
    33.53690     47.00590    -14.03660
    44.09366     36.55885    -12.39292
    49.74306     36.82399    -12.27794
    26.42868     20.62994    -12.65764
    52.05830     52.08280    -12.49850
    46.25010     42.80640     -8.13050
    51.89981     52.26419     -8.75577
    51.86807     52.46647     -7.70004
    42.67137     37.88737     -7.44613
    51.25270     50.99047     -7.38956
    41.37620     26.79190    -13.86710
    51.82729     52.46687     -7.80566
    42.67719     37.89025     -7.45552
    45.47530     58.13070    -13.98000
    51.81665     40.20104    -12.28953
    39.66588     39.16892     -8.58288
    51.07440     64.27430    -26.02480
    45.68870     59.75300     -9.77230
    23.10549     37.09105     -9.22131
    33.65814     26.69483     -8.83636
    43.59060     41.33300    -13.38000
    48.00910     42.82540    -15.32550
    40.85923     27.53703     -7.66101
    50.57154     43.23616    -11.15285
    46.53930     48.89540    -29.01360
    51.22102     38.93920    -13.14193
    42.21526     28.60115     -7.90041
    34.54157     31.04997    -10.44201
    34.39270     46.57750    -10.45350
    41.94206     54.28837    -10.57244
    41.99400     25.30230    -10.42310
    26.76010     18.81160     -7.32450
    35.58699     29.21753    -10.16002
    57.67275     47.79106    -16.97170
    33.94546     26.32410    -20.48099
    39.61860     26.99760     -5.94330
    28.66000     27.01520    -12.69600
    22.87791     22.91966    -12.48907
    17.48712     26.19955     -8.61674
    49.10493     41.62016    -10.58687
    42.14830     37.44061    -11.00497
    51.66160     51.57890     -5.51110
    34.52835     31.05201    -10.46426
    25.31040     35.08090     -6.68600
    27.11640     39.04581    -12.87223
    32.49216     24.78754    -10.88118
    54.86480     59.73460     -8.00220
    29.30862     20.36659    -13.25279
    50.28118     40.42550    -11.89633
    29.78310     42.14760     -6.74570
    59.01260     51.52240     -8.65790
    50.77531     42.76840    -11.51883
    51.83336     52.39918     -8.08793
    51.71166     52.65128     -8.10052
    42.63675     37.99280     -7.16935
    32.68920     27.41650    -10.43760
    41.06950     48.15990    -22.65070
    51.89741     52.43603     -7.51220
    51.96151     52.38549     -7.21196
    26.85431     38.86665    -12.91730
    56.15560     63.33370    -20.96360
    43.80708     35.28037    -13.91796
    32.51626     42.60358    -11.25250
    45.91291     59.33586    -16.49348
    40.73140     30.00080     -6.62840
    28.72240     33.36090    -21.77620
    34.24268     48.32791    -11.45410
    21.15207     23.42976    -10.49104
    26.77680     26.24690     -8.44700
    38.43990     52.98980    -10.40000
    38.38851     31.45959     -7.60957
    37.69569     49.44464    -13.30303
    54.61300     43.71910    -15.58420
    35.97220     35.29770     -7.24670
    48.80056     48.27248    -15.41367
    35.61411     37.12936    -14.63985
    28.97402     39.62488    -11.23630
    36.55730     20.97570    -22.42480
    51.72115     52.44660     -9.02918
    41.85949     29.32054     -7.58949
    51.07686     40.95517    -12.21663
    42.48480     32.09160    -14.74700
    57.34359     65.57416    -23.62384
    29.98150     19.03190    -22.11260
    39.93560     36.78020    -12.50270
    26.82378     38.45159     -9.94424
    42.56000     53.62470    -10.79050
    35.77034     28.22957    -13.10479
    35.40367     20.08205    -13.65565
    29.32054     20.42092    -13.18099
    42.73020     57.07150    -10.18100
    19.67818     23.56335     -9.34249
    35.48567     19.82812    -13.67038
    23.79403     35.66738    -11.88448
    42.50495     28.35774    -12.65466
    59.45470     56.11050    -10.11790
    23.52800     19.46980    -17.71530
    40.81642     38.35560     -9.29234
    52.66427     43.13271    -13.23748
    20.05870     23.66596     -9.37809
    48.67548     48.14774    -14.95624
    36.34840     28.48200     -9.93870
    48.18280     45.75510     -8.67390
    32.96240     26.56410    -20.26920
    49.51685     45.92045    -10.61074
    31.87280     20.59970    -17.55220
    41.84140     25.26080    -20.14920
    44.15820     51.70280    -22.33160
    33.35790     36.18270    -17.70980
    41.57177     28.95585     -8.20729
    18.94972     30.92280     -9.66483
    20.02410     22.10390     -7.02840
    23.85310     18.00990    -15.17350
    42.62466     30.03276     -8.25510
    29.19120     22.91110    -11.09790
    51.24573     44.52253    -11.34008
    29.25050     42.73875    -15.52337
    50.03530     44.92620    -13.30080
    16.24830     26.70990     -7.07820
    53.32204     54.78155     -8.05696
    53.33773     54.75485     -8.01464
    22.21750     20.82420     -9.62620
    37.82130     32.74550    -20.33430
    40.73700     52.99160    -11.98560
    36.67070     29.54012     -9.27406
    38.33250     26.83410     -7.76300
    29.16801     39.80536    -11.09208
    52.69639     41.52289    -14.14483
    26.55472     20.69353    -12.41876
    37.06973     30.72432    -18.55299
    26.44818     20.64296    -12.62041
    32.88900     42.85680    -13.01050
    45.37158     40.73009    -13.61512
    45.27067     46.33681    -26.61619
    43.33410     56.46680    -13.13940
    34.97370     17.34560     -5.57550
    33.60987     44.63422    -12.52351
    24.61870     19.79740    -14.35230
    36.50520     29.28750    -14.72760
    43.68154     36.36178     -8.29289
    21.11597     23.44023    -10.59618
    31.66666     26.53784    -10.94612
    47.65068     43.72275     -8.14845
    36.59006     24.37067     -8.93884
    36.57701     24.37304     -8.95297
    31.29430     30.16740     -7.57300
    20.78430     28.26350     -8.84910
    51.41240     51.50900     -9.36490
    36.04277     21.14989    -15.40593
    31.32125     43.71215     -9.61808
    21.61207     22.63709    -11.30161
    55.72690     56.22908    -14.52923
    55.73090     56.29113    -14.58178
    53.88710     55.85539     -8.67542
    39.30866     32.37357     -8.73220
    35.79759     20.05649    -17.38377
    56.64770     48.03960    -16.63710
    35.53737     27.89177    -11.60485
    28.68840     20.99970    -11.78360
    54.20066     53.18745    -11.71776
    27.49775     26.71023    -23.59314
    39.37161     32.37576     -8.70889
    27.50725     26.72117    -23.60076
    49.07593     41.98788    -10.40565
    39.88480     44.21870    -21.71450
    55.73916     56.33908    -14.62178
    41.99455     36.90771    -11.70909
    25.96771     20.52861    -13.31065
    37.36532     29.75257    -10.94681
    17.47130     26.22080    -16.68800
    42.62862     34.69510    -11.59978
    42.61962     34.74914    -11.62584
    23.25072     37.05671     -9.62779
    53.61587     52.48242     -8.42514
    37.91520     46.93580    -17.84970
    48.23795     50.29720    -11.95606
    50.23437     44.07633    -10.62369
    23.18780     21.37000    -10.45080
    43.51841     41.16362     -9.66440
    53.80150     45.89566    -13.46315
    21.08920     24.26700     -8.87600
    49.29501     34.97746     -9.35871
    21.57828     24.05389    -11.19839
    16.70280     28.13760     -8.25010
    35.44929     19.99756    -13.57406
    23.80617     35.67432    -11.89132
    38.88730     32.82940    -13.76680
    30.22980     15.70690    -15.74770
    43.43007     28.16664     -9.85389
    36.04467     21.14082    -15.46616
    35.16500     31.33740    -20.25100
    21.86010     30.31000    -12.24100
    48.80048     35.54039    -11.75229
    53.43878     50.17366    -11.83444
    45.79350     49.08670    -22.09160
    47.66051     43.74179     -8.21249
    31.42527     44.54336     -9.34831
    34.82790     33.64310     -7.66290
    23.13100     35.61900     -9.25200
    29.76363     43.37833    -13.07775
    43.37440     57.70320     -9.08090
    40.30490     24.11620     -6.60510
    46.73820     44.13290    -14.70880
    59.91299     52.39408    -10.61420
    51.89347     46.52373    -11.20719
    42.18690     38.59910    -13.81000
    50.00322     44.21288    -10.53371
    38.30370     23.94830     -8.91820
    52.33880     49.18170    -12.15110
    36.04051     21.13636    -15.51196
    32.35380     44.35800    -12.54240
    33.60406     25.94744    -10.91087
    31.62260     37.76740    -24.24120
    31.65670     26.49830    -13.11930
    41.31760     52.31690    -14.82860
    39.96140     37.24210     -9.47670
    53.39379     50.09958    -11.83015
    49.90281     57.92490    -23.98434
    18.08825     25.99079     -6.47591
    51.97980     66.01210    -13.33990
    18.46230     24.44990     -8.45210
    31.14102     42.58737    -13.56036
    27.79025     38.81511    -11.57811
    50.97420     64.75490    -13.94920
    52.62240     59.43380    -24.33510
    55.63194     64.45130    -22.32658
    39.75890     31.97410    -11.77980
    45.20329     37.89115    -13.13568
    26.29670     37.49390     -9.91120
    41.41570     53.02850     -7.48610
    45.56780     26.47630    -13.16380
    39.40110     40.90210     -9.53460
    30.33820     37.81790    -19.32930
    32.82340     36.71140     -9.76700
    40.66885     55.15969     -9.43737
    42.68677     30.44674     -7.93490
    39.17161     29.27085     -9.73869
    45.87200     42.71960    -10.18740
    49.08865     42.38840    -10.18546
    47.05195     45.06601     -9.19153
    26.44357     20.64302    -12.65693
    41.30960     24.86390    -11.86560
    29.66154     36.30599    -13.53041
    32.89095     22.17557    -10.44519
    48.23633     42.63506     -9.49095
    22.02861     25.91592    -11.73709
    33.04490     37.15200    -15.08230
    30.66160     41.06190    -14.08760
    37.81780     32.79150     -8.25670
    18.31770     31.38192     -8.74921
    30.75430     38.13270    -23.40750
    40.25120     26.42010     -8.33950
    44.10374     36.58515    -12.44738
    41.87218     29.56330     -7.42428
    41.88439     29.37240     -7.57112
    17.09767     27.46884     -5.48034
    18.40350     23.62630     -6.44820
    26.79430     38.48205    -12.34067
    35.57030     35.98860    -13.81830
    45.19750     36.58100     -8.19230
    47.04650     43.26580     -8.80150
    59.81644     52.28947    -10.21940
    39.34720     32.37356     -8.67284
    31.33933     44.41294     -9.46574
    19.30420     23.76400     -5.94350
    23.15820     21.42410     -5.53430
    30.78936     42.65425     -9.58992
    51.06553     44.54312    -11.23415
    51.87706     45.30632    -11.62706
    23.59760     29.32030    -13.29600
    42.67204     34.68419    -11.71625
    48.16750     42.62258     -9.81819
    34.93155     36.00501    -17.24705
    24.86780     14.60160     -8.73950
    41.57209     30.76810    -14.76194
    51.57796     58.17771    -19.03039
    41.77915     28.85524    -14.26847
    36.04329     21.13329    -15.47404
    23.18240     23.62950    -12.90730
    33.60100     25.95106    -10.90995
    29.57350     28.33810    -19.65320
    48.79140     41.78940    -15.56950
    39.41109     53.41536    -11.56325
    49.79440     54.26780    -26.21010
    51.49027     49.76219     -9.83397
    51.48913     49.75084     -9.90166
    51.48987     49.75070     -9.86906
    43.92220     35.09830     -8.69060
    64.62510     57.33450    -26.74960
    41.38139     29.41486    -16.74029
    40.39085     32.71905    -14.68220
    37.48920     37.95930    -10.00680
    30.24730      9.53290    -16.80930
    40.98366     27.06868     -8.15163
    42.79608     39.67944     -6.49501
    36.04060     21.14406    -15.46473
    43.91020     33.15360    -16.14580
    41.15710     25.76320    -17.02690
    30.90720     34.38270    -13.68510
    30.35286     32.12133    -16.14445
    56.27390     53.54740    -12.86100
    33.58380     46.17160    -13.62680
    16.49600     29.29630    -16.03870
    42.67956     34.27716    -11.49401
    53.73861     45.71861    -13.47354
    48.06220     39.96173    -14.71718
    33.59665     25.98692    -10.92598
    51.97522     52.39427     -6.92619
    40.40528     33.29431    -10.96473
    53.33357     54.79574     -7.97083
    29.65260     35.21490    -15.62790
    33.57203     26.01983    -10.94835
    56.10114     65.60225    -22.66370
    48.49873     49.56526    -11.52476
    47.53715     33.90105     -7.83613
    40.12900     23.35350    -20.44900
    22.89069     22.91774    -12.45243
    25.35550     39.39550    -15.87860
    23.45720     25.47900    -13.28050
    30.19360     15.51390    -22.92640
    28.38260     18.26430    -13.36990
    37.70289     21.23736    -17.09736
    19.93336     23.62027     -9.34012
    47.88047     35.17749     -7.46871
    26.73658     38.15498    -12.32612
    52.43970     64.98020    -23.98260
    32.49954     42.61862    -11.30340
    41.98760     42.60780    -23.76900
    45.37886     40.89383    -12.76063
    26.77399     38.50959     -9.36074
    45.36838     40.90390    -12.77639
    33.00160     37.30590    -17.48690
    45.03790     49.15630    -27.34960
    33.87230     31.44090    -13.88690
    41.92280     30.94300    -16.50350
    26.55985     20.70840    -12.34003
    31.20950     44.02486     -9.65906
    30.32158     32.13874    -16.12990
    40.92580     27.62060    -20.48360
    43.13800     38.74330     -8.40660
    37.77550     45.24520    -21.96600
    37.74650     30.73250    -21.58330
    49.01080     57.13290    -22.80250
    42.88980     26.81090    -14.48280
    52.03051     47.93815    -10.50470
    31.69735     35.88310    -15.41103
    31.72780     35.88826    -15.36596
    36.05150     36.83580    -16.65510
    43.61940     55.57070    -14.36970
    41.73150     38.22390     -6.33720
    45.54160     35.85340    -10.33930
    40.49848     32.85429    -14.81033
    42.42185     37.74725     -6.03733
    42.43424     28.54565    -12.06491
    37.58367     32.72168    -12.78544
    42.75116     34.00149    -11.41235
    46.61481     46.33855     -6.55125
    47.59488     37.77349     -9.61344
    40.50461     32.85142    -14.83016
    40.45844     32.79374    -14.75039
    50.44356     43.53136    -10.87239
    32.02910     31.05970     -8.60630
    31.45319     34.23058    -16.14777
    34.51110     24.52160    -19.07710
    53.07262     44.12306    -12.03766
    44.85100     42.72200     -5.11700
    55.23120     49.96620     -3.99030
    32.45150     26.30710     -7.97960
    39.21076     31.54150    -14.61879
    35.52877     18.40566    -14.42244
    48.04789     50.27611    -12.47461
    39.70690     54.15193    -10.40380
    35.16160     27.68090    -14.81930
    48.09792     50.28581    -12.36233
    33.38660     39.33160    -21.26650
    48.73470     61.40290    -11.50270
    35.90560     30.36360    -10.71670
    18.31902     31.35861     -8.68003
    44.07740     34.40930     -7.68060
    49.49734     45.78418    -10.38597
    41.86431     27.45925     -8.29692
    45.89129     59.30284    -16.49462
    27.69900     39.58950     -6.07220
    53.75035     45.74070    -13.46085
    36.85830     28.50460    -18.88580
    34.05280     30.90560     -8.18960
    28.73385     37.84086    -15.30993
    40.92780     36.06200     -8.53970
    33.63252     38.18236    -18.00367
    37.70444     49.45038    -13.53122
    36.14400     37.72220     -9.44070
    16.01460     27.88150    -21.06910
    30.77680     27.94290    -10.40010
    40.85934     34.28467    -10.24019
    39.94356     28.28879     -6.66848
    17.94154     25.96651     -5.72792
    50.39170     58.06940    -21.00940
    42.24913     39.91007     -9.93598
    41.02310     53.09650    -10.14700
    35.97687     21.01790    -15.78262
    25.52350     14.22830    -15.46170
    23.25280     28.10120     -9.25690
    30.96704     42.55739    -13.62255
    48.55670     34.15770    -11.53860
    32.99440     14.82930    -12.25890
    40.43020     35.66650    -12.96410
    50.61567     43.67196    -10.97339
    41.44500     25.02200     -7.22820
    36.05283     21.16200    -15.04547
    41.89600     44.71240    -16.53980
    40.45160     32.94410    -11.02791
    34.91757     46.92856    -12.22288
    47.47770     44.19900    -13.70570
    46.67605     39.59291    -14.27874
    25.50582     38.25768     -6.59158
    35.62308     37.15181    -14.66279
    30.05950     34.30720    -13.66450
    49.86885     43.60457    -10.36543
    47.69392     43.74815     -8.27611
    37.73580     28.16890    -15.18040
    37.53750     35.57940    -10.89980
    34.92704     36.00728    -17.24814
    42.70959     34.87739    -11.90425
    37.85375     31.37880    -11.04992
    43.84021     34.24448    -11.72413
    39.67990     45.18180    -19.60970
    25.58180     33.56560    -13.92480
    26.02784     38.46415    -12.71388
    53.06362     51.52563     -7.41693
    22.64780     24.30780     -8.40420
    43.62010     33.69614     -8.24084
    52.72790     53.25290     -7.06790
    49.08091     42.33976    -10.24186
    33.95405     44.15725    -10.01017
    55.63670     51.39410    -13.11830
    39.33859     32.37585     -8.78102
    20.84940     19.39410    -12.48970
    37.12710     19.25490    -13.25670
    38.40739     31.46121     -7.61193
    21.58466     22.68372    -11.45336
    39.41130     29.35850    -24.47000
    29.23350     19.06460    -10.50650
    43.62909     33.69753     -8.25161
    51.12380     41.97430    -14.62060
    43.79343     35.17338    -14.02840
    40.11533     55.23236    -10.51364
    30.85250     26.72530     -8.67040
    39.89192     28.15273     -6.82742
    39.12410     54.15180    -12.24050
    40.36550     34.36050    -14.79840
    20.02423     24.74793    -10.79905
    41.88887     29.53472     -7.41148
    36.05516     21.16496    -15.52998
    36.04168     21.13998    -15.37977
    49.13010     49.32940    -10.31950
    43.94640     28.53020    -14.08800
    28.78329     39.45152    -11.42125
    53.81820     51.38760     -9.57130
    23.57939     24.40526    -13.96899
    44.78650     33.24100    -14.99930
    53.29760     56.71430    -24.11930
    48.08060     39.99357    -14.67932
    41.76769     28.86477    -14.34402
    42.23579     39.70573     -9.80722
    53.04423     51.50476     -7.45162
    49.85750     46.81460    -14.13820
    26.79001     20.90630    -11.50846
    35.58845     29.24086    -10.19347
    52.17710     64.52120    -13.20430
    63.63890     59.54110    -21.47440
    43.87240     46.62340    -23.87660
    28.69250     38.77950    -13.45680
    41.91460     29.79770    -13.38820
    33.33128     47.43084    -11.88486
    51.90931     46.69225    -11.41326
    35.80220     28.99540    -18.40000
    50.21050     49.60490    -15.33280
    37.89917     41.27596    -18.41483
    37.36808     29.73523    -10.97239
    35.36180     30.49437    -12.85536
    49.22880     39.52600    -14.66970
    36.30544     25.63988     -8.51603
    35.37483     30.47449    -12.89868
    41.07930     38.99670    -13.70690
    18.08720     28.36950    -18.64750
    52.99700     48.04837    -12.50381
    48.77274     35.52969    -11.75492
    40.36930     28.90750    -11.08900
    48.05223     50.30349    -12.49620
    27.22255     38.98254    -12.53157
    57.84320     56.62030     -7.86500
    26.81927     38.75984    -12.73278
    59.59970     51.27030    -15.21760
    36.63240     51.07660     -5.95940
    42.20431     28.59990     -7.84924
    16.99624     27.34866     -5.50336
    32.89815     22.18063    -10.50431
    35.58510     32.54980     -7.27980
    38.44290     46.34840    -21.20660
    39.34200     34.16610    -12.78820
    23.10859     37.11883     -9.20182
    39.81800     33.21350    -19.45400
    35.21890     16.95400    -12.52680
    38.42350     27.61940    -15.55980
    48.81780     35.56399    -11.77061
    38.27440     28.36460    -17.94510
    33.90460     29.79770    -20.04260
    22.59080     34.26580    -11.52790
    35.23223     30.80820    -12.92816
    58.10880     48.58530     -9.03170
    51.83900     46.18933    -10.90405
    43.21854     31.79229     -8.31883
    22.37170     22.43420    -14.22210
    32.37460     46.64870    -12.03440
    42.41676     26.55113     -9.25165
    37.83758     31.34797    -11.02888
    40.72004     31.38618     -7.66947
    42.91500     31.80250    -17.05960
    41.96084     54.28318    -10.65729
    40.60200     44.28370    -25.14600
    43.64811     33.68823     -8.21164
    32.83460     26.90890     -6.82700
    42.32370     32.06870    -11.35800
    43.41330     36.47810    -13.21160
    24.95080     36.45080    -12.90720
    42.40454     26.52699     -9.20798
    33.37306     26.41872    -11.25363
    29.33535     20.48284    -13.14584
    33.54329     38.16474    -17.82460
    28.89630     24.24160    -22.32350
    49.30689     34.95134     -9.38669
    43.04183     32.85534    -13.70115
    26.46757     20.66365    -12.52415
    29.75406     36.33188    -13.48808
    55.74459     56.30065    -14.65112
    23.15314     37.07170     -9.32069
    32.54307     24.65534    -11.07896
    47.11350     57.17400    -19.60400
    36.69895     48.03504     -9.74259
    16.29530     25.38540    -13.04020
    52.06020     59.89710    -22.93630
    14.74470     26.86100    -13.31690
    41.28810     33.63060    -11.38810
    51.97305     52.42758     -7.06567
    54.22000     47.13320    -12.60330
    34.09500     14.30000     -5.67740
    37.33940     29.20870    -21.84140
    35.31170     42.41710    -24.22580
    40.40540     32.76960    -11.19204
    30.12750     13.82510    -22.58130
    49.41710     57.60880    -20.40500
    60.88249     54.62548    -24.12678
    52.17110     48.81070     -7.24050
    22.40970     21.39250    -11.10800
    45.76476     37.36989     -9.70016
    51.81560     41.85964    -12.66531
    40.91060     34.23550    -16.75230
    21.87920     21.46820    -19.03910
    45.26838     46.34546    -26.62956
    50.96330     47.55530     -7.77730
    25.71450     39.31980     -9.21900
    44.92470     31.47050    -10.29290
    35.52263     18.40074    -14.45256
    50.59129     64.49273    -23.91808
    46.61529     46.31435     -6.55635
    43.92690     43.35860    -25.81570
    43.23316     31.79561     -8.33607
    58.74370     56.50450    -10.61200
    48.34445     42.66555     -8.84155
    28.78820     39.44948    -11.37030
    50.69103     59.11400    -23.85586
    30.30212     19.46072    -12.61600
    45.71695     39.83393     -6.73867
    50.83087     40.74947    -12.14271
    48.93179     42.41443    -10.24853
    48.96771     42.37153    -10.19364
    36.26066     25.54710     -8.44189
    41.36215     29.39184    -16.77728
    25.08210     22.76080    -15.26680
    28.78740     41.21090     -5.31540
    42.50959     28.36606    -12.70456
    42.69301     37.92628     -7.74741
    49.72757     36.97053    -12.36661
    39.87120     35.15080    -13.55630
    55.58560     48.26350    -15.06370
    33.63331     25.84712    -10.85167
    38.23246     31.41989    -19.54756
    24.88740     35.81880    -12.08690
    36.51050     41.11700    -17.67680
    27.37580     19.40650    -13.56040
    43.61260     47.63450    -22.50900
    51.36550     45.08761    -11.02113
    57.58050     64.72880    -20.73380
    20.01635     24.74379    -10.86301
    37.94175     29.57385     -8.75194
    19.99772     24.72338    -10.80534
    30.22946     36.29658    -13.23561
    27.60050     32.67590    -17.18070
    48.41201     42.57143     -9.86011
    35.87384     27.74789    -12.80019
    47.62420     47.50910    -26.54980
    40.47699     32.33320    -11.23132
    32.49140     46.06630    -14.73250
    17.48038     26.19655     -8.60086
    44.50593     40.32462    -13.19169
    36.28260     48.65140    -11.37600
    38.92830     32.46170    -20.73760
    32.75480     44.79920     -8.86670
    41.09240     40.21000    -10.34990
    25.30659     21.19433    -12.84163
    31.65530     31.13650    -12.12480
    36.69930     22.92220     -7.11420
    55.24880     46.48730    -15.04450
    32.62353     45.13729    -13.64739
    35.74470     28.46990    -13.20422
    48.01820     39.04500    -10.59740
    48.30914     40.03636    -10.70543
    35.91500     29.45310    -13.74450
    45.81940     50.76700     -8.41320
    42.78940     28.75934    -10.42022
    39.94450     33.59470    -15.11710
    21.63811     24.20486    -11.45739
    40.87028     27.30768     -8.07787
    44.49827     40.32658    -13.24501
    37.46984     32.65712    -12.18023
    36.66890     25.06560    -12.30700
    49.71470     61.23100    -21.37650
    25.45570     37.62070    -12.37960
    33.55675     38.15646    -17.85200
    27.74779     38.83925    -11.54809
    28.60700     35.49150    -11.00160
    39.62240     33.09510    -16.80600
    35.74300     31.87480     -8.37430
    35.15652     20.31948    -13.93560
    30.12240     27.94340     -5.97000
    31.22390     22.78460     -7.89610
    29.63310     27.52730    -12.52930
    35.82433     19.94841    -17.77850
    34.06720     18.10510    -11.82880
    52.65893     43.11759    -13.27012
    15.15831     27.78428    -12.47000
    29.28210     33.48761    -11.46770
    31.75200     20.96740    -12.66180
    28.34960     22.73430    -11.34640
    36.70989     34.24463    -12.09541
    51.75708     45.32959    -11.40031
    34.74134     45.18365    -13.15954
    38.94700     35.32140     -8.27030
    29.66533     36.32978    -13.60116
    31.66148     21.75962    -11.39365
    31.63032     35.86418    -15.50429
    24.65100     21.18370    -14.69410
    29.28821     33.72006    -11.71156
    28.01250     36.51400    -17.31020
    25.43800     39.56780    -13.07590
    53.30030     40.94150    -15.02380
    46.68999     32.80473     -6.86533
    46.67494     32.79431     -6.87552
    46.69617     32.79696     -6.87515
    25.84970     37.40030     -8.33290
    46.00440     61.43460    -21.12490
    53.60493     52.49768     -8.40526
    29.25240     42.75615    -15.49853
    36.17300     48.72740     -8.15300
    46.99550     34.16610     -9.91470
    50.45056     43.46754    -10.89063
    18.17360     26.44880    -13.23670
    35.48920     49.55510     -6.83640
    53.08908     44.09724    -12.03314
    53.89780     55.82721     -8.67578
    54.29500     49.71630    -11.49200
    36.11270     45.26220    -17.48320
    44.42800     43.26040    -10.56210
    18.22420     26.13560    -10.30060
    45.27520     43.31500    -11.30130
    29.71484     36.30260    -13.55990
    37.60179     32.69099    -12.93995
    35.48497     27.89760    -11.18870
    43.46147     28.19785     -9.99980
    27.78770     28.79800    -19.31580
    54.21004     53.15375    -11.74024
    33.41670     41.00530    -19.54690
    47.67550     35.34070    -11.09520
    35.40960     36.15610     -7.26410
    52.53732     41.09371    -13.81694
    26.66654     38.48742    -12.38277
    23.60631     24.42154    -13.93999
    35.15930     33.41870    -13.77510
    29.78849     36.29805    -13.46622
    39.22560     43.62550    -27.10760
    45.73394     37.35721     -9.66754
    42.64220     57.91170    -11.87480
    58.27590     48.50580    -21.62960
    15.16739     27.80332    -12.52120
    46.32760     43.43497     -7.27340
    31.47661     34.22869    -16.23023
    50.20709     44.36031    -10.55321
    41.31240     33.17750     -8.21680
    34.84811     45.76568     -9.17366
    41.85019     29.31520     -7.64256
    31.12877     42.58912    -13.52185
    42.33517     33.60177    -12.28751
    36.04449     21.13150    -15.38097
    35.75017     27.91859    -12.63350
    34.93335     36.73890    -14.16108
    45.42410     53.69910    -18.28400
    33.57340     31.86200    -10.78330
    36.47630     26.76740    -12.25440
    34.89243     46.92264    -12.25582
    51.92174     46.70706    -11.36692
    35.54890     23.84040    -10.64570
    23.16380     34.64120    -10.43160
    22.02232     25.96170    -11.73390
    43.80180     33.95610    -13.87500
    25.37660     34.78060     -9.73300
    33.47690     25.76140     -8.52640
    59.73390     54.16886    -21.64612
    59.75810     54.18324    -21.70858
    42.69137     28.83429    -10.57921
    42.75516     28.84811    -10.45681
    42.35923     33.69993    -12.16372
    18.13660     24.28790    -14.47240
    20.10430     22.30070    -18.06400
    31.65200     37.81280    -17.97280
    41.96370     34.84260    -13.72640
    37.72061     21.22004    -17.10234
    23.89830     23.17180    -12.25690
    51.72481     45.44155    -11.16384
    29.18642     39.88094    -11.12326
    32.62246     45.12926    -13.59630
    32.62770     45.14234    -13.59591
    33.41627     38.15208    -17.50146
    33.98590     27.81760    -10.62090
    35.88533     46.64172     -9.48818
    23.98760     27.03520    -18.04650
    22.81034     35.74681    -11.41748
    50.34160     43.50990    -10.82657
    37.83647     31.36653    -11.01020
    42.88825     34.81041     -7.73724
    42.70490     28.84265    -10.57354
    51.27410     51.01443     -7.36834
    43.55830     40.48090     -4.81850
    16.72220     26.36500     -9.86960
    43.85571     35.23673    -13.96343
    33.94190     48.43720     -9.26220
    25.31511     21.18897    -12.79947
    23.14163     37.08972     -9.32051
    29.99220     36.15260    -15.69850
    36.78370     30.24430     -7.26690
    27.46950     21.05010    -13.79130
    22.11080     35.81240    -10.03390
    34.34260     25.38720     -8.32890
    47.85053     35.18361     -7.51029
    34.60750     38.02690    -21.63930
    18.95178     30.93810     -9.70437
    43.83049     34.24542    -11.73367
    63.63940     57.09060    -22.95500
    37.89718     44.13715    -23.53403
    28.79540     42.26900     -5.23270
    54.95650     45.64500     -8.92050
    40.02920     31.29820     -9.37230
    47.57864     37.76984     -9.67137
    33.22957     32.66055     -7.71846
    29.63908     36.34022    -13.69808
    35.09180     33.91190    -18.83450
    27.61858     38.90771    -11.76269
    47.53025     33.92395     -7.79347
    38.81100     22.74720    -10.33140
    37.34283     32.56262    -11.43938
    41.17830     32.06140    -12.24380
    48.03750     49.49930    -22.54640
    39.49373     27.73321    -14.66938
    40.26641     33.62176    -11.24551
    37.03155     27.17067    -22.04050
    19.53190     29.85280     -9.96690
    34.69810     33.59550    -16.31990
    35.81376     20.40181    -16.69859
    50.80002     44.52173    -10.99139
    42.57710     34.43157    -11.65543
    31.25221     42.60291    -13.47084
    35.16996     31.30665    -13.30091
    49.72904     44.34848    -10.49772
    34.34070     45.23720    -10.94800
    32.04260     44.71850     -5.76230
    32.26410     14.60940     -8.98340
    49.01447     44.19825    -12.70831
    46.91000     34.96830    -10.59250
    56.11370     65.20130    -24.32300
    54.04540     50.53200     -8.91750
    36.68507     48.07253     -9.71230
    25.23250     22.06810    -12.32240
    34.66078     45.16477    -13.14847
    48.69890     45.74370    -18.25660
    27.16220     41.81880     -6.56650
    39.99460     35.01500    -10.09830
    44.88085     42.71546     -7.73384
    18.70050     31.93540     -7.73090
    22.41080     34.20410    -13.61540
    36.69339     29.53555     -9.31647
    18.52950     28.89560     -9.05130
    24.61980     38.97760    -13.19020
    26.36559     20.61620    -12.75067
    35.88257     46.79843     -9.52077
    48.72849     35.45603    -11.73537
    40.91119     38.51477     -9.40117
    22.82716     35.75739    -11.45262
    35.60650     34.44040     -8.91420
    28.70085     37.84694    -15.28937
    34.95460     29.07880    -16.89440
    38.19730     27.22970    -12.56530
    18.82420     23.49530    -13.60770
    22.09320     20.36050    -13.91980
    50.86240     63.58390    -10.17290
    43.40673     28.15389     -9.78628
    28.47760     34.78550    -12.31300
    36.58874     24.36310     -8.95886
    26.91262     20.89010    -11.76026
    58.57787     48.98300    -10.49056
    45.70945     39.86177     -6.72853
    39.32370     35.12960    -22.01330
    25.71730     24.01840    -14.62910
    47.02845     45.06889     -9.23007
    34.02593     43.03786    -17.37149
    23.89290     30.19230    -17.38090
    31.12233     43.83961     -9.78374
    46.66446     39.58289    -14.28418
    55.73591     56.27244    -14.57161
    59.65050     54.93570    -20.09180
    58.58163     48.98030    -10.45294
    56.12880     66.11570    -20.89740
    51.22658     38.92795    -13.15220
    43.67008     36.38094     -8.35421
    41.24120     51.32250    -16.82890
    40.14180     50.56540    -15.18710
    46.31780     59.10500    -13.12020
    19.99421     23.64085     -9.38472
    19.99577     23.63786     -9.32060
    37.69253     49.40476    -13.11649
    49.62000     41.68430    -14.51880
    26.89475     38.39967    -11.33890
    29.11120     15.29010    -10.75820
    51.22870     38.93845    -13.13687
    31.56374     34.23592    -15.91032
    46.04730     45.19440     -7.92790
    48.75475     48.22526    -15.26686
    50.08300     56.19730     -9.08960
    34.02887     43.03024    -17.39921
    42.71565     37.84503     -7.66010
    48.48907     49.56684    -11.50664
    19.44520     22.35050     -8.15680
    31.64844     26.51486    -10.98578
    24.11910     31.65590    -14.19770
    48.17161     42.62796     -9.81108
    51.58754     58.19749    -18.97341
    29.89900     39.27480    -15.11640
    34.53245     31.04978    -10.45819
    34.74592     45.20603    -13.22297
    38.65150     30.00710    -10.12700
    34.26581     48.34102    -11.39275
    21.01450     23.46845    -10.89005
    51.00987     40.82057    -12.27225
    40.98180     37.92530    -10.96230
    18.66220     28.18290    -10.38880
    41.27129     35.34085    -11.77649
    25.61770     22.63638    -13.35096
    54.00120     64.80940    -19.34930
    50.51798     45.71261    -11.08691
    38.24924     31.39301    -19.50694
    30.50810     19.00410     -7.59800
    41.00454     38.66813     -9.52840
    42.22404     33.55218    -12.50623
    50.67677     59.12590    -23.79964
    26.61933     38.56801    -12.62919
    32.47445     24.81293    -10.84876
    19.91350     26.11470     -7.88740
    50.21767     43.59972    -10.62722
    25.50258     38.23022     -6.58282
    51.07740     53.31000    -15.06350
    41.26921     35.31745    -11.75721
    56.56050     60.99320    -19.21710
    37.85840     28.20460    -11.24300
    41.89533     54.27086    -10.42372
    45.03290     31.48270    -15.08140
    52.15470     38.42500    -10.76880
    33.36222     47.42116    -11.89344
    58.97410     64.07940    -21.15830
    37.90242     44.15275    -23.54227
    37.59620     40.27070    -19.39160
    50.60137     56.87313    -25.27747
    45.19011     37.91505    -13.18172
    27.23190     17.19050    -14.70600
    53.37045     43.91540    -13.95246
    45.85810     52.15090    -21.02200
    37.25960     27.95640    -22.01910
    19.13181     31.03043     -7.05644
    32.05500     23.83890    -10.58500
    42.86155     34.83059     -7.69306
    17.98687     26.07190     -6.16289
    54.66358     49.96428    -13.54560
    43.14430     38.52590    -12.33230
    16.96380     23.96540    -10.14870
    42.29924     41.98255     -9.29073
    26.80230     12.92620     -8.95300
    49.75537     36.85443    -12.31616
    34.81330     49.53270     -5.64460
    40.81967     27.44904     -8.00775
    32.99360     28.94420    -10.75110
    50.13076     43.81732    -10.64173
    32.29109     25.21083    -10.30215
    43.35499     28.21090     -9.77547
    41.78426     28.87718    -14.26641
    15.83380     25.39500     -6.60680
    51.33430     57.48930    -23.73610
    37.61156     32.67666    -12.91327
    33.74637     44.67604    -12.78585
    31.61634     43.54155     -9.45924
    46.83490     37.87160    -15.19710
    35.14078     31.12667    -13.09242
    44.73678     42.65981     -7.54804
    42.78005     37.55741     -7.82486
    38.78060     41.50510    -18.19780
    36.03836     21.13813    -15.51779
    52.04546     52.40261     -6.90304
    20.62090     25.06050    -19.23630
    33.95733     44.80995    -12.82659
    53.48750     42.70070    -14.91330
    33.56871     38.17397    -17.89827
    64.60260     55.96750    -25.49600
    57.67685     47.79034    -16.98190
    26.78518     38.36747    -12.16664
    55.10430     56.03850     -8.77580
    33.97582     26.33871    -20.43300
    21.55875     22.77603    -11.75982
    22.82200     26.60730    -12.68810
    19.21470     27.23210     -6.58750
    19.59067     27.41305    -14.38085
    28.08980     24.34570    -15.65960
    34.87390     32.59390     -6.96700
    25.12850     32.76800    -17.31850
    21.56412     22.73254    -11.60158
    54.85576     47.02056    -13.77154
    48.74850     56.08120    -23.80340
    34.86110     25.91790    -13.95890
    49.30620     64.84760    -26.27330
    31.26960     42.03460    -10.31950
    23.60260     24.42670    -13.94742
    60.42100     50.59010    -20.36510
    51.66361     52.61875     -8.49228
    35.55616     29.23672    -10.19941
    19.07150     25.24200     -9.09370
    52.86470     46.89590    -11.89150
    40.02470     24.98110    -13.12710
    21.63951     24.22110    -11.46586
    49.87809     57.91610    -23.91906
    58.90550     50.36640    -17.29480
    43.05960     37.79990    -12.10010
    24.61480     34.10060    -14.12640
    25.89790     32.00640    -13.19250
    31.33950     24.58480     -7.06100
    59.49078     50.91895    -10.47099
    52.58835     41.22950    -13.94004
    41.95170     36.79912    -11.81313
    42.40290     27.14730    -11.33240
    31.37160     34.32400     -9.00520
    50.19370     62.41980    -26.10540
    40.54080     41.92350    -11.80240
    47.95640     38.70150    -15.20240
    18.09360     27.16690     -5.57140
    30.32296     32.13549    -16.12473
    52.98150     48.07003    -12.45219
    19.13139     31.01937     -6.97676
    51.10304     41.07321    -12.14327
    34.51715     31.07583    -10.39278
    35.86467     46.67179     -9.31985
    33.97755     44.16745     -9.99393
    44.37590     30.46530    -13.50520
    29.32252     20.43135    -13.20464
    43.85858     35.25315    -13.94990
    28.34749     24.99963    -14.07216
    49.83630     62.97820    -21.28470
    59.48472     50.89665    -10.47871
    38.40650     49.43370    -10.64190
    49.03773     44.16925    -12.74309
    41.00810     31.56480    -19.21380
    30.31470     19.45222    -12.67964
    53.69933     45.60779    -13.45919
    17.96266     27.93446     -7.61233
    39.77640     26.12720    -22.34250
    37.56120     24.48320     -6.56660
    40.84051     34.28663    -10.23558
    51.53450     42.60210    -12.15950
    30.33019     32.13565    -16.12442
    45.73503     42.08699     -7.68503
    42.79992     39.64746     -6.45999
    49.26034     42.45796     -9.92676
    39.82010     45.91080    -17.82930
