    43.51626     41.15251     -9.67341
    28.78920     42.20030     -7.79720
    39.09470     36.69140     -8.59910
    39.33440     32.37373     -8.76167
    40.11973     32.32213    -14.22796
    43.53708     41.16646     -9.72203
    55.82106     57.28722     -9.83465
    33.30580     17.84170    -15.31120
    52.60210     41.26735    -13.96511
    40.48845     32.82693    -14.77677
    37.71450     27.26970     -8.92110
    43.69607     36.36091     -8.29594
    41.86883     29.41925     -7.53009
    41.49530     50.84940    -19.94120
    42.51180     40.97500    -13.80150
    51.81218     40.20896    -12.33321
    35.83890     21.28830    -22.06900
    53.36449     43.90159    -13.94191
    31.42610     37.57310    -15.99920
    50.62280     64.47660    -16.25290
    19.53982     28.14295     -8.12172
    46.65985     39.58054    -14.26644
    42.02522     37.03171    -11.51768
    49.00420     42.72730    -15.12510
    40.45166     55.16241     -9.89474
    33.85020     20.85440    -17.85220
    40.39179     55.17147    -10.00686
    19.53878     28.14285     -8.12308
    42.60046     28.74863    -11.03294
    22.41520     22.65730     -9.38360
    39.49295     27.73291    -14.61698
    26.55075     20.72566    -12.28418
    35.38343     36.99081    -14.47721
    35.45594     37.02862    -14.53388
    38.07680     31.82080    -14.85930
    33.14054     46.20969     -9.40647
    42.61540     39.20370    -12.64280
    49.09124     41.63795    -10.56604
    25.44944     20.89444    -10.32082
    53.38815     50.10503    -11.83296
    39.66350     39.17062     -8.58605
    32.26050     23.49600     -7.53170
    33.05467     46.17069     -9.61302
    41.85914     27.46796     -8.30738
    40.84544     27.35730     -8.10133
    47.52370     36.89560    -10.84190
    56.20380     62.35240    -17.98270
    42.24669     39.75641     -9.86836
    28.37070     40.67040    -13.65690
    48.32130     40.05407    -10.69304
    26.32483     38.58057    -12.77465
    34.88110     31.81330    -15.48400
    30.22966     19.45401    -12.69666
    31.46885     43.59635     -9.47385
    49.61920     48.86400     -8.04130
    39.20456     31.52569    -14.60688
    34.02112     20.85064    -11.82342
    34.93250     18.55510     -9.84340
    46.50560     40.92520    -10.37440
    25.44876     20.89926    -10.32538
    40.14742     28.65944     -8.30529
    40.14888     28.65786     -8.30561
    28.55040     22.23620    -13.10380
    43.92220     52.07090    -24.33980
    32.46250     22.66190    -12.75660
    20.06983     22.55030     -9.77307
    49.59680     37.17130     -8.03180
    48.31986     40.05322    -10.69408
    30.44380     29.95390     -7.83580
    43.53154     41.16378     -9.70801
    44.85030     47.70500     -5.77110
    57.31861     65.58716    -23.58337
    42.76033     34.92951    -12.18889
    34.92551     36.01289    -17.26612
    42.67783     30.37102     -7.98224
    42.67586     30.35456     -7.99390
    37.74590     26.71980    -18.65540
    40.37840     31.45620    -12.25050
    52.01683     47.95513    -10.49772
    63.40510     57.52930    -24.39110
    52.25920     46.10750     -8.11370
    41.30010     36.23470    -22.85650
    50.36945     37.65056    -12.60898
    36.58211     24.37384     -8.97114
    42.28302     33.59629    -12.37833
    42.28417     33.59925    -12.37832
    46.08213     43.31811     -7.43380
    35.50697     27.89860    -11.37040
    51.80494     41.86796    -12.69097
    55.32970     50.29490    -13.58700
    32.36700     22.73850     -9.41360
    41.91020     56.49160    -10.16880
    55.63311     64.45520    -22.36322
    55.63257     64.45894    -22.35687
    55.63286     64.45919    -22.35699
    21.20046     23.54371    -10.68125
    36.53060     30.71140    -12.32960
    55.63220     64.45550    -22.35543
    33.30582     20.18005    -12.79822
    33.30304     20.18234    -12.79838
    33.30494     20.18191    -12.79819
    53.74620     49.22670    -11.74510
    50.59886     64.47568    -23.91913
    38.46590     36.20860     -7.86160
    30.65410     37.20860    -13.55440
    45.45240     34.36470     -9.65390
    42.59243     37.88895     -6.88888
    42.53620     28.67244    -11.43665
    37.76880     28.98520    -14.37940
    25.26470     35.40590     -8.72060
    57.31485     65.58820    -23.56917
    18.84880     25.10670     -7.24980
    24.23758     33.24986    -13.86423
    39.18560     26.66160    -12.13460
    55.82140     57.28711     -9.82763
    18.74560     28.38570     -6.94130
    55.82157     57.28758     -9.82658
    55.82197     57.28840     -9.82745
    52.45360     51.55085     -9.76019
    47.70320     45.95270    -14.10210
    40.24719     33.59694    -11.33433
    32.73970     25.93380    -17.92810
    36.69893     48.01603     -9.77213
    33.55837     38.16639    -17.85697
    21.27666     23.64408    -10.77641
    51.17786     44.74787    -11.16956
    20.06460     22.85260     -7.47730
    45.78373     43.22103     -7.52096
    29.03240     25.43170    -13.00510
    32.90660     31.78430     -6.87190
    26.56957     20.73607    -12.24078
    29.45460     41.52220    -10.40850
    50.27579     40.40929    -11.89797
    30.26400     41.81480     -9.64650
    48.80947     35.56267    -11.76169
    32.63292     45.13195    -13.61262
    59.82622     52.32060    -10.27843
    34.01998     20.84966    -11.83218
    31.22946     43.80175     -9.66246
    46.20570     32.72890    -11.25580
    50.52499     45.71919    -11.12947
    52.60076     41.26039    -13.96263
    33.95568     26.32623    -20.44133
    57.78140     45.95380    -19.94950
    58.41344     47.54287    -11.12881
    53.04944     51.52203     -7.42127
    18.67370     24.49300    -17.50850
    42.65872     37.86533     -7.28755
    32.58410     28.10750    -21.45320
    37.32437     32.56198    -11.37448
    34.17950     22.68200    -16.91630
    43.25650     34.51280     -9.97920
    53.10147     51.56345     -7.39225
    31.57864     43.51883     -9.40309
    42.17124     28.69202     -7.83654
    48.21850     44.87510    -16.80700
    33.37286     44.53053    -12.14637
    17.96488     27.92981     -7.56440
    36.89860     25.25720     -9.77340
    36.09120     31.10600    -21.94950
    42.23568     42.07697     -9.19276
    45.25738     43.00810     -7.63830
    51.49000     49.75076     -9.88587
    34.83305     45.78072     -9.19279
    53.32120     54.76552     -8.03187
    42.40525     26.54484     -9.23268
    50.36905     37.65064    -12.60752
    31.20747     43.82682     -9.69383
    33.31830     15.36970    -29.73350
    34.84045     45.78548     -9.20026
    39.27300     33.66610    -10.49120
    49.31240     57.36660    -24.91240
    35.38261     20.10153    -13.65299
    35.39133     20.08399    -13.66296
    39.19234     29.27354     -9.74128
    43.71230     42.22020    -10.05090
    39.91499     28.22306     -6.75036
    38.50660     34.28780    -14.59280
    48.13980     62.62900    -16.83150
    29.77505     43.37365    -13.03667
    43.41443     28.18157     -9.84634
    43.79481     35.23104    -13.94501
    25.60704     22.64391    -13.36986
    58.02680     56.46750    -10.19170
    41.92380     46.97900    -10.85520
    56.69980     52.80560     -9.72560
    42.69774     30.47965     -7.91435
    50.61195     56.88329    -25.28278
    45.73952     42.08912     -7.66758
    21.14788     23.47660    -10.60920
    33.59720     24.69260     -9.42220
    31.45530     35.89290    -12.17470
    42.02740     29.00088     -7.72433
    52.44478     51.56516     -9.73970
    36.71351     34.25749    -12.09334
    40.77821     54.33598     -8.58229
    23.36830     32.83080    -13.76790
    33.77210     36.87920    -15.91220
    20.96570     25.33730    -10.77470
    39.73061     54.15839    -10.51121
    37.70727     49.39821    -13.08167
    35.74586     28.31954    -13.08263
    48.89590     49.17800     -6.85120
    35.56262     37.09220    -14.60875
    25.56560     24.15150    -16.35860
    45.13096     42.92161     -7.67769
    31.18540     46.23060    -15.59000
    19.58285     27.42273    -14.39277
    46.46720     44.59930    -16.69510
    38.66770     30.50110    -14.48330
    23.59260     34.84070    -14.41390
    30.94220     23.06340    -14.43650
    35.86460     50.13430     -8.09360
    46.76820     37.76060    -12.27300
    51.69125     45.32141    -11.29391
    56.08574     65.61497    -22.66284
    33.16640     41.19940     -6.84530
    31.68130     13.26550    -28.55530
    42.43180     32.52240     -7.41580
    36.90690     24.60850    -16.54050
    31.66660     21.75192    -11.38930
    23.14668     37.08812     -9.31641
    47.59060     37.77214     -9.63189
    34.53497     31.05574    -10.46031
    55.90230     62.32160    -24.12560
    26.50006     20.69194    -12.43705
    26.71176     20.94271    -11.30163
    42.64016     28.77687    -10.86289
    40.78279     54.33602     -8.58711
    34.83562     45.78501     -9.19525
    44.75430     36.00940    -12.21760
    26.67570     23.94420    -17.96450
    33.56029     38.16439    -17.85016
    37.94398     29.57775     -8.72118
    30.78723     42.64806     -9.60800
    46.23380     38.35080    -14.62660
    24.24282     33.24774    -13.86737
    42.58189     28.67880    -11.32406
    37.90957     41.26884    -18.39617
    52.01992     47.95461    -10.50095
    34.26439     48.33076    -11.42878
    31.15729     42.59502    -13.52924
    41.41930     36.94940     -7.92720
    17.07183     27.42696     -5.45838
    43.77124     35.22662    -13.92323
    49.74706     36.85372    -12.31757
    49.74633     36.85355    -12.31710
    34.88674     36.71333    -14.08917
    31.45920     45.83530    -14.20260
    36.05690     31.93960    -12.23170
    35.39345     20.07924    -13.65907
    41.73940     31.51360    -13.10320
    46.33920     54.49780     -6.72030
    49.48938     45.76254    -10.36599
    45.07280     38.72260     -7.24850
    40.71210     29.26760    -14.61570
    35.39668     20.08330    -13.63956
    17.97920     26.10438     -6.21182
    60.87333     54.62075    -24.10102
    35.39448     20.07376    -13.66253
    33.06367     46.21397     -9.39627
    27.21540     11.38560     -5.57460
    21.58568     22.68704    -11.47974
    21.58777     22.68084    -11.45484
    45.25041     42.99810     -7.64418
    42.24566     42.05888     -9.21160
    35.39997     20.06899    -13.65741
    31.32835     43.72375     -9.59438
    17.86890     33.31230     -3.54400
    29.28917     33.61948    -11.60326
    34.27820     23.30980    -10.11930
    46.91680     37.05580     -7.52600
    39.40635     53.41598    -11.58846
    51.11859     44.69795    -11.14990
    53.40944     50.14591    -11.85454
    34.43110     43.09450    -20.58980
    22.03283     25.96104    -11.70695
    27.06683     38.67132    -12.19565
    20.07187     22.55230     -9.77723
    36.28330     25.58174     -8.46438
    27.43877     38.85800    -12.03641
    36.26955     25.56610     -8.46980
    29.59280     44.43680    -13.51140
    41.55812     30.76988    -14.77060
    32.97934     46.24739     -9.24399
    35.38150     20.09171    -13.66739
    42.24600     39.73617     -9.86451
    39.73558     54.15925    -10.53825
    58.41246     47.53933    -11.12439
    20.78460     29.74560     -9.72620
    43.24610     44.68840    -18.05850
    56.67740     60.55160     -9.56270
    43.04672     32.84046    -13.67405
    50.95603     40.78529    -12.22875
    40.78872     34.20495    -10.31136
    23.84950     21.80500    -18.29680
    50.29439     43.66177    -10.74299
    33.24507     32.65390     -7.69198
    35.42390     20.04749    -13.63448
    37.04570     27.16308    -22.02658
    35.85150     46.71598     -9.32264
    37.25860     26.01720     -9.38420
    40.87518     27.32534     -8.04838
    41.79730     32.87170     -6.98840
    31.43286     34.22430    -16.16370
    42.03698     37.06746    -11.47385
    54.65535     49.98138    -13.53036
    26.65319     20.78309    -12.01960
    49.47780     46.84670     -7.65100
    30.98020     30.79970    -11.61570
    26.46067     20.66907    -12.53098
    53.06265     51.51025     -7.42922
    45.22540     42.98210     -7.64549
    28.35300     25.00407    -14.09094
    37.08597     30.71318    -18.53037
    33.66514     26.68471     -8.81916
    30.84520     37.29310    -22.59600
    18.32108     31.36777     -8.71567
    40.54860     38.45990    -19.46670
    26.58984     38.61263    -12.65905
    36.07480     27.07360    -21.39060
    51.16890     41.11981    -12.19429
    30.13360     42.60420     -4.39510
    49.26380     42.70740    -13.37530
    41.36483     29.40229    -16.77418
    23.70370     37.25600     -7.08850
    45.26136     46.32903    -26.61335
    40.71799     31.38758     -7.66498
    54.87368     47.02020    -13.74921
    42.59638     28.71393    -11.17477
    59.83631     52.32909    -10.31699
    26.45611     20.66806    -12.54288
    36.68371     29.53198     -9.29880
    33.53690     47.00590    -14.03660
    44.09796     36.57008    -12.41618
    49.74544     36.85381    -12.31203
    26.46013     20.66758    -12.53452
    52.05830     52.08280    -12.49850
    46.20058     43.16812     -7.64484
    51.84957     52.39426     -8.31748
    51.86774     52.44463     -7.79663
    42.65155     37.85239     -7.26949
    51.26184     51.00070     -7.38050
    41.37620     26.79190    -13.86710
    51.86179     52.44469     -7.81204
    42.65904     37.85603     -7.30645
    45.47530     58.13070    -13.98000
    51.81332     40.20694    -12.32209
    39.66410     39.17018     -8.58525
    51.07440     64.27430    -26.02480
    45.68870     59.75300     -9.77230
    23.14281     37.08744     -9.31126
    33.66336     26.68729     -8.82354
    43.59060     41.33300    -13.38000
    48.00910     42.82540    -15.32550
    40.85680     27.40123     -7.95894
    50.57500     43.19476    -11.15418
    46.53930     48.89540    -29.01360
    51.22479     38.93578    -13.14341
    42.17061     28.69301     -7.84230
    34.53433     31.05526    -10.45103
    34.39270     46.57750    -10.45350
    41.93410     54.28191    -10.55426
    41.99400     25.30230    -10.42310
    26.76010     18.81160     -7.32450
    35.57863     29.22963    -10.18076
    57.67450     47.79075    -16.97606
    33.95515     26.32692    -20.45014
    39.61860     26.99760     -5.94330
    28.66000     27.01520    -12.69600
    22.88337     22.91884    -12.47342
    17.48424     26.19827     -8.60996
    49.08945     41.75820    -10.50895
    42.12348     37.35493    -11.10974
    51.66160     51.57890     -5.51110
    34.53241     31.05556    -10.45427
    25.31040     35.08090     -6.68600
    27.30460     38.93479    -12.35912
    32.45494     24.85803    -10.78867
    54.86480     59.73460     -8.00220
    29.31984     20.41684    -13.20434
    50.38594     40.47991    -11.94568
    29.78310     42.14760     -6.74570
    59.01260     51.52240     -8.65790
    50.77531     42.76840    -11.51883
    51.85879     52.43576     -7.87245
    51.79184     52.50503     -8.08602
    42.63242     37.89862     -7.16660
    32.68920     27.41650    -10.43760
    41.06950     48.15990    -22.65070
    51.87510     52.44019     -7.74282
    51.92149     52.42113     -7.42179
    26.86039     38.73123    -12.60934
    56.15560     63.33370    -20.96360
    43.79535     35.23772    -13.93771
    32.50912     42.61000    -11.27424
    45.90368     59.32176    -16.49397
    40.73140     30.00080     -6.62840
    28.72240     33.36090    -21.77620
    34.25927     48.33106    -11.43144
    21.15082     23.47278    -10.60130
    26.77680     26.24690     -8.44700
    38.43990     52.98980    -10.40000
    38.39657     31.46028     -7.61058
    37.70278     49.41511    -13.18193
    54.61300     43.71910    -15.58420
    35.97220     35.29770     -7.24670
    48.75191     48.22352    -15.24164
    35.56023     37.09216    -14.60843
    28.98491     39.64465    -11.24142
    36.55730     20.97570    -22.42480
    51.77389     52.43251     -8.71797
    41.91275     29.18774     -7.67574
    51.03780     40.92579    -12.20661
    42.48480     32.09160    -14.74700
    57.32221     65.58492    -23.58597
    29.98150     19.03190    -22.11260
    39.93560     36.78020    -12.50270
    26.82429     38.45401    -10.16574
    42.56000     53.62470    -10.79050
    35.76890     28.17569    -12.99034
    35.39362     20.07948    -13.66020
    29.32158     20.42477    -13.19387
    42.73020     57.07150    -10.18100
    19.84566     23.60297     -9.34623
    35.43593     19.99856    -13.64551
    23.79921     35.67034    -11.88740
    42.48592     28.43128    -12.43370
    59.45470     56.11050    -10.11790
    23.52800     19.46980    -17.71530
    40.86585     38.43841     -9.35038
    52.66199     43.12625    -13.25142
    19.94088     23.62895     -9.35592
    48.73366     48.20532    -15.17490
    36.34840     28.48200     -9.93870
    48.18280     45.75510     -8.67390
    32.96240     26.56410    -20.26920
    49.49680     45.80290    -10.42723
    31.87280     20.59970    -17.55220
    41.84140     25.26080    -20.14920
    44.15820     51.70280    -22.33160
    33.35790     36.18270    -17.70980
    41.57177     28.95585     -8.20729
    18.95060     30.92933     -9.68172
    20.02410     22.10390     -7.02840
    23.85310     18.00990    -15.17350
    42.62466     30.03276     -8.25510
    29.19120     22.91110    -11.09790
    51.13882     44.61495    -11.21811
    29.25131     42.74618    -15.51276
    50.03530     44.92620    -13.30080
    16.24830     26.70990     -7.07820
    53.32390     54.77094     -8.03092
    53.32619     54.76705     -8.02475
    22.21750     20.82420     -9.62620
    37.82130     32.74550    -20.33430
    40.73700     52.99160    -11.98560
    36.68149     29.53429     -9.29451
    38.33250     26.83410     -7.76300
    29.04379     39.70118    -11.19723
    52.62588     41.33030    -14.01223
    26.55424     20.72303    -12.29257
    37.08183     30.71602    -18.53613
    26.49645     20.68834    -12.45346
    32.88900     42.85680    -13.01050
    45.37274     40.82619    -13.13306
    45.26429     46.33250    -26.61560
    43.33410     56.46680    -13.13940
    34.97370     17.34560     -5.57550
    33.64358     44.65012    -12.53671
    24.61870     19.79740    -14.35230
    36.50520     29.28750    -14.72760
    43.69004     36.36305     -8.30082
    21.14555     23.47431    -10.61664
    31.65888     26.52803    -10.96306
    47.66579     43.73540     -8.20303
    36.58409     24.37210     -8.96099
    36.58219     24.37245     -8.96305
    31.29430     30.16740     -7.57300
    20.78430     28.26350     -8.84910
    51.41240     51.50900     -9.36490
    36.03841     21.13314    -15.44837
    31.33315     43.77930     -9.58382
    21.58911     22.68162    -11.45504
    55.73424     56.27810    -14.58208
    55.73482     56.28716    -14.58974
    53.89167     55.84336     -8.67557
    39.33288     32.37401     -8.74543
    35.80935     20.05871    -17.44544
    56.64770     48.03960    -16.63710
    35.61352     27.89080    -11.87849
    28.68840     20.99970    -11.78360
    54.20467     53.17306    -11.72736
    27.50181     26.71490    -23.59639
    39.34207     32.37433     -8.74203
    27.50319     26.71650    -23.59751
    49.06938     42.12451    -10.30681
    39.88480     44.21870    -21.71450
    55.73603     56.29415    -14.59558
    42.01928     37.00686    -11.55651
    25.96771     20.52861    -13.31065
    37.36650     29.74517    -10.95773
    17.47130     26.22080    -16.68800
    42.66939     34.67115    -11.76875
    42.66808     34.67903    -11.77255
    23.16589     37.08094     -9.37637
    53.61120     52.48894     -8.41665
    37.91520     46.93580    -17.84970
    48.14735     50.29189    -12.21479
    50.19305     43.92800    -10.64492
    23.18780     21.37000    -10.45080
    43.52646     41.16142     -9.69433
    53.76065     45.77799    -13.46458
    21.08920     24.26700     -8.87600
    49.30008     34.96631     -9.37066
    21.58219     24.08987    -11.27403
    16.70280     28.13760     -8.25010
    35.41570     20.05115    -13.63098
    23.80099     35.67136    -11.88840
    38.88730     32.82940    -13.76680
    30.22980     15.70690    -15.74770
    43.41636     28.17963     -9.84981
    36.03868     21.13182    -15.45716
    35.16500     31.33740    -20.25100
    21.86010     30.31000    -12.24100
    48.79884     35.54678    -11.75768
    53.40653     50.13371    -11.84114
    45.79350     49.08670    -22.09160
    47.66722     43.73818     -8.21237
    31.37757     44.45880     -9.41450
    34.82790     33.64310     -7.66290
    23.13100     35.61900     -9.25200
    29.77215     43.37485    -13.04713
    43.37440     57.70320     -9.08090
    40.30490     24.11620     -6.60510
    46.73820     44.13290    -14.70880
    59.84683     52.33679    -10.35684
    51.89221     46.53264    -11.22489
    42.18690     38.59910    -13.81000
    50.03889     44.06800    -10.54655
    38.30370     23.94830     -8.91820
    52.33880     49.18170    -12.15110
    36.03808     21.13117    -15.46384
    32.35380     44.35800    -12.54240
    33.55960     26.03656    -10.97320
    31.62260     37.76740    -24.24120
    31.65670     26.49830    -13.11930
    41.31760     52.31690    -14.82860
    39.96140     37.24210     -9.47670
    53.39997     50.12290    -11.84052
    49.89225     57.92114    -23.95646
    17.99967     26.05766     -6.20372
    51.97980     66.01210    -13.33990
    18.46230     24.44990     -8.45210
    31.14147     42.59001    -13.53964
    27.70502     38.85182    -11.66203
    50.97420     64.75490    -13.94920
    52.62240     59.43380    -24.33510
    55.63256     64.45617    -22.35258
    39.75890     31.97410    -11.77980
    45.19766     37.90136    -13.15534
    26.29670     37.49390     -9.91120
    41.41570     53.02850     -7.48610
    45.56780     26.47630    -13.16380
    39.40110     40.90210     -9.53460
    30.33820     37.81790    -19.32930
    32.82340     36.71140     -9.76700
    40.54756     55.15570     -9.70093
    42.67820     30.37162     -7.98800
    39.18706     29.27286     -9.74062
    45.87200     42.71960    -10.18740
    49.01003     42.34891    -10.16059
    47.04191     45.06724     -9.20799
    26.46230     20.66948    -12.53441
    41.30960     24.86390    -11.86560
    29.71205     36.31573    -13.54461
    32.89403     22.17773    -10.47044
    48.27725     42.62219     -9.55139
    22.03079     25.95017    -11.71685
    33.04490     37.15200    -15.08230
    30.66160     41.06190    -14.08760
    37.81780     32.79150     -8.25670
    18.32006     31.37032     -8.72036
    30.75430     38.13270    -23.40750
    40.25120     26.42010     -8.33950
    44.09944     36.57392    -12.42412
    41.86893     29.42891     -7.52519
    41.85948     29.30261     -7.64018
    17.07080     27.42956     -5.46804
    18.40350     23.62630     -6.44820
    26.80499     38.58785    -12.38974
    35.57030     35.98860    -13.81830
    45.19750     36.58100     -8.19230
    47.04650     43.26580     -8.80150
    59.83274     52.32153    -10.29923
    39.33851     32.37401     -8.73677
    31.35144     44.40411     -9.45147
    19.30420     23.76400     -5.94350
    23.15820     21.42410     -5.53430
    30.78777     42.64964     -9.60340
    51.06711     44.60223    -11.17345
    51.77259     45.34208    -11.40525
    23.59760     29.32030    -13.29600
    42.67634     34.59808    -11.75787
    48.26260     42.61794     -9.64179
    34.92712     36.01044    -17.25976
    24.86780     14.60160     -8.73950
    41.56168     30.76942    -14.76840
    51.58205     58.18616    -19.00606
    41.77734     28.86420    -14.28939
    36.03848     21.13072    -15.45831
    23.18240     23.62950    -12.90730
    33.55915     26.03709    -10.97307
    29.57350     28.33810    -19.65320
    48.79140     41.78940    -15.56950
    39.40755     53.41582    -11.58204
    49.79440     54.26780    -26.21010
    51.48998     49.75342     -9.87371
    51.48981     49.75177     -9.88359
    51.48992     49.75175     -9.87883
    43.92220     35.09830     -8.69060
    64.62510     57.33450    -26.74960
    41.36859     29.40433    -16.76626
    40.41150     32.72855    -14.67720
    37.48920     37.95930    -10.00680
    30.24730      9.53290    -16.80930
    40.90393     27.24022     -8.10971
    42.79772     39.66578     -6.48005
    36.03809     21.13229    -15.45695
    43.91020     33.15360    -16.14580
    41.15710     25.76320    -17.02690
    30.90720     34.38270    -13.68510
    30.33496     32.13113    -16.13286
    56.27390     53.54740    -12.86100
    33.58380     46.17160    -13.62680
    16.49600     29.29630    -16.03870
    42.65680     34.44435    -11.62053
    53.74769     45.74170    -13.46571
    48.07006     39.97533    -14.70101
    33.55852     26.04232    -10.97540
    51.94415     52.41878     -7.25443
    40.34488     33.29771    -11.16533
    53.32558     54.77301     -8.01836
    29.65260     35.21490    -15.62790
    33.55493     26.04712    -10.97867
    56.08966     65.61173    -22.66306
    48.49460     49.56593    -11.51702
    47.53420     33.91083     -7.81791
    40.12900     23.35350    -20.44900
    22.88523     22.91856    -12.46808
    25.35550     39.39550    -15.87860
    23.45720     25.47900    -13.28050
    30.19360     15.51390    -22.92640
    28.38260     18.26430    -13.36990
    37.71046     21.22996    -17.09949
    19.92259     23.62229     -9.35038
    47.86768     35.18010     -7.48647
    26.75160     38.22064    -12.27684
    52.43970     64.98020    -23.98260
    32.50668     42.61220    -11.28166
    41.98760     42.60780    -23.76900
    45.37381     40.85008    -13.00839
    26.78937     38.49167     -9.54105
    45.37228     40.85155    -13.01069
    33.00160     37.30590    -17.48690
    45.03790     49.15630    -27.34960
    33.87230     31.44090    -13.88690
    41.92280     30.94300    -16.50350
    26.55499     20.72520    -12.28108
    31.28870     43.92276     -9.59455
    30.33039     32.13367    -16.13073
    40.92580     27.62060    -20.48360
    43.13800     38.74330     -8.40660
    37.77550     45.24520    -21.96600
    37.74650     30.73250    -21.58330
    49.01080     57.13290    -22.80250
    42.88980     26.81090    -14.48280
    52.02085     47.95146    -10.50043
    31.68694     35.87918    -15.42475
    31.69138     35.87994    -15.41817
    36.05150     36.83580    -16.65510
    43.61940     55.57070    -14.36970
    41.73150     38.22390     -6.33720
    45.54160     35.85340    -10.33930
    40.47765     32.81798    -14.77248
    42.49282     37.82981     -6.33738
    42.48574     28.54735    -11.99037
    37.56128     32.68759    -12.67293
    42.56347     33.95351    -11.77690
    46.61502     46.32822     -6.55343
    47.59048     37.77225     -9.63123
    40.47854     32.81756    -14.77538
    40.42136     32.73945    -14.68715
    50.37823     43.59536    -10.82654
    32.02910     31.05970     -8.60630
    31.45272     34.22715    -16.14380
    34.51110     24.52160    -19.07710
    53.07965     44.11203    -12.03573
    44.85100     42.72200     -5.11700
    55.23120     49.96620     -3.99030
    32.45150     26.30710     -7.97960
    39.20614     31.52971    -14.60992
    35.52615     18.40356    -14.43530
    48.10571     50.28861    -12.32895
    39.72775     54.15741    -10.50006
    35.16160     27.68090    -14.81930
    48.11301     50.29003    -12.31257
    33.38660     39.33160    -21.26650
    48.73470     61.40290    -11.50270
    35.90560     30.36360    -10.71670
    18.32026     31.36691     -8.71027
    44.07740     34.40930     -7.68060
    49.49395     45.78302    -10.39444
    41.86046     27.46574     -8.30472
    45.90052     59.31694    -16.49413
    27.69900     39.58950     -6.07220
    53.74940     45.74492    -13.46386
    36.85830     28.50460    -18.88580
    34.05280     30.90560     -8.18960
    28.71976     37.84346    -15.30115
    40.92780     36.06200     -8.53970
    33.56534     38.16782    -17.86439
    37.70234     49.42211    -13.25660
    36.14400     37.72220     -9.44070
    16.01460     27.88150    -21.06910
    30.77680     27.94290    -10.40010
    40.81083     34.23215    -10.28680
    39.91969     28.23221     -6.73795
    17.97602     26.02246     -6.01147
    50.39170     58.06940    -21.00940
    42.24633     39.77689     -9.87714
    41.02310     53.09650    -10.14700
    36.02303     21.09624    -15.55005
    25.52350     14.22830    -15.46170
    23.25280     28.10120     -9.25690
    31.08012     42.57845    -13.56718
    48.55670     34.15770    -11.53860
    32.99440     14.82930    -12.25890
    40.43020     35.66650    -12.96410
    50.45554     43.70759    -10.86562
    41.44500     25.02200     -7.22820
    36.04355     21.14277    -15.37478
    41.89600     44.71240    -16.53980
    40.42723     32.87750    -11.11168
    34.90683     46.92603    -12.23695
    47.47770     44.19900    -13.70570
    46.66422     39.58376    -14.27113
    25.50444     38.24595     -6.58784
    35.56154     37.09544    -14.61178
    30.05950     34.30720    -13.66450
    49.86885     43.60457    -10.36543
    47.67210     43.73911     -8.22165
    37.73580     28.16890    -15.18040
    37.53750     35.57940    -10.89980
    34.92646     36.01077    -17.25992
    42.69588     34.78995    -11.87932
    37.84423     31.36653    -11.03262
    43.83606     34.24488    -11.72820
    39.67990     45.18180    -19.60970
    25.58180     33.56560    -13.92480
    26.16933     38.52846    -12.76217
    53.06665     51.52750     -7.41760
    22.64780     24.30780     -8.40420
    43.63063     33.69428     -8.23560
    52.72790     53.25290     -7.06790
    49.06770     42.24122    -10.24831
    33.96409     44.16161    -10.00324
    55.63670     51.39410    -13.11830
    39.33725     32.37434     -8.75256
    20.84940     19.39410    -12.48970
    37.12710     19.25490    -13.25670
    38.39933     31.46052     -7.61092
    21.58511     22.68842    -11.47718
    39.41130     29.35850    -24.47000
    29.23350     19.06460    -10.50650
    43.63195     33.69449     -8.23717
    51.12380     41.97430    -14.62060
    43.79336     35.22211    -13.95382
    40.22437     55.19988    -10.32227
    30.85250     26.72530     -8.67040
    39.91215     28.21236     -6.76114
    39.12410     54.15180    -12.24050
    40.36550     34.36050    -14.79840
    20.01444     24.73976    -10.81905
    41.87136     29.42474     -7.52332
    36.04021     21.13534    -15.46647
    36.03825     21.13170    -15.44455
    49.13010     49.32940    -10.31950
    43.94640     28.53020    -14.08800
    28.86590     39.52677    -11.33415
    53.81820     51.38760     -9.57130
    23.59366     24.41600    -13.95459
    44.78650     33.24100    -14.99930
    53.29760     56.71430    -24.11930
    48.07274     39.97997    -14.69549
    41.77567     28.86559    -14.30041
    42.24438     39.74707     -9.85836
    53.06382     51.52445     -7.42266
    49.85750     46.81460    -14.13820
    26.73680     20.86374    -11.68829
    35.57884     29.23304    -10.18564
    52.17710     64.52120    -13.20430
    63.63890     59.54110    -21.47440
    43.87240     46.62340    -23.87660
    28.69250     38.77950    -13.45680
    41.91460     29.79770    -13.38820
    33.34449     47.42671    -11.88852
    51.89860     46.58388    -11.28005
    35.80220     28.99540    -18.40000
    50.21050     49.60490    -15.33280
    37.90693     41.27066    -18.40093
    37.36690     29.74263    -10.96147
    35.32009     30.60985    -12.90383
    49.22880     39.52600    -14.66970
    36.28138     25.58567     -8.47552
    35.32199     30.60695    -12.91015
    41.07930     38.99670    -13.70690
    18.08720     28.36950    -18.64750
    52.99038     48.05762    -12.48177
    48.79479     35.54522    -11.75806
    40.36930     28.90750    -11.08900
    48.10634     50.29261    -12.33210
    27.17484     38.85764    -12.39726
    57.84320     56.62030     -7.86500
    26.80375     38.68480    -12.57871
    59.59970     51.27030    -15.21760
    36.63240     51.07660     -5.95940
    42.16901     28.69283     -7.83484
    17.05600     27.41202     -5.47140
    32.89507     22.17847    -10.47906
    35.58510     32.54980     -7.27980
    38.44290     46.34840    -21.20660
    39.34200     34.16610    -12.78820
    23.14327     37.09149     -9.30841
    39.81800     33.21350    -19.45400
    35.21890     16.95400    -12.52680
    38.42350     27.61940    -15.55980
    48.80137     35.55023    -11.76035
    38.27440     28.36460    -17.94510
    33.90460     29.79770    -20.04260
    22.59080     34.26580    -11.52790
    35.24930     30.84581    -13.00483
    58.10880     48.58530     -9.03170
    51.87844     46.44335    -11.14119
    43.22478     31.79371     -8.32619
    22.37170     22.43420    -14.22210
    32.37460     46.64870    -12.03440
    42.40797     26.54464     -9.23490
    37.84187     31.36203    -11.02955
    40.71851     31.38722     -7.66612
    42.91500     31.80250    -17.05960
    41.93684     54.28115    -10.56664
    40.60200     44.28370    -25.14600
    43.63472     33.69313     -8.23134
    32.83460     26.90890     -6.82700
    42.32370     32.06870    -11.35800
    43.41330     36.47810    -13.21160
    24.95080     36.45080    -12.90720
    42.40619     26.54112     -9.22852
    33.37306     26.41872    -11.25363
    29.32374     20.43380    -13.18874
    33.55232     38.16525    -17.83826
    28.89630     24.24160    -22.32350
    49.30182     34.96249     -9.37474
    43.04548     32.84424    -13.68095
    26.51019     20.70442    -12.37997
    29.78762     36.31697    -13.50043
    55.73682     56.28855    -14.59986
    23.14977     37.08462     -9.32576
    32.49553     24.76706    -10.91674
    47.11350     57.17400    -19.60400
    36.69760     48.02609     -9.75920
    16.29530     25.38540    -13.04020
    52.06020     59.89710    -22.93630
    14.74470     26.86100    -13.31690
    41.28810     33.63060    -11.38810
    51.92619     52.42806     -7.37730
    54.22000     47.13320    -12.60330
    34.09500     14.30000     -5.67740
    37.33940     29.20870    -21.84140
    35.31170     42.41710    -24.22580
    40.42048     32.85204    -11.13563
    30.12750     13.82510    -22.58130
    49.41710     57.60880    -20.40500
    60.87567     54.62195    -24.10758
    52.17110     48.81070     -7.24050
    22.40970     21.39250    -11.10800
    45.75160     37.36447     -9.68623
    51.80766     41.86584    -12.68443
    40.91060     34.23550    -16.75230
    21.87920     21.46820    -19.03910
    45.26396     46.33376    -26.61755
    50.96330     47.55530     -7.77730
    25.71450     39.31980     -9.21900
    44.92470     31.47050    -10.29290
    35.52525     18.40284    -14.43970
    50.59694     64.48002    -23.91887
    46.61508     46.32468     -6.55417
    43.92690     43.35860    -25.81570
    43.22692     31.79419     -8.32871
    58.74370     56.50450    -10.61200
    48.29369     42.64760     -9.19491
    28.94562     39.60498    -11.26837
    50.68494     59.11908    -23.83185
    30.25543     19.45547    -12.67547
    45.71375     39.84582     -6.73434
    50.82451     40.76833    -12.12791
    48.96503     42.36097    -10.15832
    48.97993     42.30416    -10.18171
    36.27484     25.57213     -8.46470
    41.36578     29.40097    -16.77166
    25.08210     22.76080    -15.26680
    28.78740     41.21090     -5.31540
    42.48660     28.43249    -12.44098
    42.68966     37.85867     -7.52104
    49.74318     36.87519    -12.32497
    39.87120     35.15080    -13.55630
    55.58560     48.26350    -15.06370
    33.59444     25.95924    -10.91848
    38.23963     31.40841    -19.53021
    24.88740     35.81880    -12.08690
    36.51050     41.11700    -17.67680
    27.37580     19.40650    -13.56040
    43.61260     47.63450    -22.50900
    51.45109     45.09511    -11.18106
    57.58050     64.72880    -20.73380
    20.01329     24.73916    -10.82838
    37.94342     29.57675     -8.72902
    20.01057     24.73618    -10.81997
    30.22946     36.29658    -13.23561
    27.60050     32.67590    -17.18070
    48.46792     42.55408     -9.75858
    35.80304     27.92225    -12.78846
    47.62420     47.50910    -26.54980
    40.44520     32.57379    -11.19398
    32.49140     46.06630    -14.73250
    17.48326     26.19783     -8.60764
    44.50266     40.32546    -13.21446
    36.28260     48.65140    -11.37600
    38.92830     32.46170    -20.73760
    32.75480     44.79920     -8.86670
    41.09240     40.21000    -10.34990
    25.31023     21.19204    -12.82363
    31.65530     31.13650    -12.12480
    36.69930     22.92220     -7.11420
    55.24880     46.48730    -15.04450
    32.62938     45.13386    -13.61785
    35.74844     28.31977    -13.08116
    48.01820     39.04500    -10.59740
    48.31825     40.05012    -10.69598
    35.91500     29.45310    -13.74450
    45.81940     50.76700     -8.41320
    42.67873     28.75244    -10.79094
    39.94450     33.59470    -15.11710
    21.61077     24.14737    -11.36005
    40.86838     27.33448     -8.05066
    44.50154     40.32574    -13.22224
    37.47980     32.64463    -12.22735
    36.66890     25.06560    -12.30700
    49.71470     61.23100    -21.37650
    25.45570     37.62070    -12.37960
    33.55428     38.16405    -17.84226
    27.65367     38.85614    -11.72407
    28.60700     35.49150    -11.00160
    39.62240     33.09510    -16.80600
    35.74300     31.87480     -8.37430
    35.20723     20.27203    -13.86431
    30.12240     27.94340     -5.97000
    31.22390     22.78460     -7.89610
    29.63310     27.52730    -12.52930
    35.81325     20.04294    -17.50303
    34.06720     18.10510    -11.82880
    52.66121     43.12405    -13.25618
    15.16219     27.79241    -12.49186
    29.28736     33.59722    -11.58085
    31.75200     20.96740    -12.66180
    28.34960     22.73430    -11.34640
    36.71259     34.25421    -12.09386
    51.69320     45.30726    -11.31343
    34.71971     45.18465    -13.17445
    38.94700     35.32140     -8.27030
    29.71260     36.31920    -13.55493
    31.66530     21.75388    -11.39040
    31.67716     35.87642    -15.43836
    24.65100     21.18370    -14.69410
    29.28826     33.63114    -11.61643
    28.01250     36.51400    -17.31020
    25.43800     39.56780    -13.07590
    53.30030     40.94150    -15.02380
    46.68746     32.79955     -6.87103
    46.68527     32.79803     -6.87251
    46.68837     32.79842     -6.87246
    25.84970     37.40030     -8.33290
    46.00440     61.43460    -21.12490
    53.60960     52.49116     -8.41375
    29.25159     42.74872    -15.50914
    36.17300     48.72740     -8.15300
    46.99550     34.16610     -9.91470
    50.37998     43.48999    -10.86075
    18.17360     26.44880    -13.23670
    35.48920     49.55510     -6.83640
    53.08205     44.10827    -12.03507
    53.89323     55.83924     -8.67563
    54.29500     49.71630    -11.49200
    36.11270     45.26220    -17.48320
    44.42800     43.26040    -10.56210
    18.22420     26.13560    -10.30060
    45.27520     43.31500    -11.30130
    29.78190     36.31270    -13.51091
    37.56393     32.68311    -12.69547
    35.51003     27.89654    -11.37306
    43.42094     28.18418     -9.87110
    27.78770     28.79800    -19.31580
    54.20603     53.16814    -11.73064
    33.41670     41.00530    -19.54690
    47.67550     35.34070    -11.09520
    35.40960     36.15610     -7.26410
    52.58010     41.20678    -13.91786
    26.67522     38.53923    -12.41282
    23.59759     24.41837    -13.95036
    35.15930     33.41870    -13.77510
    29.79265     36.31203    -13.49724
    39.22560     43.62550    -27.10760
    45.74710     37.36263     -9.68147
    42.64220     57.91170    -11.87480
    58.27590     48.50580    -21.62960
    15.16351     27.79519    -12.49934
    46.22104     43.33402     -7.41862
    31.45614     34.22687    -16.15583
    50.13032     44.19771    -10.59721
    41.31240     33.17750     -8.21680
    34.83855     45.78039     -9.19194
    41.91139     29.18696     -7.68348
    31.13968     42.59027    -13.53402
    42.35373     33.66045    -12.23149
    36.03866     21.13046    -15.44473
    35.73876     28.07365    -12.72319
    35.07361     36.81603    -14.24365
    45.42410     53.69910    -18.28400
    33.57340     31.86200    -10.78330
    36.47630     26.76740    -12.25440
    34.90317     46.92517    -12.24175
    51.90795     46.63627    -11.32111
    35.54890     23.84040    -10.64570
    23.16380     34.64120    -10.43160
    22.02988     25.95685    -11.71639
    43.80180     33.95610    -13.87500
    25.37660     34.78060     -9.73300
    33.47690     25.76140     -8.52640
    59.74423     54.17500    -21.67279
    59.74777     54.17710    -21.68191
    42.63929     28.77596    -10.86110
    42.67898     28.80034    -10.70750
    42.35724     33.67477    -12.21343
    18.13660     24.28790    -14.47240
    20.10430     22.30070    -18.06400
    31.65200     37.81280    -17.97280
    41.96370     34.84260    -13.72640
    37.71304     21.22744    -17.10021
    23.89830     23.17180    -12.25690
    51.68849     45.32359    -11.27893
    29.10422     39.77023    -11.15905
    32.62922     45.13269    -13.61039
    32.62998     45.13460    -13.61034
    33.51098     38.16021    -17.73849
    33.98590     27.81760    -10.62090
    35.86320     46.70202     -9.37807
    23.98760     27.03520    -18.04650
    22.81752     35.75133    -11.43249
    50.32542     43.56502    -10.78846
    37.84171     31.36474    -11.02683
    42.87685     34.81903     -7.71837
    42.64813     28.77975    -10.83991
    51.26496     51.00420     -7.37740
    43.55830     40.48090     -4.81850
    16.72220     26.36500     -9.86960
    43.80244     35.23135    -13.94434
    33.94190     48.43720     -9.26220
    25.31147     21.19126    -12.81747
    23.14809     37.08725     -9.32573
    29.99220     36.15260    -15.69850
    36.78370     30.24430     -7.26690
    27.46950     21.05010    -13.79130
    22.11080     35.81240    -10.03390
    34.34260     25.38720     -8.32890
    47.86332     35.18100     -7.49253
    34.60750     38.02690    -21.63930
    18.95090     30.93157     -9.68748
    43.83464     34.24502    -11.72960
    63.63940     57.09060    -22.95500
    37.89942     44.14381    -23.53755
    28.79540     42.26900     -5.23270
    54.95650     45.64500     -8.92050
    40.02920     31.29820     -9.37230
    47.58811     37.77171     -9.63968
    33.24113     32.65560     -7.69872
    29.70877     36.32073    -13.56907
    35.09180     33.91190    -18.83450
    27.48814     38.86847    -11.96665
    47.53320     33.91417     -7.81169
    38.81100     22.74720    -10.33140
    37.37325     32.58853    -11.63586
    41.17830     32.06140    -12.24380
    48.03750     49.49930    -22.54640
    39.49315     27.73299    -14.63032
    40.27598     33.55312    -11.25877
    37.04210     27.16502    -22.03012
    19.53190     29.85280     -9.96690
    34.69810     33.59550    -16.31990
    35.81193     20.14051    -17.27602
    50.90513     44.55965    -11.05674
    42.63878     34.48772    -11.69006
    31.15769     42.59228    -13.52658
    35.16239     31.20379    -13.19478
    49.81376     44.30658    -10.50884
    34.34070     45.23720    -10.94800
    32.04260     44.71850     -5.76230
    32.26410     14.60940     -8.98340
    49.02440     44.18587    -12.72316
    46.91000     34.96830    -10.59250
    56.11370     65.20130    -24.32300
    54.04540     50.53200     -8.91750
    36.69557     48.03156     -9.75478
    25.23250     22.06810    -12.32240
    34.70796     45.18189    -13.17283
    48.69890     45.74370    -18.25660
    27.16220     41.81880     -6.56650
    39.99460     35.01500    -10.09830
    44.94136     42.77855     -7.68501
    18.70050     31.93540     -7.73090
    22.41080     34.20410    -13.61540
    36.68480     29.53363     -9.30069
    18.52950     28.89560     -9.05130
    24.61980     38.97760    -13.19020
    26.43049     20.65582    -12.59402
    35.86280     46.72489     -9.38283
    48.78834     35.53448    -11.75521
    40.91082     38.51324     -9.40602
    22.81998     35.75287    -11.43761
    35.60650     34.44040     -8.91420
    28.71494     37.84434    -15.29815
    34.95460     29.07880    -16.89440
    38.19730     27.22970    -12.56530
    18.82420     23.49530    -13.60770
    22.09320     20.36050    -13.91980
    50.86240     63.58390    -10.17290
    43.41295     28.17777     -9.83994
    28.47760     34.78550    -12.31300
    36.58390     24.37100     -8.96391
    26.82608     20.87336    -11.70881
    58.57948     48.98185    -10.47449
    45.71265     39.84988     -6.73286
    39.32370     35.12960    -22.01330
    25.71730     24.01840    -14.62910
    47.03849     45.06766     -9.21361
    34.02719     43.03461    -17.38333
    23.89290     30.19230    -17.38090
    31.20756     43.82637     -9.69195
    46.66253     39.58230    -14.27193
    55.73555     56.28443    -14.58826
    59.65050     54.93570    -20.09180
    58.58002     48.98145    -10.46901
    56.12880     66.11570    -20.89740
    51.22560     38.93414    -13.14491
    43.68837     36.36585     -8.30977
    41.24120     51.32250    -16.82890
    40.14180     50.56540    -15.18710
    46.31780     59.10500    -13.12020
    19.93147     23.62529     -9.35689
    19.93170     23.62485     -9.34754
    37.70232     49.40929    -13.15471
    49.62000     41.68430    -14.51880
    26.83195     38.44135    -10.48442
    29.11120     15.29010    -10.75820
    51.22591     38.93567    -13.14267
    31.46885     34.22793    -16.10916
    46.04730     45.19440     -7.92790
    48.74523     48.21663    -15.22022
    50.08300     56.19730     -9.08960
    34.02761     43.03349    -17.38737
    42.69296     37.84682     -7.50830
    48.49320     49.56617    -11.51438
    19.44520     22.35050     -8.15680
    31.65622     26.52467    -10.96884
    24.11910     31.65590    -14.19770
    48.26781     42.62115     -9.59809
    51.58345     58.18904    -18.99774
    29.89900     39.27480    -15.11640
    34.53300     31.05523    -10.45339
    34.72038     45.18791    -13.18370
    38.65150     30.00710    -10.12700
    34.26264     48.33297    -11.42249
    21.13075     23.47843    -10.65952
    51.01439     40.88618    -12.21518
    40.98180     37.92530    -10.96230
    18.66220     28.18290    -10.38880
    41.27040     35.33086    -11.76826
    25.60976     22.64199    -13.36504
    54.00120     64.80940    -19.34930
    50.52321     45.71751    -11.11863
    38.24207     31.40449    -19.52429
    30.50810     19.00410     -7.59800
    40.93557     38.55418     -9.43815
    42.28197     33.59733    -12.38048
    50.68286     59.12082    -23.82365
    26.69020     38.58888    -12.55721
    32.45236     24.86173    -10.78394
    19.91350     26.11470     -7.88740
    50.25880     43.68169    -10.70044
    25.50396     38.24195     -6.58656
    51.07740     53.31000    -15.06350
    41.27010     35.32744    -11.76544
    56.56050     60.99320    -19.21710
    37.85840     28.20460    -11.24300
    41.92729     54.27935    -10.53256
    45.03290     31.48270    -15.08140
    52.15470     38.42500    -10.76880
    33.34901     47.42529    -11.88978
    58.97410     64.07940    -21.15830
    37.90018     44.14609    -23.53875
    37.59620     40.27070    -19.39160
    50.60925     56.88071    -25.28142
    45.19574     37.90484    -13.16206
    27.23190     17.19050    -14.70600
    53.36601     43.90511    -13.94459
    45.85810     52.15090    -21.02200
    37.25960     27.95640    -22.01910
    19.13163     31.02571     -7.02241
    32.05500     23.83890    -10.58500
    42.87295     34.82197     -7.71193
    17.98487     26.06949     -6.15805
    54.65745     49.97702    -13.53424
    43.14430     38.52590    -12.33230
    16.96380     23.96540    -10.14870
    42.25262     42.05051     -9.22024
    26.80230     12.92620     -8.95300
    49.74724     36.85825    -12.31761
    34.81330     49.53270     -5.64460
    40.85552     27.36792     -8.03542
    32.99360     28.94420    -10.75110
    50.20198     43.81422    -10.67540
    32.39517     24.98627    -10.61115
    43.40540     28.18609     -9.83837
    41.77809     28.86740    -14.28909
    15.83380     25.39500     -6.60680
    51.33430     57.48930    -23.73610
    37.56535     32.68102    -12.69158
    33.66350     44.65622    -12.57498
    31.48590     43.59998     -9.48709
    46.83490     37.87160    -15.19710
    35.18140     31.07422    -13.10469
    44.92034     42.77043     -7.65790
    42.78005     37.55741     -7.82486
    38.78060     41.50510    -18.19780
    36.03776     21.13143    -15.46469
    51.97623     52.41038     -7.12154
    20.62090     25.06050    -19.23630
    33.77299     44.71058    -12.69270
    53.48750     42.70070    -14.91330
    33.55603     38.16660    -17.84901
    64.60260     55.96750    -25.49600
    57.67510     47.79065    -16.97754
    26.72847     38.50473    -12.32274
    55.10430     56.03850     -8.77580
    33.95957     26.32905    -20.44314
    21.58133     22.70189    -11.52189
    22.82200     26.60730    -12.68810
    19.21470     27.23210     -6.58750
    19.58485     27.42027    -14.38973
    28.08980     24.34570    -15.65960
    34.87390     32.59390     -6.96700
    25.12850     32.76800    -17.31850
    21.58211     22.69555    -11.49881
    54.86912     47.02030    -13.75489
    48.74850     56.08120    -23.80340
    34.86110     25.91790    -13.95890
    49.30620     64.84760    -26.27330
    31.26960     42.03460    -10.31950
    23.59705     24.41913    -13.95145
    60.42100     50.59010    -20.36510
    51.77141     52.48198     -8.40208
    35.57413     29.23243    -10.18650
    19.07150     25.24200     -9.09370
    52.86470     46.89590    -11.89150
    40.02470     24.98110    -13.12710
    21.61097     24.14974    -11.36129
    49.88865     57.91986    -23.94694
    58.90550     50.36640    -17.29480
    43.05960     37.79990    -12.10010
    24.61480     34.10060    -14.12640
    25.89790     32.00640    -13.19250
    31.33950     24.58480     -7.06100
    59.48819     50.90943    -10.47429
    52.60027     41.26118    -13.96074
    41.99895     36.94438    -11.63095
    42.40290     27.14730    -11.33240
    31.37160     34.32400     -9.00520
    50.19370     62.41980    -26.10540
    40.54080     41.92350    -11.80240
    47.95640     38.70150    -15.20240
    18.09360     27.16690     -5.57140
    30.33060     32.13319    -16.12998
    52.98812     48.06078    -12.47423
    19.13157     31.02409     -7.01079
    51.04667     40.95639    -12.19179
    34.53077     31.05903    -10.44385
    35.86019     46.70641     -9.35351
    33.96751     44.16309    -10.00086
    44.37590     30.46530    -13.50520
    29.32187     20.42629    -13.19732
    43.80286     35.23375    -13.94237
    28.35160     25.00293    -14.08616
    49.83630     62.97820    -21.28470
    59.48731     50.90617    -10.47541
    38.40650     49.43370    -10.64190
    49.02780     44.18163    -12.72824
    41.00810     31.56480    -19.21380
    30.25726     19.45423    -12.68475
    53.74196     45.72553    -13.46361
    17.96432     27.93099     -7.57660
    39.77640     26.12720    -22.34250
    37.56120     24.48320     -6.56660
    40.80808     34.23243    -10.28613
    51.53450     42.60210    -12.15950
    30.33165     32.13322    -16.12993
    45.73838     42.08858     -7.67202
    42.79828     39.66112     -6.47495
    49.14177     42.37416    -10.11810
    39.82010     45.91080    -17.82930
