    43.28014     40.92702     -9.20771
    28.78920     42.20030     -7.79720
    39.09470     36.69140     -8.59910
    39.21393     32.35751     -9.40438
    40.06316     32.19214    -14.05742
    43.78139     41.27411    -10.36392
    55.80061     57.27074    -10.09077
    33.30580     17.84170    -15.31120
    52.62422     41.39629    -14.07627
    40.72584     33.02955    -14.79593
    37.71450     27.26970     -8.92110
    43.90656     36.25235     -8.00915
    41.86601     29.58294     -7.39072
    41.49530     50.84940    -19.94120
    42.51180     40.97500    -13.80150
    51.78603     40.25533    -12.58890
    35.83890     21.28830    -22.06900
    53.32963     43.82079    -13.88009
    31.42610     37.57310    -15.99920
    50.62280     64.47660    -16.25290
    19.56371     28.14508     -8.09043
    46.55177     39.50409    -14.11046
    41.94834     36.87300    -11.62579
    49.00420     42.72730    -15.12510
    40.63595     55.08872     -9.72585
    33.85020     20.85440    -17.85220
    40.22337     55.10297    -10.32795
    19.51489     28.14072     -8.15437
    42.35281     28.82635    -11.24801
    22.41520     22.65730     -9.38360
    39.48841     27.73117    -14.31022
    26.48904     20.74840    -12.42831
    35.49074     37.00186    -14.60070
    35.60197     36.93215    -14.61986
    38.07680     31.82080    -14.85930
    33.48020     46.26949     -9.13837
    42.61540     39.20370    -12.64280
    49.01752     41.42160    -10.61297
    25.46503     20.78381    -10.21600
    53.13649     49.80457    -11.76994
    39.64951     39.18052     -8.60461
    32.26050     23.49600     -7.53170
    33.03065     46.03531    -10.36999
    41.82890     27.51893     -8.36864
    40.65809     27.49538     -8.75817
    47.52370     36.89560    -10.84190
    56.20380     62.35240    -17.98270
    42.28606     39.81508     -9.85787
    28.37070     40.67040    -13.65690
    48.39008     40.12761    -10.63185
    26.07829     38.57776    -12.88226
    34.88110     31.81330    -15.48400
    29.73340     19.42490    -13.11390
    31.45458     43.35602     -9.03575
    49.61920     48.86400     -8.04130
    39.16824     31.43312    -14.53720
    34.04746     20.87335    -11.62196
    34.93250     18.55510     -9.84340
    46.50560     40.92520    -10.37440
    25.43317     21.00989    -10.43020
    40.11364     28.69591     -8.29772
    40.18266     28.62139     -8.31318
    28.55040     22.23620    -13.10380
    43.92220     52.07090    -24.33980
    32.46250     22.66190    -12.75660
    20.02297     22.50455     -9.67765
    49.59680     37.17130     -8.03180
    48.32255     40.08774    -10.68105
    30.44380     29.95390     -7.83580
    43.65839     41.27376     -9.98378
    44.85030     47.70500     -5.77110
    57.32106     65.60562    -23.76116
    42.91414     35.07721    -13.14399
    34.88623     36.08292    -17.45844
    42.65972     30.53722     -7.64748
    42.66226     30.15877     -7.92169
    37.74590     26.71980    -18.65540
    40.37840     31.45620    -12.25050
    51.90801     48.01957    -10.40680
    63.40510     57.52930    -24.39110
    52.25920     46.10750     -8.11370
    41.30010     36.23470    -22.85650
    50.37859     37.64861    -12.64265
    36.53786     24.44250     -9.26398
    42.17310     33.43980    -12.65818
    42.22684     33.57861    -12.65761
    46.19150     43.49575     -7.34101
    35.39505     27.96715    -10.86031
    51.74259     41.91667    -12.84114
    55.32970     50.29490    -13.58700
    32.36700     22.73850     -9.41360
    41.91020     56.49160    -10.16880
    55.65395     64.37228    -22.64849
    55.62840     64.54825    -22.35018
    55.64219     64.55994    -22.35560
    21.23814     23.43139    -10.42643
    36.53060     30.71140    -12.32960
    55.61102     64.38656    -22.28241
    33.36174     20.11626    -12.79614
    33.23134     20.22424    -12.80382
    33.32072     20.20380    -12.79484
    53.74620     49.22670    -11.74510
    50.64320     64.37588    -23.92530
    38.46590     36.20860     -7.86160
    30.65410     37.20860    -13.55440
    45.45240     34.36470     -9.65390
    42.53302     37.91025     -6.12363
    42.23638     28.71647    -11.61269
    37.76880     28.98520    -14.37940
    25.26470     35.40590     -8.72060
    57.14446     65.65431    -23.09402
    18.84880     25.10670     -7.24980
    24.11690     33.29842    -13.79189
    39.18560     26.66160    -12.13460
    55.81684     57.26581     -9.76098
    18.74560     28.38570     -6.94130
    55.82478     57.28758     -9.71171
    55.84377     57.32616     -9.75284
    52.57258     51.32520    -10.11934
    47.70320     45.95270    -14.10210
    40.09472     33.78030    -11.80940
    32.73970     25.93380    -17.92810
    36.72810     47.79033    -10.06375
    33.62765     38.20163    -18.26915
    21.44323     23.59751    -10.42174
    51.22620     44.71578    -11.24182
    20.06460     22.85260     -7.47730
    45.73306     43.35348     -7.34762
    29.03240     25.43170    -13.00510
    32.90660     31.78430     -6.87190
    26.82459     20.86683    -11.87744
    29.45460     41.52220    -10.40850
    50.24429     40.31441    -11.90757
    30.26400     41.81480     -9.64650
    48.98277     35.86009    -11.80496
    32.74983     45.07110    -13.60451
    59.68804     52.28484     -9.83072
    33.99364     20.82695    -12.03364
    30.96799     43.79505     -9.55819
    46.20570     32.72890    -11.25580
    50.56608     45.75771    -11.37858
    52.56108     41.06894    -13.95967
    33.90420     26.27247    -20.27857
    57.78140     45.95380    -19.94950
    58.43596     47.62433    -11.23034
    52.73999     51.56281     -7.32948
    18.67370     24.49300    -17.50850
    42.75327     38.02457     -7.13288
    32.58410     28.10750    -21.45320
    37.21316     32.54329    -10.97123
    34.17950     22.68200    -16.91630
    43.25650     34.51280     -9.97920
    53.39492     51.85649     -7.17887
    31.77996     43.38757     -9.26976
    42.29349     28.45763     -7.82555
    48.21850     44.87510    -16.80700
    33.18354     44.43560    -11.80078
    17.97793     27.90259     -7.28383
    36.89860     25.25720     -9.77340
    36.09120     31.10600    -21.94950
    42.12889     42.32292     -8.93595
    45.32052     43.26650     -7.46161
    51.49339     49.69741    -10.13283
    34.65515     45.68050     -9.08849
    53.18245     54.59941     -8.28004
    42.34911     26.60486     -9.26246
    50.35991     37.65259    -12.57385
    30.99485     43.88374    -10.08148
    33.31830     15.36970    -29.73350
    35.00289     45.90399     -9.43928
    39.27300     33.66610    -10.49120
    49.31240     57.36660    -24.91240
    35.30109     20.39432    -13.30388
    35.35343     20.26586    -13.78114
    39.31369     29.28932     -9.75644
    43.71230     42.22020    -10.05090
    39.87973     28.25250     -6.78125
    38.50660     34.28780    -14.59280
    48.13980     62.62900    -16.83150
    29.84193     43.34627    -12.79618
    43.42176     28.19317     -9.75473
    43.77607     35.23912    -14.00998
    25.54469     22.68797    -13.48049
    58.02680     56.46750    -10.19170
    41.92380     46.97900    -10.85520
    56.69980     52.80560     -9.72560
    42.82564     30.82340     -7.90577
    50.67385     56.94281    -25.31384
    45.76582     42.10159     -7.56541
    21.10724     23.45396    -10.28216
    33.59720     24.69260     -9.42220
    31.45530     35.89290    -12.17470
    42.15349     28.87853     -7.85355
    52.42922     51.66290     -9.51897
    36.73473     34.33272    -12.08122
    40.67282     54.33508     -8.47129
    23.36830     32.83080    -13.76790
    33.77210     36.87920    -15.91220
    20.96570     25.33730    -10.77470
    39.72028     54.16583    -10.36898
    37.82384     49.26974    -12.27657
    35.66484     28.56055    -13.19779
    48.89590     49.17800     -6.85120
    35.74378     37.18977    -14.63843
    25.56560     24.15150    -16.35860
    45.18402     42.79059     -8.04462
    31.18540     46.23060    -15.59000
    19.53708     27.47941    -14.46254
    46.46720     44.59930    -16.69510
    38.66770     30.50110    -14.48330
    23.59260     34.84070    -14.41390
    30.94220     23.06340    -14.43650
    35.86460     50.13430     -8.09360
    46.76820     37.76060    -12.27300
    51.81033     45.39383    -11.55940
    55.99561     65.68942    -22.65781
    33.16640     41.19940     -6.84530
    31.68130     13.26550    -28.55530
    42.43180     32.52240     -7.41580
    36.90690     24.60850    -16.54050
    31.69656     21.70683    -11.36382
    23.07790     37.11829     -8.98417
    47.63055     37.77710     -9.52271
    34.62124     31.03611    -10.81602
    55.90230     62.32160    -24.12560
    26.39001     20.62197    -12.68201
    26.50108     21.06480    -10.62181
    42.74454     28.88518    -10.47336
    40.88818     54.33692     -8.69811
    34.77594     45.88224     -9.20406
    44.75430     36.00940    -12.21760
    26.67570     23.94420    -17.96450
    33.71776     38.10786    -17.94940
    37.95707     29.60057     -8.54114
    30.77474     42.61186     -9.71384
    46.23380     38.35080    -14.62660
    24.36350     33.19918    -13.93971
    42.41737     28.55443    -11.82391
    37.97049     41.22722    -18.28696
    52.05289     47.99471    -10.55829
    34.36978     48.29233    -11.48438
    31.39691     42.71419    -13.45092
    41.41930     36.94940     -7.92720
    17.18194     27.45893     -5.19000
    43.44571     35.17656    -13.89445
    49.79846     36.66474    -12.32607
    49.76427     36.65675    -12.30411
    34.72500     36.61666    -13.76155
    31.45920     45.83530    -14.20260
    36.05690     31.93960    -12.23170
    35.45322     20.11761    -13.57308
    41.73940     31.51360    -13.10320
    46.33920     54.49780     -6.72030
    49.40794     45.48216    -10.03675
    45.07280     38.72260     -7.24850
    40.71210     29.26760    -14.61570
    35.43323     20.24707    -13.02496
    17.84262     26.44705     -6.46230
    60.81976     54.59307    -23.95025
    35.43789     19.91143    -13.83515
    33.05371     46.19677     -9.36111
    27.21540     11.38560     -5.57460
    21.59094     22.61857    -11.53930
    21.63567     22.49564    -10.84441
    45.38513     43.11315     -7.63621
    42.21663     42.00037     -9.27423
    35.55209     19.85157    -13.73078
    31.12296     43.69925     -9.69168
    17.86890     33.31230     -3.54400
    29.34078     33.65571    -11.60239
    34.27820     23.30980    -10.11930
    46.91680     37.05580     -7.52600
    39.37855     53.41961    -11.73607
    50.99466     44.87100    -11.17035
    53.45257     50.47235    -12.21116
    34.43110     43.09450    -20.58980
    22.10938     26.19193    -11.41047
    27.09323     38.46190    -12.15774
    20.11873     22.59805     -9.87265
    36.45817     25.69575     -8.29820
    27.60013     38.85843    -11.74622
    36.00675     25.28312     -8.64702
    29.59280     44.43680    -13.51140
    41.47632     30.78025    -14.82130
    32.70022     46.37175     -8.75122
    35.12878     20.25411    -13.93054
    42.26691     39.49677    -10.03984
    39.84703     54.17842    -11.14714
    58.38994     47.45787    -11.02286
    20.78460     29.74560     -9.72620
    43.24610     44.68840    -18.05850
    56.67740     60.55160     -9.56270
    43.07536     32.75333    -13.51539
    50.96537     40.44874    -12.36571
    40.71013     34.08788    -10.20056
    23.84950     21.80500    -18.29680
    50.38358     43.65450    -10.51942
    33.33584     32.61501     -7.53693
    35.72669     19.90551    -13.58680
    37.12854     27.11865    -21.94506
    35.66624     46.74273     -8.67729
    37.25860     26.01720     -9.38420
    41.07063     26.99561     -8.05652
    41.79730     32.87170     -6.98840
    31.07434     34.16231    -16.31362
    42.11614     37.30956    -11.03067
    54.60720     50.08145    -13.44112
    26.88318     20.66233    -11.65521
    49.47780     46.84670     -7.65100
    30.98020     30.79970    -11.61570
    26.37432     20.59375    -12.73729
    53.14323     51.20356     -7.57208
    45.25522     43.08276     -7.79920
    28.38526     25.03005    -14.20087
    37.18103     30.64798    -18.39794
    33.70609     26.62550     -8.71847
    30.84520     37.29310    -22.59600
    18.34936     31.34185     -8.72661
    40.54860     38.45990    -19.46670
    26.44772     38.81596    -13.23841
    36.07480     27.07360    -21.39060
    51.27157     41.38855    -11.95733
    30.13360     42.60420     -4.39510
    49.26380     42.70740    -13.37530
    41.29279     29.39129    -16.93403
    23.70370     37.25600     -7.08850
    45.17653     46.20340    -26.51443
    40.70601     31.39577     -7.63868
    54.97862     47.01809    -13.61846
    42.52147     28.82276    -11.18442
    59.85035     52.40235    -10.41242
    26.33191     20.60893    -12.95176
    36.70097     29.47115     -9.33547
    33.53690     47.00590    -14.03660
    44.06417     36.48189    -12.23354
    49.72271     36.66905    -12.06599
    26.40457     20.55455    -12.79408
    52.05830     52.08280    -12.49850
    46.25010     42.80640     -8.13050
    51.99890     52.11490     -9.14725
    51.85186     52.53862     -7.75486
    42.62920     37.96120     -7.62416
    51.19006     50.92031     -7.45170
    41.37620     26.79190    -13.86710
    51.67861     52.53883     -8.03648
    42.66908     37.98091     -7.68856
    45.47530     58.13070    -13.98000
    51.83947     40.16057    -12.06640
    39.67809     39.16028     -8.56669
    51.07440     64.27430    -26.02480
    45.68870     59.75300     -9.77230
    22.98340     37.07975     -9.00251
    33.62241     26.74650     -8.92423
    43.59060     41.33300    -13.38000
    48.00910     42.82540    -15.32550
    40.94530     27.64962     -7.12584
    50.66983     43.10402    -11.43581
    46.53930     48.89540    -29.01360
    51.19521     38.96259    -13.13176
    42.26369     28.50423     -8.09610
    34.59118     31.01371    -10.38019
    34.39270     46.57750    -10.45350
    41.97130     54.33057    -10.60159
    41.99400     25.30230    -10.42310
    26.76010     18.81160     -7.32450
    35.64427     29.13457    -10.01788
    57.66074     47.79318    -16.94181
    33.87907     26.30479    -20.69247
    39.61860     26.99760     -5.94330
    28.66000     27.01520    -12.69600
    22.84053     22.92527    -12.59632
    17.50688     26.20834     -8.66319
    49.16752     41.49280    -10.73077
    42.20340     37.64505    -10.83328
    51.66160     51.57890     -5.51110
    34.50057     31.02769    -10.53272
    25.31040     35.08090     -6.68600
    27.20161     39.17071    -13.11909
    32.59794     24.62701    -11.06834
    54.86480     59.73460     -8.00220
    29.26463     20.15927    -13.46782
    50.30867     40.50831    -11.88796
    29.78310     42.14760     -6.74570
    59.01260     51.52240     -8.65790
    50.82248     42.61831    -11.55595
    51.88222     52.20421     -8.05836
    51.66001     52.84542     -8.20843
    42.59350     38.13821     -6.86976
    32.68920     27.41650    -10.43760
    41.06950     48.15990    -22.65070
    51.92184     52.37941     -7.26006
    52.03159     52.28768     -6.97753
    26.87676     38.96001    -13.31445
    56.15560     63.33370    -20.96360
    43.79547     35.46216    -13.77596
    32.56520     42.55953    -11.10352
    45.97616     59.43251    -16.49017
    40.73140     30.00080     -6.62840
    28.72240     33.36090    -21.77620
    34.12898     48.30631    -11.60940
    21.16140     23.31138    -10.19992
    26.77680     26.24690     -8.44700
    38.43990     52.98980    -10.40000
    38.33326     31.45482     -7.60263
    37.66885     49.56348    -13.57125
    54.61300     43.71910    -15.58420
    35.97220     35.29770     -7.24670
    48.92921     48.40620    -15.81157
    35.63167     37.18786    -14.62338
    28.94763     39.50598    -11.12200
    36.55730     20.97570    -22.42480
    51.60385     52.47764     -9.50350
    41.84604     29.21829     -7.46758
    51.15357     41.05741    -12.26930
    42.48480     32.09160    -14.74700
    57.49016     65.50036    -23.88334
    29.98150     19.03190    -22.11260
    39.93560     36.78020    -12.50270
    26.79471     38.45791     -9.78831
    42.56000     53.62470    -10.79050
    35.75410     28.29686    -13.37720
    35.46105     20.12896    -13.62621
    29.31304     20.39566    -13.08764
    42.73020     57.07150    -10.18100
    19.43467     23.53709     -9.40932
    35.39125     19.56175    -13.83113
    23.75847     35.64707    -11.86445
    42.56462     28.23075    -12.81912
    59.45470     56.11050    -10.11790
    23.52800     19.46980    -17.71530
    40.70991     38.16983     -9.20987
    52.67990     43.17696    -13.14192
    20.14464     23.74713     -9.51022
    48.59284     48.07197    -14.56468
    36.34840     28.48200     -9.93870
    48.18280     45.75510     -8.67390
    32.96240     26.56410    -20.26920
    49.51456     46.06148    -10.91596
    31.87280     20.59970    -17.55220
    41.84140     25.26080    -20.14920
    44.15820     51.70280    -22.33160
    33.35790     36.18270    -17.70980
    41.47762     28.85486     -8.37544
    18.94370     30.87802     -9.54912
    20.02410     22.10390     -7.02840
    23.85310     18.00990    -15.17350
    42.58960     29.84750     -8.58178
    29.19120     22.91110    -11.09790
    51.46685     44.42017    -11.46393
    29.24494     42.68784    -15.59611
    50.03530     44.92620    -13.30080
    16.24830     26.70990     -7.07820
    53.30927     54.85430     -8.23543
    53.41684     54.67126     -7.94536
    22.21750     20.82420     -9.62620
    37.82130     32.74550    -20.33430
    40.73700     52.99160    -11.98560
    36.59677     29.58001     -9.13394
    38.33250     26.83410     -7.76300
    29.28866     39.81767    -10.95699
    52.78764     41.72355    -14.27234
    26.58369     20.67193    -12.46609
    36.98677     30.78122    -18.66856
    26.42863     20.60994    -12.76784
    32.88900     42.85680    -13.01050
    45.38650     40.61960    -14.06780
    45.31438     46.36631    -26.62020
    43.33410     56.46680    -13.13940
    34.97370     17.34560     -5.57550
    33.51516     44.61516    -12.42762
    24.61870     19.79740    -14.35230
    36.50520     29.28750    -14.72760
    43.62323     36.35308     -8.23855
    20.99769     23.34639    -10.63164
    31.72002     26.60509    -10.83003
    47.54713     43.63605     -7.77441
    36.63098     24.36083     -8.78702
    36.54153     24.37711     -8.88388
    31.29430     30.16740     -7.57300
    20.78430     28.26350     -8.84910
    51.41240     51.50900     -9.36490
    36.05903     21.21328    -15.18464
    31.35924     43.70627     -9.64552
    21.69824     22.53212    -10.85380
    55.68190     55.99506    -14.21539
    55.70623     56.32056    -14.54130
    53.85576     55.93790     -8.67438
    39.14262     32.37056     -8.64154
    35.75477     19.92730    -17.45900
    56.64770     48.03960    -16.63710
    35.45517     27.87630    -11.64580
    28.68840     20.99970    -11.78360
    54.17321     53.28607    -11.65196
    27.46992     26.67823    -23.57084
    39.57405     32.38561     -8.48171
    27.53508     26.75317    -23.62306
    49.11148     41.83006    -10.40906
    39.88480     44.21870    -21.71450
    55.74173     56.53184    -14.66704
    41.99760     36.80042    -12.06863
    25.86819     20.51847    -13.46505
    37.35727     29.80333    -10.87194
    17.47130     26.22080    -16.68800
    42.59236     34.83180    -11.44335
    42.58342     34.85449    -11.47425
    23.40975     37.07573    -10.10541
    53.64787     52.43774     -8.48331
    37.91520     46.93580    -17.84970
    48.37322     50.32957    -11.52090
    50.22238     44.20348    -10.55815
    23.18780     21.37000    -10.45080
    43.41982     41.16268     -9.34134
    53.88004     46.16069    -13.46028
    21.08920     24.26700     -8.87600
    49.26025     35.05393     -9.27679
    21.63531     24.11105    -11.21683
    16.70280     28.13760     -8.25010
    35.50935     19.80984    -13.35688
    23.84173     35.69463    -11.91135
    38.88730     32.82940    -13.76680
    30.22980     15.70690    -15.74770
    43.51259     28.10184     -9.91761
    36.07204     21.15106    -15.59747
    35.16500     31.33740    -20.25100
    21.86010     30.31000    -12.24100
    48.82468     35.50117    -11.72120
    53.56839     50.28517    -11.70910
    45.79350     49.08670    -22.09160
    47.61448     43.76653     -8.21330
    31.51410     44.56074     -9.24794
    34.82790     33.64310     -7.66290
    23.13100     35.61900     -9.25200
    29.70527     43.40223    -13.28762
    43.37440     57.70320     -9.08090
    40.30490     24.11620     -6.60510
    46.73820     44.13290    -14.70880
    60.04190     52.49623    -11.11643
    51.91760     46.53651    -11.19696
    42.18690     38.59910    -13.81000
    49.89749     44.27162    -10.48246
    38.30370     23.94830     -8.91820
    52.33880     49.18170    -12.15110
    36.04557     21.13074    -15.72524
    32.35380     44.35800    -12.54240
    33.65859     25.84439    -10.86397
    31.62260     37.76740    -24.24120
    31.65670     26.49830    -13.11930
    41.31760     52.31690    -14.82860
    39.96140     37.24210     -9.47670
    53.39584     49.95222    -11.72490
    49.97519     57.95068    -24.17542
    18.18583     25.89433     -6.84041
    51.97980     66.01210    -13.33990
    18.46230     24.44990     -8.45210
    31.13352     42.56411    -13.71223
    28.02704     38.72262    -11.52270
    50.97420     64.75490    -13.94920
    52.62240     59.43380    -24.33510
    55.62775     64.41796    -22.14842
    39.75890     31.97410    -11.77980
    45.24185     37.82117    -13.00095
    26.29670     37.49390     -9.91120
    41.41570     53.02850     -7.48610
    45.56780     26.47630    -13.16380
    39.40110     40.90210     -9.53460
    30.33820     37.81790    -19.32930
    32.82340     36.71140     -9.76700
    40.74529     55.21820     -9.12189
    42.67667     30.56506     -7.91796
    39.06571     29.25708     -9.72546
    45.87200     42.71960    -10.18740
    49.13649     42.49813    -10.13488
    47.12072     45.05758     -9.07871
    26.45124     20.61323    -12.89863
    41.30960     24.86390    -11.86560
    29.58929     36.23034    -13.25461
    32.86989     22.16076    -10.27217
    48.22463     42.64075     -9.23533
    22.01361     25.68115    -11.87578
    33.04490     37.15200    -15.08230
    30.66160     41.06190    -14.08760
    37.81780     32.79150     -8.25670
    18.30150     31.46148     -8.94693
    30.75430     38.13270    -23.40750
    40.25120     26.42010     -8.33950
    44.13323     36.66211    -12.60676
    41.82718     29.79673     -7.31911
    41.92946     29.46178     -7.51656
    17.13366     27.58097     -5.64390
    18.40350     23.62630     -6.44820
    26.83949     38.36553    -12.22339
    35.57030     35.98860    -13.81830
    45.19750     36.58100     -8.19230
    47.04650     43.26580     -8.80150
    59.79006     52.13648     -9.99757
    39.40678     32.37053     -8.23468
    31.33896     44.59084     -9.42930
    19.30420     23.76400     -5.94350
    23.15820     21.42410     -5.53430
    30.80026     42.68584     -9.49756
    51.08149     44.43324    -11.41708
    52.00958     45.15948    -11.87225
    23.59760     29.32030    -13.29600
    42.72105     34.66240    -11.62288
    48.01895     42.62381     -9.98181
    34.96190     35.96780    -17.15993
    24.86780     14.60160     -8.73950
    41.64348     30.75905    -14.71770
    51.54992     58.11984    -19.19716
    41.79154     28.79383    -14.12507
    36.06252     21.09945    -15.65144
    23.18240     23.62950    -12.90730
    33.63759     25.86918    -10.85770
    29.57350     28.33810    -19.65320
    48.79140     41.78940    -15.56950
    39.43535     53.41219    -11.43443
    49.79440     54.26780    -26.21010
    51.49228     49.82231     -9.56159
    51.48445     49.74447    -10.02550
    51.48957     49.74351     -9.80208
    43.92220     35.09830     -8.69060
    64.62510     57.33450    -26.74960
    41.46915     29.48705    -16.56230
    40.24621     32.61280    -14.60929
    37.48920     37.95930    -10.00680
    30.24730      9.53290    -16.80930
    41.08148     26.90096     -8.19517
    42.78486     39.77306     -6.59751
    36.04411     21.17333    -15.58769
    43.91020     33.15360    -16.14580
    41.15710     25.76320    -17.02690
    30.90720     34.38270    -13.68510
    30.47556     32.05415    -16.22389
    56.27390     53.54740    -12.86100
    33.58380     46.17160    -13.62680
    16.49600     29.29630    -16.03870
    42.74211     34.17684    -11.34854
    53.68954     45.58345    -13.53223
    48.00834     39.86850    -14.82799
    33.69630     25.94232    -10.82894
    51.87464     52.33043     -6.48060
    40.48930     33.46593    -10.54783
    53.38830     54.95155     -7.64508
    29.65260     35.21490    -15.62790
    33.52754     26.16791    -10.98228
    56.17979     65.53728    -22.66809
    48.52698     49.56065    -11.57781
    47.55734     33.83401     -7.96098
    40.12900     23.35350    -20.44900
    22.92807     22.91213    -12.34518
    25.35550     39.39550    -15.87860
    23.45720     25.47900    -13.28050
    30.19360     15.51390    -22.92640
    28.38260     18.26430    -13.36990
    37.65100     21.28806    -17.08276
    19.88190     23.56210     -9.23312
    47.96810     35.15956     -7.34703
    26.68339     37.93442    -12.48459
    52.43970     64.98020    -23.98260
    32.45060     42.66267    -11.45238
    41.98760     42.60780    -23.76900
    45.41007     40.90814    -12.49482
    26.73986     38.57023     -8.87432
    45.33823     40.97716    -12.60288
    33.00160     37.30590    -17.48690
    45.03790     49.15630    -27.34960
    33.87230     31.44090    -13.88690
    41.92280     30.94300    -16.50350
    26.61162     20.68630    -12.34320
    31.20614     44.10084     -9.69855
    30.26120     32.17348    -16.12420
    40.92580     27.62060    -20.48360
    43.13800     38.74330     -8.40660
    37.77550     45.24520    -21.96600
    37.74650     30.73250    -21.58330
    49.01080     57.13290    -22.80250
    42.88980     26.81090    -14.48280
    52.09670     47.84692    -10.53400
    31.73037     35.90119    -15.37198
    31.93907     35.93657    -15.06311
    36.05150     36.83580    -16.65510
    43.61940     55.57070    -14.36970
    41.73150     38.22390     -6.33720
    45.54160     35.85340    -10.33930
    40.50440     32.90129    -14.84374
    42.29583     37.56878     -5.79974
    42.35470     28.52181    -12.22325
    37.60884     32.85643    -12.83570
    42.78707     33.77580    -11.41609
    46.61343     46.40939     -6.53631
    47.62498     37.78203     -9.49150
    40.54642     32.88162    -14.97969
    40.49497     32.85377    -14.83771
    50.63199     43.48801    -10.98219
    32.02910     31.05970     -8.60630
    31.46283     34.26240    -16.20354
    34.51110     24.52160    -19.07710
    53.02441     44.19863    -12.05091
    44.85100     42.72200     -5.11700
    55.23120     49.96620     -3.99030
    32.45150     26.30710     -7.97960
    39.24246     31.62228    -14.67960
    35.54675     18.42004    -14.33425
    47.93041     50.20449    -12.68127
    39.58591     54.12010     -9.84539
    35.16160     27.68090    -14.81930
    48.12434     50.25211    -12.35741
    33.38660     39.33160    -21.26650
    48.73470     61.40290    -11.50270
    35.90560     30.36360    -10.71670
    18.31055     31.30167     -8.47276
    44.07740     34.40930     -7.68060
    49.53753     45.79793    -10.28529
    41.89070     27.41477     -8.24346
    45.82804     59.20619    -16.49793
    27.69900     39.58950     -6.07220
    53.77006     45.73488    -13.44523
    36.85830     28.50460    -18.88580
    34.05280     30.90560     -8.18960
    28.83043     37.82308    -15.37010
    40.92780     36.06200     -8.53970
    33.79562     38.25938    -18.21555
    37.79287     49.44503    -14.09061
    36.14400     37.72220     -9.44070
    16.01460     27.88150    -21.06910
    30.77680     27.94290    -10.40010
    40.98620     34.39461    -10.25418
    40.03757     28.46014     -6.42759
    17.87855     25.84347     -5.27381
    50.39170     58.06940    -21.00940
    42.24295     40.16418    -10.12425
    41.02310     53.09650    -10.14700
    35.82466     20.92239    -16.12057
    25.52350     14.22830    -15.46170
    23.25280     28.10120     -9.25690
    30.69681     42.51755    -13.73611
    48.55670     34.15770    -11.53860
    32.99440     14.82930    -12.25890
    40.43020     35.66650    -12.96410
    50.77618     43.77682    -10.99546
    41.44500     25.02200     -7.22820
    36.05458     21.20860    -14.28447
    41.89600     44.71240    -16.53980
    40.53811     32.94523    -10.97565
    34.99117     46.94592    -12.12650
    47.47770     44.19900    -13.70570
    46.75712     39.65558    -14.33086
    25.51528     38.33805     -6.61722
    35.69312     37.34176    -14.78059
    30.05950     34.30720    -13.66450
    49.63748     43.51533    -10.15811
    47.84349     43.81011     -8.64934
    37.73580     28.16890    -15.18040
    37.53750     35.57940    -10.89980
    34.93096     35.98338    -17.16742
    42.75617     35.00229    -11.94373
    37.91899     31.46289    -11.16849
    43.86868     34.24176    -11.69620
    39.67990     45.18180    -19.60970
    25.58180     33.56560    -13.92480
    25.90568     38.33242    -12.54101
    53.07488     51.55182     -7.39235
    22.64780     24.30780     -8.40420
    43.54789     33.70888     -8.27679
    52.72790     53.25290     -7.06790
    49.07734     42.32869    -10.45923
    33.88524     44.12738    -10.05772
    55.63670     51.39410    -13.11830
    39.34773     32.38620     -8.97615
    20.84940     19.39410    -12.48970
    37.12710     19.25490    -13.25670
    38.46264     31.46598     -7.61887
    21.56416     22.68374    -11.41913
    39.41130     29.35850    -24.47000
    29.23350     19.06460    -10.50650
    43.60950     33.71839     -8.35063
    51.12380     41.97430    -14.62060
    43.79281     34.95594    -14.30417
    39.97518     55.34377    -10.74195
    30.85250     26.72530     -8.67040
    39.84189     27.94466     -7.02978
    39.12410     54.15180    -12.24050
    40.36550     34.36050    -14.79840
    20.09135     24.80393    -10.66198
    41.95736     29.73894     -7.19504
    36.14594     21.32672    -15.84871
    36.05152     21.14533    -15.00535
    49.13010     49.32940    -10.31950
    43.94640     28.53020    -14.08800
    28.66942     39.39796    -11.70183
    53.81820     51.38760     -9.57130
    23.48159     24.33165    -14.06767
    44.78650     33.24100    -14.99930
    53.29760     56.71430    -24.11930
    48.13446     40.08680    -14.56851
    41.71300     28.85915    -14.64286
    42.17741     39.59073     -9.51720
    52.94197     51.40877     -7.63013
    49.85750     46.81460    -14.13820
    26.73825     20.94850    -11.30120
    35.65432     29.29446    -10.24717
    52.17710     64.52120    -13.20430
    63.63890     59.54110    -21.47440
    43.87240     46.62340    -23.87660
    28.69250     38.77950    -13.45680
    41.91460     29.79770    -13.38820
    33.24073     47.45919    -11.85976
    51.87653     46.74341    -11.66166
    35.80220     28.99540    -18.40000
    50.21050     49.60490    -15.33280
    37.84601     41.31228    -18.51014
    37.37613     29.68447    -11.04726
    35.44448     30.38140    -12.81037
    49.22880     39.52600    -14.66970
    36.36779     25.88046     -8.82159
    35.53379     30.24512    -13.10727
    41.07930     38.99670    -13.70690
    18.08720     28.36950    -18.64750
    53.04240     47.98495    -12.65489
    48.63453     35.42784    -11.73927
    40.36930     28.90750    -11.08900
    47.96013     50.39219    -12.82925
    27.25622     39.11897    -12.67003
    57.84320     56.62030     -7.86500
    26.82486     38.87421    -12.96934
    59.59970     51.27030    -15.21760
    36.63240     51.07660     -5.95940
    42.18864     28.49564     -7.74542
    16.69050     27.02450     -5.66690
    32.91921     22.19544    -10.67733
    35.58510     32.54980     -7.27980
    38.44290     46.34840    -21.20660
    39.34200     34.16610    -12.78820
    23.00468     37.27015     -8.86895
    39.81800     33.21350    -19.45400
    35.21890     16.95400    -12.52680
    38.42350     27.61940    -15.55980
    48.94335     35.66293    -11.84679
    38.27440     28.36460    -17.94510
    33.90460     29.79770    -20.04260
    22.59080     34.26580    -11.52790
    35.13866     30.77223    -12.67443
    58.10880     48.58530     -9.03170
    51.81847     46.04381    -10.59452
    43.17575     31.78259     -8.26834
    22.37170     22.43420    -14.22210
    32.37460     46.64870    -12.03440
    42.47703     26.59558     -9.36647
    37.80822     31.25159    -11.02426
    40.73049     31.37903     -7.69242
    42.91500     31.80250    -17.05960
    42.10004     54.29494    -11.18314
    40.60200     44.28370    -25.14600
    43.73991     33.65464     -8.07668
    32.83460     26.90890     -6.82700
    42.32370     32.06870    -11.35800
    43.41330     36.47810    -13.21160
    24.95080     36.45080    -12.90720
    42.39326     26.43015     -9.06716
    33.30397     26.53089    -11.37498
    29.38364     20.67686    -12.99162
    33.43101     38.14604    -17.62381
    28.89630     24.24160    -22.32350
    49.34165     34.87487     -9.46861
    43.01684     32.93137    -13.83961
    26.43303     20.64025    -12.58343
    29.72390     36.41815    -13.25911
    55.80009     56.38577    -15.01658
    23.22288     36.95361     -9.42340
    32.58976     24.49344    -11.35642
    47.11350     57.17400    -19.60400
    36.71932     48.05321     -9.67350
    16.29530     25.38540    -13.04020
    52.06020     59.89710    -22.93630
    14.74470     26.86100    -13.31690
    41.28810     33.63060    -11.38810
    52.03959     52.46321     -6.70206
    54.22000     47.13320    -12.60330
    34.09500     14.30000     -5.67740
    37.33940     29.20870    -21.84140
    35.31170     42.41710    -24.22580
    40.27504     32.78557    -11.38096
    30.12750     13.82510    -22.58130
    49.41710     57.60880    -20.40500
    60.92924     54.64963    -24.25835
    52.17110     48.81070     -7.24050
    22.40970     21.39250    -11.10800
    45.85498     37.40700     -9.79563
    51.87001     41.81713    -12.53426
    40.91060     34.23550    -16.75230
    21.87920     21.46820    -19.03910
    45.29869     46.42559    -26.71187
    50.96330     47.55530     -7.77730
    25.71450     39.31980     -9.21900
    44.92470     31.47050    -10.29290
    35.50465     18.38636    -14.54075
    50.55260     64.57982    -23.91270
    46.61667     46.24351     -6.57129
    43.92690     43.35860    -25.81570
    43.27595     31.80531     -8.38656
    58.74370     56.50450    -10.61200
    48.47640     42.69252     -8.30381
    28.70307     39.38394    -11.35263
    50.73279     59.07917    -24.02043
    30.36394     19.48868    -12.36856
    45.73887     39.75245     -6.76836
    50.84056     40.79171    -12.09762
    48.85207     42.51033    -10.50233
    48.89734     42.34994    -10.27445
    36.19596     25.39590     -8.23427
    41.33726     29.32926    -16.81577
    25.08210     22.76080    -15.26680
    28.78740     41.21090     -5.31540
    42.59644     28.28779    -13.16117
    42.67415     37.95663     -8.30371
    49.64922     37.27343    -12.49805
    39.87120     35.15080    -13.55630
    55.58560     48.26350    -15.06370
    33.64102     25.62925    -10.77219
    38.18334     31.49856    -19.66646
    24.88740     35.81880    -12.08690
    36.51050     41.11700    -17.67680
    27.37580     19.40650    -13.56040
    43.61260     47.63450    -22.50900
    51.31406     45.13085    -10.67112
    57.58050     64.72880    -20.73380
    20.03730     24.77551    -11.10032
    37.93033     29.55393     -8.90906
    19.90965     24.63567    -10.70510
    30.38029     36.33246    -13.19799
    27.60050     32.67590    -17.18070
    48.34579     42.58812    -10.05727
    35.97316     27.61929    -12.87795
    47.62420     47.50910    -26.54980
    40.56730     32.13090    -11.16440
    32.49140     46.06630    -14.73250
    17.46062     26.18776     -8.55441
    44.52838     40.31888    -13.03560
    36.28260     48.65140    -11.37600
    38.92830     32.46170    -20.73760
    32.75480     44.79920     -8.86670
    41.09240     40.21000    -10.34990
    25.28165     21.21000    -12.96503
    31.65530     31.13650    -12.12480
    36.69930     22.92220     -7.11420
    55.24880     46.48730    -15.04450
    32.58348     45.16082    -13.84989
    35.78619     28.57136    -13.12881
    48.01820     39.04500    -10.59740
    48.24677     39.94205    -10.77020
    35.91500     29.45310    -13.74450
    45.81940     50.76700     -8.41320
    42.86937     28.76343    -10.22261
    39.94450     33.59470    -15.11710
    21.64437     24.22580    -11.57694
    40.82119     27.21109     -8.25630
    44.47582     40.33232    -13.40110
    37.37499     32.74751    -11.71933
    36.66890     25.06560    -12.30700
    49.71470     61.23100    -21.37650
    25.45570     37.62070    -12.37960
    33.52323     38.08928    -17.81160
    27.85132     38.79968    -11.30074
    28.60700     35.49150    -11.00160
    39.62240     33.09510    -16.80600
    35.74300     31.87480     -8.37430
    34.95957     20.41825    -14.33575
    30.12240     27.94340     -5.97000
    31.22390     22.78460     -7.89610
    29.63310     27.52730    -12.52930
    35.87999     19.92361    -18.14634
    34.06720     18.10510    -11.82880
    52.64330     43.07334    -13.36568
    15.13174     27.72852    -12.32012
    29.24130     33.31152    -11.31073
    31.75200     20.96740    -12.66180
    28.34960     22.73430    -11.34640
    36.69137     34.17898    -12.10598
    51.82817     45.36335    -11.63675
    34.82370     45.14714    -13.02450
    38.94700     35.32140     -8.27030
    29.61526     36.39339    -13.73953
    31.63534     21.79897    -11.41588
    31.45718     35.81406    -15.74421
    24.65100     21.18370    -14.69410
    29.26459     33.94087    -11.96579
    28.01250     36.51400    -17.31020
    25.43800     39.56780    -13.07590
    53.30030     40.94150    -15.02380
    46.70730     32.84024     -6.82632
    46.60413     32.76881     -6.89610
    46.74966     32.78695     -6.89358
    25.84970     37.40030     -8.33290
    46.00440     61.43460    -21.12490
    53.57293     52.54236     -8.34709
    29.25796     42.80706    -15.42579
    36.17300     48.72740     -8.15300
    46.99550     34.16610     -9.91470
    50.50570     43.41541    -10.79144
    18.17360     26.44880    -13.23670
    35.48920     49.55510     -6.83640
    53.13729     44.02167    -12.01989
    53.92914     55.74470     -8.67682
    54.29500     49.71630    -11.49200
    36.11270     45.26220    -17.48320
    44.42800     43.26040    -10.56210
    18.22420     26.13560    -10.30060
    45.27520     43.31500    -11.30130
    29.62183     36.22070    -13.66043
    37.62503     32.66652    -13.33355
    35.53890     27.87044    -10.98521
    43.58805     28.27715    -10.52911
    27.78770     28.79800    -19.31580
    54.23749     53.05513    -11.80604
    33.41670     41.00530    -19.54690
    47.67550     35.34070    -11.09520
    35.40960     36.15610     -7.26410
    52.45676     40.90977    -13.54649
    26.71718     38.49699    -12.25597
    23.66608     24.44322    -13.86889
    35.15930     33.41870    -13.77510
    29.89217     36.21635    -13.31975
    39.22560     43.62550    -27.10760
    45.64372     37.32010     -9.57207
    42.64220     57.91170    -11.87480
    58.27590     48.50580    -21.62960
    15.19396     27.85908    -12.67108
    46.49695     43.40016     -7.21528
    31.62333     34.24945    -16.76870
    50.26754     44.42124    -10.28890
    41.31240     33.17750     -8.21680
    34.91368     45.66486     -9.04841
    41.78229     29.18167     -7.83130
    31.04956     42.57610    -13.44833
    42.36261     33.53334    -12.29603
    36.07081     21.08720    -15.01357
    35.80408     27.84070    -12.76519
    34.92300     36.75099    -14.31973
    45.42410     53.69910    -18.28400
    33.57340     31.86200    -10.78330
    36.47630     26.76740    -12.25440
    34.81883     46.90528    -12.35220
    51.96179     46.84490    -11.34402
    35.54890     23.84040    -10.64570
    23.16380     34.64120    -10.43160
    21.97050     25.99498    -11.85394
    43.80180     33.95610    -13.87500
    25.37660     34.78060     -9.73300
    33.47690     25.76140     -8.52640
    59.66304     54.12676    -21.46327
    59.82896     54.22534    -21.89143
    42.70367     28.84209    -10.38968
    42.88379     28.90079    -10.13472
    42.20755     33.70343    -12.16980
    18.13660     24.28790    -14.47240
    20.10430     22.30070    -18.06400
    31.65200     37.81280    -17.97280
    41.96370     34.84260    -13.72640
    37.77250     21.16934    -17.11694
    23.89830     23.17180    -12.25690
    51.68060     45.49625    -10.85562
    29.24317     40.09329    -11.19537
    32.57614     45.10574    -13.49974
    32.61205     45.19543    -13.49706
    33.23811     38.17846    -16.99068
    33.98590     27.81760    -10.62090
    35.92349     46.50752     -9.88464
    23.98760     27.03520    -18.04650
    22.76109     35.71585    -11.31460
    50.30968     43.41072    -10.98964
    37.80058     31.37882    -10.89626
    42.96638     34.75136     -7.86658
    42.79639     28.89935    -10.35084
    51.33674     51.08459     -7.30620
    43.55830     40.48090     -4.81850
    16.72220     26.36500     -9.86960
    44.01640     35.23448    -13.95503
    33.94190     48.43720     -9.26220
    25.34005     21.17330    -12.67607
    23.14398     37.07711     -9.42215
    29.99220     36.15260    -15.69850
    36.78370     30.24430     -7.26690
    27.46950     21.05010    -13.79130
    22.11080     35.81240    -10.03390
    34.34260     25.38720     -8.32890
    47.76290     35.20154     -7.63197
    34.60750     38.02690    -21.63930
    18.95780     30.98288     -9.82008
    43.80202     34.24814    -11.76160
    63.63940     57.09060    -22.95500
    37.88185     44.09149    -23.50994
    28.79540     42.26900     -5.23270
    54.95650     45.64500     -8.92050
    40.02920     31.29820     -9.37230
    47.51367     37.75697     -9.88860
    33.15036     32.69449     -7.85377
    29.51082     36.43191    -14.31586
    35.09180     33.91190    -18.83450
    27.54118     39.01210    -11.56321
    47.51006     33.99099     -7.66862
    38.81100     22.74720    -10.33140
    37.35907     32.43516    -11.30125
    41.17830     32.06140    -12.24380
    48.03750     49.49930    -22.54640
    39.49769     27.73473    -14.93708
    40.22149     33.67641    -11.31611
    36.95926     27.20945    -22.11164
    19.53190     29.85280     -9.96690
    34.69810     33.59550    -16.31990
    35.78307     20.29026    -16.63538
    50.72410     44.58563    -11.00530
    42.45824     34.43006    -11.66760
    31.41582     42.58561    -13.32590
    35.27001     31.44783    -13.53041
    49.50716     44.44692    -10.49316
    34.34070     45.23720    -10.94800
    32.04260     44.71850     -5.76230
    32.26410     14.60940     -8.98340
    48.94638     44.28312    -12.60649
    46.91000     34.96830    -10.59250
    56.11370     65.20130    -24.32300
    54.04540     50.53200     -8.91750
    36.62417     48.31016     -9.46591
    25.23250     22.06810    -12.32240
    34.59144     45.16184    -13.10820
    48.69890     45.74370    -18.25660
    27.16220     41.81880     -6.56650
    39.99460     35.01500    -10.09830
    44.78877     42.62877     -7.88997
    18.70050     31.93540     -7.73090
    22.41080     34.20410    -13.61540
    36.75227     29.54873     -9.42458
    18.52950     28.89560     -9.05130
    24.61980     38.97760    -13.19020
    26.19024     20.55128    -12.96540
    35.91050     47.22430     -9.90920
    48.56096     35.25973    -11.66543
    40.91595     38.53445     -9.33891
    22.87641     35.78835    -11.55550
    35.60650     34.44040     -8.91420
    28.60427     37.86472    -15.22920
    34.95460     29.07880    -16.89440
    38.19730     27.22970    -12.56530
    18.82420     23.49530    -13.60770
    22.09320     20.36050    -13.91980
    50.86240     63.58390    -10.17290
    43.35261     28.01442     -9.45423
    28.47760     34.78550    -12.31300
    36.62193     24.30896     -8.92422
    27.22047     21.04190    -11.89993
    58.56686     48.99091    -10.60065
    45.68753     39.94325     -6.69884
    39.32370     35.12960    -22.01330
    25.71730     24.01840    -14.62910
    46.95968     45.07732     -9.34289
    34.01732     43.06020    -17.29037
    23.89290     30.19230    -17.38090
    30.99897     43.86239     -9.99333
    46.67771     39.58694    -14.36818
    55.74061     56.19245    -14.47159
    59.65050     54.93570    -20.09180
    58.59264     48.97239    -10.34285
    56.12880     66.11570    -20.89740
    51.23329     38.88551    -13.20216
    43.54469     36.48438     -8.65882
    41.24120     51.32250    -16.82890
    40.14180     50.56540    -15.18710
    46.31780     59.10500    -13.12020
    20.09727     23.66508     -9.55667
    20.10801     23.64457     -9.11713
    37.59067     49.36644    -12.77973
    49.62000     41.68430    -14.51880
    26.93542     38.31503    -10.84084
    29.11120     15.29010    -10.75820
    51.24780     38.95751    -13.09708
    31.68158     34.22353    -15.39350
    46.04730     45.19440     -7.92790
    48.74777     48.20986    -15.35457
    50.08300     56.19730     -9.08960
    34.03748     43.00790    -17.48033
    42.78609     37.77147     -7.94183
    48.46082     49.57145    -11.45359
    19.44520     22.35050     -8.15680
    31.59508     26.44761    -11.10187
    24.11910     31.65590    -14.19770
    48.04710     42.66063     -9.93310
    51.61558     58.25536    -18.80664
    29.89900     39.27480    -15.11640
    34.52869     31.01238    -10.49112
    34.85510     45.30054    -13.45922
    38.65150     30.00710    -10.12700
    34.28754     48.39615    -11.18892
    20.87904     23.56431    -11.46393
    50.98617     40.65602    -12.48630
    40.98180     37.92530    -10.96230
    18.66220     28.18290    -10.38880
    41.27737     35.40934    -11.83291
    25.67211     22.59793    -13.25441
    54.00120     64.80940    -19.34930
    50.48212     45.67899    -10.86952
    38.29836     31.31434    -19.38804
    30.50810     19.00410     -7.59800
    41.10391     38.82440     -9.70427
    42.12371     33.48854    -12.75894
    50.63501     59.16073    -23.63507
    26.55086     38.65883    -12.75325
    32.47653     24.80102    -10.84615
    19.91350     26.11470     -7.88740
    50.08574     43.52492    -10.38115
    25.49312     38.14985     -6.55718
    51.07740     53.31000    -15.06350
    41.26313     35.24896    -11.70079
    56.56050     60.99320    -19.21710
    37.85840     28.20460    -11.24300
    41.77376     54.22086    -10.04577
    45.03290     31.48270    -15.08140
    52.15470     38.42500    -10.76880
    33.45277     47.39281    -11.91854
    58.97410     64.07940    -21.15830
    37.91775     44.19841    -23.56636
    37.59620     40.27070    -19.39160
    50.54735     56.82119    -25.25036
    45.15155     37.98503    -13.31645
    27.23190     17.19050    -14.70600
    53.40087     43.98591    -14.00641
    45.85810     52.15090    -21.02200
    37.25960     27.95640    -22.01910
    19.13301     31.06283     -7.28963
    32.05500     23.83890    -10.58500
    42.78342     34.88964     -7.56372
    18.01045     26.08548     -6.12424
    54.70560     49.87695    -13.62348
    43.14430     38.52590    -12.33230
    16.96380     23.96540    -10.14870
    42.43686     41.82783     -9.45032
    26.80230     12.92620     -8.95300
    49.80708     36.87773    -12.32797
    34.81330     49.53270     -5.64460
    40.75377     27.59578     -7.94644
    32.99360     28.94420    -10.75110
    50.06195     43.83586    -10.85518
    32.29109     25.21083    -10.30215
    43.23053     28.24780     -9.47934
    41.82656     28.94422    -14.11097
    15.83380     25.39500     -6.60680
    51.33430     57.48930    -23.73610
    37.69203     32.56831    -13.15066
    33.73194     44.58623    -13.05696
    31.84828     43.61936     -9.70101
    46.83490     37.87160    -15.19710
    35.03803     31.19943    -13.08761
    44.64619     42.66710     -7.23988
    42.80040     37.29882     -7.77579
    38.78060     41.50510    -18.19780
    36.03082     21.14284    -15.76519
    52.26042     52.46230     -6.76992
    20.62090     25.06050    -19.23630
    33.96590     44.84682    -12.80290
    53.48750     42.70070    -14.91330
    33.60523     38.20923    -18.12874
    64.60260     55.96750    -25.49600
    57.68886     47.78822    -17.01179
    26.72284     38.23874    -12.27085
    55.10430     56.03850     -8.77580
    34.08713     26.40494    -20.36356
    21.55868     22.90913    -12.14621
    22.82200     26.60730    -12.68810
    19.21470     27.23210     -6.58750
    19.63062     27.36359    -14.31996
    28.08980     24.34570    -15.65960
    34.87390     32.59390     -6.96700
    25.12850     32.76800    -17.31850
    21.48641     22.87884    -11.94274
    54.76418     47.02241    -13.88564
    48.74850     56.08120    -23.80340
    34.86110     25.91790    -13.95890
    49.30620     64.84760    -26.27330
    31.26960     42.03460    -10.31950
    23.64064     24.47863    -13.91984
    60.42100     50.59010    -20.36510
    51.55970     52.73138     -8.69500
    35.43301     29.26608    -10.28785
    19.07150     25.24200     -9.09370
    52.86470     46.89590    -11.89150
    40.02470     24.98110    -13.12710
    21.65396     24.33711    -11.63503
    49.80571     57.89032    -23.72798
    58.90550     50.36640    -17.29480
    43.05960     37.79990    -12.10010
    24.61480     34.10060    -14.12640
    25.89790     32.00640    -13.19250
    31.33950     24.58480     -7.06100
    59.50855     50.98419    -10.44836
    52.53816     41.10649    -13.87059
    41.89874     36.67135    -11.89093
    42.40290     27.14730    -11.33240
    31.37160     34.32400     -9.00520
    50.19370     62.41980    -26.10540
    40.54080     41.92350    -11.80240
    47.95640     38.70150    -15.20240
    18.09360     27.16690     -5.57140
    30.27063     32.15121    -16.08879
    52.93610     48.13345    -12.30111
    19.13019     30.98697     -6.74357
    51.16074     41.24005    -12.05269
    34.42382     31.19093    -10.04279
    35.91955     46.61603     -9.19648
    34.04636     44.19732     -9.94638
    44.37590     30.46530    -13.50520
    29.32660     20.46717    -13.24975
    44.03612     35.34700    -13.86228
    28.31934     24.97695    -13.97623
    49.83630     62.97820    -21.28470
    59.46695     50.83141    -10.50134
    38.40650     49.43370    -10.64190
    49.10582     44.08438    -12.84491
    41.00810     31.56480    -19.21380
    30.45016     19.43042    -12.80474
    53.63202     45.45568    -13.42100
    17.95127     27.95821     -7.85717
    39.77640     26.12720    -22.34250
    37.56120     24.48320     -6.56660
    40.85713     34.40806    -10.22263
    51.53450     42.60210    -12.15950
    30.32021     32.15236    -16.08661
    45.71208     42.07611     -7.77419
    42.81114     39.55384     -6.35749
    49.48140     42.50165     -9.52054
    39.82010     45.91080    -17.82930
