    43.52719     41.16057     -9.69799
    28.78920     42.20030     -7.79720
    39.09470     36.69140     -8.59910
    39.33688     32.37406     -8.74847
    40.11973     32.32213    -14.22796
    43.52835     41.16135     -9.70070
    55.82148     57.28756     -9.82939
    33.30580     17.84170    -15.31120
    52.60241     41.26686    -13.96500
    40.43732     32.76072    -14.70958
    37.71450     27.26970     -8.92110
    43.69175     36.36314     -8.30183
    41.90869     29.23400     -7.64592
    41.49530     50.84940    -19.94120
    42.51180     40.97500    -13.80150
    51.81272     40.20801    -12.32796
    35.83890     21.28830    -22.06900
    53.36521     43.90325    -13.94318
    31.42610     37.57310    -15.99920
    50.62280     64.47660    -16.25290
    19.53933     28.14290     -8.12236
    46.66207     39.58211    -14.26964
    42.05076     37.11424    -11.41544
    49.00420     42.72730    -15.12510
    40.39399     55.17351    -10.00040
    33.85020     20.85440    -17.85220
    40.39065     55.17401    -10.00665
    19.53927     28.14290     -8.12244
    42.59699     28.69880    -11.22198
    22.41520     22.65730     -9.38360
    39.49304     27.73295    -14.62328
    26.55940     20.74217    -12.22158
    35.34138     36.96775    -14.44327
    35.34542     36.96986    -14.44643
    38.07680     31.82080    -14.85930
    33.06205     46.21220     -9.40576
    42.61540     39.20370    -12.64280
    49.09040     41.69472    -10.53908
    25.44912     20.89672    -10.32297
    53.40030     50.12567    -11.84177
    39.66378     39.17041     -8.58567
    32.26050     23.49600     -7.53170
    33.05968     46.20892     -9.42241
    41.85976     27.46691     -8.30612
    40.86631     27.33884     -8.05356
    47.52370     36.89560    -10.84190
    56.20380     62.35240    -17.98270
    42.24590     39.75426     -9.86716
    28.37070     40.67040    -13.65690
    48.31988     40.05256    -10.69429
    26.33895     38.56873    -12.73343
    34.88110     31.81330    -15.48400
    30.24646     19.45454    -12.68624
    31.41306     43.67518     -9.52526
    49.61920     48.86400     -8.04130
    39.20531     31.52759    -14.60832
    34.02058     20.85018    -11.82756
    34.93250     18.55510     -9.84340
    46.50560     40.92520    -10.37440
    25.44908     20.89698    -10.32323
    40.14811     28.65869     -8.30544
    40.14819     28.65861     -8.30546
    28.55040     22.23620    -13.10380
    43.92220     52.07090    -24.33980
    32.46250     22.66190    -12.75660
    20.07079     22.55124     -9.77503
    49.59680     37.17130     -8.03180
    48.31980     40.05251    -10.69435
    30.44380     29.95390     -7.83580
    43.52804     41.16120     -9.69992
    44.85030     47.70500     -5.77110
    57.31856     65.58679    -23.57972
    42.71202     34.79009    -11.96384
    34.92632     36.01145    -17.26217
    42.66818     30.30508     -8.04027
    42.66806     30.30416     -8.04092
    37.74590     26.71980    -18.65540
    40.37840     31.45620    -12.25050
    52.01907     47.95381    -10.49959
    63.40510     57.52930    -24.39110
    52.25920     46.10750     -8.11370
    41.30010     36.23470    -22.85650
    50.36926     37.65060    -12.60829
    36.58302     24.37243     -8.96513
    42.33871     33.66008    -12.25911
    42.34846     33.67265    -12.23831
    46.08512     43.26527     -7.49989
    35.54990     27.90093    -11.57782
    51.80622     41.86696    -12.68788
    55.32970     50.29490    -13.58700
    32.36700     22.73850     -9.41360
    41.91020     56.49160    -10.16880
    55.63269     64.45690    -22.35737
    55.63265     64.45711    -22.35701
    55.63267     64.45712    -22.35702
    21.26349     23.64095    -10.79445
    36.53060     30.71140    -12.32960
    55.63263     64.45692    -22.35693
    33.30467     20.18136    -12.79826
    33.30451     20.18148    -12.79827
    33.30462     20.18146    -12.79826
    53.74620     49.22670    -11.74510
    50.59795     64.47773    -23.91901
    38.46590     36.20860     -7.86160
    30.65410     37.20860    -13.55440
    45.45240     34.36470     -9.65390
    42.62525     37.84159     -7.09624
    42.58144     28.66820    -11.36627
    37.76880     28.98520    -14.37940
    25.26470     35.40590     -8.72060
    57.31835     65.58684    -23.57893
    18.84880     25.10670     -7.24980
    24.24005     33.24886    -13.86571
    39.18560     26.66160    -12.13460
    55.82149     57.28755     -9.82899
    18.74560     28.38570     -6.94130
    55.82150     57.28758     -9.82894
    55.82153     57.28762     -9.82898
    52.44944     51.55761     -9.75052
    47.70320     45.95270    -14.10210
    40.30230     33.41772    -11.24311
    32.73970     25.93380    -17.92810
    36.69745     48.02409     -9.76260
    33.55149     38.16504    -17.83549
    21.32037     23.72265    -10.88365
    51.36606     44.95891    -11.22037
    20.06460     22.85260     -7.47730
    45.97192     43.22594     -7.51967
    29.03240     25.43170    -13.00510
    32.90660     31.78430     -6.87190
    26.56045     20.74275    -12.21916
    29.45460     41.52220    -10.40850
    50.32780     40.44263    -11.92050
    30.26400     41.81480     -9.64650
    48.79917     35.54870    -11.75877
    32.63052     45.13320    -13.61279
    59.83501     52.32664    -10.31095
    34.02052     20.85012    -11.82804
    31.34438     43.75548     -9.57436
    46.20570     32.72890    -11.25580
    50.52415     45.71840    -11.12435
    52.60234     41.26647    -13.96486
    33.95674     26.32733    -20.44467
    57.78140     45.95380    -19.94950
    58.41298     47.54120    -11.12672
    53.06773     51.52912     -7.41686
    18.67370     24.49300    -17.50850
    42.64810     37.81015     -7.21251
    32.58410     28.10750    -21.45320
    37.33948     32.57019    -11.45525
    34.17950     22.68200    -16.91630
    43.25650     34.51280     -9.97920
    53.07063     51.53142     -7.41524
    31.46685     43.62369     -9.48610
    42.14502     28.74399     -7.82019
    48.21850     44.87510    -16.80700
    33.44378     44.56190    -12.24733
    17.96462     27.93037     -7.57016
    36.89860     25.25720     -9.77340
    36.09120     31.10600    -21.94950
    42.24415     42.06295     -9.20734
    45.15343     42.92113     -7.65052
    51.48993     49.75186     -9.88080
    34.83670     45.78278     -9.19493
    53.32405     54.76893     -8.02678
    42.40640     26.54361     -9.23207
    50.36924     37.65060    -12.60821
    31.31124     43.79379     -9.59898
    33.31830     15.36970    -29.73350
    34.83711     45.78304     -9.19535
    39.27300     33.66610    -10.49120
    49.31240     57.36660    -24.91240
    35.37516     20.09659    -13.67932
    35.37565     20.09562    -13.67987
    39.18985     29.27322     -9.74097
    43.71230     42.22020    -10.05090
    39.91557     28.22257     -6.74985
    38.50660     34.28780    -14.59280
    48.13980     62.62900    -16.83150
    29.77368     43.37422    -13.04161
    43.41404     28.18183     -9.84896
    43.79343     35.23046    -13.94130
    25.60832     22.64300    -13.36758
    58.02680     56.46750    -10.19170
    41.92380     46.97900    -10.85520
    56.69980     52.80560     -9.72560
    42.68962     30.43502     -7.94351
    50.61068     56.88207    -25.28214
    45.73898     42.08887     -7.66968
    21.19791     23.54748    -10.69263
    33.59720     24.69260     -9.42220
    31.45530     35.89290    -12.17470
    41.98337     29.07584     -7.70390
    52.44895     51.55840     -9.74937
    36.71308     34.25594    -12.09359
    40.78037     54.33600     -8.58457
    23.36830     32.83080    -13.76790
    33.77210     36.87920    -15.91220
    20.96570     25.33730    -10.77470
    39.73128     54.15835    -10.51621
    37.70388     49.41046    -13.16387
    35.73756     28.14737    -12.80406
    48.89590     49.17800     -6.85120
    35.44690     37.02723    -14.52368
    25.56560     24.15150    -16.35860
    45.13784     42.91230     -7.65448
    31.18540     46.23060    -15.59000
    19.58379     27.42157    -14.39133
    46.46720     44.59930    -16.69510
    38.66770     30.50110    -14.48330
    23.59260     34.84070    -14.41390
    30.94220     23.06340    -14.43650
    35.86460     50.13430     -8.09360
    46.76820     37.76060    -12.27300
    51.63308     45.24673    -11.29022
    56.08759     65.61344    -22.66294
    33.16640     41.19940     -6.84530
    31.68130     13.26550    -28.55530
    42.43180     32.52240     -7.41580
    36.90690     24.60850    -16.54050
    31.66599     21.75285    -11.38982
    23.14926     37.08672     -9.32671
    47.58978     37.77204     -9.63413
    34.53320     31.05614    -10.45300
    55.90230     62.32160    -24.12560
    26.52262     20.72715    -12.29643
    26.73507     20.87146    -11.66029
    42.60907     28.71875    -11.12511
    40.78063     54.33600     -8.58483
    34.83684     45.78302     -9.19507
    44.75430     36.00940    -12.21760
    26.67570     23.94420    -17.96450
    33.55160     38.16493    -17.83511
    37.94372     29.57728     -8.72488
    30.78748     42.64881     -9.60583
    46.23380     38.35080    -14.62660
    24.24035     33.24874    -13.86589
    42.58399     28.66856    -11.36000
    37.90832     41.26970    -18.39842
    52.01924     47.95378    -10.49977
    34.26223     48.33155    -11.42763
    31.13648     42.58953    -13.53877
    41.41930     36.94940     -7.92720
    17.06653     27.42307     -5.46552
    43.79211     35.23022    -13.94008
    49.74592     36.85861    -12.31784
    49.74588     36.85860    -12.31781
    35.00851     36.78059    -14.18753
    31.45920     45.83530    -14.20260
    36.05690     31.93960    -12.23170
    35.37577     20.09535    -13.67966
    41.73940     31.51360    -13.10320
    46.33920     54.49780     -6.72030
    49.49315     45.78169    -10.39422
    45.07280     38.72260     -7.24850
    40.71210     29.26760    -14.61570
    35.37595     20.09558    -13.67857
    17.98462     26.06578     -6.14992
    60.87444     54.62132    -24.10412
    35.37582     20.09505    -13.67985
    33.05777     46.21244     -9.40519
    27.21540     11.38560     -5.57460
    21.58521     22.68911    -11.48117
    21.58533     22.68876    -11.47978
    45.34715     42.99557     -7.61793
    42.24471     42.06194     -9.20839
    35.37613     20.09478    -13.67956
    31.35786     43.74312     -9.56470
    17.86890     33.31230     -3.54400
    29.28832     33.61614    -11.60036
    34.27820     23.30980    -10.11930
    46.91680     37.05580     -7.52600
    39.40692     53.41590    -11.58543
    51.18148     44.76166    -11.17040
    53.40149     50.12795    -11.84297
    34.43110     43.09450    -20.58980
    22.03126     25.95630    -11.71303
    27.04884     38.68519    -12.25819
    20.07091     22.55136     -9.77527
    36.27760     25.57671     -8.46837
    27.39639     38.83048    -12.03959
    36.27684     25.57584     -8.46867
    29.59280     44.43680    -13.51140
    41.55980     30.76966    -14.76956
    33.04835     46.21802     -9.37897
    35.37510     20.09605    -13.68012
    42.24586     39.75314     -9.86695
    39.73155     54.15840    -10.51772
    58.41292     47.54100    -11.12648
    20.78460     29.74560     -9.72620
    43.24610     44.68840    -18.05850
    56.67740     60.55160     -9.56270
    43.04613     32.84224    -13.67731
    50.93133     40.84333    -12.17036
    40.80177     34.22216    -10.29569
    23.84950     21.80500    -18.29680
    50.21365     43.72365    -10.69712
    33.24321     32.65470     -7.69516
    35.39184     20.07850    -13.66254
    37.04400     27.16400    -22.02825
    35.85898     46.71253     -9.35722
    37.25860     26.01720     -9.38420
    40.86797     27.33706     -8.05061
    41.79730     32.87170     -6.98840
    31.45154     34.22644    -16.14427
    42.05142     37.11623    -11.41300
    54.65634     49.97932    -13.53219
    26.57700     20.75300    -12.17331
    49.47780     46.84670     -7.65100
    30.98020     30.79970    -11.61570
    26.49167     20.70738    -12.38204
    53.06846     51.52846     -7.41730
    45.15164     42.91968     -7.65092
    28.35234     25.00353    -14.08868
    37.08402     30.71452    -18.53309
    33.66430     26.68593     -8.82123
    30.84520     37.29310    -22.59600
    18.32050     31.36830     -8.71545
    40.54860     38.45990    -19.46670
    26.64250     38.59997    -12.54749
    36.07480     27.07360    -21.39060
    51.07732     40.99419    -12.19620
    30.13360     42.60420     -4.39510
    49.26380     42.70740    -13.37530
    41.36631     29.40252    -16.77089
    23.70370     37.25600     -7.08850
    45.26310     46.33161    -26.61538
    40.71824     31.38741     -7.66552
    54.87153     47.02025    -13.75189
    42.58480     28.67052    -11.35168
    59.83557     52.32712    -10.31310
    26.48612     20.70388    -12.39794
    36.68335     29.53323     -9.29804
    33.53690     47.00590    -14.03660
    44.09866     36.57189    -12.41993
    49.74583     36.85862    -12.31753
    26.49006     20.70624    -12.38687
    52.05830     52.08280    -12.49850
    46.09172     43.25691     -7.51165
    51.84244     52.44125     -8.03766
    51.86571     52.43878     -7.84532
    42.64770     37.80943     -7.21151
    51.26331     51.00235     -7.37904
    41.37620     26.79190    -13.86710
    51.86538     52.43878     -7.84618
    42.64811     37.80963     -7.21357
    45.47530     58.13070    -13.98000
    51.81278     40.20789    -12.32734
    39.66382     39.17039     -8.58563
    51.07440     64.27430    -26.02480
    45.68870     59.75300     -9.77230
    23.14905     37.08669     -9.32643
    33.66420     26.68607     -8.82147
    43.59060     41.33300    -13.38000
    48.00910     42.82540    -15.32550
    40.86694     27.34128     -8.04563
    50.68019     42.95907    -11.35173
    46.53930     48.89540    -29.01360
    51.22540     38.93523    -13.14365
    42.14176     28.75100     -7.81795
    34.53317     31.05612    -10.45248
    34.39270     46.57750    -10.45350
    41.93282     54.28086    -10.55132
    41.99400     25.30230    -10.42310
    26.76010     18.81160     -7.32450
    35.57728     29.23158    -10.18410
    57.67478     47.79070    -16.97676
    33.95671     26.32737    -20.44516
    39.61860     26.99760     -5.94330
    28.66000     27.01520    -12.69600
    22.88425     22.91871    -12.47090
    17.48378     26.19806     -8.60886
    49.09030     41.70142    -10.53590
    42.12348     37.35493    -11.10974
    51.66160     51.57890     -5.51110
    34.53306     31.05613    -10.45266
    25.31040     35.08090     -6.68600
    27.38322     38.85780    -12.10639
    32.45024     24.86681    -10.77707
    54.86480     59.73460     -8.00220
    29.32165     20.42495    -13.19653
    50.33394     40.44657    -11.92316
    29.78310     42.14760     -6.74570
    59.01260     51.52240     -8.65790
    50.73277     42.85367    -11.44410
    51.86521     52.43828     -7.84955
    51.84604     52.44591     -7.97313
    42.63098     37.84146     -7.13297
    32.68920     27.41650    -10.43760
    41.06950     48.15990    -22.65070
    51.86612     52.43853     -7.84232
    51.88350     52.43443     -7.71129
    26.80746     38.63604    -12.45490
    56.15560     63.33370    -20.96360
    43.79346     35.23084    -13.94089
    32.50797     42.61104    -11.27774
    45.90219     59.31948    -16.49405
    40.73140     30.00080     -6.62840
    28.72240     33.36090    -21.77620
    34.26194     48.33157    -11.42778
    21.19807     23.54727    -10.69219
    26.77680     26.24690     -8.44700
    38.43990     52.98980    -10.40000
    38.39787     31.46039     -7.61074
    37.70363     49.41140    -13.16946
    54.61300     43.71910    -15.58420
    35.97220     35.29770     -7.24670
    48.74406     48.21563    -15.21389
    35.40758     37.00505    -14.49398
    28.98767     39.64810    -11.24064
    36.55730     20.97570    -22.42480
    51.78648     52.45329     -8.46239
    41.94187     29.07557     -7.74451
    50.96941     40.88312    -12.17682
    42.48480     32.09160    -14.74700
    57.31876     65.58666    -23.57987
    29.98150     19.03190    -22.11260
    39.93560     36.78020    -12.50270
    26.80855     38.47001     -9.92461
    42.56000     53.62470    -10.79050
    35.73979     28.13395    -12.79566
    35.37578     20.09536    -13.67972
    29.32175     20.42539    -13.19594
    42.73020     57.07150    -10.18100
    19.91062     23.61987     -9.35111
    35.39352     20.07430    -13.66265
    23.80005     35.67082    -11.88787
    42.48986     28.47150    -12.27779
    59.45470     56.11050    -10.11790
    23.52800     19.46980    -17.71530
    40.90195     38.49840     -9.39552
    52.66162     43.12521    -13.25367
    19.91593     23.62132     -9.35165
    48.74304     48.21461    -15.21017
    36.34840     28.48200     -9.93870
    48.18280     45.75510     -8.67390
    32.96240     26.56410    -20.26920
    49.49357     45.78394    -10.39763
    31.87280     20.59970    -17.55220
    41.84140     25.26080    -20.14920
    44.15820     51.70280    -22.33160
    33.35790     36.18270    -17.70980
    41.57177     28.95585     -8.20729
    18.95074     30.93039     -9.68444
    20.02410     22.10390     -7.02840
    23.85310     18.00990    -15.17350
    42.65334     30.21255     -8.11247
    29.19120     22.91110    -11.09790
    51.14867     44.71198    -11.17143
    29.25144     42.74738    -15.51105
    50.03530     44.92620    -13.30080
    16.24830     26.70990     -7.07820
    53.32420     54.76923     -8.02672
    53.32433     54.76901     -8.02638
    22.21750     20.82420     -9.62620
    37.82130     32.74550    -20.33430
    40.73700     52.99160    -11.98560
    36.68323     29.53336     -9.29781
    38.33250     26.83410     -7.76300
    28.99095     39.65125    -11.23817
    52.60423     41.27169    -13.96866
    26.55960     20.74203    -12.22204
    37.08378     30.71468    -18.53341
    26.51926     20.72424    -12.30948
    32.88900     42.85680    -13.01050
    45.37293     40.84169    -13.05530
    45.26326     46.33181    -26.61551
    43.33410     56.46680    -13.13940
    34.97370     17.34560     -5.57550
    33.58005     44.62218    -12.44090
    24.61870     19.79740    -14.35230
    36.50520     29.28750    -14.72760
    43.69141     36.36326     -8.30210
    21.19778     23.54735    -10.69305
    31.65762     26.52644    -10.96579
    47.66823     43.73744     -8.21183
    36.58313     24.37234     -8.96456
    36.58303     24.37236     -8.96468
    31.29430     30.16740     -7.57300
    20.78430     28.26350     -8.84910
    51.41240     51.50900     -9.36490
    36.03768     21.13009    -15.45632
    31.35842     43.84522     -9.54579
    21.58540     22.68880    -11.47979
    55.73542     56.28601    -14.59060
    55.73545     56.28652    -14.59103
    53.89241     55.84141     -8.67560
    39.33679     32.37408     -8.74757
    35.81139     20.07949    -17.41024
    56.64770     48.03960    -16.63710
    35.66272     28.01377    -12.26735
    28.68840     20.99970    -11.78360
    54.20531     53.17074    -11.72891
    27.50246     26.71566    -23.59692
    39.33730     32.37409     -8.74738
    27.50254     26.71574    -23.59698
    49.02481     42.13177    -10.26289
    39.88480     44.21870    -21.71450
    55.73552     56.28691    -14.59135
    42.05043     37.11285    -11.41761
    25.96771     20.52861    -13.31065
    37.36669     29.74397    -10.95950
    17.47130     26.22080    -16.68800
    42.67685     34.64462    -11.83193
    42.67678     34.64506    -11.83214
    23.15033     37.08632     -9.33005
    53.61044     52.48999     -8.41528
    37.91520     46.93580    -17.84970
    48.11973     50.29085    -12.29251
    50.16260     43.80664    -10.65996
    23.18780     21.37000    -10.45080
    43.52776     41.16106     -9.69916
    53.75052     45.74923    -13.46445
    21.08920     24.26700     -8.87600
    49.30090     34.96451     -9.37259
    21.47255     23.94076    -11.12158
    16.70280     28.13760     -8.25010
    35.39138     20.07870    -13.66234
    23.80015     35.67088    -11.88793
    38.88730     32.82940    -13.76680
    30.22980     15.70690    -15.74770
    43.41415     28.18172     -9.84915
    36.03770     21.13001    -15.45681
    35.16500     31.33740    -20.25100
    21.86010     30.31000    -12.24100
    48.79858     35.54781    -11.75855
    53.40133     50.12727    -11.84223
    45.79350     49.08670    -22.09160
    47.66831     43.73760     -8.21235
    31.36523     44.43298     -9.43196
    34.82790     33.64310     -7.66290
    23.13100     35.61900     -9.25200
    29.77352     43.37428    -13.04219
    43.37440     57.70320     -9.08090
    40.30490     24.11620     -6.60510
    46.73820     44.13290    -14.70880
    59.83616     52.32755    -10.31532
    51.89418     46.54812    -11.24087
    42.18690     38.59910    -13.81000
    50.06927     43.90677    -10.58636
    38.30370     23.94830     -8.91820
    52.33880     49.18170    -12.15110
    36.03766     21.12998    -15.45718
    32.35380     44.35800    -12.54240
    33.52463     26.10797    -11.02518
    31.62260     37.76740    -24.24120
    31.65670     26.49830    -13.11930
    41.31760     52.31690    -14.82860
    39.96140     37.24210     -9.47670
    53.40096     50.12667    -11.84219
    49.89055     57.92054    -23.95197
    17.98576     26.06317     -6.14947
    51.97980     66.01210    -13.33990
    18.46230     24.44990     -8.45210
    31.13560     42.58925    -13.53935
    27.63138     38.85461    -11.75972
    50.97420     64.75490    -13.94920
    52.62240     59.43380    -24.33510
    55.63265     64.45695    -22.35677
    39.75890     31.97410    -11.77980
    45.19675     37.90300    -13.15851
    26.29670     37.49390     -9.91120
    41.41570     53.02850     -7.48610
    45.56780     26.47630    -13.16380
    39.40110     40.90210     -9.53460
    30.33820     37.81790    -19.32930
    32.82340     36.71140     -9.76700
    40.43692     55.16754     -9.91800
    42.66820     30.30511     -8.04060
    39.18955     29.27318     -9.74093
    45.87200     42.71960    -10.18740
    48.93467     42.31475    -10.11125
    47.04030     45.06744     -9.21064
    26.49018     20.70635    -12.38687
    41.30960     24.86390    -11.86560
    29.77782     36.31495    -13.51163
    32.89452     22.17808    -10.47451
    48.34285     42.60062     -9.56208
    22.03115     25.95569    -11.71359
    33.04490     37.15200    -15.08230
    30.66160     41.06190    -14.08760
    37.81780     32.79150     -8.25670
    18.32044     31.36844     -8.71571
    30.75430     38.13270    -23.40750
    40.25120     26.42010     -8.33950
    44.09874     36.57211    -12.42037
    41.88018     29.33890     -7.58720
    41.88325     29.17341     -7.72131
    17.06647     27.42322     -5.46606
    18.40350     23.62630     -6.44820
    26.89212     38.64375    -12.38015
    35.57030     35.98860    -13.81830
    45.19750     36.58100     -8.19230
    47.04650     43.26580     -8.80150
    59.83537     52.32670    -10.31211
    39.33711     32.37408     -8.74708
    31.36378     44.42993     -9.43402
    19.30420     23.76400     -5.94350
    23.15820     21.42410     -5.53430
    30.78752     42.64889     -9.60557
    51.12954     44.70257    -11.16130
    51.68120     45.29327    -11.31135
    23.59760     29.32030    -13.29600
    42.67724     34.64055    -11.83132
    48.34204     42.60039     -9.56712
    34.92641     36.01131    -17.26181
    24.86780     14.60160     -8.73950
    41.56000     30.76964    -14.76944
    51.58271     58.18752    -19.00213
    41.77705     28.86565    -14.29277
    36.03768     21.12995    -15.45687
    23.18240     23.62950    -12.90730
    33.52460     26.10800    -11.02517
    29.57350     28.33810    -19.65320
    48.79140     41.78940    -15.56950
    39.40698     53.41590    -11.58507
    49.79440     54.26780    -26.21010
    51.48993     49.75201     -9.88012
    51.48992     49.75192     -9.88067
    51.48992     49.75192     -9.88041
    43.92220     35.09830     -8.69060
    64.62510     57.33450    -26.74960
    41.36652     29.40263    -16.77045
    40.38353     32.68682    -14.62886
    37.48920     37.95930    -10.00680
    30.24730      9.53290    -16.80930
    40.86957     27.33231     -8.05403
    42.79798     39.66358     -6.47764
    36.03766     21.13004    -15.45680
    43.91020     33.15360    -16.14580
    41.15710     25.76320    -17.02690
    30.90720     34.38270    -13.68510
    30.33207     32.13271    -16.13099
    56.27390     53.54740    -12.86100
    33.58380     46.17160    -13.62680
    16.49600     29.29630    -16.03870
    42.63784     34.48556    -11.81632
    53.74980     45.74721    -13.46451
    48.07133     39.97752    -14.69840
    33.52457     26.10829    -11.02530
    51.92002     52.42559     -7.44563
    40.34782     33.20596    -11.20032
    53.32429     54.76935     -8.02602
    29.65260     35.21490    -15.62790
    33.52437     26.10856    -11.02548
    56.08781     65.61326    -22.66296
    48.49394     49.56604    -11.51577
    47.53373     33.91241     -7.81497
    40.12900     23.35350    -20.44900
    22.88435     22.91869    -12.47060
    25.35550     39.39550    -15.87860
    23.45720     25.47900    -13.28050
    30.19360     15.51390    -22.92640
    28.38260     18.26430    -13.36990
    37.71168     21.22877    -17.09983
    19.91491     23.62095     -9.35134
    47.86562     35.18053     -7.48933
    26.75160     38.22064    -12.27684
    52.43970     64.98020    -23.98260
    32.50783     42.61116    -11.27816
    41.98760     42.60780    -23.76900
    45.37299     40.84302    -13.04836
    26.79675     38.48339     -9.68660
    45.37290     40.84310    -13.04848
    33.00160     37.30590    -17.48690
    45.03790     49.15630    -27.34960
    33.87230     31.44090    -13.88690
    41.92280     30.94300    -16.50350
    26.55964     20.74215    -12.22140
    31.35443     43.87527     -9.54372
    30.33182     32.13285    -16.13087
    40.92580     27.62060    -20.48360
    43.13800     38.74330     -8.40660
    37.77550     45.24520    -21.96600
    37.74650     30.73250    -21.58330
    49.01080     57.13290    -22.80250
    42.88980     26.81090    -14.48280
    52.01929     47.95361    -10.49974
    31.68526     35.87855    -15.42696
    31.68551     35.87859    -15.42660
    36.05150     36.83580    -16.65510
    43.61940     55.57070    -14.36970
    41.73150     38.22390     -6.33720
    45.54160     35.85340    -10.33930
    40.43672     32.76022    -14.70934
    42.49282     37.82981     -6.33738
    42.54574     28.60338    -11.67677
    37.51451     32.66003    -12.41695
    42.39125     33.72505    -12.14629
    46.61505     46.32655     -6.55378
    47.58978     37.77205     -9.63410
    40.43677     32.76019    -14.70950
    40.38408     32.68743    -14.62941
    50.31557     43.61843    -10.80240
    32.02910     31.05970     -8.60630
    31.45265     34.22659    -16.14316
    34.51110     24.52160    -19.07710
    53.08078     44.11025    -12.03542
    44.85100     42.72200     -5.11700
    55.23120     49.96620     -3.99030
    32.45150     26.30710     -7.97960
    39.20539     31.52781    -14.60848
    35.52572     18.40322    -14.43738
    48.11741     50.29066    -12.29887
    39.73112     54.15830    -10.51559
    35.16160     27.68090    -14.81930
    48.11782     50.29074    -12.29796
    33.38660     39.33160    -21.26650
    48.73470     61.40290    -11.50270
    35.90560     30.36360    -10.71670
    18.32045     31.36825     -8.71515
    44.07740     34.40930     -7.68060
    49.49341     45.78283    -10.39581
    41.85984     27.46679     -8.30598
    45.90201     59.31922    -16.49405
    27.69900     39.58950     -6.07220
    53.74990     45.74739    -13.46441
    36.85830     28.50460    -18.88580
    34.05280     30.90560     -8.18960
    28.71748     37.84388    -15.29973
    40.92780     36.06200     -8.53970
    33.55188     38.16512    -17.83590
    37.70360     49.41179    -13.17362
    36.14400     37.72220     -9.44070
    16.01460     27.88150    -21.06910
    30.77680     27.94290    -10.40010
    40.80300     34.22367    -10.29432
    39.91584     28.22308     -6.74916
    17.98444     26.06121     -6.13875
    50.39170     58.06940    -21.00940
    42.24588     39.75540     -9.86765
    41.02310     53.09650    -10.14700
    36.03682     21.12803    -15.46199
    25.52350     14.22830    -15.46170
    23.25280     28.10120     -9.25690
    31.13218     42.58860    -13.54088
    48.55670     34.15770    -11.53860
    32.99440     14.82930    -12.25890
    40.43020     35.66650    -12.96410
    50.29489     43.66934    -10.76451
    41.44500     25.02200     -7.22820
    36.03810     21.13092    -15.45138
    41.89600     44.71240    -16.53980
    40.40469     32.89864    -11.16765
    34.90510     46.92562    -12.23922
    47.47770     44.19900    -13.70570
    46.66231     39.58229    -14.26991
    25.50421     38.24406     -6.58724
    35.44684     37.02742    -14.52385
    30.05950     34.30720    -13.66450
    49.86885     43.60457    -10.36543
    47.66858     43.73765     -8.21287
    37.73580     28.16890    -15.18040
    37.53750     35.57940    -10.89980
    34.92637     36.01133    -17.26182
    42.67869     34.65444    -11.84095
    37.84269     31.36455    -11.02983
    43.83539     34.24495    -11.72886
    39.67990     45.18180    -19.60970
    25.58180     33.56560    -13.92480
    26.29395     38.56082    -12.74841
    53.06869     51.52942     -7.41665
    22.64780     24.30780     -8.40420
    43.63233     33.69398     -8.23475
    52.72790     53.25290     -7.06790
    49.02471     42.13827    -10.25963
    33.96570     44.16231    -10.00212
    55.63670     51.39410    -13.11830
    39.33704     32.37410     -8.74796
    20.84940     19.39410    -12.48970
    37.12710     19.25490    -13.25670
    38.39803     31.46041     -7.61076
    21.58518     22.68918    -11.48102
    39.41130     29.35850    -24.47000
    29.23350     19.06460    -10.50650
    43.63241     33.69400     -8.23484
    51.12380     41.97430    -14.62060
    43.79334     35.22997    -13.94179
    40.27611     55.19110    -10.22480
    30.85250     26.72530     -8.67040
    39.91542     28.22197     -6.75045
    39.12410     54.15180    -12.24050
    40.36550     34.36050    -14.79840
    20.01286     24.73844    -10.82228
    41.88121     29.30770     -7.61179
    36.03778     21.13021    -15.45733
    36.03767     21.13000    -15.45611
    49.13010     49.32940    -10.31950
    43.94640     28.53020    -14.08800
    28.97473     39.63498    -11.25029
    53.81820     51.38760     -9.57130
    23.59596     24.41773    -13.95227
    44.78650     33.24100    -14.99930
    53.29760     56.71430    -24.11930
    48.07147     39.97778    -14.69810
    41.77696     28.86573    -14.29338
    42.24577     39.75374     -9.86660
    53.06853     51.52925     -7.41694
    49.85750     46.81460    -14.13820
    26.64239     20.79698    -11.98081
    35.57729     29.23177    -10.18437
    52.17710     64.52120    -13.20430
    63.63890     59.54110    -21.47440
    43.87240     46.62340    -23.87660
    28.69250     38.77950    -13.45680
    41.91460     29.79770    -13.38820
    33.34662     47.42604    -11.88912
    51.89454     46.55098    -11.24394
    35.80220     28.99540    -18.40000
    50.21050     49.60490    -15.33280
    37.90818     41.26980    -18.39868
    37.36671     29.74383    -10.95970
    35.28414     30.73454    -12.96146
    49.22880     39.52600    -14.66970
    36.27750     25.57693     -8.46899
    35.28425     30.73438    -12.96181
    41.07930     38.99670    -13.70690
    18.08720     28.36950    -18.64750
    52.98931     48.05911    -12.47821
    48.79835     35.54773    -11.75857
    40.36930     28.90750    -11.08900
    48.11745     50.29089    -12.29905
    27.35514     38.82480    -12.08565
    57.84320     56.62030     -7.86500
    26.79542     38.65262    -12.46676
    59.59970     51.27030    -15.21760
    36.63240     51.07660     -5.95940
    42.06302     28.89641     -7.77411
    17.06564     27.42224     -5.46624
    32.89458     22.17812    -10.47499
    35.58510     32.54980     -7.27980
    38.44290     46.34840    -21.20660
    39.34200     34.16610    -12.78820
    23.14907     37.08691     -9.32627
    39.81800     33.21350    -19.45400
    35.21890     16.95400    -12.52680
    38.42350     27.61940    -15.55980
    48.79872     35.54801    -11.75870
    38.27440     28.36460    -17.94510
    33.90460     29.79770    -20.04260
    22.59080     34.26580    -11.52790
    35.24623     30.86976    -13.02366
    58.10880     48.58530     -9.03170
    51.89342     46.54315    -11.23620
    43.22579     31.79394     -8.32738
    22.37170     22.43420    -14.22210
    32.37460     46.64870    -12.03440
    42.40655     26.54360     -9.23219
    37.84256     31.36430    -11.02966
    40.71826     31.38739     -7.66558
    42.91500     31.80250    -17.05960
    41.93297     54.28082    -10.55201
    40.60200     44.28370    -25.14600
    43.63256     33.69392     -8.23451
    32.83460     26.90890     -6.82700
    42.32370     32.06870    -11.35800
    43.41330     36.47810    -13.21160
    24.95080     36.45080    -12.90720
    42.40645     26.54340     -9.23184
    33.49244     26.17415    -11.07370
    29.32187     20.42589    -13.19566
    33.55116     38.16498    -17.83444
    28.89630     24.24160    -22.32350
    49.30100     34.96429     -9.37281
    43.04607     32.84246    -13.67769
    26.52425     20.72907    -12.28761
    29.84243     36.31254    -13.47219
    55.73556     56.28659    -14.59159
    23.14944     37.08653     -9.32723
    32.46019     24.84500    -10.80751
    47.11350     57.17400    -19.60400
    36.69738     48.02465     -9.76188
    16.29530     25.38540    -13.04020
    52.06020     59.89710    -22.93630
    14.74470     26.86100    -13.31690
    41.28810     33.63060    -11.38810
    51.89147     52.43349     -7.64723
    54.22000     47.13320    -12.60330
    34.09500     14.30000     -5.67740
    37.33940     29.20870    -21.84140
    35.31170     42.41710    -24.22580
    40.40431     32.89722    -11.16899
    30.12750     13.82510    -22.58130
    49.41710     57.60880    -20.40500
    60.87456     54.62138    -24.10448
    52.17110     48.81070     -7.24050
    22.40970     21.39250    -11.10800
    45.74948     37.36360     -9.68398
    51.80638     41.86684    -12.68752
    40.91060     34.23550    -16.75230
    21.87920     21.46820    -19.03910
    45.26324     46.33188    -26.61561
    50.96330     47.55530     -7.77730
    25.71450     39.31980     -9.21900
    44.92470     31.47050    -10.29290
    35.52568     18.40318    -14.43762
    50.59785     64.47797    -23.91899
    46.61505     46.32635     -6.55382
    43.92690     43.35860    -25.81570
    43.22591     31.79396     -8.32752
    58.74370     56.50450    -10.61200
    48.30499     42.61964     -9.48665
    28.98548     39.64589    -11.24214
    50.68396     59.11990    -23.82798
    30.24789     19.45462    -12.68506
    45.71323     39.84774     -6.73364
    50.80774     40.77142    -12.11265
    48.93217     42.31542    -10.11112
    48.80923     42.29156    -10.04709
    36.27713     25.57617     -8.46839
    41.36637     29.40245    -16.77075
    25.08210     22.76080    -15.26680
    28.78740     41.21090     -5.31540
    42.48784     28.46280    -12.31538
    42.67546     37.79886     -7.36844
    49.74570     36.85981    -12.31825
    39.87120     35.15080    -13.55630
    55.58560     48.26350    -15.06370
    33.55978     26.03503    -10.97192
    38.24078     31.40656    -19.52742
    24.88740     35.81880    -12.08690
    36.51050     41.11700    -17.67680
    27.37580     19.40650    -13.56040
    43.61260     47.63450    -22.50900
    51.40598     45.00121    -11.22956
    57.58050     64.72880    -20.73380
    20.01280     24.73841    -10.82280
    37.94368     29.57722     -8.72532
    20.01264     24.73824    -10.82233
    30.22946     36.29658    -13.23561
    27.60050     32.67590    -17.18070
    48.55075     42.50259     -9.76394
    35.72221     28.06338    -12.61574
    47.62420     47.50910    -26.54980
    40.44520     32.57379    -11.19398
    32.49140     46.06630    -14.73250
    17.48372     26.19804     -8.60874
    44.50213     40.32559    -13.21813
    36.28260     48.65140    -11.37600
    38.92830     32.46170    -20.73760
    32.75480     44.79920     -8.86670
    41.09240     40.21000    -10.34990
    25.31082     21.19167    -12.82072
    31.65530     31.13650    -12.12480
    36.69930     22.92220     -7.11420
    55.24880     46.48730    -15.04450
    32.63032     45.13331    -13.61308
    35.73771     28.14738    -12.80398
    48.01820     39.04500    -10.59740
    48.31971     40.05234    -10.69446
    35.91500     29.45310    -13.74450
    45.81940     50.76700     -8.41320
    42.61585     28.72516    -11.08323
    39.94450     33.59470    -15.11710
    21.51555     24.00403    -11.19281
    40.86759     27.33756     -8.05074
    44.50207     40.32561    -13.21857
    37.48008     32.64234    -12.22786
    36.66890     25.06560    -12.30700
    49.71470     61.23100    -21.37650
    25.45570     37.62070    -12.37960
    33.55126     38.16491    -17.83467
    27.52997     38.85014    -11.88963
    28.60700     35.49150    -11.00160
    39.62240     33.09510    -16.80600
    35.74300     31.87480     -8.37430
    35.20723     20.27203    -13.86431
    30.12240     27.94340     -5.97000
    31.22390     22.78460     -7.89610
    29.63310     27.52730    -12.52930
    35.81160     20.07861    -17.41345
    34.06720     18.10510    -11.82880
    52.66158     43.12509    -13.25393
    15.16281     27.79372    -12.49539
    29.28821     33.61490    -11.59911
    31.75200     20.96740    -12.66180
    28.34960     22.73430    -11.34640
    36.71302     34.25576    -12.09361
    51.60364     45.21430    -11.28326
    34.71622     45.18481    -13.17685
    38.94700     35.32140     -8.27030
    29.77785     36.31514    -13.51220
    31.66591     21.75295    -11.38988
    31.68471     35.87840    -15.42772
    24.65100     21.18370    -14.69410
    29.28826     33.61679    -11.60109
    28.01250     36.51400    -17.31020
    25.43800     39.56780    -13.07590
    53.30030     40.94150    -15.02380
    46.68706     32.79872     -6.87195
    46.68693     32.79863     -6.87203
    46.68711     32.79865     -6.87203
    25.84970     37.40030     -8.33290
    46.00440     61.43460    -21.12490
    53.61036     52.49011     -8.41512
    29.25146     42.74752    -15.51085
    36.17300     48.72740     -8.15300
    46.99550     34.16610     -9.91470
    50.31742     43.53816    -10.82854
    18.17360     26.44880    -13.23670
    35.48920     49.55510     -6.83640
    53.08092     44.11005    -12.03538
    53.89249     55.84119     -8.67560
    54.29500     49.71630    -11.49200
    36.11270     45.26220    -17.48320
    44.42800     43.26040    -10.56210
    18.22420     26.13560    -10.30060
    45.27520     43.31500    -11.30130
    29.84211     36.31231    -13.47278
    37.51466     32.65978    -12.41820
    35.56906     27.91327    -11.68541
    43.41440     28.18198     -9.85034
    27.78770     28.79800    -19.31580
    54.20539     53.17046    -11.72909
    33.41670     41.00530    -19.54690
    47.67550     35.34070    -11.09520
    35.40960     36.15610     -7.26410
    52.60118     41.26349    -13.96237
    26.69596     38.57183    -12.47125
    23.59618     24.41786    -13.95203
    35.15930     33.41870    -13.77510
    29.84271     36.31227    -13.47202
    39.22560     43.62550    -27.10760
    45.74922     37.36350     -9.68372
    42.64220     57.91170    -11.87480
    58.27590     48.50580    -21.62960
    15.16289     27.79388    -12.49581
    46.10152     43.26734     -7.49855
    31.45284     34.22658    -16.14383
    50.03679     44.06393    -10.58135
    41.31240     33.17750     -8.21680
    34.83701     45.78276     -9.19489
    41.94180     29.07553     -7.74494
    31.13550     42.58926    -13.53903
    42.35234     33.67606    -12.23013
    36.03769     21.12994    -15.45612
    35.67950     28.05134    -12.39823
    35.29265     36.94014    -14.40637
    45.42410     53.69910    -18.28400
    33.57340     31.86200    -10.78330
    36.47630     26.76740    -12.25440
    34.90490     46.92558    -12.23948
    51.89506     46.55390    -11.24623
    35.54890     23.84040    -10.64570
    23.16380     34.64120    -10.43160
    22.03109     25.95607    -11.71356
    43.80180     33.95610    -13.87500
    25.37660     34.78060     -9.73300
    33.47690     25.76140     -8.52640
    59.74590     54.17599    -21.67710
    59.74610     54.17611    -21.67760
    42.60902     28.71870    -11.12501
    42.62792     28.74667    -10.98501
    42.35253     33.67685    -12.22912
    18.13660     24.28790    -14.47240
    20.10430     22.30070    -18.06400
    31.65200     37.81280    -17.97280
    41.96370     34.84260    -13.72640
    37.71182     21.22863    -17.09987
    23.89830     23.17180    -12.25690
    51.60337     45.21521    -11.28134
    28.99709     39.65787    -11.23392
    32.63031     45.13324    -13.61267
    32.63035     45.13335    -13.61266
    33.54885     38.16469    -17.82888
    33.98590     27.81760    -10.62090
    35.85963     46.71175     -9.36031
    23.98760     27.03520    -18.04650
    22.81868     35.75206    -11.43491
    50.25920     43.63440    -10.74858
    37.84255     31.36445    -11.02951
    42.87501     34.82042     -7.71533
    42.61415     28.72668    -11.08596
    51.26349     51.00255     -7.37886
    43.55830     40.48090     -4.81850
    16.72220     26.36500     -9.86960
    43.79385     35.23048    -13.94126
    33.94190     48.43720     -9.26220
    25.31088     21.19163    -12.82038
    23.14934     37.08668     -9.32723
    29.99220     36.15260    -15.69850
    36.78370     30.24430     -7.26690
    27.46950     21.05010    -13.79130
    22.11080     35.81240    -10.03390
    34.34260     25.38720     -8.32890
    47.86538     35.18057     -7.48967
    34.60750     38.02690    -21.63930
    18.95076     30.93051     -9.68476
    43.83531     34.24495    -11.72894
    63.63940     57.09060    -22.95500
    37.89978     44.14489    -23.53812
    28.79540     42.26900     -5.23270
    54.95650     45.64500     -8.92050
    40.02920     31.29820     -9.37230
    47.58964     37.77202     -9.63457
    33.24299     32.65480     -7.69554
    29.77764     36.31522    -13.51299
    35.09180     33.91190    -18.83450
    27.39914     38.83106    -12.03571
    47.53367     33.91259     -7.81463
    38.81100     22.74720    -10.33140
    37.47415     32.63922    -12.19490
    41.17830     32.06140    -12.24380
    48.03750     49.49930    -22.54640
    39.49306     27.73295    -14.62402
    40.30390     33.41528    -11.23890
    37.04380     27.16410    -22.02845
    19.53190     29.85280     -9.96690
    34.69810     33.59550    -16.31990
    35.81153     20.08405    -17.40080
    51.10622     44.69348    -11.14643
    42.62080     34.45400    -11.88294
    31.13650     42.58938    -13.53862
    35.19043     31.07281    -13.11911
    49.81376     44.30658    -10.50884
    34.34070     45.23720    -10.94800
    32.04260     44.71850     -5.76230
    32.26410     14.60940     -8.98340
    49.02601     44.18387    -12.72556
    46.91000     34.96830    -10.59250
    56.11370     65.20130    -24.32300
    54.04540     50.53200     -8.91750
    36.69727     48.02495     -9.76163
    25.23250     22.06810    -12.32240
    34.71557     45.18466    -13.17676
    48.69890     45.74370    -18.25660
    27.16220     41.81880     -6.56650
    39.99460     35.01500    -10.09830
    45.10129     42.89083     -7.65904
    18.70050     31.93540     -7.73090
    22.41080     34.20410    -13.61540
    36.68342     29.53332     -9.29815
    18.52950     28.89560     -9.05130
    24.61980     38.97760    -13.19020
    26.46779     20.69402    -12.44295
    35.85961     46.71302     -9.36058
    48.79799     35.54713    -11.75841
    40.90445     38.50257     -9.39862
    22.81882     35.75214    -11.43519
    35.60650     34.44040     -8.91420
    28.71722     37.84392    -15.29957
    34.95460     29.07880    -16.89440
    38.19730     27.22970    -12.56530
    18.82420     23.49530    -13.60770
    22.09320     20.36050    -13.91980
    50.86240     63.58390    -10.17290
    43.41396     28.18162     -9.84860
    28.47760     34.78550    -12.31300
    36.58312     24.37227     -8.96473
    26.76223     20.87950    -11.63583
    58.57973     48.98166    -10.47190
    45.71317     39.84796     -6.73356
    39.32370     35.12960    -22.01330
    25.71730     24.01840    -14.62910
    47.04010     45.06746     -9.21096
    34.02739     43.03408    -17.38524
    23.89290     30.19230    -17.38090
    31.32785     43.77397     -9.58699
    46.66222     39.58221    -14.26995
    55.73549     56.28636    -14.59095
    59.65050     54.93570    -20.09180
    58.57977     48.98164    -10.47160
    56.12880     66.11570    -20.89740
    51.22544     38.93514    -13.14374
    43.69132     36.36341     -8.30260
    41.24120     51.32250    -16.82890
    40.14180     50.56540    -15.18710
    46.31780     59.10500    -13.12020
    19.91541     23.62112     -9.35170
    19.91542     23.62109     -9.35118
    37.70360     49.41108    -13.16794
    49.62000     41.68430    -14.51880
    26.80898     38.46930     -9.94237
    29.11120     15.29010    -10.75820
    51.22546     38.93523    -13.14361
    31.45355     34.22664    -16.14123
    46.04730     45.19440     -7.92790
    48.74369     48.21524    -15.21270
    50.08300     56.19730     -9.08960
    34.02741     43.03402    -17.38546
    42.66826     37.80642     -7.32759
    48.49386     49.56606    -11.51563
    19.44520     22.35050     -8.15680
    31.65748     26.52626    -10.96611
    24.11910     31.65590    -14.19770
    48.34233     42.60057     -9.56468
    51.58279     58.18768    -19.00167
    29.89900     39.27480    -15.11640
    34.53309     31.05611    -10.45261
    34.71626     45.18499    -13.17737
    38.65150     30.00710    -10.12700
    34.26213     48.33168    -11.42728
    21.19695     23.54758    -10.69544
    50.88464     40.82346    -12.14406
    40.98180     37.92530    -10.96230
    18.66220     28.18290    -10.38880
    41.27026     35.32925    -11.76693
    25.60848     22.64290    -13.36732
    54.00120     64.80940    -19.34930
    50.52405     45.71830    -11.12375
    38.24092     31.40634    -19.52708
    30.50810     19.00410     -7.59800
    40.90583     38.50485     -9.40041
    42.33865     33.66014    -12.25923
    50.68384     59.12000    -23.82752
    26.69602     38.57565    -12.49324
    32.45010     24.86702    -10.77680
    19.91350     26.11470     -7.88740
    50.20275     43.73635    -10.68262
    25.50419     38.24384     -6.58716
    51.07740     53.31000    -15.06350
    41.27024     35.32905    -11.76677
    56.56050     60.99320    -19.21710
    37.85840     28.20460    -11.24300
    41.93244     54.28072    -10.55011
    45.03290     31.48270    -15.08140
    52.15470     38.42500    -10.76880
    33.34688     47.42596    -11.88918
    58.97410     64.07940    -21.15830
    37.89982     44.14501    -23.53818
    37.59620     40.27070    -19.39160
    50.61052     56.88193    -25.28206
    45.19665     37.90320    -13.15889
    27.23190     17.19050    -14.70600
    53.36529     43.90345    -13.94332
    45.85810     52.15090    -21.02200
    37.25960     27.95640    -22.01910
    19.13160     31.02494     -7.01692
    32.05500     23.83890    -10.58500
    42.87479     34.82058     -7.71497
    17.98494     26.06383     -6.14692
    54.65646     49.97908    -13.53241
    43.14430     38.52590    -12.33230
    16.96380     23.96540    -10.14870
    42.24510     42.06147     -9.20887
    26.80230     12.92620     -8.95300
    49.74593     36.85887    -12.31784
    34.81330     49.53270     -5.64460
    40.86687     27.33943     -8.04989
    32.99360     28.94420    -10.75110
    50.16841     43.79201    -10.66685
    32.44330     24.88189    -10.75609
    43.41354     28.18208     -9.84851
    41.77709     28.86583    -14.29275
    15.83380     25.39500     -6.60680
    51.33430     57.48930    -23.73610
    37.51474     32.65966    -12.41799
    33.58116     44.62252    -12.44303
    31.38015     43.72716     -9.54780
    46.83490     37.87160    -15.19710
    35.23800     30.89810    -13.03624
    45.07233     42.87255     -7.66156
    42.74888     37.63702     -7.69485
    38.78060     41.50510    -18.19780
    36.03764     21.12999    -15.45723
    51.92818     52.42356     -7.39330
    20.62090     25.06050    -19.23630
    33.65130     44.65387    -12.54052
    53.48750     42.70070    -14.91330
    33.55136     38.16505    -17.83504
    64.60260     55.96750    -25.49600
    57.67482     47.79070    -16.97684
    26.69442     38.56878    -12.48097
    55.10430     56.03850     -8.77580
    33.95695     26.32749    -20.44477
    21.58497     22.68993    -11.48351
    22.82200     26.60730    -12.68810
    19.21470     27.23210     -6.58750
    19.58391     27.42143    -14.39117
    28.08980     24.34570    -15.65960
    34.87390     32.59390     -6.96700
    25.12850     32.76800    -17.31850
    21.58501     22.68958    -11.48223
    54.87127     47.02025    -13.75221
    48.74850     56.08120    -23.80340
    34.86110     25.91790    -13.95890
    49.30620     64.84760    -26.27330
    31.26960     42.03460    -10.31950
    23.59615     24.41791    -13.95210
    60.42100     50.59010    -20.36510
    51.80915     52.45199     -8.26699
    35.57703     29.23174    -10.18442
    19.07150     25.24200     -9.09370
    52.86470     46.89590    -11.89150
    40.02470     24.98110    -13.12710
    21.56957     24.08251    -11.27963
    49.89035     57.92046    -23.95143
    58.90550     50.36640    -17.29480
    43.05960     37.79990    -12.10010
    24.61480     34.10060    -14.12640
    25.89790     32.00640    -13.19250
    31.33950     24.58480     -7.06100
    59.48777     50.90789    -10.47482
    52.60231     41.26652    -13.96476
    42.03249     37.05370    -11.49250
    42.40290     27.14730    -11.33240
    31.37160     34.32400     -9.00520
    50.19370     62.41980    -26.10540
    40.54080     41.92350    -11.80240
    47.95640     38.70150    -15.20240
    18.09360     27.16690     -5.57140
    30.33183     32.13282    -16.13083
    52.98919     48.05929    -12.47779
    19.13160     31.02486     -7.01628
    50.96990     40.88482    -12.17599
    34.53297     31.05633    -10.45208
    35.85946     46.71199     -9.35894
    33.96590     44.16239    -10.00198
    44.37590     30.46530    -13.50520
    29.32176     20.42548    -13.19614
    43.79387     35.23061    -13.94115
    28.35226     25.00347    -14.08842
    49.83630     62.97820    -21.28470
    59.48773     50.90771    -10.47488
    38.40650     49.43370    -10.64190
    49.02619     44.18363    -12.72584
    41.00810     31.56480    -19.21380
    30.24800     19.45455    -12.68558
    53.74948     45.74631    -13.46439
    17.96458     27.93043     -7.57084
    39.77640     26.12720    -22.34250
    37.56120     24.48320     -6.56660
    40.80285     34.22369    -10.29428
    51.53450     42.60210    -12.15950
    30.33189     32.13282    -16.13082
    45.73892     42.08883     -7.66992
    42.79802     39.66332     -6.47736
    49.14177     42.37416    -10.11810
    39.82010     45.91080    -17.82930
