    -7.01039     29.82070
    -0.43421     59.95931
     0.38803     59.51784
     2.57487     58.02434
    -6.96130     29.76816
    -4.20660     42.49805
    -3.88106     42.52507
    -4.21603     42.81080
    -2.28264     53.78367
    14.51780     66.77455
     8.39099     65.59661
     7.88005     65.43261
    -6.86929     30.30498
     8.00486     66.85576
     7.96766     67.24264
     7.99795     67.34481
     8.04338     67.39263
    -1.13517     24.21169
    -0.86370     43.60302
     1.86212     52.96603
     1.57906     53.35739
     1.88859     53.12724
     0.37523     41.02169
    -1.16536     24.07895
    -1.22429     24.16857
    -1.16520     24.30221
    -7.35742     29.82602
    11.95341     35.35635
    12.07262     35.10024
    12.37416     35.05105
    -7.01419     30.04117
    -7.10167     29.88546
    -6.92254     30.03520
    -1.80846     33.05950
    -1.76056     33.30959
    -1.41300     33.13625
     5.15229     60.25443
     5.00935     59.60820
     4.99882     59.86323
    -1.11646     23.92373
    -0.66833     43.72685
    -6.30316     41.40302
    -6.80351     30.14467
    13.80712     66.09896
    13.80736     66.13585
    13.51210     65.89574
    13.54692     66.12230
    -3.36795     44.20413
    -1.20693     39.84472
     6.51631     61.88507
     4.71870     32.23298
     5.31875     32.13566
     5.25821     32.15802
     5.17707     32.25229
    -7.17699     29.79664
    -7.34785     29.79877
     1.55036     36.75483
     1.39255     36.99256
     1.57305     36.68044
     1.49503     36.75421
     6.77874     62.63797
     6.99445     64.45005
     7.41546     64.61211
     7.10068     64.55633
    -5.38943     41.39725
    -5.58529     41.45735
    -5.40706     41.34985
    -5.34696     41.48912
    -1.05951     24.58838
    -1.26806     24.57449
    -1.30990     24.64475
     3.44169     60.74483
     2.00799     37.27658
    -1.89353     33.05294
    -2.13779     32.81901
    -0.46667     38.88884
    -6.88254     30.79725
    -6.96403     30.38503
    -7.11308     30.32234
     7.35452     37.35728
     0.87667     55.38203
    -0.46474     41.18393
    -1.75446     41.29739
    -5.36015     39.91404
    -1.29487     24.01132
    -0.66747     41.26191
    -1.46246     41.39871
     4.89993     59.43392
    -0.86946     40.16952
    -1.07419     44.16627
     1.11501     43.13182
     0.18808     43.36764
    -1.25575     24.06997
    -6.26413     41.76257
    -6.48957     41.60387
    -6.06506     41.78542
     2.74839     63.15872
    -5.41970     41.69438
    -7.54957     29.48678
    -7.74755     29.65381
    -0.23862     41.61647
    -0.69931     42.10474
    13.41120     65.54696
    -3.97799     49.89478
    -3.93647     49.84477
    -3.84187     50.05145
     0.87786     65.94842
     0.64144     65.58117
     0.93930     47.32883
    12.63692     34.81554
    -3.24095     25.98385
    -2.95511     26.34924
    -3.12036     25.93819
    -6.17478     28.71140
    -5.73877     28.63057
    -5.93017     28.77180
    -5.89710     29.68931
    -0.56558     44.37351
    12.50451     35.62126
     7.85757     64.63913
    -7.83407     29.10202
    12.72110     39.85293
    -0.62612     44.38934
     5.45850     39.19823
     5.29771     39.13036
     1.26876     56.13304
    -1.37553     44.11963
    -1.56932     42.45570
    -1.38138     42.76572
    -1.38846     42.32878
    -2.03586     53.96953
    -2.39650     53.66950
    -1.93932     54.24199
    -6.91799     30.18535
    14.17644     42.96860
    -1.03797     23.72019
    -1.40638     44.56040
    -1.34961     44.61970
    12.15164     26.54384
     3.53581     49.34162
    -0.43168     42.45087
    12.54950     43.66290
    12.70668     43.13163
    12.71638     43.26127
     6.38071     46.54244
     6.52602     46.50289
     5.78184     48.75474
    -0.89560     40.76315
    -0.79004     40.25247
    -0.90020     40.14842
    -1.86574     31.66430
    -3.79981     50.19692
     5.14660     23.28842
    -2.99519     51.92581
    -5.04533     47.96812
     1.47183     45.61800
     7.61216     56.29158
     7.46844     56.63479
     7.93858     56.46815
    12.04942     31.42820
    12.00467     31.60018
    13.62041     33.17531
    13.70214     32.92448
    13.90107     33.34175
     1.77672     66.95527
    -7.89195     30.08074
    -0.83337     39.89977
     4.28438     23.24460
    11.44148     32.27116
    -6.94669     29.33412
    -0.31130     51.66803
    -0.95530     50.83918
    -0.47594     51.20946
    -0.01646     42.97917
    -0.05608     43.54682
     0.75497     55.17387
    -1.71356     50.41252
    -1.69430     50.44443
    -1.55724     49.76455
    -4.94726     40.66687
    -5.06006     40.33001
    -5.16479     40.75480
     0.05920     40.14859
    -4.29587     48.88603
    -4.01107     48.58008
    -4.23917     48.43785
    -0.34497     51.90603
    -1.36640     45.15424
    -1.62614     32.94300
    -4.94856     35.30851
     4.58563     23.58668
    -1.53174     24.73982
     5.20580     22.81389
    -2.09167     42.56929
    -2.16642     42.52881
     3.95439     52.44676
     1.33308     47.53265
    13.81925     41.84007
    13.76949     41.91254
     0.86540     57.97226
     0.44627     57.33591
     0.41985     57.55827
     0.28683     57.15955
     7.10467     35.75680
     6.95170     36.07655
    -1.50566     53.46619
    12.08449     44.30808
    12.39266     44.01105
     5.34711     36.98482
    -1.09863     38.04308
    -1.26028     53.76127
    12.81159     34.52802
    12.59113     34.95767
    -6.89356     29.16438
    -7.55872     29.03063
     1.68946     47.63732
     1.66188     47.66861
    -3.22310     40.34591
     5.79251     38.67623
    -1.33305     53.24100
    -1.15897     54.08095
     4.15970     52.71459
     3.85069     52.64143
    -3.57267     48.23289
    13.74429     42.56889
     3.35075     22.38393
     3.85223     22.42383
     1.16153     39.30981
     3.44878     49.27409
     5.47911     39.70194
     5.66394     39.51191
     5.77337     39.56649
     1.61846     48.22079
     1.09750     44.55604
    -4.76539     35.06356
    -5.03736     35.06114
    12.06111     34.82391
    -4.03537     47.57540
     2.82714     36.54744
    11.41951     26.37413
    12.47211     26.39554
    12.68288     46.28048
    -4.51211     42.11312
    -4.38108     42.35456
     3.57387     55.67495
     4.44005     24.75019
     6.79658     63.05050
     6.77993     63.26476
    12.86944     34.22570
    -5.27003     41.84624
     6.91717     62.61935
     7.05551     62.29110
     7.74719     37.10894
    12.60684     42.72415
    -0.93620     32.94576
     7.28993     30.17112
    -5.75563     40.19247
    -5.37387     39.87591
     5.41253     63.03775
    12.38280     57.53892
     3.43214     35.99830
    -3.09389     52.05204
     3.52649     22.56760
     8.91473     35.75779
    -3.96484     37.66308
    -0.78440     44.61930
    13.28033     42.45782
    12.94207     42.70249
     7.69422     36.98275
     7.58340     37.44682
    13.22378     32.87896
    13.49009     32.81066
    -4.60274     41.05976
     3.03080     55.61714
    12.07371     36.09496
    11.47246     36.43902
    11.72242     36.50156
    12.25136     36.29867
    -0.46852     41.48437
    -6.27568     36.00955
    12.41742     32.13342
     7.66064     64.81905
     7.26949     64.31562
    12.69576     31.09839
    15.97686     54.08115
     3.18315     53.85309
    12.52506     34.80737
    -0.93511     43.97888
     1.30787     44.88632
    -3.84544     49.26740
    -4.21854     49.04545
     1.55239     54.60068
     0.31156     35.90318
     1.02312     36.24074
    -3.21386     51.79958
    13.39764     42.13461
     6.05430     22.75195
     2.96288     61.20567
     3.60758     62.25725
     2.86597     60.41001
     3.59020     52.04242
     3.90765     51.62133
     8.02799     37.53239
     1.01570     53.91147
     0.84630     53.53951
     1.21304     53.37898
    -2.73856     42.56882
     3.55773     23.47716
    12.06296     44.05443
     1.87355     55.23486
    -1.49541     52.54542
    -1.23123     52.62660
     8.84881     22.99867
    11.62288     37.79695
    11.55313     38.25697
    12.07841     38.11980
     1.15089     55.09457
    -2.89776     53.74055
     3.47102     24.20259
     3.58484     24.15398
    -2.40808     53.78469
     4.98889     37.27704
     5.04440     38.68394
     5.07221     37.23629
     4.36081     22.12453
     4.19072     23.62327
    -3.16447     50.10912
     7.79374     37.23148
     7.55044     37.05014
    -4.06957     38.54097
    -4.16407     37.78013
    13.87790     65.89668
    -1.57307     43.71651
     1.59610     56.75860
     1.50495     56.65895
     7.38515     61.94057
    13.83645     45.76782
     4.97895     44.08012
     0.89154     56.58089
     7.51496     46.76374
     3.72195     53.28990
    -3.55440     50.78519
    -3.51500     50.83341
    -0.48399     40.88672
     0.81093     41.10349
     8.96238     25.84495
     4.54994     23.20072
     4.17283     23.17269
     4.33319     22.80595
     2.97765     44.11724
     3.01199     43.71110
     0.73530     55.02771
     4.60706     23.42230
     4.81415     23.54520
    -0.74132     55.55333
     7.36496     36.48881
     1.08997     39.48192
     8.95725     35.13252
     4.02231     52.20863
    -6.60015     41.60817
     1.77512     56.02862
     1.59283     55.73561
    -2.72893     37.19746
     2.00783     48.25968
     9.56432     54.34238
    -3.38640     30.97372
    13.27399     42.55975
    13.73386     42.12275
    13.63574     42.41283
    13.75519     42.61783
     1.14844     55.63865
    13.35222     32.79398
    -1.11008     37.87349
    -3.49097     44.29010
    -1.75652     38.85704
    -4.76924     44.40751
     1.00866     53.50109
    16.31123     54.79074
    -5.52270     41.89019
    -5.37910     41.60777
    -5.50319     40.38004
    -4.83535     48.00132
    -4.80498     47.62764
    -5.01350     47.92262
     1.31332     23.45534
    -7.21879     30.38181
     4.70472     39.05520
     7.41054     62.53188
     7.26416     35.07250
    13.68656     42.23498
    -3.19969     42.18871
     3.75155     53.51795
    12.50825     35.63000
    -1.62652     43.02420
    -2.04577     34.77899
    -6.66804     29.18510
     0.91394     54.59587
    -0.77624     55.84699
    -2.87377     34.74705
    -7.75086     29.80782
    12.55576     39.69526
    12.97921     39.32481
     8.03830     23.85832
     6.30429     62.82005
    -8.73618     28.33976
    -0.60538     35.26565
    -0.01126     34.81632
    -0.80351     35.94525
     4.55521     45.93070
     4.46653     45.99372
    -0.49064     54.69252
    -4.11582     40.03504
     2.19814     57.62333
    13.30331     34.39902
    16.03826     59.00059
    15.83365     58.37760
    15.50455     60.27868
     2.99121     45.65572
    11.72305     37.29108
    -3.54046     35.42451
     8.81226     22.99378
     9.44794     22.03192
     2.38323     54.98750
    -1.25495     32.12956
    11.79617     34.31647
    14.65057     45.09930
     6.48470     62.89631
     0.35701     48.51515
    11.46006     43.28538
     0.31526     48.87558
     0.31124     48.58527
     6.52264     63.46503
    13.83540     37.69334
    14.05256     38.08728
    -1.00033     62.83582
    -1.25672     62.72785
    -0.09195     63.86169
    15.14052     44.88020
    -0.67933     41.12091
    -7.75724     30.55554
    -8.19980     30.55751
    -3.72013     40.29580
    -3.98574     40.29048
     0.68454     43.55749
     6.08597     23.38655
     6.11993     22.75997
    -2.49505     45.98567
    -2.53416     32.08296
     3.61655     58.84925
     3.32287     58.90705
     2.95276     58.78817
     5.39843     63.67825
     3.28212     22.87630
     3.16245     60.26242
     0.63425     54.50829
    -5.63400     39.04620
    -5.76786     39.68096
     1.18999     44.73596
    -4.01903     36.29229
    -2.07994     31.64075
    -2.33407     31.10343
    -2.34290     30.90310
    -5.96371     39.91441
    -2.00615     44.75251
    -1.88119     44.56873
    -4.90992     39.11670
    -4.66728     39.42532
     6.52577     62.04330
     3.24999     23.03526
    -1.97229     52.87273
    -1.65081     52.90754
    -2.06314     45.49797
    -2.14775     45.54277
     5.74488     62.76954
    -6.02258     40.83292
     5.20883     22.85751
     1.61641     55.40152
     1.73719     55.84110
     5.68534     22.28542
     1.02993     55.36671
     5.65447     54.80645
     5.72487     56.51178
     5.57595     54.53173
     6.15999     61.75745
     8.59987     34.96861
     0.05019     23.54891
    13.90273     66.86593
    -1.22711     25.13271
    -1.44541     25.46379
    12.55992     40.44067
    12.27025     40.41727
    -8.73945     28.69611
    -2.36353     53.15454
    -1.05196     25.50858
     4.83601     62.71535
     5.36809     62.60498
    13.59837     48.83455
     0.20150     52.71428
    -1.78601     35.03029
    -1.21146     35.66882
    15.23123     55.64447
    -4.45535     41.84004
     0.41514     53.41791
    -3.88973     43.76207
     1.57988     57.07087
     3.18474     61.03562
    -3.49936     25.35361
    -4.92522     40.35708
     2.90262     53.38242
     5.58164     63.38950
     4.04789     61.04587
     8.76459     35.23167
     8.34244     35.47337
    -0.71641     38.07310
    12.74442     31.04477
     2.78281     54.42855
     0.09187     52.96518
    -3.84171     36.25862
    -3.96641     43.43816
    -3.93911     43.21219
     0.76126     56.07769
    12.93381     41.59422
     2.55432     56.09876
    -2.67748     35.42752
     5.29064     23.07650
     2.84241     44.66890
    -0.60397     24.68861
    -0.09694     24.73852
    -0.82914     25.37391
    -0.18482     54.40952
     2.01542     57.70251
    -0.79231     23.19998
    12.77185     45.90059
    12.97353     46.25382
    12.30579     46.34486
     1.99991     53.49457
     9.05189     34.78811
     4.05482     60.07173
     3.86782     60.37439
     2.22810     48.27614
     0.62756     39.21707
     1.49031     54.72927
    -0.00996     33.48988
    14.45150     43.96948
    -1.04083     37.98646
    -2.73058     23.81485
     1.98293     22.56043
    11.60607     26.25985
    -0.60337     47.58281
    -1.43557     54.43935
    14.07580     49.28905
     1.78392     67.04274
    -1.67047     54.94206
     1.12200     39.21269
    -4.62807     34.73608
     2.94829     24.02984
    -5.03370     42.07485
    -1.01044     44.18265
    -0.62309     44.35342
    -1.68433     25.05311
     3.79136     22.37625
    -0.22930     39.25287
    -0.19864     39.21063
    -0.47972     36.82578
    -1.02972     48.46185
    -5.70968     40.74096
    -6.70530     40.19286
     1.50089     36.11806
     3.38517     39.77475
    -1.97335     46.63530
     8.79937     36.46427
     8.28710     36.11162
    10.12900     28.76537
     8.74637     28.42053
     0.15041     41.67464
    -0.92413     35.08068
    -1.10666     35.39406
     9.03580     25.67884
     7.45765     57.55313
     6.73201     56.89370
     6.86502     56.92737
    -0.77694     42.67827
    -7.12999     40.22274
    15.88385     52.39639
    -3.80446     39.41527
    -4.36983     35.43513
    -0.05695     56.71230
    -0.60180     56.68187
     1.24225     59.57584
    -3.87787     40.46309
    -3.95900     41.08720
    16.02926     54.08656
     5.48685     49.56475
     5.01585     48.90913
     4.65149     49.14218
    15.17420     45.86620
    -1.33833     34.92519
    -2.28398     49.14037
    -0.78348     36.81736
    -1.71907     43.94574
    -1.33447     34.64633
    12.64229     34.26166
    14.03279     29.54860
    13.82136     43.44168
    -5.89839     39.66046
    15.53343     53.02795
     1.81645     46.00713
     3.31635     47.75530
     4.42058     60.38217
    10.19576     29.50618
     1.95052     48.20111
     1.71913     47.33588
    12.33930     44.11812
     4.24482     49.93043
    -9.11473     30.62494
     3.97004     62.42556
    11.81880     35.14494
     0.36613     36.16602
     4.62234     22.30759
     0.88420     41.04740
     3.13803     63.12455
     3.05652     63.10279
     3.74059     64.16000
     6.28597     46.16044
     2.53772     56.38932
    -0.56496     56.08855
     0.92705     27.50634
     0.93152     27.55408
    12.92540     48.13506
    13.17054     48.73685
    -2.58976     39.14625
    -1.85793     39.26980
     2.76050     39.73836
     4.03264     59.08750
    12.57867     40.52839
     1.31470     66.81732
     6.90125     63.87763
     6.87189     34.44549
     6.65520     34.03424
     7.33125     34.18759
    15.35178     49.91965
    -4.08914     53.27741
     6.00629     46.38761
    15.08755     46.75663
    -2.94150     34.97321
     8.79984     35.12157
     8.34219     34.06622
    -0.58831     42.17425
     3.19989     23.63967
     2.76016     23.41159
     2.38910     24.14493
    10.88042     39.54216
    11.02420     40.45429
     6.23948     33.63625
     6.09763     34.21561
     6.20829     57.71991
    -3.40534     51.92788
    -4.47076     43.15347
     1.55029     66.73598
     1.94651     51.03701
    -1.38806     34.52194
    -1.78416     33.88027
    11.26364     36.05878
    17.03293     62.02814
    10.37821     42.53539
     2.86117     52.08348
     0.34678     54.58160
     8.22299     22.79881
     1.86840     24.89847
    12.82837     41.19572
    12.10066     41.07018
     1.67944     48.38254
     2.45672     47.79660
     1.55306     47.87797
    15.64388     52.60227
    15.85101     53.60193
    16.33420     52.77052
     3.12676     41.41599
     3.04700     54.27066
    -6.93918     40.29614
     7.05747     41.99101
     1.53588     66.56083
    15.14939     49.85292
     4.60883     23.31729
    -1.25513     43.23384
    -0.52333     35.51836
    14.69057     55.64985
    13.72186     55.46170
    14.45956     55.24034
    11.70391     60.10772
    12.42019     60.57846
    -2.36103     44.50548
    -0.09915     37.92744
    -1.17632     38.51333
    -1.48992     37.72778
    -4.34843     40.08768
    13.18358     42.23700
     4.76349     22.52602
     4.53878     53.16351
     5.33471     24.46496
    -4.08354     38.19892
     2.31243     35.19801
    13.31220     49.22889
    13.78225     43.68920
    -4.16151     30.41218
    -2.72511     41.19301
    -4.78498     39.95611
     7.68052     64.26047
     7.30947     64.87641
     7.91427     65.30882
    12.45652     33.59173
     3.35037     46.30108
    11.52449     29.81898
    -4.52980     42.30034
     1.68107     46.16541
    -1.00930     41.98601
    12.24797     56.36142
    11.05778     56.99677
    11.02676     56.65158
     7.50762     66.42850
    -4.34783     28.14221
    14.00069     55.71642
    11.93665     35.76127
     9.95369     69.81727
    10.49294     68.74237
    -0.11249     47.15798
    -3.42126     35.64113
     1.62876     56.84106
     1.38283     36.41479
     8.29121     26.38940
     0.69100     50.02176
    -6.46002     39.69885
     2.70987     45.14750
    13.51863     52.13068
     3.27938     47.65249
     2.51480     57.36314
     1.94357     58.23071
    -3.36589     47.69693
     3.11587     49.32687
     2.63201     49.30588
    -0.16421     36.33523
    -1.09356     47.39015
    13.61710     67.54299
     2.06828     49.35672
     2.32761     49.21184
    -0.49148     59.92542
     2.52512     39.39769
    -1.90844     41.32624
    12.13636     26.69288
    12.44349     27.55437
    11.54259     27.38345
    -7.52374     19.54524
    -8.77494     18.66136
    -1.64749     35.64458
    -4.77280     48.45030
    -2.55402     32.63658
    -1.68070     29.51084
    -1.57359     29.05649
    -0.83854     29.02797
    -1.72286     29.95133
     6.41093     60.97763
     4.38896     46.81408
    -0.88757     55.08120
    11.80780     36.86494
     9.58176     29.63950
     9.26908     30.66390
    10.30049     30.21901
