    -0.72234      6.29287
    -0.81117      6.86522
    -2.11502      7.95083
    -2.05855      7.99892
    -1.64402      7.69983
    -0.34039      5.95590
    -2.65591      8.59725
    -2.54360      7.90734
    -0.47203      5.45144
    -2.32182      8.18308
    -2.17849      8.65325
    -1.34554      6.79713
    -1.56451      7.66112
    -2.69684      8.94890
    -1.78242      7.08213
    -1.15986      7.01713
    -0.18081      5.45178
    -2.36744      9.31840
    -0.46393      6.55801
    -1.06638      6.31412
    -1.81323      7.50341
    -2.07217      7.77295
    -1.85493      7.74847
    -0.82586      6.39367
    -2.33192      7.97641
    -1.42920      6.64540
    -3.01152      9.24455
    -2.67277      8.23338
     0.00481      5.05323
    -0.96012      6.56298
    -2.31118      8.73068
    -0.56369      6.11249
    -0.16808      5.37255
    -2.46129      8.68972
    -2.18940      8.59662
    -1.67408      7.44697
    -0.04250      5.16161
    -1.50645      7.29128
    -0.08192      5.12928
     0.04357      5.05397
    -0.60758      5.98300
    -1.78012      7.00990
    -0.38514      5.81054
    -2.46644      8.59868
    -1.66360      6.91158
    -1.47980      6.39062
    -0.77812      5.53674
    -1.73761      7.09434
    -2.70536      8.85479
    -0.89459      6.18802
    -0.86728      6.22883
    -1.79298      7.82723
    -1.14511      6.26114
    -0.73280      5.34791
    -2.33708      7.85673
    -1.52189      7.17209
    -2.78658      8.52178
    -0.65358      6.16644
    -1.64252      7.37479
    -2.86358      8.92655
    -0.08867      5.65205
    -0.28348      6.08354
    -2.06834      8.17992
    -0.46819      5.74949
    -1.94631      7.97980
    -2.34853      8.42902
    -1.56244      7.43679
     0.05561      5.09830
    -1.85225      7.53723
    -2.57774      8.75690
    -0.61946      6.02687
    -0.77971      5.83364
    -2.43672      8.15483
    -3.13070      8.73383
    -1.75127      7.28414
    -0.20393      5.08266
    -0.95492      6.24619
    -2.81837      8.72951
    -0.51655      5.13425
    -1.20647      6.38641
    -0.87753      6.41192
    -2.61533      8.54528
    -0.29727      5.96446
    -1.50100      7.18140
    -2.13065      8.20672
    -1.99987      8.12480
    -2.24653      8.44997
    -1.96698      7.41808
    -1.36963      6.38516
    -2.70156      9.02267
    -1.46281      7.08473
    -1.31269      6.95249
    -2.04518      7.72298
    -1.37810      6.89245
    -0.23904      5.23437
    -1.41896      6.80698
    -0.01165      5.45618
    -2.38152      8.36463
    -1.22103      6.96043
    -0.86615      6.49862
     1.07063      3.05810
     1.16987      3.55459
     0.74953      4.01197
     2.34787      1.79334
     1.17538      3.10615
     0.72307      4.12632
     2.02365      2.04542
     3.01420      1.08864
     2.71814      0.77604
     0.55940      3.87321
     1.00945      3.47080
     2.54039      1.48970
     1.99840      1.64022
     2.48917      1.10799
     1.76585      2.27924
     1.77952      2.22020
     2.86032      1.34337
     0.41193      4.43622
    -0.11879      4.52514
     1.50714      2.49205
     0.20444      4.70884
     1.27096      3.19961
     1.42838      3.04028
     0.23119      4.85192
     2.45394      1.67435
     1.38016      2.87949
     0.98018      3.61980
     1.47191      2.94997
     2.54642      1.17928
     2.47725      1.24718
     0.47943      4.43969
     0.60035      4.56497
     0.78835      3.92280
     1.67252      2.23902
     1.06987      3.59714
     1.95811      1.57961
     1.49576      2.93336
     1.64578      2.44542
     1.06520      3.20557
     1.95432      1.87568
     2.11003      1.83119
     1.64558      1.84768
     0.91502      3.75453
     0.85774      3.95116
     1.97057      2.05582
     0.30923      4.72514
     2.58834      1.27424
     0.43554      4.45142
     1.42249      2.42055
     0.14568      4.89091
     1.26905      3.24576
     2.79612      1.16745
    -0.00473      4.60603
     1.87112      2.23937
     0.12542      4.79999
     0.09636      4.86860
     0.18784      4.31658
     1.11722      3.41342
     2.77881      1.31468
     1.69390      3.03264
     1.58452      2.26476
     1.21531      3.05334
     0.35731      4.87929
     1.70066      2.55399
     2.53856      1.90548
     1.52559      2.55692
     0.76610      3.70706
     0.65044      4.52154
     1.25673      3.64937
     2.41963      1.50425
     1.11128      3.04305
     1.31443      2.21525
     2.33009      1.92755
     1.27913      3.05030
     1.10389      3.30212
     1.48430      2.68207
     0.37241      4.05314
     2.07366      1.95986
     2.56681      1.38261
     0.35499      4.31135
     1.47863      3.03328
     2.02079      2.44744
     2.61740      0.63966
     2.33175      1.57367
     2.19172      1.85775
     2.70394      1.26659
     0.59349      3.97197
     1.35544      3.54411
     2.85126      0.67585
     0.02477      4.48873
     2.28456      2.12313
     1.80628      2.22782
     0.65278      4.16161
     2.15719      2.19176
     0.65532      4.02811
     0.70966      3.56212
     2.42813      1.60880
     0.76872      4.01635
     0.81680      3.97941
     2.57979      1.32633
     2.98985      6.24687
     2.28896      6.48856
     1.27862      8.15871
     0.59366      8.46767
     0.99282      8.55336
     1.20481      8.19803
     1.29023      7.91107
     2.21978      6.97597
     3.26298      5.56473
     2.54554      6.71682
     0.73823      9.57657
     0.92587      8.65857
     2.25844      6.40036
     1.83960      7.25030
     2.81249      5.72105
     2.31671      6.97402
     3.02779      5.71599
     2.77950      6.14904
     1.29190      8.11542
     2.54385      6.60260
     2.30002      7.06090
     0.81680      8.25767
     1.14016      9.08544
     0.57537      9.67809
     1.79386      6.99082
     1.91540      6.85446
     0.79704      9.05087
     1.31729      8.69219
     2.18604      7.64673
     1.51255      7.90593
     2.91044      5.33801
     1.46608      8.10587
     2.67387      6.34614
     1.93821      7.42583
     0.81647      9.40442
     2.10407      7.21010
     1.34692      8.09805
     0.64509      9.04127
     1.69782      7.79800
     1.99453      7.95664
     2.66218      6.13661
     1.76590      7.57652
     1.80720      7.10917
     0.98240      9.14083
     1.26643      8.18327
     0.42012      9.24352
     0.61182      9.71172
     2.80847      6.23429
     2.97642      5.78892
     3.00536      6.11258
     0.82296      9.06813
     0.57297      9.20217
     0.81342      8.94107
     2.74247      6.72529
     1.68193      7.59140
     1.84262      7.11853
     0.72629      9.41958
     1.13135      9.06079
     1.50335      8.39542
     1.86677      7.35314
     2.49618      5.92191
     0.37318      9.52678
     2.14187      6.66113
     2.73763      6.44622
     1.28174      7.91409
     2.50406      6.02857
     2.73977      6.34852
     2.17594      7.30628
     3.03793      6.45971
     3.05807      5.59902
     1.26249      8.04892
     2.60832      7.18553
     2.70722      5.84772
     3.14787      5.59032
     0.70850      9.44286
     2.09211      7.43478
     0.87280      9.09722
     3.15431      6.14837
     1.81901      7.79784
     1.00200      8.66918
     3.30976      5.36860
     1.45026      7.57998
     0.54520      9.72689
     1.50715      8.28207
     1.51943      8.48037
     2.14700      7.68924
     2.11408      6.36203
     2.32160      7.18313
     1.85653      8.00186
     1.31776      8.52167
     2.72217      7.37285
     1.74317      7.92079
     1.52005      8.79454
     0.47832      9.54297
     2.37220      6.90644
     2.22638      6.23891
     2.42652      6.83917
     2.96554      5.87319
     1.10608      8.36323
     1.01812      8.58140
     5.07018      3.31111
     4.86263      3.50122
     4.21949      4.68009
     3.72443      4.53457
     4.33573      3.82414
     4.32186      4.01150
     4.49139      4.06022
     6.03988      1.54860
     3.68501      4.34257
     5.50696      2.86178
     3.85247      5.00089
     4.72805      3.77408
     4.84442      3.61833
     5.17904      3.05118
     3.54574      4.63097
     5.97851      1.77697
     5.00701      3.43120
     4.53652      3.85761
     6.19516      1.41337
     5.91871      1.84142
     5.34605      2.27646
     4.00977      3.84568
     5.06299      2.06096
     5.75138      1.96873
     5.37593      3.13394
     4.80267      3.20607
     5.69874      1.81704
     5.26535      3.03367
     4.01144      4.13829
     6.03071      1.81346
     5.81508      2.13713
     5.95240      1.93816
     5.51731      2.15575
     3.52810      5.36736
     5.71159      1.48388
     4.88960      2.50943
     3.12477      5.44286
     4.50762      3.84152
     3.62628      5.35284
     4.18214      4.33007
     3.72811      5.29834
     3.69786      4.69981
     3.81300      4.89371
     5.38407      2.44665
     3.76496      5.13542
     4.07343      4.19761
     5.15696      2.80674
     5.72138      2.41814
     4.37731      4.22130
     4.87852      3.51792
     4.11921      4.74263
     5.81848      2.81675
     5.50129      2.46838
     5.00472      3.23889
     5.01335      3.04479
     3.66933      5.18816
     5.74438      2.83758
     4.72622      3.55163
     3.56686      4.67502
     5.03638      2.97060
     5.76749      1.93800
     4.22006      3.73703
     4.86531      3.26111
     5.66976      2.30945
     5.25873      2.64362
     3.79629      4.93157
     3.72804      4.69420
     4.24372      4.04205
     5.64995      2.31416
     6.32159      1.67628
     3.29245      5.19407
     4.17487      4.27530
     3.21693      5.41222
     6.04048      1.60159
     4.78471      3.88271
     4.43559      4.41621
     4.08356      4.16775
     3.58895      5.27466
     5.93642      1.37627
     3.94652      4.57711
     5.22893      2.92268
     4.70853      3.57696
     4.24749      4.51118
     3.62521      5.03375
     3.83664      4.92987
     6.23562      1.94886
     4.52894      3.59740
     5.22554      3.19449
     4.53135      3.34982
     5.19947      2.35057
     3.94446      4.94029
     3.83581      4.25760
     5.98978      1.98565
     5.79091      1.82685
     5.86883      2.21257
     4.75090      3.61026
     4.76264      3.69570
     5.83857      2.01537
     6.06317      1.81503
     4.52793      4.09830
     3.25356      7.37177
     3.52049      7.19505
     3.49183      7.60016
     2.78831      8.41217
     2.62094      8.72806
     3.35752      8.26097
     4.08672      6.41933
     2.38414      9.02389
     3.09190      8.02758
     3.71422      6.87345
     4.38185      6.91505
     2.28150      9.78702
     2.14930      9.34768
     2.98275      7.99251
     1.83777     10.08271
     2.94309      8.51105
     4.06348      6.85385
     3.31286      8.52608
     4.28836      6.27099
     2.87693      7.68746
     4.30517      6.54009
     4.22705      5.93009
     2.25008      9.62566
     2.81457      8.53172
     2.31900      9.08627
     1.88834      9.84505
     3.66311      8.19585
     3.41580      7.22199
     3.53362      7.17165
     1.98097      9.39905
     1.81475      9.22415
     4.47082      6.44753
     3.70428      6.84198
     3.45280      7.75563
     2.08771     10.09033
     2.33954      8.74167
     2.58260      8.56906
     3.51149      7.36522
     1.52221      9.97866
     2.07856      8.57204
     4.08744      6.24268
     2.33852      9.16954
     3.78099      7.08995
     1.51892      9.58638
     2.67501      8.12566
     2.27556      8.99049
     1.62227     10.01946
     3.54999      7.24744
     4.54871      6.05244
     3.98026      6.94338
     3.58071      6.64202
     3.78845      7.51269
     4.88011      6.53356
     2.25585      9.73684
     2.98079      7.87563
     1.63852      9.51007
     2.87998      8.05610
     1.91676      9.70784
     4.32893      6.13994
     3.46146      7.06395
     3.45954      7.04756
     2.25295      8.89694
     2.86274      8.17805
     4.32149      7.03274
     4.28491      6.49056
     3.10785      7.65602
     1.46242      9.68599
     2.50951      8.91109
     1.65724      9.91749
     1.98937      9.03571
     3.40101      8.17952
     3.94983      6.31514
     3.69612      6.96572
     2.51214      9.03249
     4.37035      6.57210
     2.88094      7.62609
     2.86404      8.21708
     2.84382      8.72540
     4.12810      6.54243
     2.34491      9.44743
     1.80445      8.98324
     2.88047      8.21912
     3.55080      7.27795
     3.29920      7.65213
     1.52128     10.09244
     3.33623      7.78702
     2.54019      8.91556
     2.71696      8.27669
     3.25729      7.10003
     4.38497      6.78328
     2.80915      8.47196
     3.32610      7.89279
     2.55819      8.88398
     4.47028      6.38959
     3.68614      6.85564
     2.00967      9.58350
     2.59468      8.71823
     3.46462      7.75514
     1.71317      9.81870
     1.96440      9.49362
     6.81004      2.47661
     7.33183      2.21856
     4.56796      5.50293
     5.58539      4.80316
     4.55741      5.26835
     7.09174      2.86301
     5.03544      5.42399
     5.28268      5.28756
     7.13384      2.08832
     5.98242      3.79147
     7.57154      1.80250
     6.44931      3.67399
     6.66933      2.79351
     5.09803      4.82519
     7.03521      2.90348
     5.71481      4.21471
     5.51297      4.77621
     6.01389      3.87418
     6.27089      3.47729
     6.47118      3.16725
     6.59830      2.77652
     6.39317      3.35188
     6.60478      3.50661
     7.04469      2.54744
     5.11278      4.63008
     4.66228      5.89264
     5.13128      5.53195
     6.58161      3.05724
     6.59581      2.91428
     6.19168      3.77733
     4.71122      5.79957
     5.26239      5.27776
     4.66527      6.14378
     7.09457      1.86151
     5.88635      3.98772
     5.50600      4.52839
     4.73610      5.73567
     6.84207      2.94055
     7.20244      2.69241
     5.61825      4.23547
     5.68565      4.17685
     5.38060      4.90697
     6.38196      3.24707
     5.89389      3.55435
     4.82676      5.46608
     5.26371      4.82550
     5.68026      4.68335
     6.36403      4.01192
     5.49208      4.34580
     7.12139      2.03475
     6.31461      3.18920
     5.69983      4.66376
     5.12404      5.22620
     6.06858      3.66684
     6.24146      3.45184
     4.65276      5.61412
     5.96462      4.21524
     6.79885      2.57695
     5.51868      4.83029
     5.07145      5.64958
     5.25300      4.88459
     6.94358      2.30561
     5.95913      3.69600
     5.05532      4.88498
     6.33733      3.26894
     5.61752      4.54083
     5.47041      4.88591
     4.55380      5.80288
     6.85052      3.74829
     5.17757      5.26487
     7.25761      1.73308
     5.47138      5.13724
     6.69296      2.60707
     5.04198      5.35632
     5.72849      3.85315
     4.94069      5.57000
     7.02393      2.06307
     5.42200      4.63592
     7.53325      2.20601
     4.93555      5.74116
     5.95764      3.60063
     5.56150      4.23563
     4.93628      5.20697
     6.99353      2.26751
     6.69853      3.48316
     4.21688      5.65231
     5.06229      5.63199
     6.36534      3.14227
     5.67830      3.99733
     6.69037      2.13863
     5.88742      3.20617
     6.95993      1.92129
     5.86263      4.42085
     6.64843      2.95403
     6.96818      2.17096
     6.21929      4.50051
     6.76010      2.86711
     6.98760      2.58434
     6.42073      3.27075
     6.64167      2.95471
