    43.38932     41.07004     -9.37026
    28.78920     42.20030     -7.79720
    39.09470     36.69140     -8.59910
    39.33335     32.37532     -8.84475
    40.05000     32.03040    -13.85310
    43.63840     41.23200     -9.96386
    55.82034     57.28664     -9.84366
    33.30580     17.84170    -15.31120
    52.59331     41.24615    -13.95046
    40.55432     32.90759    -14.84770
    37.71450     27.26970     -8.92110
    44.10090     36.21740     -7.96960
    41.85191     29.52601     -7.41179
    41.49530     50.84940    -19.94120
    42.51180     40.97500    -13.80150
    51.74280     40.33200    -13.01160
    35.83890     21.28830    -22.06900
    53.36326     43.89875    -13.93973
    31.42610     37.57310    -15.99920
    50.62280     64.47660    -16.25290
    19.54066     28.14302     -8.12062
    46.63175     39.55774    -14.26150
    41.93524     36.75535    -11.90489
    49.00420     42.72730    -15.12510
    40.75390     55.17122     -9.33780
    33.85020     20.85440    -17.85220
    40.14350     54.97720    -10.27270
    19.53794     28.14278     -8.12418
    42.33489     28.71788    -11.57309
    22.41520     22.65730     -9.38360
    39.48090     27.72830    -13.80310
    26.51766     20.67901    -12.46225
    35.63874     37.12077    -14.63409
    35.63778     37.11543    -14.63717
    38.07680     31.82080    -14.85930
    33.68610     46.32820     -9.09230
    42.61540     39.20370    -12.64280
    49.09553     41.51330    -10.67160
    25.49080     20.60090    -10.04270
    53.34005     49.94533    -11.69732
    39.66300     39.17096     -8.58671
    32.26050     23.49600     -7.53170
    33.03550     45.98930    -10.87470
    41.85808     27.46975     -8.30954
    40.61260     27.52830     -9.28980
    47.52370     36.89560    -10.84190
    56.20380     62.35240    -17.98270
    42.23284     39.91289     -9.72754
    28.37070     40.67040    -13.65690
    48.32771     40.07061    -10.68407
    25.96132     38.44680    -12.73408
    34.88110     31.81330    -15.48400
    29.73340     19.42490    -13.11390
    31.70891     43.32198     -9.07634
    49.61920     48.86400     -8.04130
    39.20328     31.52243    -14.60443
    34.02205     20.85144    -11.81633
    34.93250     18.55510     -9.84340
    46.50560     40.92520    -10.37440
    25.40740     21.19280    -10.60350
    40.14623     28.66073     -8.30502
    40.15007     28.65657     -8.30588
    28.55040     22.23620    -13.10380
    43.92220     52.07090    -24.33980
    32.46250     22.66190    -12.75660
    20.06818     22.54869     -9.76972
    49.59680     37.17130     -8.03180
    48.32065     40.06341    -10.69023
    30.44380     29.95390     -7.83580
    43.56666     41.19278     -9.78374
    44.85030     47.70500     -5.77110
    57.44243     65.54326    -23.96512
    42.78290     35.03868    -12.59586
    34.92413     36.01535    -17.27288
    42.70556     30.54614     -7.79556
    42.68354     30.45109     -7.73186
    37.74590     26.71980    -18.65540
    40.37840     31.45620    -12.25050
    52.01809     47.97265    -10.50790
    63.40510     57.52930    -24.39110
    52.25920     46.10750     -8.11370
    41.30010     36.23470    -22.85650
    50.36977     37.65049    -12.61017
    36.57877     24.36914     -8.97133
    42.21190     33.51829    -12.57582
    42.21473     33.52802    -12.56863
    45.86954     43.40232     -7.41467
    35.47913     27.92483    -10.84050
    51.80275     41.86967    -12.69625
    55.32970     50.29490    -13.58700
    32.36700     22.73850     -9.41360
    41.91020     56.49160    -10.16880
    55.63128     64.44857    -22.35114
    55.63007     64.46069    -22.33448
    55.63036     64.46325    -22.32821
    21.19183     23.40558    -10.36314
    36.53060     30.71140    -12.32960
    55.62910     64.45168    -22.33070
    33.30778     20.17780    -12.79815
    33.30052     20.18382    -12.79858
    33.30550     20.18268    -12.79808
    53.74620     49.22670    -11.74510
    50.60042     64.47217    -23.91935
    38.46590     36.20860     -7.86160
    30.65410     37.20860    -13.55440
    45.45240     34.36470     -9.65390
    42.36247     37.65796     -5.79141
    42.33424     28.70746    -11.58886
    37.76880     28.98520    -14.37940
    25.26470     35.40590     -8.72060
    57.06300     65.65740    -22.61570
    18.84880     25.10670     -7.24980
    23.91740     33.37870    -13.67230
    39.18560     26.66160    -12.13460
    55.82124     57.28636     -9.82528
    18.74560     28.38570     -6.94130
    55.82168     57.28758     -9.82253
    55.82274     57.28973     -9.82483
    52.60150     51.17700    -10.47940
    47.70320     45.95270    -14.10210
    40.12053     33.76722    -11.71743
    32.73970     25.93380    -17.92810
    36.70337     48.00406     -9.78178
    33.61309     38.17070    -17.99753
    21.24239     23.43389    -10.37470
    51.12191     44.61820    -11.35205
    20.06460     22.85260     -7.47730
    45.80019     43.35938     -7.44090
    29.03240     25.43170    -13.00510
    32.90660     31.78430     -6.87190
    26.72574     20.82902    -11.90683
    29.45460     41.52220    -10.40850
    50.22338     40.35906    -11.90014
    30.26400     41.81480     -9.64650
    48.93716     35.72507    -11.81532
    32.63703     45.12981    -13.61234
    59.77380     52.27192    -10.07802
    34.01905     20.84886    -11.83927
    31.06848     43.86278     -9.81612
    46.20570     32.72890    -11.25580
    50.63400     45.82140    -11.79040
    52.55427     41.13471    -13.87916
    33.78690     26.22500    -20.53977
    57.78140     45.95380    -19.94950
    58.41423     47.54574    -11.13238
    52.95477     51.50662     -7.44725
    18.67370     24.49300    -17.50850
    42.68309     37.99678     -7.63907
    32.58410     28.10750    -21.45320
    37.07670     32.53390    -10.52110
    34.17950     22.68200    -16.91630
    43.25650     34.51280     -9.97920
    53.39492     51.85649     -7.17887
    31.74124     43.39847     -9.23842
    42.24929     28.51779     -7.90148
    48.21850     44.87510    -16.80700
    33.24974     44.49344    -11.93394
    17.99950     27.85760     -6.82000
    36.89860     25.25720     -9.77340
    36.09120     31.10600    -21.94950
    42.13340     42.51670     -8.73110
    45.32710     43.10608     -7.67932
    51.48917     49.74872     -9.89435
    34.78553     45.76804     -9.17949
    52.99560     54.49480     -8.31370
    42.40327     26.54695     -9.23373
    50.36873     37.65071    -12.60633
    31.07721     43.87809     -9.85632
    33.31830     15.36970    -29.73350
    34.81129     45.82761     -9.25755
    39.27300     33.66610    -10.49120
    49.31240     57.36660    -24.91240
    35.34807     20.21246    -13.61858
    35.39676     20.09896    -13.67021
    39.51430     29.31540     -9.78150
    43.71230     42.22020    -10.05090
    39.91327     28.22449     -6.75187
    38.50660     34.28780    -14.59280
    48.13980     62.62900    -16.83150
    29.95250     43.30100    -12.39860
    43.43893     28.13946     -9.81139
    43.82955     35.33038    -13.88160
    25.60485     22.64546    -13.37375
    58.02680     56.46750    -10.19170
    41.92380     46.97900    -10.85520
    56.69980     52.80560     -9.72560
    42.74501     30.66400     -7.89328
    50.61413     56.88539    -25.28387
    45.74045     42.08956     -7.66398
    21.18079     23.40499    -10.35484
    33.59720     24.69260     -9.42220
    31.45530     35.89290    -12.17470
    42.24766     28.53735     -7.91146
    52.50790     51.65660     -9.31420
    36.71426     34.26013    -12.09291
    40.49860     54.33360     -8.28780
    23.36830     32.83080    -13.76790
    33.77210     36.87920    -15.91220
    20.96570     25.33730    -10.77470
    39.62676     54.14058     -9.94332
    38.01200     49.27370    -12.06950
    35.70628     28.52737    -13.24527
    48.89590     49.17800     -6.85120
    35.65156     37.14187    -14.64183
    25.56560     24.15150    -16.35860
    45.13844     42.93122     -7.74396
    31.18540     46.23060    -15.59000
    19.58124     27.42473    -14.39522
    46.46720     44.59930    -16.69510
    38.66770     30.50110    -14.48330
    23.59260     34.84070    -14.41390
    30.94220     23.06340    -14.43650
    35.86460     50.13430     -8.09360
    46.76820     37.76060    -12.27300
    51.66399     45.40708    -11.12995
    55.84660     65.81250    -22.64950
    33.16640     41.19940     -6.84530
    31.68130     13.26550    -28.55530
    42.43180     32.52240     -7.41580
    36.90690     24.60850    -16.54050
    31.66766     21.75033    -11.38840
    23.06323     37.08905     -9.06337
    47.59201     37.77232     -9.62805
    34.58794     30.98575    -10.65717
    55.90230     62.32160    -24.12560
    26.46201     20.64366    -12.61353
    26.66033     21.02412    -11.00166
    42.75505     28.84708    -10.45732
    41.06240     54.33840     -8.88160
    34.79474     45.78976     -9.20217
    44.75430     36.00940    -12.21760
    26.67570     23.94420    -17.96450
    33.61604     38.16528    -17.97547
    37.94445     29.57855     -8.71485
    30.78679     42.64679     -9.61173
    46.23380     38.35080    -14.62660
    24.56300     33.11890    -14.05930
    42.34340     28.69992    -11.59624
    37.91172     41.26738    -18.39233
    52.02966     47.96645    -10.51789
    34.43864     48.36181    -11.19778
    31.41105     42.66206    -13.38080
    41.41930     36.94940     -7.92720
    17.22100     27.36020     -4.82280
    43.77863     35.32663    -13.88276
    49.78209     36.69289    -12.25077
    49.78019     36.69244    -12.24955
    34.74969     36.65895    -13.97278
    31.45920     45.83530    -14.20260
    36.05690     31.93960    -12.23170
    35.41377     20.07194    -13.64429
    41.73940     31.51360    -13.10320
    46.33920     54.49780     -6.72030
    49.29960     45.32370    -10.05180
    45.07280     38.72260     -7.24850
    40.71210     29.26760    -14.61570
    35.40265     20.17422    -13.53743
    17.72980     26.58700     -6.67540
    60.87145     54.61977    -24.09571
    35.43508     20.03360    -13.64275
    33.01980     46.13820     -9.24140
    27.21540     11.38560     -5.57460
    21.58269     22.68797    -11.45668
    21.60864     22.60232    -11.20622
    45.36844     43.11004     -7.67267
    42.34405     41.84585     -9.43388
    35.45400     20.01307    -13.63108
    31.10213     43.86298     -9.82605
    17.86890     33.31230     -3.54400
    29.32467     33.87038    -11.84429
    34.27820     23.30980    -10.11930
    46.91680     37.05580     -7.52600
    39.40537     53.41611    -11.59366
    51.05208     44.66391    -11.32080
    53.34330     50.53100    -12.59780
    34.43110     43.09450    -20.58980
    22.23160     26.24140    -11.07290
    26.85742     38.33392    -12.28002
    20.07352     22.55391     -9.78058
    36.65310     25.74060     -8.08790
    27.78288     38.84072    -11.38860
    36.03626     25.29287     -8.49039
    29.59280     44.43680    -13.51140
    41.55524     30.77024    -14.77239
    32.55730     46.47620     -8.53200
    35.31489     20.19649    -13.72366
    42.29960     39.33190    -10.46130
    39.90120     54.17310    -11.57920
    58.41167     47.53646    -11.12082
    20.78460     29.74560     -9.72620
    43.24610     44.68840    -18.05850
    56.67740     60.55160     -9.56270
    43.12270     32.60930    -13.25310
    51.00970     40.59474    -12.43866
    40.83078     34.33696    -10.21323
    23.84950     21.80500    -18.29680
    50.45934     43.52044    -10.68700
    33.48590     32.55070     -7.28060
    35.49702     19.94590    -13.63627
    37.04862     27.16152    -22.02371
    35.47060     46.80540     -8.50090
    37.25860     26.01720     -9.38420
    41.03599     26.98645     -8.11053
    41.79730     32.87170     -6.98840
    30.89780     34.07140    -16.32190
    42.19179     37.54460    -10.86138
    54.52760     50.24690    -13.29360
    26.89326     20.85245    -11.77769
    49.47780     46.84670     -7.65100
    30.98020     30.79970    -11.61570
    26.43877     20.62773    -12.67066
    53.03224     51.36044     -7.55101
    45.27613     43.04800     -7.71071
    28.35414     25.00498    -14.09481
    37.33820     30.54020    -18.17900
    33.66658     26.68263     -8.81562
    30.84520     37.29310    -22.59600
    18.32943     31.36011     -8.71890
    40.54860     38.45990    -19.46670
    26.56544     38.78652    -13.10106
    36.07480     27.07360    -21.39060
    51.17329     41.17353    -12.12807
    30.13360     42.60420     -4.39510
    49.26380     42.70740    -13.37530
    41.23066     29.29363    -17.04680
    23.70370     37.25600     -7.08850
    45.25759     46.30412    -26.58318
    40.71757     31.38787     -7.66405
    55.15210     47.01460    -13.40230
    42.46090     28.75325    -11.25784
    59.82571     52.33008    -10.28941
    26.38608     20.61830    -12.74584
    36.68432     29.52984     -9.30009
    33.53690     47.00590    -14.03660
    44.00830     36.33610    -11.93160
    49.77787     36.69313    -12.23627
    26.44046     20.62554    -12.67382
    52.05830     52.08280    -12.49850
    46.25010     42.80640     -8.13050
    51.89283     52.22514     -8.37656
    51.86708     52.45289     -7.62551
    42.67678     37.99018     -7.66292
    51.07140     50.78740     -7.56940
    41.37620     26.79190    -13.86710
    51.75033     52.50794     -8.12912
    42.67900     37.99128     -7.66650
    45.47530     58.13070    -13.98000
    51.88270     40.08390    -11.64370
    39.66460     39.16984     -8.58459
    51.07440     64.27430    -26.02480
    45.68870     59.75300     -9.77230
    23.05797     37.08690     -9.06439
    33.66192     26.68937     -8.82708
    43.59060     41.33300    -13.38000
    48.00910     42.82540    -15.32550
    40.88572     27.67222     -7.30625
    50.76990     43.05370    -11.78840
    46.53930     48.89540    -29.01360
    51.22375     38.93673    -13.14300
    42.24821     28.52489     -7.91775
    34.58816     30.98155    -10.63978
    34.39270     46.57750    -10.45350
    41.95207     54.28994    -10.60878
    41.99400     25.30230    -10.42310
    26.76010     18.81160     -7.32450
    35.62192     29.24042    -10.18043
    57.67402     47.79084    -16.97485
    33.78550     26.22680    -20.56283
    39.61860     26.99760     -5.94330
    28.66000     27.01520    -12.69600
    22.88186     22.91907    -12.47775
    17.48504     26.19862     -8.61183
    49.10845     41.60078    -10.63722
    42.19301     37.55520    -10.85842
    51.66160     51.57890     -5.51110
    34.58311     30.98233    -10.64828
    25.31040     35.08090     -6.68600
    27.33790     39.26509    -12.92600
    32.58095     24.60818    -11.12121
    54.86480     59.73460     -8.00220
    29.30499     20.34673    -13.22520
    50.22092     40.36434    -11.89926
    29.78310     42.14760     -6.74570
    59.01260     51.52240     -8.65790
    50.84600     42.42360    -11.45200
    51.85178     52.36469     -7.96473
    51.65204     52.64874     -8.37399
    42.66897     38.02319     -7.52315
    32.68920     27.41650    -10.43760
    41.06950     48.15990    -22.65070
    51.91016     52.41948     -7.42318
    51.99506     52.40050     -6.96409
    26.59222     38.79495    -13.11342
    56.15560     63.33370    -20.96360
    43.83189     35.34222    -13.87247
    32.51109     42.60823    -11.26823
    46.09600     59.61560    -16.48390
    40.73140     30.00080     -6.62840
    28.72240     33.36090    -21.77620
    33.91360     48.26540    -11.90360
    21.17605     23.39315    -10.34853
    26.77680     26.24690     -8.44700
    38.43990     52.98980    -10.40000
    38.39435     31.46009     -7.61030
    37.76714     49.53706    -13.94876
    54.61300     43.71910    -15.58420
    35.97220     35.29770     -7.24670
    48.87675     48.34369    -15.75645
    35.64453     37.13845    -14.64106
    28.97678     39.62357    -11.21907
    36.55730     20.97570    -22.42480
    51.53911     52.65781     -8.97809
    41.84508     29.48943     -7.42322
    51.09517     40.96436    -12.24193
    42.48480     32.09160    -14.74700
    57.44747     65.53874    -23.95648
    29.98150     19.03190    -22.11260
    39.93560     36.78020    -12.50270
    26.87187     38.36529    -10.31284
    42.56000     53.62470    -10.79050
    35.70680     28.51606    -13.26683
    35.41405     20.07424    -13.64904
    29.32069     20.41909    -13.16710
    42.73020     57.07150    -10.18100
    19.26150     23.58400     -9.60780
    35.47473     19.81553    -13.68547
    23.79778     35.66952    -11.88659
    42.66695     28.18541    -13.26427
    59.45470     56.11050    -10.11790
    23.52800     19.46980    -17.71530
    40.61180     37.98210     -9.23020
    52.66262     43.12804    -13.24757
    20.09468     23.66403     -9.35734
    48.53230     48.02960    -14.10150
    36.34840     28.48200     -9.93870
    48.18280     45.75510     -8.67390
    32.96240     26.56410    -20.26920
    49.45390     46.16210    -11.32420
    31.87280     20.59970    -17.55220
    41.84140     25.26080    -20.14920
    44.15820     51.70280    -22.33160
    33.35790     36.18270    -17.70980
    41.37620     28.71030     -8.58010
    18.95036     30.92753     -9.67705
    20.02410     22.10390     -7.02840
    23.85310     18.00990    -15.17350
    42.51550     29.76150     -8.96530
    29.19120     22.91110    -11.09790
    51.21656     44.55591    -11.39504
    29.25109     42.74413    -15.51570
    50.03530     44.92620    -13.30080
    16.24830     26.70990     -7.07820
    53.30830     54.98830     -8.61170
    53.58990     54.50910     -7.85230
    22.21750     20.82420     -9.62620
    37.82130     32.74550    -20.33430
    40.73700     52.99160    -11.98560
    36.67851     29.53590     -9.28886
    38.33250     26.83410     -7.76300
    29.15789     39.79203    -11.07072
    52.73714     41.62242    -14.21175
    26.55333     20.68772    -12.45089
    36.82960     30.88900    -18.88750
    26.46416     20.64299    -12.61831
    32.88900     42.85680    -13.01050
    45.38650     40.61960    -14.06780
    45.27101     46.32592    -26.60140
    43.33410     56.46680    -13.13940
    34.97370     17.34560     -5.57550
    33.25756     44.50026    -11.94966
    24.61870     19.79740    -14.35230
    36.50520     29.28750    -14.72760
    43.52348     36.43948     -8.49506
    21.15745     23.38692    -10.35835
    31.82110     26.73250    -10.61010
    47.65502     43.73527     -8.18758
    36.58676     24.36213     -8.93041
    36.58042     24.36515     -8.94480
    31.29430     30.16740     -7.57300
    20.78430     28.26350     -8.84910
    51.41240     51.50900     -9.36490
    36.04333     21.15602    -15.42973
    31.30839     43.73597     -9.66843
    21.61213     22.60435    -11.20674
    55.71421     56.20839    -14.46261
    55.72913     56.31065    -14.59911
    53.89041     55.84668     -8.67553
    39.32903     32.37729     -8.63264
    35.61120     19.78610    -17.46600
    56.64770     48.03960    -16.63710
    35.42665     27.90124    -11.17972
    28.68840     20.99970    -11.78360
    54.12120     53.47290    -11.52730
    27.50068     26.71361    -23.59550
    39.35936     32.37793     -8.63357
    27.50432     26.71779    -23.59840
    49.09404     41.81315    -10.55606
    39.88480     44.21870    -21.71450
    55.73916     56.38038    -14.68299
    41.93994     36.75602    -11.92111
    25.77538     20.49473    -13.50585
    37.36617     29.74721    -10.95471
    17.47130     26.22080    -16.68800
    42.64788     34.80656    -11.70555
    42.64738     34.80783    -11.70727
    23.54800     37.18920    -10.53850
    53.61249     52.48713     -8.41900
    37.91520     46.93580    -17.84970
    48.46830     50.40500    -11.10960
    50.02306     44.23418    -10.53829
    23.18780     21.37000    -10.45080
    43.50524     41.15458     -9.63470
    53.90850     46.36430    -13.48500
    21.08920     24.26700     -8.87600
    49.29868     34.96939     -9.36735
    21.64513     24.25498    -11.52838
    16.70280     28.13760     -8.25010
    35.47101     19.96958    -13.62012
    23.80242     35.67218    -11.88921
    38.88730     32.82940    -13.76680
    30.22980     15.70690    -15.74770
    43.44821     28.13523     -9.83637
    36.04330     21.15194    -15.45684
    35.16500     31.33740    -20.25100
    21.86010     30.31000    -12.24100
    48.80280     35.54626    -11.75811
    53.46238     50.04584    -11.62983
    45.79350     49.08670    -22.09160
    47.66667     43.74581     -8.23174
    31.45333     44.62948     -9.28103
    34.82790     33.64310     -7.66290
    23.13100     35.61900     -9.25200
    29.59470     43.44750    -13.68520
    43.37440     57.70320     -9.08090
    40.30490     24.11620     -6.60510
    46.73820     44.13290    -14.70880
    59.90603     52.42421    -10.62154
    51.90521     46.57915    -11.20213
    42.18690     38.59910    -13.81000
    49.91407     44.27704    -10.52639
    38.30370     23.94830     -8.91820
    52.33880     49.18170    -12.15110
    36.03996     21.14919    -15.47724
    32.35380     44.35800    -12.54240
    33.62234     25.90143    -10.87939
    31.62260     37.76740    -24.24120
    31.65670     26.49830    -13.11930
    41.31760     52.31690    -14.82860
    39.96140     37.24210     -9.47670
    53.38416     49.97979    -11.67566
    50.11230     57.99950    -24.53740
    18.22650     25.78710     -7.22260
    51.97980     66.01210    -13.33990
    18.46230     24.44990     -8.45210
    31.14258     42.59712    -13.50462
    27.87068     38.80077    -11.38850
    50.97420     64.75490    -13.94920
    52.62240     59.43380    -24.33510
    55.63003     64.45343    -22.32324
    39.75890     31.97410    -11.77980
    45.31490     37.68860    -12.74570
    26.29670     37.49390     -9.91120
    41.41570     53.02850     -7.48610
    45.56780     26.47630    -13.16380
    39.40110     40.90210     -9.53460
    30.33820     37.81790    -19.32930
    32.82340     36.71140     -9.76700
    40.75300     55.17618     -9.31500
    42.70934     30.55878     -7.81403
    38.86510     29.23100     -9.70040
    45.87200     42.71960    -10.18740
    49.12760     42.41908    -10.16272
    47.04469     45.06690     -9.20344
    26.44306     20.62881    -12.67965
    41.30960     24.86390    -11.86560
    29.63653     36.28445    -13.54659
    32.89318     22.17713    -10.46346
    48.24955     42.64323     -9.52290
    22.09300     25.50220    -11.74630
    33.04490     37.15200    -15.08230
    30.66160     41.06190    -14.08760
    37.81780     32.79150     -8.25670
    18.32721     31.36979     -8.74212
    30.75430     38.13270    -23.40750
    40.25120     26.42010     -8.33950
    44.18910     36.80790    -12.90870
    41.85281     29.54919     -7.40186
    41.85316     29.52220     -7.41583
    17.09460     27.67970     -6.01110
    18.40350     23.62630     -6.44820
    26.78812     38.27914    -12.31926
    35.57030     35.98860    -13.81830
    45.19750     36.58100     -8.19230
    47.04650     43.26580     -8.80150
    59.77404     52.24944    -10.05914
    39.35020     32.37677     -8.60982
    31.44125     44.62540     -9.29669
    19.30420     23.76400     -5.94350
    23.15820     21.42410     -5.53430
    30.78821     42.65091     -9.59967
    51.11472     44.60678    -11.35536
    52.17960     44.94770    -11.98430
    23.59760     29.32030    -13.29600
    42.67069     34.83143    -11.84485
    48.15218     42.63437     -9.95586
    34.92835     36.00894    -17.25625
    24.86780     14.60160     -8.73950
    41.56456     30.76906    -14.76661
    51.58092     58.18382    -19.01278
    41.85987     28.87016    -13.83534
    36.04269     21.14859    -15.47018
    23.18240     23.62950    -12.90730
    33.62117     25.90281    -10.87904
    29.57350     28.33810    -19.65320
    48.79140     41.78940    -15.56950
    39.40853     53.41569    -11.57684
    49.79440     54.26780    -26.21010
    51.48899     49.76215     -9.83286
    51.48875     49.75346     -9.87879
    51.48903     49.75341     -9.86634
    43.92220     35.09830     -8.69060
    64.62510     57.33450    -26.74960
    41.63540     29.62380    -16.22510
    40.46473     32.84516    -14.80715
    37.48920     37.95930    -10.00680
    30.24730      9.53290    -16.80930
    41.04161     26.97811     -8.11744
    42.76360     39.95040     -6.79170
    36.04175     21.15318    -15.45629
    43.91020     33.15360    -16.14580
    41.15710     25.76320    -17.02690
    30.90720     34.38270    -13.68510
    30.36367     32.12057    -16.13706
    56.27390     53.54740    -12.86100
    33.58380     46.17160    -13.62680
    16.49600     29.29630    -16.03870
    42.80399     34.00008    -11.24846
    53.68595     45.55127    -13.46887
    47.90630     39.69190    -15.03790
    33.62491     25.91105    -10.87872
    52.00246     52.38692     -6.83767
    40.47210     33.39660    -10.26310
    53.34570     55.09370     -7.23380
    29.65260     35.21490    -15.62790
    33.56451     26.02572    -10.96701
    56.32880     65.41420    -22.67640
    48.49574     49.56575    -11.51916
    47.53502     33.90813     -7.82295
    40.12900     23.35350    -20.44900
    22.88674     22.91833    -12.46375
    25.35550     39.39550    -15.87860
    23.45720     25.47900    -13.28050
    30.19360     15.51390    -22.92640
    28.38260     18.26430    -13.36990
    37.70836     21.23201    -17.09890
    20.08085     23.64893     -9.33080
    48.13410     35.12560     -7.11650
    26.71187     38.08906    -12.34557
    52.43970     64.98020    -23.98260
    32.50471     42.61397    -11.28767
    41.98760     42.60780    -23.76900
    45.37615     40.94073    -12.54584
    26.74100     38.61170     -8.38330
    45.37215     40.94457    -12.55186
    33.00160     37.30590    -17.48690
    45.03790     49.15630    -27.34960
    33.87230     31.44090    -13.88690
    41.92280     30.94300    -16.50350
    26.55663     20.68812    -12.44497
    31.18761     44.05532     -9.71218
    30.32961     32.13790    -16.12116
    40.92580     27.62060    -20.48360
    43.13800     38.74330     -8.40660
    37.77550     45.24520    -21.96600
    37.74650     30.73250    -21.58330
    49.01080     57.13290    -22.80250
    42.88980     26.81090    -14.48280
    52.03711     47.95525    -10.52072
    31.70155     35.88387    -15.40486
    31.72453     35.88900    -15.37182
    36.05150     36.83580    -16.65510
    43.61940     55.57070    -14.36970
    41.73150     38.22390     -6.33720
    45.54160     35.85340    -10.33930
    40.51224     32.87961    -14.83229
    42.35543     37.64854     -5.79229
    42.33480     28.68684    -11.63220
    37.58309     32.77049    -12.88075
    42.81755     33.97686    -11.22967
    46.61496     46.33107     -6.55283
    47.59170     37.77259     -9.62631
    40.51819     32.88127    -14.84252
    40.51172     32.87697    -14.83195
    50.47150     43.52054    -10.71216
    32.02910     31.05970     -8.60630
    31.57832     34.28334    -16.63050
    34.51110     24.52160    -19.07710
    53.07770     44.11508    -12.03626
    44.85100     42.72200     -5.11700
    55.23120     49.96620     -3.99030
    32.45150     26.30710     -7.97960
    39.20742     31.53297    -14.61237
    35.52687     18.40414    -14.43175
    47.97705     50.27230    -12.70349
    39.62244     54.13842     -9.93298
    35.16160     27.68090    -14.81930
    47.98365     50.27384    -12.69918
    33.38660     39.33160    -21.26650
    48.73470     61.40290    -11.50270
    35.90560     30.36360    -10.71670
    18.32813     31.35367     -8.69432
    44.07740     34.40930     -7.68060
    49.65020     45.83650    -10.00310
    41.86152     27.46395     -8.30256
    45.70820     59.02310    -16.50420
    27.69900     39.58950     -6.07220
    53.68851     45.55269    -13.46385
    36.85830     28.50460    -18.88580
    34.05280     30.90560     -8.18960
    29.01340     37.78940    -15.48410
    40.92780     36.06200     -8.53970
    33.63248     38.17735    -18.01734
    37.76986     49.52734    -13.96374
    36.14400     37.72220     -9.44070
    16.01460     27.88150    -21.06910
    30.77680     27.94290    -10.40010
    40.86137     34.35861    -10.22171
    39.93290     28.27001     -6.69539
    17.78180     25.71350     -4.95540
    50.39170     58.06940    -21.00940
    42.23823     39.95806     -9.80129
    41.02310     53.09650    -10.14700
    35.84589     21.02129    -16.11933
    25.52350     14.22830    -15.46170
    23.25280     28.10120     -9.25690
    30.77951     42.52807    -13.61886
    48.55670     34.15770    -11.53860
    32.99440     14.82930    -12.25890
    40.43020     35.66650    -12.96410
    50.55061     43.56279    -10.78756
    41.44500     25.02200     -7.22820
    36.06204     21.16722    -14.85501
    41.89600     44.71240    -16.53980
    40.72370     32.85370    -11.02800
    34.90980     46.92673    -12.23306
    47.47770     44.19900    -13.70570
    46.66058     39.57911    -14.29108
    25.50482     38.24919     -6.58887
    35.65267     37.15694    -14.65214
    30.05950     34.30720    -13.66450
    49.44740     43.51780    -10.21040
    47.69609     43.76039     -8.31148
    37.73580     28.16890    -15.18040
    37.53750     35.57940    -10.89980
    34.92662     36.00981    -17.25667
    42.68435     34.87041    -11.87836
    37.83771     31.37867    -11.00368
    43.83721     34.24477    -11.72708
    39.67990     45.18180    -19.60970
    25.58180     33.56560    -13.92480
    25.95545     38.43472    -12.71370
    53.07049     51.52821     -7.42855
    22.64780     24.30780     -8.40420
    43.62772     33.69480     -8.23705
    52.72790     53.25290     -7.06790
    49.05602     42.28249    -10.37173
    33.96131     44.16040    -10.00515
    55.63670     51.39410    -13.11830
    39.34182     32.37717     -8.73335
    20.84940     19.39410    -12.48970
    37.12710     19.25490    -13.25670
    38.40155     31.46071     -7.61120
    21.58046     22.69806    -11.46669
    39.41130     29.35850    -24.47000
    29.23350     19.06460    -10.50650
    43.63116     33.69533     -8.24116
    51.12380     41.97430    -14.62060
    43.83270     34.72650    -14.62230
    39.89990     55.50770    -10.95180
    30.85250     26.72530     -8.67040
    39.88229     28.13837     -6.85006
    39.12410     54.15180    -12.24050
    40.36550     34.36050    -14.79840
    20.14926     24.87359    -10.96389
    41.85830     29.53901     -7.39613
    36.06492     21.17369    -15.49064
    36.05958     21.16327    -15.35931
    49.13010     49.32940    -10.31950
    43.94640     28.53020    -14.08800
    28.69533     39.39931    -11.53542
    53.81820     51.38760     -9.57130
    23.57786     24.41689    -13.97646
    44.78650     33.24100    -14.99930
    53.29760     56.71430    -24.11930
    48.23650     40.26340    -14.35860
    41.60940     28.84850    -15.20900
    42.21781     39.83218     -9.59204
    52.98827     51.43671     -7.50268
    49.85750     46.81460    -14.13820
    26.80658     20.93907    -11.47598
    35.60609     29.25521    -10.20785
    52.17710     64.52120    -13.20430
    63.63890     59.54110    -21.47440
    43.87240     46.62340    -23.87660
    28.69250     38.77950    -13.45680
    41.91460     29.79770    -13.38820
    33.34084     47.42785    -11.88751
    51.91236     46.67703    -11.36259
    35.80220     28.99540    -18.40000
    50.21050     49.60490    -15.33280
    37.90478     41.27212    -18.40477
    37.36723     29.74059    -10.96449
    35.53496     30.26046    -13.00495
    49.22880     39.52600    -14.66970
    36.24020     25.94300     -9.14970
    35.53484     30.25884    -13.01575
    41.07930     38.99670    -13.70690
    18.08720     28.36950    -18.64750
    53.12840     47.86480    -12.94110
    48.73358     35.46605    -11.73327
    40.36930     28.90750    -11.08900
    47.97870     50.28276    -12.71174
    27.33590     39.26351    -12.92010
    57.84320     56.62030     -7.86500
    26.59029     38.79517    -13.10299
    59.59970     51.27030    -15.21760
    36.63240     51.07660     -5.95940
    42.24403     28.52441     -7.89821
    16.69050     27.02450     -5.66690
    32.89592     22.17907    -10.48604
    35.58510     32.54980     -7.27980
    38.44290     46.34840    -21.20660
    39.34200     34.16610    -12.78820
    23.05544     37.10272     -9.04582
    39.81800     33.21350    -19.45400
    35.21890     16.95400    -12.52680
    38.42350     27.61940    -15.55980
    48.84044     35.58961    -11.77524
    38.27440     28.36460    -17.94510
    33.90460     29.79770    -20.04260
    22.59080     34.26580    -11.52790
    34.98593     30.99747    -12.77983
    58.10880     48.58530     -9.03170
    51.87623     46.31674    -10.79218
    43.22306     31.79332     -8.32416
    22.37170     22.43420    -14.22210
    32.37460     46.64870    -12.03440
    42.41040     26.54643     -9.23953
    37.82654     31.35737    -10.98914
    40.71893     31.38693     -7.66705
    42.91500     31.80250    -17.05960
    41.98080     54.29454    -10.71288
    40.60200     44.28370    -25.14600
    43.63842     33.69177     -8.22589
    32.83460     26.90890     -6.82700
    42.32370     32.06870    -11.35800
    43.41330     36.47810    -13.21160
    24.95080     36.45080    -12.90720
    42.40573     26.53721     -9.22285
    33.30397     26.53089    -11.37498
    29.33082     20.46411    -13.13906
    33.54698     38.16996    -17.81555
    28.89630     24.24160    -22.32350
    49.30322     34.95941     -9.37805
    42.96950     33.07540    -14.10190
    26.47406     20.64466    -12.58883
    29.64514     36.30799    -13.54684
    55.73847     56.34734    -14.66877
    23.07003     37.07387     -9.08563
    32.58234     24.59717    -11.14334
    47.11350     57.17400    -19.60400
    36.69518     48.05155     -9.72455
    16.29530     25.38540    -13.04020
    52.06020     59.89710    -22.93630
    14.74470     26.86100    -13.31690
    41.28810     33.63060    -11.38810
    51.99471     52.40841     -6.95584
    54.22000     47.13320    -12.60330
    34.09500     14.30000     -5.67740
    37.33940     29.20870    -21.84140
    35.31170     42.41710    -24.22580
    40.07440     32.75510    -11.53880
    30.12750     13.82510    -22.58130
    49.41710     57.60880    -20.40500
    60.87755     54.62293    -24.11289
    52.17110     48.81070     -7.24050
    22.40970     21.39250    -11.10800
    46.02590     37.47730     -9.97650
    51.80985     41.86413    -12.67915
    40.91060     34.23550    -16.75230
    21.87920     21.46820    -19.03910
    45.27404     46.33501    -26.61106
    50.96330     47.55530     -7.77730
    25.71450     39.31980     -9.21900
    44.92470     31.47050    -10.29290
    35.52453     18.40226    -14.44325
    50.59538     64.48353    -23.91865
    46.61514     46.32183     -6.55477
    43.92690     43.35860    -25.81570
    43.22864     31.79458     -8.33074
    58.74370     56.50450    -10.61200
    48.41109     42.66757     -8.66737
    28.79430     39.45875    -11.37863
    50.68662     59.11768    -23.83849
    30.40465     19.46117    -12.57450
    45.71463     39.84253     -6.73554
    51.04635     40.85529    -12.28796
    49.02811     42.39916    -10.33518
    49.04350     42.31522    -10.35471
    36.03974     25.29403     -8.47191
    41.23314     29.29017    -17.04020
    25.08210     22.76080    -15.26680
    28.78740     41.21090     -5.31540
    42.66845     28.19029    -13.27243
    42.68125     37.97958     -7.74413
    49.52240     37.42330    -12.56050
    39.87120     35.15080    -13.55630
    55.58560     48.26350    -15.06370
    33.63355     25.83978    -10.85177
    38.09030     31.64760    -19.89170
    24.88740     35.81880    -12.08690
    36.51050     41.11700    -17.67680
    27.37580     19.40650    -13.56040
    43.61260     47.63450    -22.50900
    51.59973     45.36817    -10.89687
    57.58050     64.72880    -20.73380
    20.14624     24.87201    -10.98831
    37.94295     29.57595     -8.73535
    19.74280     24.46950    -10.51520
    30.54960     36.45220    -13.17450
    27.60050     32.67590    -17.18070
    48.19993     42.63265     -9.87193
    35.95960     27.66906    -12.81704
    47.62420     47.50910    -26.54980
    40.56730     32.13090    -11.16440
    32.49140     46.06630    -14.73250
    17.48246     26.19748     -8.60577
    44.50356     40.32523    -13.20817
    36.28260     48.65140    -11.37600
    38.92830     32.46170    -20.73760
    32.75480     44.79920     -8.86670
    41.09240     40.21000    -10.34990
    25.30922     21.19267    -12.82860
    31.65530     31.13650    -12.12480
    36.69930     22.92220     -7.11420
    55.24880     46.48730    -15.04450
    32.62776     45.13481    -13.62601
    35.71310     28.53280    -13.23210
    48.01820     39.04500    -10.59740
    48.31326     40.05191    -10.69802
    35.91500     29.45310    -13.74450
    45.81940     50.76700     -8.41320
    42.81859     28.85726    -10.28310
    39.94450     33.59470    -15.11710
    21.64547     24.25586    -11.53844
    41.02423     26.99318     -8.11317
    44.50064     40.32597    -13.22853
    37.53007     32.87468    -12.58796
    36.66890     25.06560    -12.30700
    49.71470     61.23100    -21.37650
    25.45570     37.62070    -12.37960
    33.55722     38.16722    -17.84400
    27.80555     38.83098    -11.38094
    28.60700     35.49150    -11.00160
    39.62240     33.09510    -16.80600
    35.74300     31.87480     -8.37430
    35.01306     20.34305    -14.16541
    30.12240     27.94340     -5.97000
    31.22390     22.78460     -7.89610
    29.63310     27.52730    -12.52930
    36.00020     19.98510    -18.45060
    34.06720     18.10510    -11.82880
    52.66058     43.12226    -13.26003
    15.16112     27.79016    -12.48582
    29.13880     33.13810    -11.20400
    31.75200     20.96740    -12.66180
    28.34960     22.73430    -11.34640
    36.71184     34.25157    -12.09429
    51.67683     45.41251    -11.17491
    34.77493     45.20836    -13.19718
    38.94700     35.32140     -8.27030
    29.62889     36.31110    -13.61611
    31.66424     21.75547    -11.39130
    31.65665     35.87193    -15.46791
    24.65100     21.18370    -14.69410
    29.31833     33.87782    -11.85711
    28.01250     36.51400    -17.31020
    25.43800     39.56780    -13.07590
    53.30030     40.94150    -15.02380
    46.68816     32.80098     -6.86945
    46.68241     32.79700     -6.87334
    46.69052     32.79801     -6.87320
    25.84970     37.40030     -8.33290
    46.00440     61.43460    -21.12490
    53.60831     52.49297     -8.41140
    29.25181     42.75077    -15.50620
    36.17300     48.72740     -8.15300
    46.99550     34.16610     -9.91470
    50.46142     43.51400    -10.69864
    18.17360     26.44880    -13.23670
    35.48920     49.55510     -6.83640
    53.08400     44.10522    -12.03454
    53.89449     55.83592     -8.67567
    54.29500     49.71630    -11.49200
    36.11270     45.26220    -17.48320
    44.42800     43.26040    -10.56210
    18.22420     26.13560    -10.30060
    45.27520     43.31500    -11.30130
    29.63027     36.29020    -13.61082
    37.60112     32.72784    -12.98878
    35.48714     27.91944    -10.84746
    43.53523     28.16619    -10.16959
    27.78770     28.79800    -19.31580
    54.28950     52.86830    -11.93070
    33.41670     41.00530    -19.54690
    47.67550     35.34070    -11.09520
    35.40960     36.15610     -7.26410
    52.53413     41.08172    -13.82343
    26.73076     38.38620    -12.44818
    23.60325     24.43169    -13.94884
    35.15930     33.41870    -13.77510
    29.65735     36.25080    -13.50001
    39.22560     43.62550    -27.10760
    45.47280     37.24980     -9.39120
    42.64220     57.91170    -11.87480
    58.27590     48.50580    -21.62960
    15.16458     27.79744    -12.50538
    46.65810     43.30610     -7.10530
    31.58308     34.27976    -16.64510
    50.02764     44.24863    -10.50516
    41.31240     33.17750     -8.21680
    34.79133     45.73144     -9.13593
    41.84466     29.49066     -7.43796
    31.03956     42.57565    -13.53907
    42.21821     33.52412    -12.55596
    36.05993     21.15851    -15.35479
    35.95800     27.67494    -12.80986
    34.75261     36.66395    -13.99772
    45.42410     53.69910    -18.28400
    33.57340     31.86200    -10.78330
    36.47630     26.76740    -12.25440
    34.90020     46.92447    -12.24564
    51.91711     46.68268    -11.34489
    35.54890     23.84040    -10.64570
    23.16380     34.64120    -10.43160
    21.83610     26.08130    -12.16530
    43.80180     33.95610    -13.87500
    25.37660     34.78060     -9.73300
    33.47690     25.76140     -8.52640
    59.52880     54.04700    -21.11690
    59.96320     54.30510    -22.23780
    42.77041     28.84761    -10.40228
    42.81915     28.86233    -10.27909
    42.21609     33.53371    -12.53507
    18.13660     24.28790    -14.47240
    20.10430     22.30070    -18.06400
    31.65200     37.81280    -17.97280
    41.96370     34.84260    -13.72640
    37.71514     21.22539    -17.10080
    23.89830     23.17180    -12.25690
    51.65290     45.39955    -11.08102
    29.22836     39.90348    -11.06887
    32.62735     45.13174    -13.60650
    32.62935     45.13674    -13.60635
    33.25942     38.20331    -17.03913
    33.98590     27.81760    -10.62090
    35.97052     46.53234     -9.67247
    23.98760     27.03520    -18.04650
    22.81554     35.75008    -11.42834
    50.43461     43.50206    -10.68709
    37.82956     31.36890    -10.98826
    43.11440     34.63950     -8.11160
    42.81626     28.86193    -10.28413
    51.45540     51.21750     -7.18850
    43.55830     40.48090     -4.81850
    16.72220     26.36500     -9.86960
    43.85418     35.33020    -13.87879
    33.94190     48.43720     -9.26220
    25.31248     21.19063    -12.81250
    23.06487     37.08327     -9.08289
    29.99220     36.15260    -15.69850
    36.78370     30.24430     -7.26690
    27.46950     21.05010    -13.79130
    22.11080     35.81240    -10.03390
    34.34260     25.38720     -8.32890
    47.59690     35.23550     -7.86250
    34.60750     38.02690    -21.63930
    18.95114     30.93337     -9.69215
    43.83349     34.24513    -11.73072
    63.63940     57.09060    -22.95500
    37.89880     44.14197    -23.53658
    28.79540     42.26900     -5.23270
    54.95650     45.64500     -8.92050
    40.02920     31.29820     -9.37230
    47.58549     37.77119     -9.64844
    33.00030     32.75880     -8.11010
    29.60303     36.36687    -13.76736
    35.09180     33.91190    -18.83450
    27.76188     38.85363    -11.37927
    47.53238     33.91687     -7.80665
    38.81100     22.74720    -10.33140
    37.45870     32.25080    -11.38510
    41.17830     32.06140    -12.24380
    48.03750     49.49930    -22.54640
    39.50520     27.73760    -15.44420
    40.12357     33.76568    -11.70657
    37.03918     27.16658    -22.03299
    19.53190     29.85280     -9.96690
    34.69810     33.59550    -16.31990
    35.91910     20.27250    -16.44740
    51.04103     44.64486    -11.32123
    42.62285     34.73821    -11.71338
    31.41210     42.65490    -13.37383
    35.44590     31.54780    -13.74020
    49.50716     44.44692    -10.49316
    34.34070     45.23720    -10.94800
    32.04260     44.71850     -5.76230
    32.26410     14.60940     -8.98340
    48.81740     44.44390    -12.41360
    46.91000     34.96830    -10.59250
    56.11370     65.20130    -24.32300
    54.04540     50.53200     -8.91750
    36.68442     48.09886     -9.67275
    25.23250     22.06810    -12.32240
    34.77138     45.21546    -13.21723
    48.69890     45.74370    -18.25660
    27.16220     41.81880     -6.56650
    39.99460     35.01500    -10.09830
    44.83339     42.69188     -7.68313
    18.70050     31.93540     -7.73090
    22.41080     34.20410    -13.61540
    36.68717     29.53416     -9.30505
    18.52950     28.89560     -9.05130
    24.61980     38.97760    -13.19020
    26.35902     20.60936    -12.77576
    35.91050     47.22430     -9.90920
    48.68745     35.41007    -11.71290
    41.05296     38.75588     -9.54673
    22.82196     35.75412    -11.44176
    35.60650     34.44040     -8.91420
    28.42130     37.89840    -15.11520
    34.95460     29.07880    -16.89440
    38.19730     27.22970    -12.56530
    18.82420     23.49530    -13.60770
    22.09320     20.36050    -13.91980
    50.86240     63.58390    -10.17290
    43.42222     28.12445     -9.74443
    28.47760     34.78550    -12.31300
    36.58490     24.36135     -8.94705
    27.04737     20.92915    -11.86694
    58.57903     48.98217    -10.47893
    45.71177     39.85317     -6.73166
    39.32370     35.12960    -22.01330
    25.71730     24.01840    -14.62910
    47.03571     45.06800     -9.21816
    34.02684     43.03551    -17.38006
    23.89290     30.19230    -17.38090
    31.08776     43.87116     -9.84009
    46.65117     39.57177    -14.28598
    55.72954     56.29694    -14.58462
    59.65050     54.93570    -20.09180
    58.58047     48.98113    -10.46457
    56.12880     66.11570    -20.89740
    51.22587     38.93243    -13.14693
    43.52572     36.44422     -8.51234
    41.24120     51.32250    -16.82890
    40.14180     50.56540    -15.18710
    46.31780     59.10500    -13.12020
    20.08904     23.65688     -9.35556
    20.08964     23.65574     -9.33107
    37.40310     49.26090    -12.73960
    49.62000     41.68430    -14.51880
    26.87773     38.36041    -10.32766
    29.11120     15.29010    -10.75820
    51.22668     38.93644    -13.14107
    31.77660     34.16000    -14.99030
    46.04730     45.19440     -7.92790
    48.87055     48.33631    -15.74995
    50.08300     56.19730     -9.08960
    34.02796     43.03259    -17.39064
    42.68507     37.97998     -7.69959
    48.49206     49.56635    -11.51224
    19.44520     22.35050     -8.15680
    31.49400     26.32020    -11.32180
    24.11910     31.65590    -14.19770
    48.15375     42.63642     -9.95315
    51.58458     58.19138    -18.99102
    29.89900     39.27480    -15.11640
    34.58468     30.98147    -10.64596
    34.77809     45.22382    -13.24100
    38.65150     30.00710    -10.12700
    34.43406     48.36759    -11.18132
    20.85450     23.71730    -11.83920
    51.03104     40.76929    -12.34592
    40.98180     37.92530    -10.96230
    18.66220     28.18290    -10.38880
    41.27065     35.33362    -11.77053
    25.61195     22.64044    -13.36115
    54.00120     64.80940    -19.34930
    50.41420     45.61530    -10.45770
    38.39140     31.16530    -19.16280
    30.50810     19.00410     -7.59800
    41.05834     38.76312     -9.56337
    42.20915     33.52101    -12.58143
    50.68118     59.12222    -23.81701
    26.60140     38.65574    -12.85707
    32.57654     24.61585    -11.10844
    19.91350     26.11470     -7.88740
    50.40395     43.49391    -10.63341
    25.50358     38.23871     -6.58553
    51.07740     53.31000    -15.06350
    41.26985     35.32468    -11.76317
    56.56050     60.99320    -19.21710
    37.85840     28.20460    -11.24300
    41.89750     54.27615    -10.42144
    45.03290     31.48270    -15.08140
    52.15470     38.42500    -10.76880
    33.35266     47.42415    -11.89079
    58.97410     64.07940    -21.15830
    37.90080     44.14793    -23.53972
    37.59620     40.27070    -19.39160
    50.60707     56.87861    -25.28033
    45.07850     38.11760    -13.57170
    27.23190     17.19050    -14.70600
    53.36724     43.90795    -13.94677
    45.85810     52.15090    -21.02200
    37.25960     27.95640    -22.01910
    19.13530     31.12420     -7.73140
    32.05500     23.83890    -10.58500
    42.63540     35.00150     -7.31870
    18.09490     26.13410     -5.98580
    54.78520     49.71150    -13.77100
    43.14430     38.52590    -12.33230
    16.96380     23.96540    -10.14870
    42.35385     41.84395     -9.43562
    26.80230     12.92620     -8.95300
    49.78435     36.69974    -12.24871
    34.81330     49.53270     -5.64460
    40.87868     27.67488     -7.32755
    32.99360     28.94420    -10.75110
    50.00552     44.21223    -10.58871
    32.21300     25.39170    -10.08300
    43.39576     28.12739     -9.66049
    41.86183     28.87854    -13.83456
    15.83380     25.39500     -6.60680
    51.33430     57.48930    -23.73610
    37.62355     32.67289    -13.08861
    33.73870     44.44520    -13.45860
    31.76223     43.48343     -9.40668
    46.83490     37.87160    -15.19710
    34.98137     31.00693    -12.79157
    44.77998     42.67415     -7.60845
    42.76480     37.11010     -7.60620
    38.78060     41.50510    -18.19780
    36.03863     21.14991    -15.50691
    52.06422     52.39436     -6.74480
    20.62090     25.06050    -19.23630
    34.00740     44.91780    -12.65660
    53.48750     42.70070    -14.91330
    33.60977     38.17093    -17.98546
    64.60260     55.96750    -25.49600
    57.67558     47.79056    -16.97875
    26.78644     38.25037    -12.29901
    55.10430     56.03850     -8.77580
    34.29800     26.53040    -20.23200
    21.53123     22.89693    -11.99956
    22.82200     26.60730    -12.68810
    19.21470     27.23210     -6.58750
    19.58646     27.41827    -14.38728
    28.08980     24.34570    -15.65960
    34.87390     32.59390     -6.96700
    25.12850     32.76800    -17.31850
    21.55297     22.77904    -11.70122
    54.59070     47.02590    -14.10180
    48.74850     56.08120    -23.80340
    34.86110     25.91790    -13.95890
    49.30620     64.84760    -26.27330
    31.26960     42.03460    -10.31950
    23.59667     24.42978    -13.95689
    60.42100     50.59010    -20.36510
    51.61610     52.64845     -8.54481
    35.58339     29.26440    -10.22967
    19.07150     25.24200     -9.09370
    52.86470     46.89590    -11.89150
    40.02470     24.98110    -13.12710
    21.64600     24.26206    -11.54168
    49.66860     57.84150    -23.36600
    58.90550     50.36640    -17.29480
    43.05960     37.79990    -12.10010
    24.61480     34.10060    -14.12640
    25.89790     32.00640    -13.19250
    31.33950     24.58480     -7.06100
    59.48891     50.91206    -10.47337
    52.58414     41.21912    -13.93162
    41.93443     36.74883    -11.91120
    42.40290     27.14730    -11.33240
    31.37160     34.32400     -9.00520
    50.19370     62.41980    -26.10540
    40.54080     41.92350    -11.80240
    47.95640     38.70150    -15.20240
    18.09360     27.16690     -5.57140
    30.33013     32.13666    -16.11919
    52.85010     48.25360    -12.01490
    19.12790     30.92560     -6.30180
    51.13117     41.09496    -12.16419
    34.31030     31.41100     -9.64690
    35.97608     46.53526     -9.64743
    33.97029     44.16430     -9.99895
    44.37590     30.46530    -13.50520
    29.32252     20.42841    -13.17023
    43.85212     35.33559    -13.87637
    28.35046     25.00202    -14.08229
    49.83630     62.97820    -21.28470
    59.48659     50.90354    -10.47633
    38.40650     49.43370    -10.64190
    49.23480     43.92360    -13.03780
    41.00810     31.56480    -19.21380
    30.40945     19.45793    -12.59880
    53.68274     45.54415    -13.46267
    17.92970     28.00320     -8.32100
    39.77640     26.12720    -22.34250
    37.56120     24.48320     -6.56660
    40.84968     34.35434    -10.21863
    51.53450     42.60210    -12.15950
    30.33721     32.13436    -16.12186
    45.73745     42.08814     -7.67562
    42.83240     39.37650     -6.16330
    49.48140     42.50165     -9.52054
    39.82010     45.91080    -17.82930
