    43.51659     41.15740     -9.66777
    28.78920     42.20030     -7.79720
    39.09470     36.69140     -8.59910
    39.34255     32.37686     -8.69410
    40.05000     32.03040    -13.85310
    43.52686     41.16404     -9.69229
    55.82148     57.28756     -9.82939
    33.30580     17.84170    -15.31120
    52.61515     41.29910    -13.98590
    40.51191     32.87789    -14.83220
    37.71450     27.26970     -8.92110
    44.10090     36.21740     -7.96960
    41.85101     29.51956     -7.41441
    41.49530     50.84940    -19.94120
    42.51180     40.97500    -13.80150
    51.74280     40.33200    -13.01160
    35.83890     21.28830    -22.06900
    53.36521     43.90325    -13.94318
    31.42610     37.57310    -15.99920
    50.62280     64.47660    -16.25290
    19.53933     28.14290     -8.12236
    46.64749     39.56929    -14.27914
    41.93651     36.75344    -11.91224
    49.00420     42.72730    -15.12510
    40.75346     55.17365     -9.32664
    33.85020     20.85440    -17.85220
    40.14350     54.97720    -10.27270
    19.53927     28.14290     -8.12244
    42.41056     28.72911    -11.39516
    22.41520     22.65730     -9.38360
    39.48090     27.72830    -13.80310
    26.58068     20.72434    -12.33399
    35.64492     37.13440    -14.64111
    35.64490     37.13428    -14.64117
    38.07680     31.82080    -14.85930
    33.68610     46.32820     -9.09230
    42.61540     39.20370    -12.64280
    49.09887     41.63175    -10.62559
    25.49080     20.60090    -10.04270
    53.39435     49.98936    -11.66824
    39.66378     39.17041     -8.58567
    32.26050     23.49600     -7.53170
    33.03550     45.98930    -10.87470
    41.85976     27.46691     -8.30612
    40.61260     27.52830     -9.28980
    47.52370     36.89560    -10.84190
    56.20380     62.35240    -17.98270
    42.22969     39.90130     -9.70740
    28.37070     40.67040    -13.65690
    48.32069     40.06216    -10.69063
    25.95845     38.44089    -12.72411
    34.88110     31.81330    -15.48400
    29.73340     19.42490    -13.11390
    31.73685     43.39961     -9.23699
    49.61920     48.86400     -8.04130
    39.20531     31.52759    -14.60832
    34.02058     20.85018    -11.82756
    34.93250     18.55510     -9.84340
    46.50560     40.92520    -10.37440
    25.40740     21.19280    -10.60350
    40.14811     28.65869     -8.30544
    40.14819     28.65861     -8.30546
    28.55040     22.23620    -13.10380
    43.92220     52.07090    -24.33980
    32.46250     22.66190    -12.75660
    20.07079     22.55124     -9.77503
    49.59680     37.17130     -8.03180
    48.32054     40.06201    -10.69076
    30.44380     29.95390     -7.83580
    43.52378     41.16214     -9.68481
    44.85030     47.70500     -5.77110
    57.44490     65.54105    -23.96089
    42.78290     35.03868    -12.59586
    34.92632     36.01145    -17.26217
    42.71117     30.55729     -7.81007
    42.71031     30.55401     -7.80774
    37.74590     26.71980    -18.65540
    40.37840     31.45620    -12.25050
    52.02807     47.96495    -10.51534
    63.40510     57.52930    -24.39110
    52.25920     46.10750     -8.11370
    41.30010     36.23470    -22.85650
    50.36926     37.65060    -12.60829
    36.58263     24.36454     -8.94889
    42.21397     33.52489    -12.56365
    42.21403     33.52509    -12.56349
    45.77798     43.34715     -7.45606
    35.46462     27.91537    -10.95344
    51.80622     41.86696    -12.68788
    55.32970     50.29490    -13.58700
    32.36700     22.73850     -9.41360
    41.91020     56.49160    -10.16880
    55.63019     64.45538    -22.33393
    55.63016     64.45564    -22.33357
    55.63017     64.45569    -22.33344
    21.18975     23.40492    -10.35998
    36.53060     30.71140    -12.32960
    55.63014     64.45544    -22.33349
    33.30467     20.18136    -12.79826
    33.30451     20.18148    -12.79827
    33.30462     20.18146    -12.79826
    53.74620     49.22670    -11.74510
    50.59795     64.47773    -23.91901
    38.46590     36.20860     -7.86160
    30.65410     37.20860    -13.55440
    45.45240     34.36470     -9.65390
    42.35902     37.65335     -5.79184
    42.41054     28.72889    -11.39550
    37.76880     28.98520    -14.37940
    25.26470     35.40590     -8.72060
    57.06300     65.65740    -22.61570
    18.84880     25.10670     -7.24980
    23.91740     33.37870    -13.67230
    39.18560     26.66160    -12.13460
    55.82149     57.28755     -9.82899
    18.74560     28.38570     -6.94130
    55.82150     57.28758     -9.82894
    55.82153     57.28762     -9.82898
    52.60150     51.17700    -10.47940
    47.70320     45.95270    -14.10210
    40.12202     33.76647    -11.71212
    32.73970     25.93380    -17.92810
    36.69452     48.05048     -9.72754
    33.57297     38.17254    -17.87807
    21.19083     23.40552    -10.36023
    51.13828     44.60132    -11.36133
    20.06460     22.85260     -7.47730
    45.67472     43.28481     -7.50378
    29.03240     25.43170    -13.00510
    32.90660     31.78430     -6.87190
    26.66255     20.79557    -12.04983
    29.45460     41.52220    -10.40850
    50.22218     40.36164    -11.89971
    30.26400     41.81480     -9.64650
    48.81442     35.56453    -11.76461
    32.63052     45.13320    -13.61279
    59.83014     52.33213    -10.30535
    34.02052     20.85012    -11.82804
    31.18858     43.85862     -9.73409
    46.20570     32.72890    -11.25580
    50.63400     45.82140    -11.79040
    52.58459     41.21791    -13.92931
    33.78621     26.22588    -20.55105
    57.78140     45.95380    -19.94950
    58.41298     47.54120    -11.12672
    53.04074     51.48575     -7.46119
    18.67370     24.49300    -17.50850
    42.67911     37.99357     -7.65553
    32.58410     28.10750    -21.45320
    37.07670     32.53390    -10.52110
    34.17950     22.68200    -16.91630
    43.25650     34.51280     -9.97920
    53.39492     51.85649     -7.17887
    31.73754     43.40124     -9.24044
    42.24734     28.52593     -7.90710
    48.21850     44.87510    -16.80700
    33.25357     44.49678    -11.94163
    17.99950     27.85760     -6.82000
    36.89860     25.25720     -9.77340
    36.09120     31.10600    -21.94950
    42.13340     42.51670     -8.73110
    45.36886     43.09557     -7.62919
    51.48899     49.75432     -9.86864
    34.79551     45.77898     -9.19348
    52.99560     54.49480     -8.31370
    42.40640     26.54361     -9.23207
    50.36924     37.65060    -12.60821
    31.16419     43.92165     -9.74723
    33.31830     15.36970    -29.73350
    34.79605     45.78024     -9.19514
    39.27300     33.66610    -10.49120
    49.31240     57.36660    -24.91240
    35.31789     20.13945    -13.76071
    35.36812     20.07257    -13.71966
    39.51430     29.31540     -9.78150
    43.71230     42.22020    -10.05090
    39.90957     28.21125     -6.76548
    38.50660     34.28780    -14.59280
    48.13980     62.62900    -16.83150
    29.95250     43.30100    -12.39860
    43.45244     28.13979     -9.86011
    43.82928     35.33295    -13.87846
    25.60832     22.64300    -13.36758
    58.02680     56.46750    -10.19170
    41.92380     46.97900    -10.85520
    56.69980     52.80560     -9.72560
    42.71284     30.56285     -7.81442
    50.61068     56.88207    -25.28214
    45.73898     42.08887     -7.66968
    21.18952     23.40491    -10.35980
    33.59720     24.69260     -9.42220
    31.45530     35.89290    -12.17470
    42.24731     28.52635     -7.90731
    52.50790     51.65660     -9.31420
    36.71308     34.25594    -12.09359
    40.49860     54.33360     -8.28780
    23.36830     32.83080    -13.76790
    33.77210     36.87920    -15.91220
    20.96570     25.33730    -10.77470
    39.62465     54.13952     -9.93826
    38.01200     49.27370    -12.06950
    35.70868     28.52545    -13.24801
    48.89590     49.17800     -6.85120
    35.64519     37.13485    -14.64127
    25.56560     24.15150    -16.35860
    45.14917     42.93958     -7.65773
    31.18540     46.23060    -15.59000
    19.58379     27.42157    -14.39133
    46.46720     44.59930    -16.69510
    38.66770     30.50110    -14.48330
    23.59260     34.84070    -14.41390
    30.94220     23.06340    -14.43650
    35.86460     50.13430     -8.09360
    46.76820     37.76060    -12.27300
    51.64869     45.39705    -11.07195
    55.84660     65.81250    -22.64950
    33.16640     41.19940     -6.84530
    31.68130     13.26550    -28.55530
    42.43180     32.52240     -7.41580
    36.90690     24.60850    -16.54050
    31.66599     21.75285    -11.38982
    23.06233     37.08720     -9.06831
    47.58978     37.77204     -9.63413
    34.58602     30.98284    -10.64800
    55.90230     62.32160    -24.12560
    26.50836     20.68180    -12.48545
    26.66033     21.02412    -11.00166
    42.71843     28.83072    -10.55327
    41.06240     54.33840     -8.88160
    34.79570     45.77944     -9.19397
    44.75430     36.00940    -12.21760
    26.67570     23.94420    -17.96450
    33.57303     38.17243    -17.87760
    37.94372     29.57728     -8.72488
    30.78748     42.64881     -9.60583
    46.23380     38.35080    -14.62660
    24.56300     33.11890    -14.05930
    42.41074     28.72873    -11.39566
    37.90832     41.26970    -18.39842
    52.02831     47.96482    -10.51555
    34.43640     48.36464    -11.18973
    31.21617     42.61589    -13.46097
    41.41930     36.94940     -7.92720
    17.22100     27.36020     -4.82280
    43.82820     35.33287    -13.87849
    49.78115     36.69451    -12.24642
    49.78111     36.69451    -12.24639
    34.75112     36.66140    -13.98498
    31.45920     45.83530    -14.20260
    36.05690     31.93960    -12.23170
    35.36848     20.07200    -13.71910
    41.73940     31.51360    -13.10320
    46.33920     54.49780     -6.72030
    49.29960     45.32370    -10.05180
    45.07280     38.72260     -7.24850
    40.71210     29.26760    -14.61570
    35.38964     20.07734    -13.67766
    17.72980     26.58700     -6.67540
    60.87444     54.62132    -24.10412
    35.40047     20.04706    -13.67951
    33.01980     46.13820     -9.24140
    27.21540     11.38560     -5.57460
    21.57865     22.70860    -11.49906
    21.58163     22.69796    -11.46986
    45.40689     43.11401     -7.59897
    42.34885     41.84492     -9.43473
    35.40087     20.04663    -13.67926
    31.19499     43.88919     -9.72183
    17.86890     33.31230     -3.54400
    29.32157     33.87402    -11.85056
    34.27820     23.30980    -10.11930
    46.91680     37.05580     -7.52600
    39.40692     53.41590    -11.58543
    51.13679     44.60229    -11.36066
    53.34330     50.53100    -12.59780
    34.43110     43.09450    -20.58980
    22.23160     26.24140    -11.07290
    26.74535     38.33557    -12.44160
    20.07091     22.55136     -9.77527
    36.65310     25.74060     -8.08790
    27.80477     38.83172    -11.38442
    36.03796     25.29344     -8.48135
    29.59280     44.43680    -13.51140
    41.55980     30.76966    -14.76956
    32.55730     46.47620     -8.53200
    35.34534     20.11218    -13.73271
    42.29960     39.33190    -10.46130
    39.90120     54.17310    -11.57920
    58.41292     47.54100    -11.12648
    20.78460     29.74560     -9.72620
    43.24610     44.68840    -18.05850
    56.67740     60.55160     -9.56270
    43.12270     32.60930    -13.25310
    51.02689     40.70246    -12.38062
    40.84693     34.34969    -10.21776
    23.84950     21.80500    -18.29680
    50.46464     43.51948    -10.70199
    33.48590     32.55070     -7.28060
    35.44893     19.95199    -13.65988
    37.04400     27.16400    -22.02825
    35.47060     46.80540     -8.50090
    37.25860     26.01720     -9.38420
    41.03399     26.98593     -8.11365
    41.79730     32.87170     -6.98840
    30.89780     34.07140    -16.32190
    42.19239     37.54979    -10.85993
    54.52760     50.24690    -13.29360
    26.82986     20.87507    -11.78834
    49.47780     46.84670     -7.65100
    30.98020     30.79970    -11.61570
    26.50069     20.67641    -12.50596
    53.04304     51.48208     -7.46380
    45.29943     43.04498     -7.63615
    28.35234     25.00353    -14.08868
    37.33820     30.54020    -18.17900
    33.66430     26.68593     -8.82123
    30.84520     37.29310    -22.59600
    18.32828     31.36117     -8.71846
    40.54860     38.45990    -19.46670
    26.63039     38.65224    -12.88467
    36.07480     27.07360    -21.39060
    51.14752     41.11855    -12.15484
    30.13360     42.60420     -4.39510
    49.26380     42.70740    -13.37530
    41.23187     29.29194    -17.04357
    23.70370     37.25600     -7.08850
    45.26734     46.32131    -26.59822
    40.71824     31.38741     -7.66552
    55.15210     47.01460    -13.40230
    42.57782     28.78420    -10.93801
    59.83124     52.33337    -10.30985
    26.43170     20.65523    -12.61286
    36.68335     29.53323     -9.29804
    33.53690     47.00590    -14.03660
    44.00830     36.33610    -11.93160
    49.78106     36.69452    -12.24611
    26.49134     20.66973    -12.53161
    52.05830     52.08280    -12.49850
    46.25010     42.80640     -8.13050
    51.88014     52.26827     -8.24930
    51.83787     52.46001     -7.78631
    42.67898     37.99343     -7.65604
    51.07140     50.78740     -7.56940
    41.37620     26.79190    -13.86710
    51.82631     52.46475     -7.84186
    42.67903     37.99345     -7.65612
    45.47530     58.13070    -13.98000
    51.88270     40.08390    -11.64370
    39.66382     39.17039     -8.58563
    51.07440     64.27430    -26.02480
    45.68870     59.75300     -9.77230
    23.06221     37.08716     -9.06833
    33.66420     26.68607     -8.82147
    43.59060     41.33300    -13.38000
    48.00910     42.82540    -15.32550
    40.88227     27.67352     -7.31667
    50.76990     43.05370    -11.78840
    46.53930     48.89540    -29.01360
    51.22540     38.93523    -13.14365
    42.24732     28.52608     -7.90745
    34.58602     30.98275    -10.64763
    34.39270     46.57750    -10.45350
    41.94364     54.28694    -10.58163
    41.99400     25.30230    -10.42310
    26.76010     18.81160     -7.32450
    35.60418     29.25307    -10.20544
    57.67478     47.79070    -16.97676
    33.78619     26.22592    -20.55155
    39.61860     26.99760     -5.94330
    28.66000     27.01520    -12.69600
    22.88425     22.91871    -12.47090
    17.48378     26.19806     -8.60886
    49.09868     41.64143    -10.62181
    42.19241     37.55001    -10.85987
    51.66160     51.57890     -5.51110
    34.58591     30.98277    -10.64781
    25.31040     35.08090     -6.68600
    27.33692     39.26432    -12.92311
    32.57997     24.60709    -11.12426
    54.86480     59.73460     -8.00220
    29.31944     20.41314    -13.17646
    50.22212     40.36176    -11.89969
    29.78310     42.14760     -6.74570
    59.01260     51.52240     -8.65790
    50.84600     42.42360    -11.45200
    51.86543     52.40313     -7.81347
    51.66193     52.59296     -8.44153
    42.67881     37.99413     -7.65307
    32.68920     27.41650    -10.43760
    41.06950     48.15990    -22.65070
    51.88504     52.42441     -7.61001
    51.93082     52.41341     -7.34869
    26.62336     38.67392    -12.91502
    56.15560     63.33370    -20.96360
    43.82933     35.33320    -13.87827
    32.50797     42.61104    -11.27774
    46.09600     59.61560    -16.48390
    40.73140     30.00080     -6.62840
    28.72240     33.36090    -21.77620
    33.91360     48.26540    -11.90360
    21.18941     23.40466    -10.35967
    26.77680     26.24690     -8.44700
    38.43990     52.98980    -10.40000
    38.39787     31.46039     -7.61074
    37.76847     49.53230    -13.95609
    54.61300     43.71910    -15.58420
    35.97220     35.29770     -7.24670
    48.87372     48.34008    -15.75327
    35.64504     37.13477    -14.64125
    28.97049     39.63552    -11.25480
    36.55730     20.97570    -22.42480
    51.59086     52.64373     -8.71285
    41.85086     29.51878     -7.41465
    51.08512     40.91871    -12.26264
    42.48480     32.09160    -14.74700
    57.44500     65.54095    -23.96071
    29.98150     19.03190    -22.11260
    39.93560     36.78020    -12.50270
    26.87474     38.36290    -10.32009
    42.56000     53.62470    -10.79050
    35.70869     28.52521    -13.24847
    35.36849     20.07205    -13.71920
    29.31978     20.41468    -13.17522
    42.73020     57.07150    -10.18100
    19.26150     23.58400     -9.60780
    35.47473     19.81553    -13.68547
    23.80005     35.67082    -11.88787
    42.66768     28.18780    -13.26826
    59.45470     56.11050    -10.11790
    23.52800     19.46980    -17.71530
    40.61180     37.98210     -9.23020
    52.66162     43.12521    -13.25367
    20.08868     23.65656     -9.34398
    48.53230     48.02960    -14.10150
    36.34840     28.48200     -9.93870
    48.18280     45.75510     -8.67390
    32.96240     26.56410    -20.26920
    49.45390     46.16210    -11.32420
    31.87280     20.59970    -17.55220
    41.84140     25.26080    -20.14920
    44.15820     51.70280    -22.33160
    33.35790     36.18270    -17.70980
    41.37620     28.71030     -8.58010
    18.95074     30.93039     -9.68444
    20.02410     22.10390     -7.02840
    23.85310     18.00990    -15.17350
    42.51550     29.76150     -8.96530
    29.19120     22.91110    -11.09790
    51.18019     44.57693    -11.37942
    29.25144     42.74738    -15.51105
    50.03530     44.92620    -13.30080
    16.24830     26.70990     -7.07820
    53.30830     54.98830     -8.61170
    53.58990     54.50910     -7.85230
    22.21750     20.82420     -9.62620
    37.82130     32.74550    -20.33430
    40.73700     52.99160    -11.98560
    36.68323     29.53336     -9.29781
    38.33250     26.83410     -7.76300
    29.08677     39.74367    -11.15378
    52.73714     41.62242    -14.21175
    26.58144     20.72452    -12.33375
    36.82960     30.88900    -18.88750
    26.50841     20.68179    -12.48555
    32.88900     42.85680    -13.01050
    45.38650     40.61960    -14.06780
    45.26762     46.32177    -26.59861
    43.33410     56.46680    -13.13940
    34.97370     17.34560     -5.57550
    33.25373     44.49692    -11.94197
    24.61870     19.79740    -14.35230
    36.50520     29.28750    -14.72760
    43.52458     36.44180     -8.50352
    21.18902     23.40452    -10.35988
    31.82110     26.73250    -10.61010
    47.67222     43.74690     -8.24241
    36.58280     24.36440     -8.94802
    36.58266     24.36446     -8.94832
    31.29430     30.16740     -7.57300
    20.78430     28.26350     -8.84910
    51.41240     51.50900     -9.36490
    36.01878     21.13686    -15.44292
    31.37570     43.72713     -9.56218
    21.58171     22.69800    -11.46987
    55.72942     56.30390    -14.59355
    55.72982     56.30669    -14.59718
    53.89241     55.84141     -8.67560
    39.34246     32.37690     -8.68959
    35.61120     19.78610    -17.46600
    56.64770     48.03960    -16.63710
    35.46350     27.91487    -10.96066
    28.68840     20.99970    -11.78360
    54.12120     53.47290    -11.52730
    27.50246     26.71566    -23.59692
    39.34311     32.37692     -8.68961
    27.50254     26.71574    -23.59698
    49.09614     42.05456    -10.41029
    39.88480     44.21870    -21.71450
    55.73003     56.30817    -14.59896
    41.93661     36.75346    -11.91259
    25.77538     20.49473    -13.50585
    37.36669     29.74397    -10.95950
    17.47130     26.22080    -16.68800
    42.66600     34.83105    -11.84489
    42.66599     34.83108    -11.84493
    23.54800     37.18920    -10.53850
    53.61044     52.48999     -8.41528
    37.91520     46.93580    -17.84970
    48.46830     50.40500    -11.10960
    49.95793     44.25765    -10.53623
    23.18780     21.37000    -10.45080
    43.52247     41.16133     -9.68164
    53.90850     46.36430    -13.48500
    21.08920     24.26700     -8.87600
    49.30090     34.96451     -9.37259
    21.64552     24.25758    -11.53600
    16.70280     28.13760     -8.25010
    35.40970     20.03291    -13.67373
    23.80015     35.67088    -11.88793
    38.88730     32.82940    -13.76680
    30.22980     15.70690    -15.74770
    43.45264     28.13970     -9.86064
    36.01878     21.13677    -15.44349
    35.16500     31.33740    -20.25100
    21.86010     30.31000    -12.24100
    48.80423     35.55170    -11.76044
    53.39695     49.99150    -11.66680
    45.79350     49.08670    -22.09160
    47.67247     43.74713     -8.24335
    31.44742     44.62749     -9.28870
    34.82790     33.64310     -7.66290
    23.13100     35.61900     -9.25200
    29.59470     43.44750    -13.68520
    43.37440     57.70320     -9.08090
    40.30490     24.11620     -6.60510
    46.73820     44.13290    -14.70880
    59.83988     52.34415    -10.34608
    51.90087     46.54635    -11.14831
    42.18690     38.59910    -13.81000
    49.88231     44.28937    -10.52893
    38.30370     23.94830     -8.91820
    52.33880     49.18170    -12.15110
    36.01871     21.13671    -15.44393
    32.35380     44.35800    -12.54240
    33.60176     25.93861    -10.90929
    31.62260     37.76740    -24.24120
    31.65670     26.49830    -13.11930
    41.31760     52.31690    -14.82860
    39.96140     37.24210     -9.47670
    53.39529     49.99010    -11.66778
    50.11230     57.99950    -24.53740
    18.22650     25.78710     -7.22260
    51.97980     66.01210    -13.33990
    18.46230     24.44990     -8.45210
    31.13905     42.59986    -13.49034
    27.80664     38.83087    -11.38442
    50.97420     64.75490    -13.94920
    52.62240     59.43380    -24.33510
    55.63016     64.45548    -22.33334
    39.75890     31.97410    -11.77980
    45.31490     37.68860    -12.74570
    26.29670     37.49390     -9.91120
    41.41570     53.02850     -7.48610
    45.56780     26.47630    -13.16380
    39.40110     40.90210     -9.53460
    30.33820     37.81790    -19.32930
    32.82340     36.71140     -9.76700
    40.75344     55.17375     -9.32616
    42.71125     30.55756     -7.81046
    38.86510     29.23100     -9.70040
    45.87200     42.71960    -10.18740
    49.16347     42.30982    -10.16157
    47.04030     45.06744     -9.21064
    26.50078     20.67643    -12.50615
    41.30960     24.86390    -11.86560
    29.63314     36.30252    -13.59877
    32.89452     22.17808    -10.47451
    48.24657     42.64465     -9.52535
    22.09300     25.50220    -11.74630
    33.04490     37.15200    -15.08230
    30.66160     41.06190    -14.08760
    37.81780     32.79150     -8.25670
    18.32824     31.36137     -8.71895
    30.75430     38.13270    -23.40750
    40.25120     26.42010     -8.33950
    44.18910     36.80790    -12.90870
    41.85103     29.52005     -7.41420
    41.85103     29.51948     -7.41449
    17.09460     27.67970     -6.01110
    18.40350     23.62630     -6.44820
    26.70451     38.44214    -12.59306
    35.57030     35.98860    -13.81830
    45.19750     36.58100     -8.19230
    47.04650     43.26580     -8.80150
    59.83014     52.33165    -10.30494
    39.34291     32.37689     -8.68910
    31.44716     44.62740     -9.28903
    19.30420     23.76400     -5.94350
    23.15820     21.42410     -5.53430
    30.78752     42.64889     -9.60557
    51.13812     44.60108    -11.36140
    52.17960     44.94770    -11.98430
    23.59760     29.32030    -13.29600
    42.68549     34.86536    -11.96986
    48.20423     42.63887     -9.74451
    34.92641     36.01131    -17.26181
    24.86780     14.60160     -8.73950
    41.56000     30.76964    -14.76944
    51.58271     58.18752    -19.00213
    41.86083     28.87426    -13.83496
    36.01877     21.13670    -15.44378
    23.18240     23.62950    -12.90730
    33.60174     25.93863    -10.90928
    29.57350     28.33810    -19.65320
    48.79140     41.78940    -15.56950
    39.40698     53.41590    -11.58507
    49.79440     54.26780    -26.21010
    51.48899     49.75460     -9.86734
    51.48898     49.75442     -9.86831
    51.48899     49.75442     -9.86805
    43.92220     35.09830     -8.69060
    64.62510     57.33450    -26.74960
    41.63540     29.62380    -16.22510
    40.50964     32.87630    -14.83121
    37.48920     37.95930    -10.00680
    30.24730      9.53290    -16.80930
    41.03411     26.98575     -8.11379
    42.76360     39.95040     -6.79170
    36.01875     21.13680    -15.44348
    43.91020     33.15360    -16.14580
    41.15710     25.76320    -17.02690
    30.90720     34.38270    -13.68510
    30.34066     32.13212    -16.12508
    56.27390     53.54740    -12.86100
    33.58380     46.17160    -13.62680
    16.49600     29.29630    -16.03870
    42.81063     33.98872    -11.23927
    53.68574     45.54941    -13.46521
    47.90630     39.69190    -15.03790
    33.60182     25.93881    -10.90928
    51.97667     52.40503     -7.08105
    40.47210     33.39660    -10.26310
    53.34570     55.09370     -7.23380
    29.65260     35.21490    -15.62790
    33.55203     26.03773    -10.98701
    56.32880     65.41420    -22.67640
    48.49394     49.56604    -11.51577
    47.53373     33.91241     -7.81497
    40.12900     23.35350    -20.44900
    22.88435     22.91869    -12.47060
    25.35550     39.39550    -15.87860
    23.45720     25.47900    -13.28050
    30.19360     15.51390    -22.92640
    28.38260     18.26430    -13.36990
    37.71168     21.22877    -17.09983
    20.08839     23.65624     -9.34342
    48.13410     35.12560     -7.11650
    26.74864     38.17667    -12.32876
    52.43970     64.98020    -23.98260
    32.50783     42.61116    -11.27816
    41.98760     42.60780    -23.76900
    45.37419     40.94261    -12.54879
    26.74100     38.61170     -8.38330
    45.37411     40.94269    -12.54891
    33.00160     37.30590    -17.48690
    45.03790     49.15630    -27.34960
    33.87230     31.44090    -13.88690
    41.92280     30.94300    -16.50350
    26.58151     20.72453    -12.33362
    31.25805     44.07378     -9.61402
    30.33993     32.13249    -16.12474
    40.92580     27.62060    -20.48360
    43.13800     38.74330     -8.40660
    37.77550     45.24520    -21.96600
    37.74650     30.73250    -21.58330
    49.01080     57.13290    -22.80250
    42.88980     26.81090    -14.48280
    52.02847     47.96458    -10.51561
    31.69440     35.88165    -15.41465
    31.69489     35.88176    -15.41395
    36.05150     36.83580    -16.65510
    43.61940     55.57070    -14.36970
    41.73150     38.22390     -6.33720
    45.54160     35.85340    -10.33930
    40.51101     32.87729    -14.83187
    42.35888     37.65315     -5.79186
    42.37362     28.71600    -11.49752
    37.58253     32.76598    -12.87657
    42.81092     33.98822    -11.23887
    46.61505     46.32655     -6.55378
    47.58978     37.77205     -9.63410
    40.51114     32.87733    -14.83209
    40.51100     32.87723    -14.83187
    50.46490     43.51948    -10.70253
    32.02910     31.05970     -8.60630
    31.58065     34.28159    -16.63764
    34.51110     24.52160    -19.07710
    53.08078     44.11025    -12.03542
    44.85100     42.72200     -5.11700
    55.23120     49.96620     -3.99030
    32.45150     26.30710     -7.97960
    39.20539     31.52781    -14.60848
    35.52572     18.40322    -14.43738
    47.97974     50.27621    -12.70477
    39.62455     54.13948     -9.93804
    35.16160     27.68090    -14.81930
    47.97988     50.27625    -12.70468
    33.38660     39.33160    -21.26650
    48.73470     61.40290    -11.50270
    35.90560     30.36360    -10.71670
    18.32825     31.36103     -8.71793
    44.07740     34.40930     -7.68060
    49.65020     45.83650    -10.00310
    41.85984     27.46679     -8.30598
    45.70820     59.02310    -16.50420
    27.69900     39.58950     -6.07220
    53.68579     45.54944    -13.46511
    36.85830     28.50460    -18.88580
    34.05280     30.90560     -8.18960
    29.01340     37.78940    -15.48410
    40.92780     36.06200     -8.53970
    33.57338     38.17269    -17.87849
    37.76853     49.53210    -13.95641
    36.14400     37.72220     -9.44070
    16.01460     27.88150    -21.06910
    30.77680     27.94290    -10.40010
    40.84758     34.35015    -10.21794
    39.90999     28.21222     -6.76428
    17.78180     25.71350     -4.95540
    50.39170     58.06940    -21.00940
    42.22981     39.90226     -9.70897
    41.02310     53.09650    -10.14700
    35.84589     21.02129    -16.11933
    25.52350     14.22830    -15.46170
    23.25280     28.10120     -9.25690
    30.85987     42.54277    -13.59420
    48.55670     34.15770    -11.53860
    32.99440     14.82930    -12.25890
    40.43020     35.66650    -12.96410
    50.46699     43.52055    -10.70460
    41.44500     25.02200     -7.22820
    36.06204     21.16722    -14.85501
    41.89600     44.71240    -16.53980
    40.72370     32.85370    -11.02800
    34.90510     46.92562    -12.23922
    47.47770     44.19900    -13.70570
    46.64810     39.56975    -14.27977
    25.50421     38.24406     -6.58724
    35.64522     37.13517    -14.64149
    30.05950     34.30720    -13.66450
    49.44740     43.51780    -10.21040
    47.67309     43.74744     -8.24504
    37.73580     28.16890    -15.18040
    37.53750     35.57940    -10.89980
    34.92637     36.01133    -17.26182
    42.68578     34.86619    -11.97057
    37.83141     31.36853    -10.99390
    43.83539     34.24495    -11.72886
    39.67990     45.18180    -19.60970
    25.58180     33.56560    -13.92480
    25.95832     38.44063    -12.72367
    53.11216     51.55886     -7.40547
    22.64780     24.30780     -8.40420
    43.63233     33.69398     -8.23475
    52.72790     53.25290     -7.06790
    49.09420     42.23924    -10.31707
    33.96570     44.16231    -10.00212
    55.63670     51.39410    -13.11830
    39.34273     32.37690     -8.69173
    20.84940     19.39410    -12.48970
    37.12710     19.25490    -13.25670
    38.39803     31.46041     -7.61076
    21.57861     22.70882    -11.49927
    39.41130     29.35850    -24.47000
    29.23350     19.06460    -10.50650
    43.63241     33.69400     -8.23484
    51.12380     41.97430    -14.62060
    43.83270     34.72650    -14.62230
    39.89990     55.50770    -10.95180
    30.85250     26.72530     -8.67040
    39.90891     28.20941     -6.76757
    39.12410     54.15180    -12.24050
    40.36550     34.36050    -14.79840
    20.14778     24.87282    -10.97584
    41.85114     29.51983     -7.41407
    36.03322     21.14641    -15.43465
    36.03599     21.14828    -15.37524
    49.13010     49.32940    -10.31950
    43.94640     28.53020    -14.08800
    28.79585     39.47389    -11.40833
    53.81820     51.38760     -9.57130
    23.59228     24.42592    -13.96107
    44.78650     33.24100    -14.99930
    53.29760     56.71430    -24.11930
    48.23650     40.26340    -14.35860
    41.60940     28.84850    -15.20900
    42.22938     39.89958     -9.70451
    53.04145     51.48426     -7.46237
    49.85750     46.81460    -14.13820
    26.79510     20.90599    -11.62789
    35.60385     29.25338    -10.20602
    52.17710     64.52120    -13.20430
    63.63890     59.54110    -21.47440
    43.87240     46.62340    -23.87660
    28.69250     38.77950    -13.45680
    41.91460     29.79770    -13.38820
    33.34662     47.42604    -11.88912
    51.90396     46.57581    -11.19419
    35.80220     28.99540    -18.40000
    50.21050     49.60490    -15.33280
    37.90818     41.26980    -18.39868
    37.36671     29.74383    -10.95970
    35.53490     30.25967    -13.01024
    49.22880     39.52600    -14.66970
    36.24020     25.94300     -9.14970
    35.53490     30.25963    -13.01046
    41.07930     38.99670    -13.70690
    18.08720     28.36950    -18.64750
    53.12840     47.86480    -12.94110
    48.80275     35.55000    -11.75992
    40.36930     28.90750    -11.08900
    47.97978     50.27644    -12.70495
    27.33688     39.26428    -12.92299
    57.84320     56.62030     -7.86500
    26.63644     38.63736    -12.86272
    59.59970     51.27030    -15.21760
    36.63240     51.07660     -5.95940
    42.24723     28.52607     -7.90703
    16.69050     27.02450     -5.66690
    32.89458     22.17812    -10.47499
    35.58510     32.54980     -7.27980
    38.44290     46.34840    -21.20660
    39.34200     34.16610    -12.78820
    23.06216     37.08749     -9.06794
    39.81800     33.21350    -19.45400
    35.21890     16.95400    -12.52680
    38.42350     27.61940    -15.55980
    48.80503     35.55263    -11.76081
    38.27440     28.36460    -17.94510
    33.90460     29.79770    -20.04260
    22.59080     34.26580    -11.52790
    34.98370     31.00210    -12.78558
    58.10880     48.58530     -9.03170
    51.88941     46.43928    -10.98236
    43.22579     31.79394     -8.32738
    22.37170     22.43420    -14.22210
    32.37460     46.64870    -12.03440
    42.40655     26.54360     -9.23219
    37.83117     31.36808    -10.99359
    40.71826     31.38739     -7.66558
    42.91500     31.80250    -17.05960
    41.94425     54.28704    -10.58384
    40.60200     44.28370    -25.14600
    43.63256     33.69392     -8.23451
    32.83460     26.90890     -6.82700
    42.32370     32.06870    -11.35800
    43.41330     36.47810    -13.21160
    24.95080     36.45080    -12.90720
    42.40645     26.54340     -9.23184
    33.30397     26.53089    -11.37498
    29.31999     20.41564    -13.17462
    33.52784     38.17682    -17.75726
    28.89630     24.24160    -22.32350
    49.30100     34.96429     -9.37281
    42.96950     33.07540    -14.10190
    26.50862     20.68183    -12.48492
    29.63332     36.30302    -13.59877
    55.73002     56.30747    -14.59866
    23.06247     37.08688     -9.06879
    32.57999     24.60685    -11.12473
    47.11350     57.17400    -19.60400
    36.69434     48.05149     -9.72632
    16.29530     25.38540    -13.04020
    52.06020     59.89710    -22.93630
    14.74470     26.86100    -13.31690
    41.28810     33.63060    -11.38810
    51.95417     52.41154     -7.20616
    54.22000     47.13320    -12.60330
    34.09500     14.30000     -5.67740
    37.33940     29.20870    -21.84140
    35.31170     42.41710    -24.22580
    40.07440     32.75510    -11.53880
    30.12750     13.82510    -22.58130
    49.41710     57.60880    -20.40500
    60.87456     54.62138    -24.10448
    52.17110     48.81070     -7.24050
    22.40970     21.39250    -11.10800
    46.02590     37.47730     -9.97650
    51.80638     41.86684    -12.68752
    40.91060     34.23550    -16.75230
    21.87920     21.46820    -19.03910
    45.26769     46.32196    -26.59881
    50.96330     47.55530     -7.77730
    25.71450     39.31980     -9.21900
    44.92470     31.47050    -10.29290
    35.52568     18.40318    -14.43762
    50.59785     64.47797    -23.91899
    46.61505     46.32635     -6.55382
    43.92690     43.35860    -25.81570
    43.22591     31.79396     -8.32752
    58.74370     56.50450    -10.61200
    48.41109     42.66757     -8.66737
    28.85448     39.52685    -11.35429
    50.68396     59.11990    -23.82798
    30.40700     19.45958    -12.58639
    45.71323     39.84774     -6.73364
    51.08408     40.91639    -12.26362
    49.09519     42.30000    -10.28251
    49.09393     42.23994    -10.31671
    36.03804     25.29346     -8.48095
    41.23193     29.29186    -17.04343
    25.08210     22.76080    -15.26680
    28.78740     41.21090     -5.31540
    42.66772     28.18790    -13.26844
    42.67907     37.99320     -7.65777
    49.52240     37.42330    -12.56050
    39.87120     35.15080    -13.55630
    55.58560     48.26350    -15.06370
    33.61266     25.91561    -10.89205
    38.09030     31.64760    -19.89170
    24.88740     35.81880    -12.08690
    36.51050     41.11700    -17.67680
    27.37580     19.40650    -13.56040
    43.61260     47.63450    -22.50900
    51.64733     45.39622    -11.06699
    57.58050     64.72880    -20.73380
    20.14772     24.87278    -10.97636
    37.94368     29.57722     -8.72532
    19.74280     24.46950    -10.51520
    30.54960     36.45220    -13.17450
    27.60050     32.67590    -17.18070
    48.20524     42.63883     -9.74272
    35.95882     27.67194    -12.81353
    47.62420     47.50910    -26.54980
    40.56730     32.13090    -11.16440
    32.49140     46.06630    -14.73250
    17.48372     26.19804     -8.60874
    44.50213     40.32559    -13.21813
    36.28260     48.65140    -11.37600
    38.92830     32.46170    -20.73760
    32.75480     44.79920     -8.86670
    41.09240     40.21000    -10.34990
    25.31082     21.19167    -12.82072
    31.65530     31.13650    -12.12480
    36.69930     22.92220     -7.11420
    55.24880     46.48730    -15.04450
    32.63032     45.13331    -13.61308
    35.70882     28.52557    -13.24773
    48.01820     39.04500    -10.59740
    48.32039     40.06176    -10.69093
    35.91500     29.45310    -13.74450
    45.81940     50.76700     -8.41320
    42.72170     28.83153    -10.54430
    39.94450     33.59470    -15.11710
    21.64553     24.25760    -11.53622
    41.03374     26.98607     -8.11370
    44.50207     40.32561    -13.21857
    37.58095     32.76921    -12.86802
    36.66890     25.06560    -12.30700
    49.71470     61.23100    -21.37650
    25.45570     37.62070    -12.37960
    33.52806     38.17677    -17.75787
    27.80525     38.83152    -11.38426
    28.60700     35.49150    -11.00160
    39.62240     33.09510    -16.80600
    35.74300     31.87480     -8.37430
    35.01306     20.34305    -14.16541
    30.12240     27.94340     -5.97000
    31.22390     22.78460     -7.89610
    29.63310     27.52730    -12.52930
    36.00020     19.98510    -18.45060
    34.06720     18.10510    -11.82880
    52.66158     43.12509    -13.25393
    15.16281     27.79372    -12.49539
    29.13880     33.13810    -11.20400
    31.75200     20.96740    -12.66180
    28.34960     22.73430    -11.34640
    36.71302     34.25576    -12.09361
    51.64897     45.39716    -11.07290
    34.77480     45.21572    -13.21802
    38.94700     35.32140     -8.27030
    29.63297     36.30309    -13.60025
    31.66591     21.75295    -11.38988
    31.69345     35.88139    -15.41599
    24.65100     21.18370    -14.69410
    29.32143     33.87418    -11.85084
    28.01250     36.51400    -17.31020
    25.43800     39.56780    -13.07590
    53.30030     40.94150    -15.02380
    46.68706     32.79872     -6.87195
    46.68693     32.79863     -6.87203
    46.68711     32.79865     -6.87203
    25.84970     37.40030     -8.33290
    46.00440     61.43460    -21.12490
    53.61036     52.49011     -8.41512
    29.25146     42.74752    -15.51085
    36.17300     48.72740     -8.15300
    46.99550     34.16610     -9.91470
    50.46469     43.51934    -10.70224
    18.17360     26.44880    -13.23670
    35.48920     49.55510     -6.83640
    53.08092     44.11005    -12.03538
    53.89249     55.84119     -8.67560
    54.29500     49.71630    -11.49200
    36.11270     45.26220    -17.48320
    44.42800     43.26040    -10.56210
    18.22420     26.13560    -10.30060
    45.27520     43.31500    -11.30130
    29.63300     36.30264    -13.60013
    37.58291     32.76507    -12.87887
    35.46479     27.91526    -10.95359
    43.45839     28.14148     -9.88190
    27.78770     28.79800    -19.31580
    54.28950     52.86830    -11.93070
    33.41670     41.00530    -19.54690
    47.67550     35.34070    -11.09520
    35.40960     36.15610     -7.26410
    52.56422     41.16329    -13.89051
    26.69033     38.47988    -12.64706
    23.59282     24.42624    -13.96048
    35.15930     33.41870    -13.77510
    29.63358     36.30181    -13.59777
    39.22560     43.62550    -27.10760
    45.47280     37.24980     -9.39120
    42.64220     57.91170    -11.87480
    58.27590     48.50580    -21.62960
    15.16289     27.79388    -12.49581
    46.65810     43.30610     -7.10530
    31.58075     34.28151    -16.63796
    49.95803     44.25796    -10.53553
    41.31240     33.17750     -8.21680
    34.79563     45.77820     -9.19256
    41.85085     29.51880     -7.41496
    31.13685     42.59940    -13.49107
    42.21410     33.52501    -12.56323
    36.03600     21.14818    -15.37515
    35.95878     27.67206    -12.81337
    34.75118     36.66150    -13.98552
    45.42410     53.69910    -18.28400
    33.57340     31.86200    -10.78330
    36.47630     26.76740    -12.25440
    34.90490     46.92558    -12.23948
    51.90747     46.60785    -11.24328
    35.54890     23.84040    -10.64570
    23.16380     34.64120    -10.43160
    21.83610     26.08130    -12.16530
    43.80180     33.95610    -13.87500
    25.37660     34.78060     -9.73300
    33.47690     25.76140     -8.52640
    59.52880     54.04700    -21.11690
    59.96320     54.30510    -22.23780
    42.71875     28.83074    -10.55210
    42.73293     28.83525    -10.51353
    42.21406     33.52521    -12.56278
    18.13660     24.28790    -14.47240
    20.10430     22.30070    -18.06400
    31.65200     37.81280    -17.97280
    41.96370     34.84260    -13.72640
    37.71182     21.22863    -17.09987
    23.89830     23.17180    -12.25690
    51.64846     45.39689    -11.07091
    29.14402     39.79921    -11.10746
    32.63031     45.13324    -13.61267
    32.63035     45.13335    -13.61266
    33.25942     38.20331    -17.03913
    33.98590     27.81760    -10.62090
    35.97324     46.53377     -9.66022
    23.98760     27.03520    -18.04650
    22.81868     35.75206    -11.43491
    50.46411     43.51909    -10.70199
    37.83123     31.36833    -10.99357
    43.11440     34.63950     -8.11160
    42.71973     28.83104    -10.54959
    51.45540     51.21750     -7.18850
    43.55830     40.48090     -4.81850
    16.72220     26.36500     -9.86960
    43.82981     35.33294    -13.87840
    33.94190     48.43720     -9.26220
    25.31088     21.19163    -12.82038
    23.06236     37.08708     -9.06873
    29.99220     36.15260    -15.69850
    36.78370     30.24430     -7.26690
    27.46950     21.05010    -13.79130
    22.11080     35.81240    -10.03390
    34.34260     25.38720     -8.32890
    47.59690     35.23550     -7.86250
    34.60750     38.02690    -21.63930
    18.95076     30.93051     -9.68476
    43.83531     34.24495    -11.72894
    63.63940     57.09060    -22.95500
    37.89978     44.14489    -23.53812
    28.79540     42.26900     -5.23270
    54.95650     45.64500     -8.92050
    40.02920     31.29820     -9.37230
    47.58964     37.77202     -9.63457
    33.00030     32.75880     -8.11010
    29.63226     36.30463    -13.60414
    35.09180     33.91190    -18.83450
    27.80433     38.83200    -11.38422
    47.53367     33.91259     -7.81463
    38.81100     22.74720    -10.33140
    37.45870     32.25080    -11.38510
    41.17830     32.06140    -12.24380
    48.03750     49.49930    -22.54640
    39.50520     27.73760    -15.44420
    40.12208     33.76643    -11.71188
    37.04380     27.16410    -22.02845
    19.53190     29.85280     -9.96690
    34.69810     33.59550    -16.31990
    35.91910     20.27250    -16.44740
    51.13656     44.60189    -11.36067
    42.66521     34.82908    -11.84412
    31.21620     42.61573    -13.46082
    35.44590     31.54780    -13.74020
    49.70400     44.36429    -10.51173
    34.34070     45.23720    -10.94800
    32.04260     44.71850     -5.76230
    32.26410     14.60940     -8.98340
    48.81740     44.44390    -12.41360
    46.91000     34.96830    -10.59250
    56.11370     65.20130    -24.32300
    54.04540     50.53200     -8.91750
    36.69411     48.05250     -9.72522
    25.23250     22.06810    -12.32240
    34.77473     45.21587    -13.21844
    48.69890     45.74370    -18.25660
    27.16220     41.81880     -6.56650
    39.99460     35.01500    -10.09830
    44.88572     42.74329     -7.65841
    18.70050     31.93540     -7.73090
    22.41080     34.20410    -13.61540
    36.68342     29.53332     -9.29815
    18.52950     28.89560     -9.05130
    24.61980     38.97760    -13.19020
    26.38575     20.63640    -12.69144
    35.91050     47.22430     -9.90920
    48.79562     35.54099    -11.75698
    41.05559     38.75942     -9.55487
    22.81882     35.75214    -11.43519
    35.60650     34.44040     -8.91420
    28.42130     37.89840    -15.11520
    34.95460     29.07880    -16.89440
    38.19730     27.22970    -12.56530
    18.82420     23.49530    -13.60770
    22.09320     20.36050    -13.91980
    50.86240     63.58390    -10.17290
    43.45209     28.13947     -9.85868
    28.47760     34.78550    -12.31300
    36.58276     24.36438     -8.94837
    26.90624     20.88751    -11.79190
    58.57973     48.98166    -10.47190
    45.71317     39.84796     -6.73356
    39.32370     35.12960    -22.01330
    25.71730     24.01840    -14.62910
    47.04010     45.06746     -9.21096
    34.02739     43.03408    -17.38524
    23.89290     30.19230    -17.38090
    31.19469     43.88936     -9.72213
    46.64790     39.56959    -14.27966
    55.72983     56.30640    -14.59687
    59.65050     54.93570    -20.09180
    58.57977     48.98164    -10.47160
    56.12880     66.11570    -20.89740
    51.22544     38.93514    -13.14374
    43.52462     36.44190     -8.50388
    41.24120     51.32250    -16.82890
    40.14180     50.56540    -15.18710
    46.31780     59.10500    -13.12020
    20.08856     23.65641     -9.34394
    20.08857     23.65638     -9.34342
    37.40310     49.26090    -12.73960
    49.62000     41.68430    -14.51880
    26.87486     38.36280    -10.32041
    29.11120     15.29010    -10.75820
    51.22546     38.93523    -13.14361
    31.77660     34.16000    -14.99030
    46.04730     45.19440     -7.92790
    48.87358     48.33992    -15.75313
    50.08300     56.19730     -9.08960
    34.02741     43.03402    -17.38546
    42.67916     37.99321     -7.65682
    48.49386     49.56606    -11.51563
    19.44520     22.35050     -8.15680
    31.49400     26.32020    -11.32180
    24.11910     31.65590    -14.19770
    48.20426     42.63891     -9.74445
    51.58279     58.18768    -19.00167
    29.89900     39.27480    -15.11640
    34.58595     30.98275    -10.64776
    34.77487     45.21605    -13.21895
    38.65150     30.00710    -10.12700
    34.43630     48.36476    -11.18937
    20.85450     23.71730    -11.83920
    51.08173     40.90851    -12.26807
    40.98180     37.92530    -10.96230
    18.66220     28.18290    -10.38880
    41.27026     35.32925    -11.76693
    25.60848     22.64290    -13.36732
    54.00120     64.80940    -19.34930
    50.41420     45.61530    -10.45770
    38.39140     31.16530    -19.16280
    30.50810     19.00410     -7.59800
    41.05571     38.75958     -9.55523
    42.21391     33.52494    -12.56377
    50.68384     59.12000    -23.82752
    26.68065     38.52376    -12.69513
    32.57987     24.60725    -11.12399
    19.91350     26.11470     -7.88740
    50.46346     43.51891    -10.70085
    25.50419     38.24384     -6.58716
    51.07740     53.31000    -15.06350
    41.27024     35.32905    -11.76677
    56.56050     60.99320    -19.21710
    37.85840     28.20460    -11.24300
    41.94248     54.28665    -10.57764
    45.03290     31.48270    -15.08140
    52.15470     38.42500    -10.76880
    33.34688     47.42596    -11.88918
    58.97410     64.07940    -21.15830
    37.89982     44.14501    -23.53818
    37.59620     40.27070    -19.39160
    50.61052     56.88193    -25.28206
    45.07850     38.11760    -13.57170
    27.23190     17.19050    -14.70600
    53.36529     43.90345    -13.94332
    45.85810     52.15090    -21.02200
    37.25960     27.95640    -22.01910
    19.13530     31.12420     -7.73140
    32.05500     23.83890    -10.58500
    42.63540     35.00150     -7.31870
    18.09490     26.13410     -5.98580
    54.78520     49.71150    -13.77100
    43.14430     38.52590    -12.33230
    16.96380     23.96540    -10.14870
    42.34905     41.84488     -9.43477
    26.80230     12.92620     -8.95300
    49.78119     36.69466    -12.24638
    34.81330     49.53270     -5.64460
    40.88213     27.67358     -7.31713
    32.99360     28.94420    -10.75110
    49.95756     44.25719    -10.53731
    32.21300     25.39170    -10.08300
    43.45077     28.13929     -9.85410
    41.86087     28.87444    -13.83494
    15.83380     25.39500     -6.60680
    51.33430     57.48930    -23.73610
    37.58339     32.76390    -12.88100
    33.73870     44.44520    -13.45860
    31.73799     43.40304     -9.24402
    46.83490     37.87160    -15.19710
    34.98360     31.00230    -12.78582
    44.85249     42.71834     -7.65241
    42.76480     37.11010     -7.60620
    38.78060     41.50510    -18.19780
    36.01868     21.13673    -15.44456
    51.99479     52.40185     -6.98501
    20.62090     25.06050    -19.23630
    34.00740     44.91780    -12.65660
    53.48750     42.70070    -14.91330
    33.57290     38.17255    -17.87781
    64.60260     55.96750    -25.49600
    57.67482     47.79070    -16.97684
    26.73251     38.36162    -12.48217
    55.10430     56.03850     -8.77580
    34.29800     26.53040    -20.23200
    21.57128     22.73504    -11.57065
    22.82200     26.60730    -12.68810
    19.21470     27.23210     -6.58750
    19.58391     27.42143    -14.39117
    28.08980     24.34570    -15.65960
    34.87390     32.59390     -6.96700
    25.12850     32.76800    -17.31850
    21.57802     22.71054    -11.50426
    54.59070     47.02590    -14.10180
    48.74850     56.08120    -23.80340
    34.86110     25.91790    -13.95890
    49.30620     64.84760    -26.27330
    31.26960     42.03460    -10.31950
    23.59268     24.42620    -13.96065
    60.42100     50.59010    -20.36510
    51.61584     52.62967     -8.60719
    35.60336     29.25358    -10.20649
    19.07150     25.24200     -9.09370
    52.86470     46.89590    -11.89150
    40.02470     24.98110    -13.12710
    21.64554     24.25773    -11.53628
    49.66860     57.84150    -23.36600
    58.90550     50.36640    -17.29480
    43.05960     37.79990    -12.10010
    24.61480     34.10060    -14.12640
    25.89790     32.00640    -13.19250
    31.33950     24.58480     -7.06100
    59.48777     50.90789    -10.47482
    52.61496     41.29853    -13.98550
    41.93649     36.75330    -11.91237
    42.40290     27.14730    -11.33240
    31.37160     34.32400     -9.00520
    50.19370     62.41980    -26.10540
    40.54080     41.92350    -11.80240
    47.95640     38.70150    -15.20240
    18.09360     27.16690     -5.57140
    30.33994     32.13246    -16.12470
    52.85010     48.25360    -12.01490
    19.12790     30.92560     -6.30180
    51.09810     40.96708    -12.23608
    34.31030     31.41100     -9.64690
    35.97336     46.53383     -9.65968
    33.96590     44.16239    -10.00198
    44.37590     30.46530    -13.50520
    29.31982     20.41488    -13.17529
    43.82976     35.33306    -13.87835
    28.35226     25.00347    -14.08842
    49.83630     62.97820    -21.28470
    59.48773     50.90771    -10.47488
    38.40650     49.43370    -10.64190
    49.23480     43.92360    -13.03780
    41.00810     31.56480    -19.21380
    30.40710     19.45952    -12.58691
    53.68567     45.54926    -13.46508
    17.92970     28.00320     -8.32100
    39.77640     26.12720    -22.34250
    37.56120     24.48320     -6.56660
    40.84733     34.35006    -10.21787
    51.53450     42.60210    -12.15950
    30.34009     32.13241    -16.12476
    45.73892     42.08883     -7.66992
    42.83240     39.37650     -6.16330
    49.48140     42.50165     -9.52054
    39.82010     45.91080    -17.82930
