    -1.43678     31.10081
    23.69129     13.33396
    21.81061     17.43085
    22.69926     17.14841
    22.69926     17.14841
    -6.60886    -16.53348
    57.98565     14.82229
    57.98565     14.82229
     4.88745    -10.22972
     5.26112    -10.25022
     4.88745    -10.22972
     5.33679     -9.81778
     4.58273    -24.40701
    -0.95938    -10.00519
    -6.48142     31.37759
    -4.13746     30.25701
     3.21547     11.54831
     2.88734     11.62679
     0.80097      7.26309
    26.86497     30.35273
    26.88504     30.05389
     2.88734     11.71340
    24.31279     12.17868
    22.18058     17.88293
    26.87964     30.69726
    22.69147     14.05909
    22.74706     14.01095
    22.82272     14.01037
    22.63589     14.10723
    -1.77133      5.72362
    -1.18609     13.11928
    -0.36096      9.36271
    -0.36096      9.36271
     0.32152      7.08291
     0.32152      7.08291
    23.84801     12.86265
    23.84801     12.86265
    24.27728     13.05381
    -0.49282      4.61640
    -1.55902      5.46397
    -1.52351      5.28167
    26.90512     30.53447
    26.90512     30.53447
    -0.09772      7.73826
    -1.07567     13.16439
    -1.07567     13.16439
    -1.11118     13.77971
     1.89981      5.49966
     0.75270     12.10066
    77.23888     -1.69994
    25.83011     17.34911
    -2.42083     10.15066
    25.62783     17.84905
     2.54467     16.98985
    -0.43348     10.61632
     0.13706     10.65265
    -0.45745      4.69396
    -2.82927      6.74798
    12.77672      5.01375
    20.61063      4.28881
    20.67843      4.32202
    20.62915      4.23551
    25.03256     18.52694
    25.03256     18.61354
    25.05583     18.63872
     5.29288      6.46909
     0.35013      9.29899
     0.62267      9.18205
     0.77939      9.31695
    11.57437      6.22537
     7.94293     12.03687
     1.17240      9.57201
    18.22864     10.83191
     7.82081     11.53290
     2.47712      7.29458
    22.14127     23.85628
    21.83323     23.80912
     3.82888     11.76541
    20.28490     15.98081
     4.06450     12.55226
    15.66081     10.48229
     9.81191      7.22131
    22.63257     14.21649
     9.87754      7.58666
     9.98824      7.54211
    10.03879      7.60332
    10.14970      7.64201
    12.63982      5.25937
    12.69540      5.12463
    12.62978      5.10569
    16.98812     13.55495
     8.08348      7.28826
    12.50422      4.59554
     4.43107      2.66872
     4.21411      2.65092
     4.34537      2.51561
     3.56560     35.13672
     3.80803     35.16493
    20.40372      4.51130
    18.54143     25.36094
     7.83084     11.59998
    24.40088     19.61519
    24.19016     19.90145
    19.56316     14.73313
    19.89129     14.65465
    12.50558      4.42795
    12.60753      4.41258
     4.69714     17.24753
    20.66951     15.27973
    20.91979     15.72214
    20.76032     15.53748
     1.59922      9.30588
     2.13999     12.79363
    23.80322     13.52930
    12.54601      4.72085
    20.63518      5.77182
    18.98496     18.18920
    18.95047     18.31149
    18.69722     18.09771
    17.01919     16.44910
    17.12884     16.41521
    24.82161     14.00054
    24.90731     14.06705
    24.69036     13.87605
    23.42489     19.67026
    23.20072     19.78418
     8.28122     23.73496
    24.80070     18.97543
    24.95472     18.86825
     4.76492     17.66805
     1.83329     10.99152
    17.53191     21.89408
    17.05916     22.10815
    20.66622      4.58708
    20.71185      4.65207
    20.61939      4.68121
    20.43383      4.53935
    22.16286     22.23543
    12.34719      4.80914
    20.58194     26.13273
     9.15025      7.76184
    16.20019     10.18555
    16.23755     10.37211
    15.86393     10.26703
    20.72862     18.23270
    20.85586     18.11640
    12.30005      4.06268
    12.20591      3.92474
    19.82641     14.40771
    19.63957     14.41796
    19.72583     26.02696
    19.94374     13.87309
    15.78385     15.35385
    -1.38537     12.96706
    22.29396     18.11646
    20.39368      4.35762
    26.23882     31.31717
    26.29441     31.26903
    26.25890     31.71114
    19.70247     30.44139
     6.80048     24.52598
    20.41376      3.97217
    21.03868     21.30371
    21.22552     21.12025
    20.84181     21.07367
    21.00978     21.31427
    20.30676     21.20143
    20.16050     21.54992
    12.36727      3.90408
    12.46960      4.07780
    19.94420     -7.39919
    20.35818      4.02031
    24.40902     17.25037
    20.99239     21.12730
    25.21236     19.18309
     3.16303     21.50974
     4.24629     17.55138
     1.37330     13.51171
    22.71501     22.12912
     7.38690     11.41071
    10.75600      5.24535
    10.18544      5.03581
    10.71584      5.15021
    10.81794      5.19238
    21.79889     19.81668
     5.27172     23.85140
    16.72010     23.24679
    21.40443      7.10882
    21.52564      6.90642
    15.98517     12.52399
    12.52413      5.01124
    12.13203      9.44478
    12.30883      9.36744
    10.01417      7.41420
    15.84241     14.24523
    21.38944     21.43841
     2.24605     12.16880
    -1.76232      2.90113
     0.95694      8.40541
     1.18394      8.57690
     0.98705      8.60666
    -3.18826     10.14410
    -2.94584      9.99910
    -2.93580     10.23939
    -2.81459     10.29680
    15.74951     20.59072
    18.51014     17.68024
    -1.77536     10.58761
     7.96542     21.34912
    11.38063      6.03593
    11.08263      5.27644
    12.09205      5.51088
    12.01207      5.91685
    20.02951     29.03287
    12.44008      9.75174
    12.37904      9.58082
    12.28849      9.56126
    23.27896     11.33111
    23.34321     10.81787
    15.82168     22.57329
    15.83765     22.58327
    15.99393     22.53226
    15.99076     22.88260
     1.01497      9.23315
    20.37912      3.76589
     3.82379      8.03369
     4.36286     12.80556
     4.13664     12.76433
    21.39964      4.23337
    21.59023      4.61396
    21.53889      4.08005
     4.75320      5.97301
    20.75783      4.46498
     7.07959     11.39537
     7.26958     11.51859
    -1.22564      8.63930
    27.05180     31.38171
    27.22860     31.21777
    24.87119     17.85478
    25.07810     17.89210
    -1.60785      9.26257
    10.63046      7.32111
    20.49781      5.61193
    20.63808      5.66934
    25.59157     18.25935
    14.57878     13.16817
    14.35506     12.77892
    14.43885     12.87426
    21.97601     22.41888
    22.06047     22.58316
    22.14082     22.38491
    11.78593      2.72961
    18.73395     29.25614
    17.76744     23.10824
    17.66631     23.27161
    17.61988     23.17414
    20.01042     25.80566
    19.71697     30.37606
    19.70648     30.51766
    19.69903     30.48055
    22.81042     14.33131
    22.59631     14.33064
    22.60610     14.35749
    21.45589     16.93891
     6.53184      5.79609
    17.26926     15.92939
    17.01679     15.40108
    17.20363     15.65064
    16.73347     15.99877
     2.49852     26.33967
    25.16367     15.18739
    24.89112     15.04453
     1.38813     17.58007
     1.83747     17.99201
    20.29255      4.78079
    20.41376      4.57839
    12.73061      4.90445
    22.56641     12.81458
    24.66728     17.25192
    19.62883     26.66331
    18.12629     11.65815
    18.66912     11.88493
    14.00809     13.82448
    22.15131     22.02961
    24.26197     17.30786
     0.96336     16.71379
    -0.56084     12.98912
     6.48418      7.56999
     6.82775      7.52144
     6.42860      7.79134
     6.55412     22.12378
    20.72735      7.70602
    19.84752     28.25677
     0.01224     21.17481
     5.13864     14.46203
    19.10330     29.11780
     5.04581      6.59644
     2.94429      5.32037
     2.51440      4.53275
    16.28027     10.15700
    20.59444      6.19836
    20.63103      5.50195
    18.17348     20.61317
    17.98695     20.28051
    21.81672     21.62362
     1.96884     11.08849
    21.46466     16.86440
    21.57395     16.78350
     5.58515      6.94100
    18.71563     11.20187
    11.99784     11.16825
     5.13152      6.48975
    -1.50746     10.45303
    26.89930     14.20394
    27.06606     15.01215
    26.20331     31.58608
    -1.59242      8.77289
    19.92216     14.62791
     2.49401     27.79420
    10.34134      2.90480
    21.25235     16.60443
    21.59594     16.71202
    12.62547      4.27455
    20.01842     18.75309
    21.40519      9.82531
     6.76568     25.55623
    16.17595      9.77478
    16.38849     10.12793
    17.76645      9.68178
    -0.68056      4.50830
    16.38601     10.11250
    16.43156     10.17049
    16.25476      9.81480
    16.37675      9.82923
     5.68091     28.67154
     0.07220      8.50046
     0.08223      8.56755
     0.16793      8.98047
    -0.11465      8.68392
    17.63604     15.01639
    17.17837     15.31045
     8.23063     12.01221
     6.97874     22.73033
     4.19521     12.94068
    19.78818     15.51949
    18.63543     11.45853
    13.16404      5.61437
    19.81638     15.12005
     7.47274     20.83023
     7.07164     20.44528
     7.61363     20.85396
     3.51001     34.83845
     3.75244     34.69346
    25.28728     16.72582
    -0.37175      9.26381
    24.02436     20.08664
    23.88395     19.77992
    15.92349     10.54551
     0.84891     11.83319
     1.18708     11.99499
     0.72770     11.86238
     1.23372     11.97590
    21.54619     23.69959
    20.38571     26.09114
    20.28829     25.87918
    20.25606     25.84097
    23.22262     11.95364
    22.97016     12.63777
    23.15700     12.19451
    23.14834     12.54170
     3.65477     11.80656
    18.10840     16.29969
     7.72506     11.22610
    12.65450      4.13458
     2.26359     21.43347
     1.89996     21.60766
    -1.26968      8.99137
     6.51819      6.08764
    12.20591      3.75154
    26.67498     20.10329
    26.14578     19.63888
    22.07456     13.37347
    22.34486     13.24917
     0.83020     -1.66067
     1.31505     -1.25784
     0.88578     -1.36240
     2.37045     -1.94451
    26.22339     31.54704
    26.53144     31.50760
     0.68905      8.79980
    26.28976     30.99159
     6.71193      5.95464
     6.71957      6.34732
    15.44816      9.82730
    22.71417     14.60459
    10.75314      9.27493
    21.18672     16.67209
    21.15229     17.04061
    15.87569     12.03752
    20.73916      5.35439
    20.95455      5.54376
    18.76712     10.69183
    18.91844     10.77729
    18.77715     10.67232
    16.98218     20.37828
    12.87221      4.52768
    19.46390     15.11289
    12.93243      3.89096
     6.65512     15.89831
     1.97684      8.16086
    20.52371     21.65224
    20.54916     21.80590
    20.17612     21.72050
    18.32016     16.00445
     5.05473      6.83232
    17.80520     20.25010
    17.95006     20.38983
    18.10785     15.83108
     1.00956     11.56541
    16.10997     21.71416
    17.13125     21.40752
    17.37368     21.60893
    24.49737     15.10407
     2.87088      6.36902
    16.86139     23.95798
    16.79576     23.76583
     0.29529      8.77273
    18.41343     12.36983
     3.80089     12.92768
    21.68701     15.63261
     2.88959      8.60456
     2.61166      8.75865
     3.01144      8.50181
    24.00638     20.16253
    24.05278     20.20509
    24.84276     17.52560
    24.77571     17.54397
    24.66538     18.07060
     9.12717      9.92527
    14.55464     11.39538
    17.44873     23.66975
    17.74980     23.42359
    12.80363      5.60311
    18.52978      5.96933
    -3.19680      3.12584
    -3.17672      3.34661
    21.83355      4.00915
    21.68223      4.18351
     1.21269     12.78477
     1.05596     13.25608
    18.86061     18.78401
    20.63864     13.48781
    20.56298     13.48839
    19.65259     15.01604
    13.92161     12.59314
    14.47109     12.54331
     6.58963     22.63429
    18.96679      5.94968
    18.75918      6.02502
    19.00695      6.77972
    -0.54692     11.13676
    15.96215     12.04925
    16.23468     12.27872
    15.82298     12.44195
    -2.00775     10.79969
    20.44927      4.74249
    -6.73491     13.58369
    -6.18444     13.48585
     7.81184     -2.75977
    20.03904     14.57377
    25.00420     19.64059
    19.35665     16.04146
    21.40739     14.02805
    15.68463     21.03661
    15.59244     21.09451
    15.37658     21.24926
    15.57346     21.30609
    20.56865     26.61469
    20.13388     26.70181
    23.71937     21.44243
     5.78806     14.30009
     4.80906     22.98544
    20.43923      3.89598
    12.49027     12.42543
     5.49879     14.61727
    24.51056     16.68400
    19.40661     16.09165
    20.04037     16.03029
     1.10616     12.46567
     2.41492     21.86534
    21.44773     12.44071
    -0.25519      8.95717
    11.97402      3.42479
    21.24541      9.18498
    15.47190     10.81754
    15.62779     10.95620
    17.87591     15.77405
     3.34672     11.75941
    -0.98621     12.78377
    17.88544     20.48740
    19.03351     13.78452
    18.92033     13.69080
    19.66816     23.30756
    22.89374     13.90556
    22.77253     14.10797
    22.09121     22.36837
    17.38937     12.98982
    18.24760      1.75347
    11.40705      6.34570
    19.39527     12.09718
    19.66677     11.98111
    23.25888     14.92084
    23.38142     14.93629
     5.31883     18.14105
    22.65774     21.92592
    26.65729     31.32283
     3.31122     11.59531
     3.17996     11.12440
     3.22551     11.18238
    21.90964     23.23414
    21.91968     23.30123
    22.33422     23.22435
     1.19726     14.05387
     1.41957     14.20616
     1.25576     14.05905
     7.67159      4.96117
     7.45111      5.01536
    21.78001     20.23356
    17.29473     12.82212
    17.52173     13.08020
    21.62441     14.94653
    20.31262      4.30874
    15.61709     14.37243
    25.32111     18.27681
    25.49526     17.71405
     2.91343     10.37006
     2.90257     10.12778
     2.79759      9.94592
    -3.01282     15.71883
     3.58568     35.27089
     3.37876     35.06037
    23.83109     19.33044
    22.28528     12.83032
    18.67219     29.67976
     6.16501     24.97223
    20.63860     14.28549
    20.60851     14.32239
    17.99279     15.24872
    15.74444     11.39342
    19.90146     21.64987
    17.74989     17.09382
    17.79993     16.99449
    16.73936      4.62837
     5.40945      6.94187
    20.59698     13.33191
    20.10031      4.22197
    20.39833      4.28865
    16.58931     23.11047
     3.38823      4.47042
     3.06752      4.18002
     3.43121      4.43324
     8.54415     21.79089
    10.88438      9.22622
    16.75969     12.34367
     7.52294     20.12642
    20.68420     18.48214
    20.92661     18.33714
    23.47089     14.74913
    23.57338     14.82892
     1.42979     15.40057
     0.92486     15.29658
     5.70563     24.32001
     6.12486     24.18428
     6.09939     24.95329
    11.30662     10.25700
    20.56606      5.25650
     3.74539     12.17149
    10.65267      4.38326
    11.05943      4.87720
     7.56581      4.50068
    18.84666     11.91332
    18.59462     11.50489
    24.77392     17.77526
    15.02181     15.31013
    26.97614     31.20908
    -1.84024      8.52202
    -6.02156     12.57620
    23.52228     20.05132
    23.88591     19.87713
    21.41911     16.02700
    18.19431     20.95236
    14.84098      4.05679
    14.72980      4.15307
    15.33422      4.06345
    21.41625     22.39485
    -1.70420     16.71812
    -1.68412     16.76568
    -1.67409     16.22655
    21.75667     11.09943
    18.54195     30.22808
    18.96121     30.05155
    13.15685      5.67184
    19.46603      8.09024
    14.19163     10.34217
    14.67360     10.05830
     5.08596      6.34517
    20.48014      5.92819
    20.90421      6.07563
    23.53143     11.59960
    25.14987     17.29949
    24.79055     18.32130
    24.97779     18.09923
    24.91645     18.42860
    20.97092      8.11819
    -0.64894      8.93011
    20.73724      4.48227
     1.92125      8.20900
     1.62324      8.05572
     1.16775     10.50700
     0.88381     14.73668
    25.62318     17.83141
    15.77995     10.25848
    22.56022     13.32838
     4.02010     12.73669
     0.80815     12.39899
     0.56572     12.19758
    -2.77279     13.48659
     2.93078     22.58778
     3.64263     22.98889
     3.89884     18.22033
     4.30803     18.01752
     4.34818     18.28586
     3.47450     35.71358
    12.70080      3.70184
    22.21816     14.65300
     3.05697      6.32696
    16.77766     21.30238
    18.97867     14.47069
     5.28852     17.36324
     5.35783     17.55013
    16.96658     18.54636
    18.74253     17.81458
    18.00118     14.81922
    18.12239     14.53022
    17.89540     14.27213
    18.07180     14.28483
    24.81952     17.90231
    20.49571     17.12978
    20.50906     16.98702
    19.85531     29.87385
    21.59153     22.40097
    17.07389      2.68600
    16.86472     13.89817
    17.16021     13.35172
    16.97634     13.78116
    22.52556      6.13875
    18.74056     24.12758
    15.20815     18.48691
    24.87735     18.87137
    17.07238     12.32186
    18.67602     15.85863
    18.35157     15.69107
    20.81191     16.44790
    19.77697     10.46680
     0.65818      8.22031
     0.83962      8.33382
    22.00728     17.00709
    18.85371     17.19868
    18.95484     16.94872
    18.99606     16.75236
    18.03055     10.05232
    18.14931     10.77206
    10.70294     10.75817
    22.41382     20.19508
    15.13691     19.08784
     7.35567     11.11514
     2.57492     26.71732
    15.97448     20.53877
    21.21391      5.89230
    20.17564     27.74527
    19.09914     12.67763
    21.24681     10.66607
     9.79430      9.76042
    10.01248      9.38959
    19.93683     14.19301
    -2.16372      2.98897
     6.45318      5.43173
     7.24608      4.40948
     7.11483      4.37159
    21.03779     17.72125
    26.41548     27.16958
    24.79703     17.13957
     6.88225     25.42280
    16.00919      9.83260
    24.25045     19.38828
     7.74111      4.18651
     8.07909      3.95476
     8.35133      4.65267
     8.24730      4.56063
    20.12894      5.32194
    17.33024     13.24603
    17.49292     23.82242
    -1.57234      9.25347
    -1.29980      9.56953
    -1.61789      9.45530
    18.09674     26.78529
    18.20791     26.77561
    18.19787     27.14154
     1.12010     15.37645
     0.75645     15.46404
     1.18571     15.56860
     3.68025     11.21076
    17.18281     13.05978
    17.13476     13.33675
    17.12338     13.76296
    17.13814     13.68243
    18.14225     16.11100
     1.38424     16.46843
     1.01895     14.76039
     1.33705     14.26842
     1.51624     16.71134
     1.65753     17.07612
     1.58186     16.99009
    17.04796     12.36559
     7.23571     16.00172
    16.06460     22.82936
    16.07507     22.76904
    21.54046     20.93408
    22.39472     20.26777
    12.26853     12.25626
    12.41786     12.09686
    22.10394     12.97466
    -0.69182     15.37597
    12.52864      7.52072
    19.53063     17.19454
    19.60805     17.06975
    21.09488     17.82335
    15.63702     12.13986
    21.69205     14.85740
    24.63440     17.46098
    17.78738     17.78652
    15.70095     21.87772
    21.88092     20.43451
     5.20178      6.52633
     5.45378     19.66666
     5.96689     19.90854
    17.88551     20.26716
    21.47033     23.49551
    18.44431     11.54961
     0.71649      9.49790
    -0.16770     15.84218
    -2.81848      4.76842
    -0.44203      9.05402
    13.63602      7.66599
    13.43914      7.60915
    17.89986     26.46865
    17.61728     26.34530
    -0.81570      8.72812
    19.50293     15.28325
    19.53188     15.49887
     5.29781     18.35114
    -0.75057      5.30776
    20.57015     28.49697
     6.80656     22.62886
    13.57551     -0.09760
    20.38364      3.07809
    15.16071      9.77716
    15.72586      9.93724
    26.01116     28.00445
     2.16785     20.95347
     3.75591     12.33602
     1.19052     14.45449
    20.75086      5.43005
     8.21559     25.10165
    21.69884     22.17178
    23.11070     15.39560
    23.21906     15.09268
    19.43416     17.82178
    24.37786     17.64321
    24.66702     17.37383
    18.42355     15.50353
     9.98851      8.82526
     9.92772      9.13756
    19.25046     14.49514
    20.61684      4.48253
    12.18954     20.28539
    12.43869     20.42988
    11.67040     21.29634
    -1.89508      8.34217
    27.12747     31.12133
    27.25872     31.50563
    23.73684     14.60438
    23.79638     14.33577
    25.81064     17.24683
     3.70243      7.54333
     3.89540      7.82261
    19.61939     12.35691
    19.79484     25.22730
    19.71298     25.51815
    21.20994     11.99711
    21.02311     12.18057
    11.23378      4.07516
    21.70198     24.20424
    21.57072     23.73334
    21.64273     23.70174
    25.42315     19.05595
     4.94467      5.98039
     4.86302      6.42487
    20.20546     14.02541
     2.86844     36.72559
     0.44662      8.85819
     0.33544      9.21427
    -2.37003     -3.25184
    -3.61664     13.79519
    -4.16712     14.32604
    12.39739      3.84552
    21.71112     17.48458
    21.64233     17.05878
     4.80223     17.84642
    22.44154     21.85334
    22.14143     22.05314
    23.67051     21.97571
     3.41166     11.84219
     0.37949      9.90144
     0.47059      9.75759
     0.27372      9.61416
     9.24961      3.11824
    -1.05573     12.86561
    21.09098      7.61843
    21.01532      7.79221
    14.72140     11.77057
    11.59445      6.01312
    20.48582     18.26829
     0.38427     14.68215
     0.88920     14.61293
     0.72244     14.84395
     2.60951     15.47071
     1.65922     10.65628
    17.87997      6.53458
    23.75367     21.63605
    17.25922     12.65801
    17.58775     12.46991
    12.59140     11.65585
    16.31479     13.46990
     7.89647      9.54047
    -0.06521     12.53823
    -3.34962     10.16476
     1.72077     14.48820
    -0.96464     12.37535
     1.84977     16.59570
    22.05469     21.94147
    20.31127     16.02298
    19.99875     15.86540
    20.28192     15.61118
    17.86116     22.69277
    19.94162     21.91821
    19.74728     22.54521
     6.62965     16.40751
     7.45252     10.47702
     7.23017     10.75618
     7.24658     10.50736
    20.84303      3.81692
    18.62643      5.59580
    23.54516     13.90050
     3.54496      5.03834
    20.76271      4.83909
    22.27375     14.08524
    21.96974     15.06307
    16.38799     19.09167
     6.66265      6.18245
     3.66017     12.46223
     6.99237     16.99089
    18.58848     24.35672
    18.53289     24.31826
    17.91680     24.39715
     2.25159     26.89997
     2.26162     27.40007
     2.27166     26.94753
     2.01920     27.19865
    -1.71902      9.44545
    19.51297     14.91732
     3.38762     12.14616
     3.31071     12.32222
     3.36768     14.52340
    16.43081     10.39847
    16.73886      9.49300
    -0.48626     28.25336
    -0.08787     28.03825
    -0.32489     28.40590
    -0.70321     27.10973
    -1.21949      8.28756
    -0.84581      8.52686
    19.90522     20.68312
    17.09434     26.17058
    17.31885     25.90532
     6.06297     17.08197
    23.68830     20.23728
    19.72631     26.55391
     9.50700     10.50565
     9.55086     10.23470
     9.75478     10.61969
    21.47769     15.34539
     9.85985     11.27179
    10.80790     10.63182
    10.04172     11.28686
     4.21528     13.94087
     2.71279     11.09970
     2.83934     11.10176
    10.09490     25.79080
    10.06015     24.96569
    -0.35543     11.40395
    -0.22971      8.79438
    21.39692     21.08006
    24.07005     20.03664
    23.17031     19.49014
    22.47855     19.30980
    20.23771      6.07318
    23.02110     12.22559
    23.71672     12.42805
    18.45723     23.36621
    19.85592     23.23734
    19.71463     23.39217
    20.03286     23.24552
    20.08008     23.59740
    24.06286     19.79973
    23.72252     19.75944
     5.36422     14.94833
     4.09722     19.12022
     4.04163     19.08176
    23.17257     17.59373
    23.61784     17.61312
    21.15293      8.34509
     1.64060     18.54140
     1.77184     18.40608
    -0.02744      4.74375
    -0.70603      5.27731
    -0.78040      4.70079
    19.26693     28.49976
    19.14571     28.18255
    18.96891     28.34649
    18.89702     28.29713
     7.98893      4.43738
    21.91039     21.79372
    22.18294     22.10979
     4.05139      6.76481
    12.42751      6.90466
    12.55875      7.11575
    12.31639      6.62486
    12.64587      6.37561
    23.52854     20.08412
     4.34865      6.19345
    -0.59246     11.25199
     4.97479      7.39408
    -0.01023     13.67064
     3.58308     12.37192
    20.16909     29.22795
    18.97798     27.67892
    21.12424     11.06458
    23.66062     20.63583
     7.96885      4.47641
     8.26180      4.84942
    21.96987     23.03044
    15.53391      8.16586
    16.00473      8.35525
    16.10403      8.39035
    15.99083      8.23943
    14.68439     12.14905
     3.92656     13.21665
     4.23455     12.87625
    18.87153     22.60676
    12.27796      6.96931
    12.22777      6.98029
     7.35023     22.59204
    18.60050     22.52753
    19.63075     13.57413
     3.25098     15.43632
    19.51372     14.16972
    19.83311     13.83311
    19.77326     14.02694
    19.65733     13.62758
     4.85311     18.21664
    27.48107     30.70686
    18.33860     11.74492
    16.81997      9.19756
     7.61403     20.32898
     7.39375     20.24105
     5.89233     18.50745
     5.61493     18.75506
    12.45099     12.47330
    12.19931     12.43188
     3.89466      2.47298
    18.68516     13.20928
    18.87222     13.30495
    18.62041     13.02523
    12.05678      8.98501
    24.19158     10.38923
    20.35142     15.07888
    18.22292     15.89382
    18.22292     16.67325
     1.56718     15.69294
     1.11784     15.28100
     1.52164     15.72156
     1.65288     15.49964
    17.14491      2.92761
    19.27772     27.12642
     4.12733     19.92769
    15.20143     10.31604
    24.34843     17.10586
    20.64432     24.70886
    19.85681     23.70210
    20.56865     24.70943
    -1.51286     10.83659
    -2.64318     10.60303
    -1.43644      9.82861
     5.68124      6.70651
     5.48818      6.88163
    22.97570     17.62350
    20.97470     22.90717
    25.86965     28.32428
    25.83336     27.89140
     9.55036     10.51368
    -3.99181     16.78315
     1.53542     11.44439
     1.13163     11.52345
     8.65743     24.32939
     8.88981     24.55032
    -1.10593     11.92397
     4.81056     12.82997
    18.21589     15.26119
    18.07070     16.98905
    17.54802     16.53777
    18.17590     16.66871
    18.00714     17.09157
     4.96011      6.96295
     4.18825      9.45568
    -0.63815      8.94241
     2.33044      7.22677
     2.49720      7.16895
    23.14110     17.69584
     1.39953     13.64054
     5.30199     17.31823
    23.24298     14.06312
    23.57179     14.33676
    25.59683     17.26963
    17.40680      9.67867
    21.52802     16.20357
    -0.03659     12.06963
     7.30511      5.34416
     5.63634      7.69199
     7.59662     11.10303
    20.70038     12.13530
    18.65669     11.85916
    18.88908     11.73369
    19.91676     13.53923
    19.98079     14.04644
     2.38270     28.06376
     2.72626     27.66880
    16.22303     11.75411
    23.54639     21.21047
    13.08090     12.07631
     9.11324     10.21878
    25.87162     13.78404
     4.03446     12.65450
     5.10483     18.45332
     8.27096      9.43695
    18.67592     30.27195
    18.81739     30.19781
     4.00974      7.64527
     2.06329      6.78695
     6.25611     29.59153
     0.22741     11.80840
    20.48859     18.65228
    18.31327     19.26886
    21.82619     21.96405
    21.28423     22.01065
    18.01830     15.82145
    17.96312     16.01331
     5.26830      6.66363
    15.52790     22.02754
    15.56391     22.17655
     3.49805     12.01807
    17.02351     23.01651
    17.06905     22.64148
    21.34373     23.82167
    12.00616      8.85012
    18.27477     19.99115
     0.10470     11.04877
    22.38688     15.60690
    14.81025     11.96429
    11.38815     13.79537
    12.01796     14.32803
    18.66441     28.99612
    18.43285     28.75910
     9.73788      9.10410
    27.26336     31.95627
    27.02094     31.92806
     1.99030     15.80283
     2.04589     15.75470
     2.30839     15.22426
    18.13708     12.96949
    15.37601      5.40126
    15.19591      4.97514
    15.06935      5.19663
    22.26474     21.67087
    20.14451     15.64779
     3.12512     17.61295
     2.62019     17.16255
     2.86725     17.27734
     3.06337     17.18563
    21.11523     24.71238
    20.93115     24.30638
    14.21703     24.91651
    14.61618     25.16623
    14.23247     24.85984
    14.36171     24.80661
    10.43934      9.75388
     9.70880     22.01152
    23.24195     13.61484
    17.25875     23.10497
    16.62785     22.98658
     4.85822      5.96866
    21.63248      4.45220
    21.52308     17.34158
    19.27518     13.52110
    17.98769     15.37094
    14.99930     11.26676
    16.84558     20.69226
    21.03615     17.22466
    20.80479     22.31817
    20.93963     22.28896
     6.50740      0.90316
    20.12443     15.08060
     7.31663     10.42150
     6.23636      6.36649
     6.38200      6.39343
     5.86997      6.21710
     7.61389      9.50373
    24.23667     20.25052
     7.04677      4.91148
    25.72310     32.49992
    19.07469     22.74479
    19.82205     23.56982
     2.77106     25.70310
     2.61433     25.56820
     2.73554     25.97202
     3.07911     25.66365
    18.29934     19.82218
    26.36050     17.37692
    25.94128     17.25283
    20.63085     10.22528
    18.84217     22.69713
    22.78196     15.26900
    22.31868     19.13429
    22.50553     18.60442
    22.70893     18.46783
    22.17516     19.26620
    18.20613     28.18435
    22.86363     12.75168
    -1.98229     10.29049
    10.04569     24.51533
    19.98033     16.02159
    21.40026     11.78691
    18.00880     22.95706
    22.56372     22.18593
    21.99117     13.78869
    21.64851     14.28082
    22.50028     22.45202
    22.16675     23.08727
    22.07814     22.80085
     0.85459     21.66859
     0.40525     21.42986
    21.58728     17.45797
     3.23493     11.93312
    20.57841     13.95133
     5.13082     19.45818
     3.48337     11.93335
     6.80091      9.69899
    16.64067     19.77929
    21.40368      8.98226
    20.00622     14.50414
    22.07147     14.23877
    21.94023     14.28748
    25.18989     13.32437
    25.44235     13.50626
    -3.04697      9.81605
    -3.64286     15.05199
    -3.58728     14.74405
    20.68959     12.72922
    23.68254     21.37274
    19.67372     29.62330
    22.88431     11.48927
    14.50337     16.62529
    13.91274     16.28158
    14.39877     16.39258
    15.43235      6.94378
    16.81589      6.95805
     5.37470     18.42255
     4.98878     18.52641
    20.80718     24.49202
    -2.28568     11.12699
    -2.03322     10.78927
    19.06466     27.00784
    18.76664     26.76796
    18.77668     27.09485
     3.59572     34.55855
    10.06423      2.81334
    19.72063     14.72665
    12.15627     19.26412
    11.76531     12.01177
     7.53448     11.33707
     1.92003     11.60933
    16.66451     22.94852
    27.45095     30.67880
    -1.31599     11.41304
     1.20477      7.96346
    19.73546     22.69213
    19.60420     22.91405
    19.77097     22.33662
    19.21045     22.54058
     4.81875     14.14403
    16.74423     10.20762
    21.36606     21.45321
     6.00892     20.60806
    -2.23939     10.09095
    22.62045      8.79454
    22.12631     16.06406
    22.51543     16.18697
    22.22795     16.34313
    14.03779     14.80332
    14.69682     14.99621
    21.19826      7.88274
     1.63548     27.49848
     2.34465     19.75030
     2.30914     20.36562
    22.13004     15.11931
    24.09836     19.44422
     4.88895      6.70695
    21.78528     21.31749
    23.86395     19.81346
    19.96517      2.03320
    17.92477     16.43343
     1.44911     16.10914
    23.50206     12.72921
    22.73463     13.24226
    23.38085     12.41199
     5.11343     13.73058
    10.95752      6.37782
    19.87941     25.86850
    20.20294     24.94862
     5.82281     17.29026
     2.06096     10.16389
     3.15346      6.66557
     3.18896      6.56987
    25.37598     16.05358
    23.93222     15.03059
     7.21746      1.58718
     6.72736      4.33913
     3.25638     11.67526
     3.17500     11.97205
    14.13973     19.57076
    13.96293     18.95527
    15.12951     19.21156
    19.64488     27.42861
    16.24889     21.68456
    15.95089     21.61788
     4.71288     17.87103
    17.88523      5.02525
    11.11499      4.44731
    11.41425      4.72692
    15.35575     20.21724
    15.28009     20.13122
     2.93303     18.09329
     3.40785     17.47642
     3.29667     17.74590
    18.82824     16.23564
    21.44022     24.16028
     5.61515     17.39433
     7.82902     25.88036
     7.35960     25.42085
    17.39547     19.48923
    16.93813     14.32176
    17.18033     14.32436
    21.56095     22.46177
    -3.59881     16.51859
     2.46633      1.65312
     2.86008      0.03474
    12.64788     10.42703
    12.43190     10.31315
    22.27854     14.70475
     3.96193      7.57844
     3.96733      7.88770
     3.77640      7.98862
    15.13305      4.69754
    21.01960     24.64307
    21.32918     24.68836
    20.14839     16.06662
    20.75366     16.20035
    19.94426     16.40300
    17.84278     16.41239
    15.95524     11.76296
    16.50348     12.10128
    -7.76963     10.36609
    -8.26451     11.10861
    26.88968     31.37056
     0.48677      2.54473
     7.31574     21.77299
    21.06380     22.36314
    15.58978     22.58021
    15.35739     23.05210
    15.45832     22.84426
    20.87132      5.06565
    17.98425     14.11944
    18.14561     14.44519
    17.78340     14.28590
    17.94358     14.73195
    20.97060      3.51416
     2.29357     11.32909
     1.80229     11.47703
     9.04762      8.64099
    25.97093     30.67232
     7.80687     10.87378
     6.82967     19.44943
     6.87522     19.24760
    19.30136     11.30713
    -0.87865     19.11013
    -0.53387      9.94548
    -0.88208      9.88979
    -1.09364     11.39369
     5.62594     17.92625
    22.79575     20.25831
     5.58516      6.71168
    20.28804      8.05399
     2.48055     22.23069
    -3.05148     14.30169
    -3.16730     13.68752
    -3.15725     14.01441
    -2.17301      5.37857
    -1.67812      5.76189
    -2.08730      5.09868
    20.90804     13.67668
    22.36518     12.15515
     1.52427     13.50866
     6.77216      6.96336
    -2.22006     10.62632
     1.07454     14.36584
    18.50099     22.32145
    -3.45602     15.21495
    19.73067     15.57315
     4.42458     13.63077
    24.07628     19.43493
    19.13028     29.36505
     2.06672     22.24267
     5.65065     17.21202
     9.63210      8.73022
    20.33449     20.70109
    25.44011     18.95338
    25.61151     19.17300
    25.99523     19.13298
    10.72044      8.21403
     5.15450     18.22634
    20.21116     28.77540
    20.12675     28.67467
     1.04457     18.75446
     2.44504     22.23980
     0.94479     11.70691
    -0.25833      2.59459
    21.34034     21.73098
    -0.16784     10.90590
    -0.02655     11.35729
     0.24660     11.08336
    20.85710     12.18360
    20.74712     11.74599
    21.93875     15.75180
    15.91336     12.84329
    -2.66326     11.07507
    -2.76439     11.23844
    -3.09252     11.49012
     6.15357      6.18047
    24.87959     16.29945
    -1.83546     15.90080
    -1.20946      9.39387
    17.74464     25.09834
    -4.04337     11.10127
    -2.61968     12.33651
    12.17532      9.40730
    12.42391     10.04316
     8.86885     25.59684
    16.74973     10.93164
     4.18033     11.98753
    10.21687     23.45515
    19.53489     14.36742
    -1.86557     14.22731
     1.19275     21.83040
     0.01271      8.56278
    27.47568     31.69663
    -2.26486     10.85997
     6.10553     28.58526
     0.52407     14.20387
    10.21358      9.26673
    17.29600     23.48802
    -1.00089      8.28232
     4.36873      7.97306
    22.99052     21.08565
    23.50398     21.87510
     3.18085     18.08436
    -0.77391     12.00451
    -0.60715     12.11990
     5.31010     14.18354
    22.05919     17.28052
     6.86728     12.08802
     4.95186     14.40719
    20.57377     17.91741
     7.89771      9.55729
    14.87047     15.39788
    15.01695     15.48559
     2.85348     16.02959
     2.60805     23.49514
    20.07498     13.47796
     0.09091     15.75894
     6.21595     28.63037
    16.35543     16.50307
    16.87790     17.90297
    23.65339      6.49268
     3.23508     27.84521
     3.35165     27.19216
    -1.37546      4.80697
     3.74423      8.13505
    11.77523      6.59592
    22.74659     22.20624
    12.18325     12.21048
     1.13374      4.69077
    20.97620     22.71100
    21.02938     22.63311
    17.02609      6.08328
    17.18281      5.95837
    17.16337      5.99967
    17.66528      6.49735
     1.60480      9.54397
    15.54724     23.42892
    13.93821     19.49629
    13.99206     19.62837
     1.36205     26.54444
     1.86233     26.71740
     1.44897     12.47190
     0.66146     12.33117
    -0.65973      9.43742
     5.36282     28.73050
     6.47130     17.44363
     6.92036      6.64982
    17.31326     19.75726
    17.20154     20.03196
    12.17039      3.50083
    18.65056     23.05702
     2.68582     11.37912
    20.20549     14.09025
     5.39655     11.94361
     5.45868     12.31121
    20.97231     21.59935
     1.98223      7.77730
     2.94307     17.12115
    26.57699     30.87276
    10.25703     24.58951
    10.55968     24.50062
    20.95701     26.33249
     5.45017      7.33756
     5.60052     15.18640
     3.02437     10.89058
    25.23933     14.40740
    24.87569     14.40838
    17.69791     19.98579
     0.94215     10.96690
    21.60050     22.65999
    19.33256     27.47948
    21.66946     21.04972
    17.42730     23.89008
    -6.34116     13.17774
    14.61503     13.66751
    14.71799     13.40873
     0.79332      9.54306
    10.23352      8.73981
    18.07137     15.18935
    16.95407     13.44844
     4.88232     18.61132
    20.28383     30.55281
    19.96573     30.87158
    21.51485     10.79123
    21.20680      8.92543
    17.70298     25.80560
    -1.60621     12.96345
    -1.80309     12.47360
    -3.16955     15.58392
     5.82145     18.34327
     3.83203     18.71799
    15.71216     17.17111
     3.51123     12.21235
    -0.42016     15.66029
    18.20674     22.15406
     0.14363     25.45616
    -0.06868     25.45599
    24.17601     17.70765
     7.03002      4.76984
     7.17098      4.53179
     7.42508     11.73822
    18.03068     16.89385
     2.36726     26.56158
     5.75765      6.04493
    26.80863     31.40829
    14.04206     16.25603
    14.54270     16.68626
    13.90473     16.79845
    18.44553     17.56352
    23.17093     13.89286
     1.71823      4.34699
    17.18835     21.59622
    21.25174     16.48594
    21.32741     16.57197
    19.38889     24.86508
    19.64135     25.30678
    19.50396     26.83308
    20.16562     27.50498
    17.78409      5.44842
     6.65580      5.79536
    21.62215     17.41414
     5.40555      6.00343
     7.57503      5.39578
    14.74673      1.30215
    14.98827      1.51591
    15.71292      9.51159
     4.96939      5.77087
     4.02666     14.22616
     5.56919     16.23272
     1.20641     11.66434
     0.91379     11.38730
    21.96959     10.38660
     9.72320      9.10599
    21.02161     19.73796
    22.37999     15.06211
     1.75913      9.92990
     1.46113      9.34361
     4.66777     23.74648
    10.18558      6.50799
    16.80928     21.48067
    17.79560     11.44126
    18.05568     23.98035
    24.77198     18.05056
    17.34404      8.10284
     1.32011     15.73369
    23.57876     19.08230
    10.31556      9.50288
    20.80090     21.37973
    24.04593     20.91860
    21.09583     24.61202
    21.38862     24.52824
     7.80836     20.20546
    17.23764     12.81300
    20.91413     27.41704
     8.88086      9.47823
    17.67230     10.96878
    -2.07338     10.00132
    19.08460     22.20573
    18.95334     21.99463
    20.02132     29.87081
    10.66025      1.99406
    23.82958     17.81499
     6.39323      6.61434
     6.70268      6.67460
    21.41761     17.78202
    21.43900     17.45021
    21.63641     17.27352
     1.07665      7.87956
    15.51130     18.21448
     5.16969     17.57443
    16.67817     22.48194
    16.39560     22.70216
    22.06985     22.13213
     4.96939      6.56520
    17.30641     18.49533
    17.41219     18.26300
    17.41351     18.45166
    17.91876     22.76068
     6.40927      4.39809
    18.28433     24.03557
    20.75570     19.36482
    21.43530     15.22272
    21.39386     15.41957
    24.80317     16.96103
     8.25119      4.53927
    -1.16287     15.71892
     3.71276     14.62509
     3.40972     14.93868
    16.10043     17.82932
    16.06839     17.86907
    -2.50729      1.82509
    -0.75082     12.69896
    22.65282      5.71375
    22.73388      6.45545
    22.63274      6.53220
    22.76149      6.69934
    23.59307     13.65883
    11.62846      2.73609
    19.20116     22.59191
    21.95430     14.51352
     2.73451     19.44514
     2.30525     18.90756
     2.61376     19.21187
    17.38404     16.60088
    17.66276     16.66139
    18.64890     10.41528
    15.92956      9.36435
    16.64443     24.11340
    18.50099     22.14825
     5.91349      4.24283
    15.77483     14.88543
    20.27378     31.00534
    20.02357     23.81749
    19.27158     29.38342
    17.26926     11.77247
    14.16361     -1.84108
    14.64381     -2.14870
     4.91832      0.74207
     5.99379      2.35463
    20.93276     11.92322
     2.34588      6.65048
    17.77730     12.15412
    12.39917     11.70325
    -2.82599     15.36216
    25.56261     28.61466
    19.04266     13.97288
     3.97600     20.53506
    17.24844     10.22084
     7.09325     -2.49461
     9.62329     -3.39745
     8.81030     -2.24956
    18.30877     16.71567
     6.05886      6.45390
    26.43091     27.45932
    26.11685     27.68390
    15.15606     10.97196
     5.10018     17.56966
    19.24062     13.10629
    19.06686     14.38626
    23.93414     30.16286
    24.11094     30.17213
    25.69871     17.57110
    21.70437     26.11828
    21.96093     26.11723
     7.74139     13.27965
     7.89448     12.32336
     8.00866     11.84661
     6.04431     15.93833
     5.60518     16.10148
    -4.77543     17.40766
    18.95320     16.71194
    18.41863     16.29739
    26.31449     30.71038
    15.31559     18.99628
    19.89393      4.95535
    21.75994     23.38238
     3.56281      2.51765
    19.88410      4.66900
    11.93482     20.70086
     4.75920      0.59838
     5.04717      0.77118
     4.73912      0.89723
    16.20379     11.83597
    12.66528      3.36453
     2.32457     20.65536
    -0.66513     10.25400
    17.09152     27.02796
    14.79434     13.98087
    18.16533     15.47935
    20.96213     19.19406
    20.96750     19.26742
    21.15760     21.70898
    19.44838     27.83384
    21.35964     22.57112
     8.56891     10.74429
     8.99278     11.57883
    18.85057     20.53558
     0.01586     11.02826
     1.92050      3.50064
     1.41944      3.77288
    18.76064     23.91534
    13.26423      4.03872
    18.23446     21.82691
    18.32317     15.61210
    22.46791     24.49358
    15.78037     20.39078
    -0.77630      3.16226
    -0.61493      3.40141
    -0.66122      3.78456
    11.42172      2.29774
    18.90179     30.08256
     3.44832      4.87299
     3.65524      5.68973
    21.19963      3.52971
    17.66513     17.57816
    14.42114      5.11326
    14.36555      4.46857
    14.50684      5.35297
    14.78508      4.82286
    16.28761     12.71121
    19.01720     15.44317
     8.57383     24.01198
     4.27978     13.98879
    14.98090     16.74203
    11.65721      9.36883
    -0.81645      8.86951
    -2.76261     14.85264
    -2.81820     14.38117
    18.22987     28.78330
    16.82259     21.83152
    17.13398     22.14981
     4.82014     18.73639
    17.86435     17.22731
     7.94988     11.64163
    12.10955     14.06497
    12.20816     14.00325
     5.62697     30.25549
     6.56581     31.95392
     6.21657     17.23072
     6.98639     22.70203
    18.26922     17.19605
     9.54203     22.15594
     9.99016     22.52314
    19.68076     30.21984
    19.17578     30.09112
    21.73814     17.23060
     2.07136     16.71774
     5.88979     14.82245
    20.73480     24.88885
    12.40818      3.07840
    19.46236     19.00619
    -1.42641      9.20287
    17.60068     22.30003
    16.11115     12.14016
    -2.41619     10.25489
     2.09116     10.96307
     2.60359     10.65627
    17.39866     22.55017
    17.82477     21.72323
    -2.00222     13.01413
    18.83945     27.33287
     8.19598     12.18225
     8.48396     11.66223
     8.66589     11.93097
    15.49990     17.07206
    17.70017     20.25445
     3.32828     23.12034
    17.11385     22.58104
    26.19792     31.27682
    -1.96282     15.15591
    -1.54359     15.27999
     1.71358      2.77051
     5.69203      5.24656
     4.73386      1.10751
    21.93661     21.22973
     3.14881      6.47473
    25.62380     17.51689
    23.75316     17.09093
    22.89374     12.34672
    19.48180     23.02161
    20.73588     23.85784
    19.61546      5.11818
     4.89374      7.25860
     4.56561      7.16387
     0.90164     18.75912
     1.46215     19.07478
     0.16943      8.61109
     2.12817      1.66452
     2.73301     21.37336
     6.28806      5.98613
     7.48442     12.02901
    19.05509     13.98232
    29.20323     16.19245
    17.10864     12.43117
     5.14723     22.02141
    22.64770     21.33922
    21.48863     16.72458
    20.63681     15.83845
    14.14320     16.87209
    14.54699     17.39926
    26.29652     20.45263
    26.01737     20.48328
    25.03855     20.55553
    26.08761     20.33740
     0.28199     10.57876
    18.91769     14.55598
     0.52182     15.92707
    22.78796     14.91732
    22.42433     15.09151
    20.68644      8.87810
    18.15640     11.07999
    21.84791     24.41345
    21.93222     24.58078
    -1.85553     12.90875
    15.32525     15.34997
    16.51248      4.33046
    16.03743      4.48761
     7.27669     24.94528
    16.99447     11.18775
    18.95081     30.47697
     6.37732     23.06714
     7.76158     19.64855
    23.43403     30.39788
     9.99274      7.99575
    10.09313      7.71397
     3.68400      7.99235
    19.52943     29.09515
    17.51961     19.82629
    16.55531     20.36911
    17.55197     20.28753
    19.51535     22.20072
    24.64458     19.13159
    16.97068      9.05368
    24.97249     16.93717
    10.95588      4.39022
    10.74896      4.09310
     3.33026      8.83990
    -3.78743      2.86873
     2.73916     19.89578
     2.77692     11.32188
    22.30086     16.93051
     0.01688     10.18353
     5.04399     13.66418
     5.96246     10.05705
     6.23164     10.20702
    21.64212     16.14047
     6.71084     24.42375
    -0.07838      8.10041
    -2.17901     14.65032
     5.88351      6.81279
    17.24243     24.16912
     2.43131     10.50177
     5.99862     16.58768
     8.36486      3.04008
     8.35906      2.79384
    22.10548     17.37032
    18.88382     23.54872
    17.21053      7.10347
    16.13505      7.30956
    -0.19495      8.66686
    18.37224     27.08755
     1.76707     13.63328
    19.70609     22.69590
    20.61339     28.86402
     9.34638     10.29832
     8.87869     10.53652
     0.68408     27.10989
     5.63987     20.49062
     5.52689     20.23009
     4.95735     20.87518
    25.27977     20.91098
    16.96533     23.30819
    17.30101     23.73233
    26.06775     16.23393
    25.48791     14.69008
    -0.26883     14.44670
    28.84110     17.38290
     6.90191      2.00127
     7.11886      2.10567
     7.25627      2.07476
    22.21004     24.17563
     6.89365     17.84596
    -7.21751     11.54426
    16.17980     18.60609
     5.88318     28.86442
     3.42431     33.64611
    -1.41576     -2.56271
    20.48178     22.49189
     3.27331      9.95018
    24.14172     20.42576
    15.96093     23.24381
     6.54981      5.16407
     2.23709      9.87324
     5.54086     16.58232
    18.09153     10.91965
    19.01759     29.70556
     6.62886     17.03480
    13.47390     16.74810
    13.48695     17.14302
    20.47143     16.64762
     5.69189      5.07342
     5.88412      4.24660
    -4.24428     17.20746
    23.09451     12.47597
    23.19801     12.58999
    17.23538     15.30081
     5.97353     28.77537
    11.85633     15.06368
    12.02775     15.62972
    12.19970     15.41150
    -2.38607      3.18153
    -2.41619      2.63387
    21.22476     19.70279
     5.47923     20.22805
    -3.69709      2.51987
     3.80305     20.97021
    14.49780     17.18414
    16.89544      5.03804
    17.01434      6.05171
    23.89923     20.76418
     7.34196      5.75544
     3.90601     14.36026
    14.67435     13.90062
    -2.71795     11.93439
     5.92334     27.74712
    21.58902     12.02606
     7.46782      4.79126
    14.01387     16.46463
    15.63402     12.90716
    18.81505     18.98584
    24.36644     21.53910
    -1.41083     12.35043
    20.31297     15.29106
    20.56701     15.21668
    18.23625     30.03105
    19.03725     30.12018
    18.19514     19.48665
    18.11651     19.52850
    17.37518     20.02712
    16.21728     22.59890
     3.04420     15.39894
    -0.41148     24.75694
     0.17915     25.18724
    17.92832     19.58777
    16.66139      9.78539
    28.22499     18.32782
    27.99261     18.02028
     4.69434     18.96649
    16.83911      8.77827
    17.43167      8.33214
    15.59325     20.40116
     4.90589      1.61883
     4.63798      1.75341
     1.98252     20.07473
    18.84998     24.34642
    24.68722     14.44167
    18.15022     23.95646
    18.75405     24.26325
    21.23497     18.75059
     3.20904      7.13705
    27.12240     18.02691
    18.27597     12.71927
    18.50578     12.20876
    18.28480     19.82400
    16.91177     11.59492
    16.56261     11.88891
    17.01535     11.59024
    13.56186      7.12398
    13.43444      7.14608
     7.51787      6.00337
    -0.67816     12.83093
    16.90098      1.70993
     6.64971     16.43662
    21.12992     27.22197
    20.33638     28.65449
    17.93687     24.87773
    18.31163     14.52876
    20.62560     23.68576
    19.71397     29.31446
     4.71273      8.30594
    16.79370     10.36567
    17.06508     10.42948
    21.76882      9.73773
    22.43689      9.93602
    -3.53304     16.10445
    26.95113     18.58665
     8.23968     11.51279
     4.40424     -0.17668
    12.27796      9.91380
    25.38137     15.23700
    24.78535     15.70988
    25.16906     16.10287
    16.18599      9.14904
    16.82218      9.46413
     7.01679     20.65733
     7.24157      5.51761
    24.09687     20.85283
     7.06909     26.01877
     7.45281     25.89214
    16.15101     19.00551
    19.22349     19.70384
    18.28404     20.57160
    -0.70828      9.85839
    14.60143     11.00477
     6.68523     17.05219
    22.48575     24.80269
    25.68866     18.04227
    20.73871     16.45405
    20.64851     16.23965
     6.64508     17.39007
    20.68944     14.89435
    17.68290     25.06521
    -5.16454     13.15470
    -5.57837     13.51308
    24.36550     19.39522
    20.58606      8.81348
     9.55180      8.19355
    22.75321     15.04484
     6.52852     16.65747
     0.72080     12.61532
     1.10245     12.71563
     8.78333      2.52613
    24.73754     19.88657
    25.13130     20.60646
    25.00545     19.92520
     2.82998      7.88752
     7.61198      6.06437
    23.61625     17.95685
    13.01889      6.06775
     7.78341     25.49360
    25.02177     17.56201
    20.37751     29.74636
     1.10991      9.33386
     0.99925      9.98699
     0.89396      9.50072
    16.03467     11.92147
     1.27893     11.19015
    19.56856     19.19931
    19.42259     19.47676
    24.28356     20.92924
    24.12255     21.08029
    23.60237     20.34752
    25.67639     16.47545
    21.74313     22.76092
     3.22762      7.55399
    18.68920     17.69837
    13.82868     23.38005
    22.01692     21.42000
    22.58962     23.29598
    18.10111     16.78819
    18.39076     16.65374
    22.65646     15.26828
    20.06195     19.60559
    14.24359     10.52813
    13.59736     10.40577
     0.84967     10.99898
     2.60810    -19.77399
     5.44995     18.54156
    18.15941      9.21540
    23.73821      9.78944
    21.31845     23.19928
    17.68403     21.42066
    18.88861     27.80981
    17.07553     11.15002
     5.38351     19.63008
    15.02687     19.83090
     4.02373      8.59219
    20.86563     19.54827
    21.83375     22.71188
    15.74833     13.45769
     0.62609     19.44162
     0.38367     19.50001
    23.05046     11.96201
     5.38952      6.02822
     5.37792      5.47282
     5.25301     16.76613
     5.48347     -8.97054
     5.06425     -9.00801
     5.82103      7.09426
    19.43595     19.53073
    -4.87295      2.66133
     5.66437     10.42567
     9.72258      8.34262
    21.62138      9.72469
    21.61055      9.72274
    16.74463     14.27508
     5.66479      7.47535
    21.28246     18.10472
    12.39143     11.65931
    20.85168     20.04467
     4.49412     15.46397
     4.32682     15.41225
    14.43685      8.26075
    14.25541      8.66686
    -0.94442     16.75298
     7.44436     21.93653
    23.07547     22.93900
    18.38640      2.63188
    -2.29408     13.11533
     0.26518      8.05187
     6.10095     14.97253
    16.84464      2.93868
    17.38433     11.40220
    17.81566     23.60789
    14.73308     12.94046
    16.22239     12.63579
     6.96304     23.08213
     4.50326     12.03521
     7.27512     22.12721
    -1.22324     12.45860
    20.67715      6.41797
    20.37511      6.01913
    21.80419      5.57177
    22.02346      5.29750
    20.45051      6.11250
    24.01737     20.68538
     1.93068     10.58247
    -0.54841     17.48172
    23.58115     20.56333
    15.84099      9.16942
     5.52527      7.46944
    19.42267     24.18782
    21.68868     20.88105
    23.21259      9.37509
    17.30416     21.08456
    19.20341     20.17589
    -1.38447     15.16388
    19.35797     15.20722
    17.20367     10.07184
    24.46050     19.72601
     8.71112      5.24584
    -2.32973      9.74700
    18.62611     27.99384
    12.98741     13.07740
    13.14442     12.85139
    24.50455     20.93279
     2.93425      6.11931
    27.94256     19.76325
    24.19875     19.42224
     7.60324     18.84444
    21.68907     21.54353
     9.92727      9.26023
    22.16270     25.14918
    16.54902     15.61137
    18.61092     23.28622
     6.12205      6.85519
    22.04838     23.33118
     9.39622      5.99977
     5.64616     28.88566
    16.07735     19.04013
    16.63698     11.18339
    16.73811     11.36644
    22.17416     16.16940
     2.03318      8.31774
    19.67289     21.75819
    14.60579     19.54804
    20.79612     14.86697
     3.91643     14.70931
     7.95076     20.89909
    20.15229     21.59499
    20.85935     16.26277
    20.29685     16.27353
    22.22281     12.15916
    15.99524     21.19708
     4.56185      7.95742
     5.05980      7.44161
    16.08588      8.55442
    25.26181     16.88862
    18.09417     21.09487
    21.33228     25.39616
    20.95312     31.19642
    15.26503      5.21992
    21.85110     23.48254
    15.03301     17.57390
    14.22003     17.42275
    14.16934     18.08632
    22.31241     16.45501
     2.21462      8.25804
     9.39385     21.93788
    10.11251     23.06284
    10.07291     22.69175
    25.46168     14.47465
    16.31574      8.51708
     2.08131      8.16307
    22.37249      2.82797
    21.82954      3.87761
    22.26042      3.74505
     3.50167      1.61171
     3.56728      1.11104
    -3.90147     17.30030
    13.29471     17.76928
    22.10563     19.27551
    23.38788     15.12309
    22.28810     30.67903
    22.62129     29.96283
    26.29891     27.90923
    -1.65565     11.44741
    21.58928     16.88740
    24.96065     16.60814
    14.02249     15.59380
     5.90237     18.31473
    12.40921     10.38470
    12.80361     10.53950
    23.23041     15.38938
    17.26982     23.63676
     5.70485     14.06028
     3.39438      8.96842
     3.61134      8.81301
     3.77019      9.30521
     2.89106      9.46781
     6.89276     10.45299
     0.18919     26.55337
     8.55916     23.66746
     1.57183     14.32493
    -2.35521      9.56338
     4.58911     18.16383
    19.03337     24.16709
     9.17326     24.91303
    20.77904      8.01847
    20.34371      8.51196
    18.56573     17.11249
    -5.28050      9.76931
    -5.67501     10.31665
    14.71902     19.40097
    14.81030     19.48271
    11.60702      8.68700
    18.87439     10.86955
     5.72031     21.20043
    17.20345     24.62522
    17.58810      1.17981
    19.11056     22.87394
     0.39625      9.21484
    22.82213     21.16373
     7.94952      3.76785
     7.99508      4.25884
    10.70411     25.33901
    24.29131     20.30310
    17.88984     22.03314
     2.72687     13.49786
    -0.38869     12.37454
     4.89838      6.32360
     4.50463      6.72955
    -2.58820     14.76652
     0.32958     20.91082
    10.34633     21.17787
    15.56613     14.26500
    26.61386     27.54986
    26.03105     27.74357
    26.28208     27.07599
    15.09728     28.18126
    -0.04049     12.51682
    20.82248     23.65599
     4.26009     13.10101
     7.97338     25.45317
    19.70056     12.42742
    23.54249     20.18542
    21.11585     19.63471
    -2.35882     15.12000
    -0.93842      6.18220
     7.62993     26.51115
    20.86864     17.68368
    -2.97192     15.67257
     2.47125     15.26722
    18.83543     28.20415
    21.64775     18.34051
     1.56540      9.74046
    13.24076     12.51163
    19.77056     20.49165
    26.30717     15.61525
    17.51408     15.10037
     2.54275      8.69917
    17.46089     20.95966
     1.32011     15.12747
    18.27039     27.27357
    21.65028     26.92288
    21.53869     27.66957
     2.28367     20.87482
     5.72782     16.32245
    18.38757     28.55766
    18.83692     28.96960
     2.72419      6.04140
    22.55975     23.08251
    15.64747     23.23381
    24.93053     18.83175
    16.67678      7.49871
    16.41736      7.44503
    14.22665      8.35610
    -0.31303     12.02755
    14.71873     15.35120
     4.18217     15.08459
     6.13243      7.33135
    14.11450      9.46551
    15.23024     21.38227
    15.53115     20.53299
    25.43499     29.28534
    18.62325     24.57561
    24.26301     19.11768
    24.75790     18.98138
    24.33868     19.89652
    24.77710     19.24710
    16.29791      9.95061
    25.69599     30.17427
    -3.10318     15.02846
    16.48325      9.95954
    16.47413     13.04325
     1.98872      9.17803
    23.29364     14.36031
     6.56881     24.02716
    25.19317     17.95484
     9.81430      8.18272
     0.83751     14.73349
    -0.00962      8.15996
    17.87665      7.48871
    17.30088      2.42448
    17.70489      2.21711
     4.97971     21.26798
    21.45055     11.35081
    19.26801      5.35411
    -4.07198      9.23160
    18.52933     13.88555
    22.18071     15.58168
    18.05733     24.38371
     9.04954     19.87615
     2.35920     11.78105
     1.15185     17.28672
    15.67718      8.71283
    15.71282     15.89167
    20.16440     17.27394
     4.50791     13.35188
    19.02497     11.09639
    17.83023     15.32996
    -0.51515     16.51114
     1.90001     15.91943
     9.23946      9.51492
     8.67255     11.95778
     7.02864     12.99236
    11.84604     10.89594
     0.14111     14.96853
     1.47144     16.42537
    -3.80826      4.43480
    15.68960      6.01742
    15.73217      6.69916
     2.00338      8.35610
    19.86493     15.80630
     5.13476     14.88223
    11.08126     10.66870
    17.10011     11.73490
    20.50709     13.00628
    -2.85610     16.37335
    22.09884     23.87685
    20.53768      6.80150
    16.19514     15.08254
     7.67931     17.21945
     7.34937     16.82724
     1.52598      9.40197
    14.93911      2.90012
    14.76230      2.63105
     2.77392     19.94146
    25.54738     18.43827
     9.58477      2.63316
     9.57937      3.27653
    23.77474     16.07629
    23.65086     15.97565
    20.97427      3.24859
    22.23771     10.60532
    14.92315     10.62271
     0.04700     18.44920
    22.25832      9.55198
     3.48623      6.86453
    -5.42793     10.53570
    15.31171     15.02675
    18.12853      1.18810
     9.19280      9.33799
    13.94707     15.28823
     0.18726      9.86224
     6.46078      6.23858
    10.77899      8.19724
    -0.12229     12.43613
     8.02125     24.53392
     5.44224     17.11107
    19.14886     29.86860
    20.67498     12.85184
    18.33485     15.91596
     8.95302      2.28475
     2.48177      6.53280
    21.76056     19.95325
    15.49601     20.37714
    15.45288     15.42671
    21.27783     12.45792
    19.57156     13.52421
    18.52242     22.74879
     5.16969     18.35385
    -2.83466      9.29660
    16.77228     24.32188
    17.13185     23.73861
     6.59428     27.84808
     2.81017     21.52303
     5.90885      2.23334
    19.69333     25.27270
    13.34565      4.79973
     5.54971     15.37484
     5.18588     15.90412
    24.30815     12.42086
    22.87039     16.71813
     1.59388      8.40590
    21.78903     16.88664
     4.15430     12.12091
    10.96502     -0.59740
     9.44029     24.45248
    -4.84406     15.78920
    19.80184     22.56969
    26.01558     28.62009
    20.62391     10.19370
     7.82630     21.74466
     5.71211      4.94772
     6.20188      5.23047
    18.12390      1.43027
     3.40367      5.36638
     8.81087     24.68357
     9.37439     24.09897
    17.50178     24.46752
    21.74264     16.31429
    -2.25018     11.63750
    -2.81984     16.56926
    18.81581     15.89997
    -0.31274     20.77428
    22.93329     16.56689
    20.27403     17.43321
    24.15807     21.91930
    12.72429     16.16116
    16.50791      5.57106
    22.11928     10.23528
     1.42172      7.63485
     5.33215     -8.79618
     2.10059     10.56525
     5.11500     28.56624
     4.62011     28.78914
     5.28012     17.09992
    22.83046     11.27451
    20.17865     22.15677
     7.48871     23.30472
    18.27237     21.30698
    -2.35056      9.23461
    -2.24943      8.46503
    20.21417     19.72280
    19.81501     20.42571
    20.81243     19.86500
    21.99506     12.12906
    18.23666     10.33138
    19.42568     26.02871
    21.15299     23.49969
     3.16288      9.21225
    15.92090     13.31364
    17.48922      9.48529
     1.58802     19.75604
     1.98715     19.39954
     6.79163     10.35655
    22.44117     21.12622
    14.60094      6.89524
    17.30491     18.86471
    20.94715      2.34443
    20.25442      6.45279
    19.32652     11.69733
    18.58267     19.97734
    16.09471     23.81004
    16.14270      7.88748
    12.19136      9.81553
    13.60830     18.73185
     5.23734     19.06911
     2.46633      6.93588
    24.68210     20.02125
    -1.08360      4.87898
    -1.40633      4.48730
    -1.27508      4.09217
    20.55130      9.02760
     7.30849     24.57956
     5.84021     16.43399
    12.36666     12.35924
    21.93557     20.79286
    -0.08378      9.60981
     1.92078     15.97128
    24.46726     18.62672
    20.64132     31.68300
    20.72120     23.29981
     4.26487     19.00755
    22.93915      5.56317
     3.27181     13.00423
    22.46386     19.13848
    22.83755     19.37778
     5.95700     24.40979
    -1.69116     11.28331
    -1.59542     12.28293
    14.44061      7.38061
    21.07616      5.62852
    17.40570     22.42105
    21.35259      3.33233
    23.13106     21.85163
    16.93363     24.52316
    14.59196     10.92828
     3.89551     12.65509
     2.61569     14.20036
     2.04500      9.92057
     5.78388      7.90582
     5.95015      8.43608
     6.28943      8.49052
    -3.32312     14.53699
     4.32181     10.53606
    18.97178     19.81357
    22.22083     24.53434
    18.98134     23.83242
    19.09252     24.60216
     1.50592      9.88939
    24.11741     12.87830
    18.72560     17.46120
    17.94213     16.47048
    20.98070     15.02107
     3.98468     29.11209
    18.97942     13.37668
    18.64814     29.64597
    24.43564     16.19677
    16.75490     19.39201
    24.88979     20.24377
    17.47692     11.06218
     4.48141      0.31940
     3.23452      7.75368
     1.00174      2.19619
     2.08726      5.95430
     2.70838      5.82924
     4.26924     14.07610
    18.48035     20.17318
    -0.48251     26.50719
    -0.81063     26.67228
    -2.08792     15.37249
    -2.23788      3.57280
     3.29939      1.93844
    13.61382     10.05598
    16.56220     18.49034
    12.42695      7.00760
    21.72792     13.24809
    17.35675     26.36511
     1.90760     13.87173
     0.30186     18.55329
    23.17068     15.94439
     2.35455     11.41701
     2.73984     11.75700
     5.17595     21.43810
    21.86170     20.22289
     7.57974      5.67942
    24.28118     11.48078
     7.69898     21.66271
    15.38651      3.88840
     0.65218     12.81552
    16.04635     15.25642
    14.27520     11.65904
    20.86425     15.49783
    17.60546     27.94677
    18.15086     27.98456
    23.32914     20.80044
    21.78353     32.16682
    16.19996     18.53920
    -2.58370      8.89525
    18.55255     21.16173
    24.06811     15.95213
    10.95437      1.55530
     9.47824      2.66047
    14.03803      3.36650
     2.90517     21.45160
     9.03143      8.75244
    18.47191     25.00977
    17.70392     14.87097
    24.95601     18.84217
    16.33596     16.61862
    10.45629     17.90013
    12.09458     18.06205
    10.27662     17.65304
     9.57507     10.76330
    16.23708     16.53102
    22.70555     20.43391
     3.58464     14.71440
    22.06248     19.73391
    -0.59410     10.32239
     4.13709      1.37536
     2.71143     16.58562
    19.79165     12.71658
    16.74586     20.50562
     0.72962     23.87697
     0.99799     13.55524
    21.48575     22.80855
     7.54970     16.42827
    16.87969     20.21814
     3.13366     20.04127
     5.69306     13.07248
     6.02277     13.24550
    16.99161     13.39868
    16.85205     13.91745
    20.08380     19.80594
    16.62845     10.55989
    -4.05744     13.99292
     0.36809     16.00604
     4.92188     18.62260
    21.26314     12.97942
     3.03299      8.63184
    -4.73917     18.12319
    -4.05744     17.97664
    -4.40565     17.48794
    25.86050     28.80565
    21.11646     12.04558
     7.18383     24.90554
    10.02961      9.95560
    21.87410     10.87408
    25.99208     17.01392
    13.69071     10.18417
    14.75002     11.47518
    19.58563     21.63108
    16.43774      2.54107
    19.48642     25.75499
    22.16497     16.78838
     4.02203     12.12526
    22.83351     10.21216
    15.98654     17.90959
    -3.22213     13.33446
    -3.25224     12.44038
     5.13177     14.08408
     0.13810     20.90344
     3.14876     23.15688
    17.32318      4.05250
    18.74643     23.60277
    23.81968     19.73970
    18.94124     15.02212
    20.85233     23.29892
    14.57322      4.01809
    22.54090     15.91070
     1.68736      9.48327
    16.20921      4.82048
    -3.85366     12.77720
     1.79614      6.60693
    20.70105     23.66595
     1.85052     14.37585
     2.08754     14.78763
     7.47738     17.90337
     6.93459     18.78135
    13.65821      8.84830
     1.62742     14.01698
    -0.46525      7.58021
    -0.74318      6.69508
    22.45172     24.95145
    21.82019     25.08701
    18.99875     12.35320
    19.56269     14.10149
    12.83243     11.90763
     8.46688      5.15108
    18.46963     13.88609
     2.22240      5.28519
     9.75632      6.40343
    20.21252     19.83244
     4.44002     13.67050
    17.48289     22.02329
    26.36605     26.08655
    26.19937     26.49564
     0.04911     13.00216
    25.01624     15.69397
    12.15363      4.00284
    24.60321     20.91287
     0.70448      9.00294
    16.20457      8.44015
    25.67789     15.41325
     2.86008      1.42038
    13.73950     11.33096
     4.80681     15.78857
     4.54431     15.10658
     5.10523     15.31142
    24.47641     13.89892
    15.95074     19.45288
     9.20926     24.46846
     8.61863     23.34533
     8.76532     23.41315
     8.67666      2.20710
     8.20724      2.70022
     8.71217      1.85158
    17.04943     20.44912
    15.48206     18.72126
     7.09085      4.16500
    27.40662     16.30857
    17.88321     24.70583
    13.64216     15.02187
     5.59479      7.47421
     6.01463      2.34742
     3.63395     18.39558
    -0.03570     11.49516
    14.42582      8.85933
     7.46890     23.40506
    19.59478     15.25783
     0.94104     10.85500
     6.26075     23.80679
    15.00234      2.47727
    18.21199     13.37011
    18.44517     13.58331
    16.29177      7.35786
     4.75155     -9.85222
    28.93684     15.52464
    27.52784     16.36597
    -3.68990     14.32416
    -6.00374     15.12639
    21.12095     19.09472
    20.66228     24.66091
    17.29098     19.67783
    19.69319     27.52443
    15.78465      6.46469
    18.89701     23.30999
    21.97513     18.14361
    -3.25989     16.62561
    -2.71481     17.25774
     2.50991     14.43270
     1.62864      8.45158
    21.78829     13.91033
     2.81646     18.22673
     0.01299     20.86021
    -0.80463     20.77804
     5.64887      9.00788
    26.42552     26.54385
    22.76948     23.84407
    -0.29731     21.23722
    -2.53276     10.90794
    18.32003     11.15477
     3.41521      7.66216
    14.84923     -0.52957
    14.86467     -1.53887
     9.52783      7.90035
     0.52271     24.35927
    21.56129     18.32878
    17.02859     21.49613
    19.95288     11.13714
    19.29662     11.12090
    24.98537     15.89391
    18.84091     14.85647
    17.50705     11.86965
    14.98115     13.94819
     6.42785      6.72029
    13.76913      8.49248
    -1.05498      7.78788
    16.07823     12.62034
    19.21661     23.73828
    17.36526      9.17914
     4.64155     25.86932
     4.82839     26.81169
     0.62521     17.76442
     0.47359      2.52365
     5.59432     16.10251
    14.76695     11.91516
    20.75235     25.35140
     9.06441      2.84565
     0.01586      6.95794
    19.93711     27.61627
    13.53638     15.42741
    25.34521     29.56504
    18.59571      8.48483
     8.41008     21.94541
    14.98900     26.87153
     6.93306     15.39780
    20.40374     10.76275
    20.81047     11.08298
    14.83107      3.72982
    14.46339      4.02153
     8.07245      9.12749
    18.39977     23.63902
    -5.63785     11.75675
    -6.14742     11.02891
    -5.89032     11.31504
    -2.81355     14.91842
     6.02690     18.77474
    23.21901     19.84853
    30.79636     24.82634
    31.59077     21.44285
    31.35298     22.03849
    31.38385     21.31893
    16.98607     16.46698
    16.32880     16.41820
    10.43519     -1.99631
    10.48484     -1.98709
    11.89937      8.47725
     3.11523     18.41182
    18.17709      3.97142
     2.34226     13.24632
    11.57390     10.69675
    18.28956      2.35128
     3.29400      6.82533
    17.84596      4.00924
    17.85689     14.84679
    16.94834     20.83332
    -2.37754      5.09024
    19.48261     19.58684
    -1.68577     12.54520
    21.50782     12.75667
    21.19783     12.22246
     3.14117      7.10926
    18.53949     26.59956
    21.81920     23.96950
    26.35737     20.45400
    26.44307     20.17410
    -2.18530     10.75860
    17.30417     16.68056
    10.09462     10.98190
    11.37505     19.72420
    11.34396     19.95497
     2.02956      9.63083
    13.73205     15.24727
     1.26874     -0.56822
    22.16421     11.64702
    20.67679     20.03711
     6.13508      5.31749
    -1.59350     27.84822
    -2.46671     26.86155
     9.35280     26.83279
     5.69695     13.92432
    12.69958     11.25910
    12.11898     11.58869
    20.05516     20.69863
     8.50504      8.72152
    16.61039      7.94269
    25.77363     15.11384
    17.03538     11.40130
     7.26316     -1.21279
     6.26048     -0.96132
    13.42868     -0.25196
     3.82214      8.13488
    23.26620     22.82796
    22.57444     22.99403
    12.33416      7.73247
    11.31269      7.86787
     4.71912     19.85427
    14.40256     -0.75965
    14.33694     -0.17237
     3.68635     15.44073
    13.34030     16.63860
    20.48903     22.85124
     2.74680     12.24646
     5.41784     -9.76890
    24.73515     14.33522
    17.29530     22.43473
     3.71590     13.71306
    -6.68411      1.13382
    13.25169      9.08836
    18.65491     -6.13106
    19.08492     -6.51430
    18.39147     -5.58873
    19.17863     -6.03766
    13.47616     12.85984
    22.05046     24.34640
     2.62770      4.14393
     4.50565     15.07508
     4.28913     15.50051
    29.17852     15.95405
     7.11839     17.40237
     7.94141     17.53400
    17.41745      0.90540
     2.04132     10.96643
     8.80548     24.46091
    -2.42848     12.34402
     2.08607     11.46204
    25.74890     19.03235
     5.02826      9.50208
     8.12736      9.00495
     5.83614     25.45191
     4.26834      8.86107
    17.13651      5.17576
    -2.93894      2.57777
    -3.44387      3.25320
     2.20186     13.17310
    -2.53665      3.56091
    18.75027      2.13902
    18.76994     27.04691
     6.60464      3.52526
    13.95772      4.30207
    11.81633     19.75451
     2.04186      8.84074
     2.30627      8.62223
    17.96084     24.21829
    16.75444     20.26159
    15.51876     24.50367
    15.55112     24.56346
     3.86798      9.77098
    11.76400     12.89038
     7.81002      3.46657
     8.06618      4.29098
     8.50227      3.26592
     7.56766      3.92903
    -0.15691     14.46884
    12.21519      6.55808
     4.55459      3.09520
    17.93612     24.75931
    -0.20696     17.07784
     2.77945     20.07745
     3.00719     20.45396
    17.97899     21.86415
    18.36652     21.14358
     7.04452     17.18565
     3.20679      9.89948
    -0.36219      2.91975
    20.43923      2.42374
     2.87327     11.22755
    18.32790     14.20908
    -0.65480     20.88646
     1.09283      1.61933
     3.78677     12.91550
    15.95225     18.04428
     3.66946     18.47307
     4.19329     18.80883
    15.95976      7.79694
    18.95293     28.81625
    25.54274     13.13788
    26.15884     13.66521
    25.41149     13.87942
    27.34939     14.04147
    27.03107     19.37471
     2.79910      2.37170
     7.78919      7.80391
    22.52335     20.54840
     4.79436     22.17529
    17.85792     24.49136
    18.07488     24.85556
    14.34503      6.06034
     1.79857     12.86379
    11.16861      9.15332
     6.70564     -8.93560
     7.19720     18.73369
     7.47094     19.17087
    28.24582     13.81727
     0.63421      8.87975
    18.05930     22.92044
    15.30931     14.06533
    21.00870     24.99950
    -0.20185      3.18441
     3.27420     19.68141
     5.02466     23.37254
    14.88816     14.13763
     6.37869     16.28924
    -0.72808     17.34512
     0.26096     18.59955
    14.36588     -2.86063
    14.89627     -4.04526
    10.79744      8.66991
    14.70297     16.54971
    -4.10914     16.53835
    -1.01995     17.87932
     9.01906     25.35998
     8.35867     27.52179
    17.60217     16.99431
     1.10138     10.19643
    22.97405     16.17429
    18.99486     14.27263
    22.23627     24.39107
    19.62714     12.35024
    -5.16168      6.00742
     3.40367      8.91709
    26.26613     16.78741
    -0.02970      6.38034
    24.97118     18.94652
    -4.53301     13.10574
     2.02019      1.26953
    10.07024      8.63605
    10.34759      8.02548
    17.69088     13.11777
     6.49620     19.71383
    20.72270     14.09697
    24.95208     19.33776
    19.79883     24.78069
     5.05510     -0.64290
    16.19640      2.46387
    16.09712      1.54563
    15.26423      2.18955
    -3.23757     13.13132
    21.62753      8.68013
    21.06237      8.34684
    15.52385     11.34388
     9.18173      5.25551
     1.53420     27.83511
     9.57412      6.43131
    17.77569      8.56260
    -2.03819     26.06827
     7.57435      3.55151
    11.60233     26.49946
     0.00732      2.71096
    -3.37721     12.91671
    20.95542     13.63777
    13.35761     16.88140
    14.09352     17.22770
     2.32847     17.61009
    18.37289     25.70166
     0.48602     10.30714
    12.81048     12.50910
     7.48726     20.84473
     8.07224      1.46402
     8.86049      0.94375
    16.24951     17.81933
     7.90602     26.47434
     8.39188     26.10313
    20.83471      9.58696
     0.54114     21.22558
     0.58669     20.76394
    18.01540     20.71824
    19.40480     12.54280
     0.80515     21.79800
    -0.14913     21.28208
    17.48111     25.28047
     3.94097      7.75893
     0.29018     19.80827
     6.19049     26.54150
     5.51880     26.49532
    26.63830     12.37314
    18.52750     26.08746
    17.68773     12.12454
     2.70904     22.63902
     2.19947     23.72983
    26.93406     18.57974
    27.58028     19.04852
    -2.26786     13.76378
    -1.95517     14.00178
    -2.01150     17.22239
     3.64372     11.26428
     2.87266     13.79374
    27.08149     17.38035
     3.76387      7.88296
    16.45087      6.22567
    11.77290     12.50177
    14.10120     11.47088
     2.97633     21.77973
     2.08229     22.01272
     4.68109     24.46032
     5.35279     24.24669
    16.28073     11.75333
    26.40545     18.96186
    26.64787     18.64366
    18.52304     12.15890
    19.25829     12.45347
    27.50790     25.15180
    26.84700     24.85812
    26.75978     25.42742
    26.87332     25.67902
    19.84794     22.68130
     9.79572     14.34757
     0.48213      3.30652
     6.65723      8.02639
     6.22333      8.42381
     5.87437      8.94252
     6.42504      8.90861
    12.88445     29.59960
    12.00978     30.02634
    12.92609     29.54751
     3.23930      8.20426
    21.15934      4.05336
    17.73252      3.06738
    -3.33167     17.73783
    26.58347     15.91720
     5.08672      7.24301
     5.80158     19.49431
    15.96557     14.60119
    20.87943     12.15342
     7.05431     15.51237
    11.06052     11.62325
    14.55778      9.61732
    24.77123     25.77861
    20.66861      1.21836
    -3.07109     -3.29425
    -2.51596     -2.85484
     6.97204     -2.37881
    19.97249     18.51397
    13.96476      8.48541
     5.59571      3.99457
    -3.18738     10.86867
    13.06772     14.39350
     1.81336     12.32953
    -1.93045     12.50813
    -0.28469     -1.86431
     7.50403     22.79515
     7.36738     22.18819
     7.87231     22.89840
    -3.42919      7.14843
    -3.05373     15.59187
    -2.84142     14.89922
    -0.48729     19.82123
    16.57975      8.65649
    16.45629      9.19645
    20.50110     13.71513
     3.03553     10.37261
     5.54502     23.07345
     5.03005     23.59520
     7.05906     29.15597
     6.13028      8.09338
     6.75809      2.84021
    13.15211     -6.35615
    14.88849     -5.40253
    21.51348     17.95628
    14.95027     12.59365
    22.59498     14.15348
    26.17784     30.10342
    10.27729      1.89269
    22.01893     30.13157
    15.34482     20.37822
    17.08407     17.20794
    19.15566     30.20032
    18.65188     30.92804
    14.16478      5.63836
    15.01327      6.64643
     5.33660     25.13757
    19.07592     13.28228
     0.07098     23.50554
     4.34743     18.51385
    25.90399     11.13626
    10.26264      4.16043
     4.78392      2.13582
     3.33457     23.37475
    20.20483     17.11637
    16.61854     17.69459
     0.36073     28.24517
    22.22234     21.48028
    22.19686     22.24929
     7.74406     24.37342
     4.74269     14.18781
    -1.25439     -1.02453
     7.79459      7.16054
     5.72665      3.99327
     9.29464     12.86231
    13.61593     16.09483
    16.91874      9.27598
    14.69532     17.27084
    -2.57816     17.08528
    -5.62181      6.70902
    -4.55636      5.91623
    -0.22465     25.69931
    18.20570     10.09708
    13.89763     11.52053
    17.05212     23.76035
     4.78631     -3.74437
    15.70290      3.48327
     4.71379      5.21687
     4.80953      5.43707
    -3.50231     17.63663
    -4.16397     17.91735
     3.77270      6.80049
    23.76398     21.79797
    19.01739     19.13867
    13.97137     -1.10085
    16.57900      7.32564
     2.85962     12.99317
    17.48214     24.24538
     5.69273     24.99161
     2.63187     13.74250
     6.18509     22.68153
    -2.65684     13.84089
     0.63346      3.91159
    -1.19163     12.89669
     3.65178     18.60750
    19.13300     10.87290
     0.93640     12.48281
    20.25492     17.77136
    18.80827     32.10742
    23.46430     10.56440
    23.79360     11.13997
     7.35542     18.50697
    13.56561     13.95146
     6.30766     19.16533
     5.60027     19.10388
    17.02758     14.46075
     7.87804     10.50910
    -3.58441      0.92838
     8.54747     21.02533
    -3.03412     28.59787
    -2.52455     29.84533
    -2.66584     30.17337
    24.25582     22.53921
     5.78970     23.97654
     0.53425     19.38044
     0.06482     18.57453
     5.37169      8.87055
     5.99250     23.66568
     7.16878      0.44937
     4.26674      8.68587
    13.40185      5.04328
    17.68337     18.60197
    17.90108     17.78556
    17.72893     17.53412
    -0.21399     15.23277
    -0.04723     14.91515
     3.76055     15.12493
     1.17315     11.42248
    10.60256     13.11841
     0.96451     11.05355
     4.61533     19.33190
    21.17170     -1.19838
    25.98594     17.36566
     3.57549     25.33118
     4.42399     24.86701
     7.59485     28.02079
     6.73632     28.59109
    10.09791     18.90326
    10.14271     20.48827
    10.37509     20.44940
    24.00679     21.74956
     4.98751     21.15301
    10.31744      2.76725
    10.75654      2.61010
    10.14064      6.39529
    18.92712     25.93612
    20.45152      7.86903
     0.32283     33.35503
     0.49020     22.59039
     0.61952      7.92901
    15.97594      3.96158
    20.48867     12.68663
    20.32143     12.93935
    17.73643     11.27050
    -4.08756     14.48449
     3.56007     25.82087
    17.48205      5.82912
    14.84840     12.36540
     4.14427     15.60453
    20.46245     13.25062
     3.95954      4.97158
    17.49879     22.17177
    16.65152      7.45767
    12.88202     29.36309
    17.06877     24.89327
     1.63567      9.86364
     0.59645      7.58097
    20.30048     22.67908
     1.51924     11.12284
     1.83257     11.60970
    11.76750     28.70288
     5.32797     -0.65238
    25.81092     16.64048
    10.80365      0.11609
    10.67241     -0.96103
     0.25664      7.70200
    -0.71996      7.99568
    12.10026     10.39239
    -1.00869     13.16043
     8.08734     20.86090
    18.68112     20.75358
    23.75644     21.63479
    14.04582     11.91179
    -0.90966     18.53072
     8.34009     23.64075
     0.51896     29.22313
     2.84343     13.27783
     3.60758      9.43334
    19.69305     25.96565
    18.86605      9.99097
     6.15681      3.00375
     3.38263     10.84340
    15.52223     18.08110
    19.46981     15.64755
    19.78940     18.33690
    20.39058     12.73294
     5.98286     -0.16908
    22.92428     29.86828
    16.52863     17.17396
    18.03022     32.88337
    17.14157     33.25242
    17.64701     32.65193
    16.39887     20.75368
    -4.17400     15.51199
    11.33025     21.43009
     1.18708     13.46724
     2.94457     14.15370
     0.15128     18.23984
     9.13332     12.08500
    -1.44335     10.06193
     0.26442     10.87793
    23.38930     23.04950
    -0.61822     -0.70945
     1.22348     11.23822
    18.85506     13.71168
     7.77303     19.19122
    17.26269     12.01497
    11.72209     11.60763
    20.32731      9.92310
    17.16498      9.38376
     9.60781     23.04085
     9.46112     23.83905
     1.55804     23.45183
    21.59188      7.82327
     8.34567     10.03907
    -6.42761     15.15787
    20.84345     26.33339
     6.24907     20.99146
    14.45289      9.79481
    20.90367     26.04307
     6.99597     16.02452
    -2.79601     11.83957
     4.49458      9.78016
    19.96574     26.23524
     5.17434     24.43366
     3.10758     25.28172
     3.01184     25.23473
    -2.43865      3.18374
     4.74733     16.32926
    -2.36543     29.29620
    20.61905     14.63076
    19.68287     15.59293
    11.56283     -0.48715
    17.66792      5.20185
    26.56804     20.75119
     3.85254     16.14446
    -1.79230      9.88782
     3.48159      5.63446
     5.89787     25.65825
    19.19413     14.42486
     3.43453      0.83631
    12.44052     17.19431
    15.98932     13.24863
    21.27393     16.36922
    20.64028     21.95183
     7.73721      0.99640
     8.78348     22.75045
    19.43566     12.60266
    -1.40079     11.46489
     2.22253     13.19376
    13.82477      7.60753
    13.18432      7.10537
     6.94577     24.91321
     8.15736      2.99052
    -2.06006      9.06971
     7.78666      2.68565
    22.33712     18.51207
    19.73681      6.73436
     8.11173     18.41624
     4.59004     -1.86406
     3.81914     10.87394
    17.06573      6.81537
    -2.83391      6.03752
     3.46807     16.14687
     2.86201     16.37945
    12.25912     16.96905
     9.04265     24.43960
    12.19559     -5.58189
    24.03227     24.84928
    24.58274     23.71222
     0.14246     11.30832
     6.78637     19.22709
    23.93578     23.47144
    24.06703     22.72990
    24.13730     23.37270
    20.86874     20.44361
    19.70802     26.82966
