    14.05799     -2.15257
    13.42982    -15.82847
    12.51540    -15.86278
     9.63199    -19.23951
    14.00804     -2.05754
    13.02919    -14.30704
    12.70977    -14.37859
    13.06809    -14.71655
    13.82877    -14.95149
     0.47752    -15.94995
     5.15378    -24.91431
     5.62606    -24.79695
    13.92930     -3.11115
     5.92443    -24.15242
     5.96528    -24.94230
     5.94458    -25.08331
     5.91773    -25.03190
     6.92490     -2.40425
    10.32059    -11.78944
     9.29033    -17.51885
     9.63138    -17.78955
     9.28482    -17.68564
     8.83526     -8.67755
     6.94092     -2.23801
     7.02259     -2.21787
     6.96137     -2.53556
    14.21222     -3.78798
    -3.85382     -8.69641
    -4.02920     -8.66589
    -4.35276     -8.81656
    14.07688     -2.49177
    14.14464     -2.31321
    13.98340     -2.51399
     9.14323     -7.64912
     9.13788     -7.82111
     8.77173     -7.68483
     7.34993    -21.95758
     7.46523    -20.78532
     7.47710    -21.31825
     6.89782     -1.86421
    10.25744    -10.93246
    15.17871    -11.05886
    13.92168     -2.26938
     1.02282    -15.80862
     1.03080    -15.81547
     1.26006    -15.82000
     1.24077    -16.17644
    12.59482    -14.58334
    10.09134     -8.69422
     6.32696    -22.73713
     3.00148     -3.83785
     2.37077     -4.02308
     2.42716     -4.09493
     2.52467     -4.13633
    14.05087     -3.59450
    14.20883     -3.67709
     6.56003     -9.44687
     6.69483    -10.12643
     6.48960     -9.71195
     6.57175     -9.81766
     6.06982    -24.35945
     6.74946    -20.41475
     6.39463    -20.26737
     6.67916    -20.34864
    14.22714    -11.56848
    14.41688    -11.71069
    14.21768    -11.70147
    14.19214    -11.70859
     6.89659     -2.81120
     7.10731     -2.71914
     7.15197     -2.83644
     9.47248    -19.03169
     6.09261    -10.74660
     9.22708     -7.62819
     9.40604     -7.65034
     8.94940    -10.33062
    13.95043     -4.09469
    14.01038     -3.38333
    14.14690     -3.32829
     1.50336     -5.36556
    10.79640    -17.91665
     9.28860    -12.25236
    10.54605    -12.51251
    14.07652     -9.46112
     7.06754     -2.09154
     9.64420    -11.03294
    10.42301    -11.30408
     7.56234    -20.49712
     9.90289     -8.14979
    10.80396    -10.55356
     8.13043    -13.04843
     9.09838    -13.00145
     7.06242     -1.92641
    15.09686    -12.21463
    15.26336    -12.34607
    14.86793    -12.56743
    11.46047    -12.67684
    14.28394    -11.96609
    14.36256     -3.38832
    14.57244     -3.60092
     9.03051    -13.50787
     9.58319    -13.65049
     1.37020    -14.96982
    14.63268    -14.10179
    14.57755    -14.12282
    14.47351    -14.66868
    12.76051    -23.29014
    12.93420    -23.00535
     8.90582    -16.73785
    -4.59676     -8.20078
     9.36063     -2.86645
     9.15126     -3.03671
     9.26750     -2.55206
    12.76471     -3.97222
    12.32147     -3.95278
    12.53511     -4.02033
    12.64412     -4.74509
    10.11478    -12.69155
    -4.28510     -8.32468
     5.49073    -24.47870
    14.57411     -3.14602
    -3.66686    -10.10132
    10.17088    -12.75200
     3.45754     -8.40937
     3.61500     -8.25993
    10.57184    -18.13490
    10.85201    -12.61908
    10.86630    -10.58950
    10.74049    -10.74673
    10.68523    -10.35660
    13.62528    -15.02041
    13.93792    -14.72461
    13.61518    -14.86437
    13.79579     -4.44712
    -4.81419    -14.37488
     6.77189     -1.86125
    11.19253    -10.83410
    11.14843    -10.86158
    -6.02638     -7.20486
     6.93828    -16.05960
     9.53651    -12.50483
    -2.82143    -12.30935
    -3.16579    -12.84897
    -3.09071    -12.38330
     4.93666     -3.22826
     4.80541     -3.04983
     5.94399     -4.25581
    10.02341     -8.58729
     9.84185     -8.18246
     9.95922     -7.87311
     8.92492     -7.06931
    14.50726    -14.32249
     0.24865     -5.19453
    14.10719    -14.63839
    15.24044    -13.79145
     8.32270    -13.62424
     4.45947    -17.75594
     4.65035    -18.04731
     4.20320    -17.58506
    -4.74033     -7.24541
    -4.65336     -7.23364
    -6.19453    -10.29010
    -6.31919    -10.14672
    -6.45331    -10.51269
    12.07641    -23.74640
    14.77743     -3.95361
     9.78753     -8.27599
     1.23638     -3.81808
    -3.95903     -7.40244
    13.74666     -3.30035
    11.21605    -16.46408
    11.68643    -16.08042
    11.30923    -16.07517
     9.21942    -12.86053
     9.37985    -13.00698
    10.86320    -17.92794
    12.24979    -16.72283
    12.23032    -16.79709
    12.04926    -15.75449
    13.71934    -10.67103
    13.79152    -10.28249
    13.96701    -10.54936
     9.00501     -8.02642
    14.68828    -14.17966
    14.35460    -14.01248
    14.54507    -13.99126
    11.28438    -16.66264
    10.95200    -13.87989
     9.82865      0.19549
    12.47348    -10.14958
     1.05453     -3.56381
     7.51211     -1.77788
     0.19261     -4.16139
    10.97793    -14.33756
    11.05519    -14.21327
     6.93815    -19.12456
     8.60152    -16.46947
    -4.59700    -13.11227
    -4.55280    -13.30628
    11.49391    -17.43307
    11.79737    -16.99912
    11.84689    -17.26724
    11.89701    -17.11383
     1.24196     -6.37844
     1.42316     -6.78420
    12.88049    -15.93826
    -2.23657    -12.54244
    -2.56055    -12.10837
     3.40659     -5.06757
     9.38660    -10.09912
    12.66673    -16.34376
    -4.77247     -7.62959
    -4.49110     -7.96954
    13.84670     -1.60006
    14.48472     -1.41426
     8.22292    -16.96320
     8.26972    -16.85546
    12.43254     -6.49265
     3.03247     -8.16005
    12.62256    -16.24152
    12.60123    -16.73524
     6.74702    -19.61675
     7.05677    -19.38940
    13.80499    -14.33692
    -4.44529    -13.98461
     2.08181     -2.55491
     1.62191     -2.37849
     7.49353    -10.05469
     7.03918    -15.77471
     3.53971     -8.58978
     3.31809     -8.54414
     3.25438     -8.28173
     8.36494    -17.57507
     8.56290    -12.44914
    12.26669     -9.86991
    12.54261     -9.77363
    -4.07523     -8.57710
    14.03910    -14.84182
     5.23822     -9.66250
    -5.29050     -6.65640
    -6.32369     -6.74946
    -2.68536    -15.58033
    13.24424    -14.21397
    13.18888    -14.09330
     8.21146    -18.11585
     1.59167     -2.58470
     6.03130    -25.42973
     6.11158    -25.32613
    -4.92200     -7.79962
    13.96109    -13.84598
     5.96423    -24.05935
     5.77643    -23.81912
     1.10709     -4.94595
    -3.34072    -14.37136
     8.31856     -7.16718
     0.13955     -2.50542
    14.15793    -12.73886
    13.74173    -12.44196
     7.49211    -24.44078
     0.86856    -11.04174
     4.98552     -5.51137
    14.22122    -14.75378
     1.91845     -2.87623
    -0.72619     -8.14581
    12.66022     -5.10741
    10.57234    -11.07345
    -4.01379    -13.93595
    -3.61523    -13.86024
     1.16484     -4.62229
     1.33537     -5.06929
    -5.81672     -9.73801
    -6.07521     -9.57784
    13.24138    -12.75859
     8.63217    -18.95569
    -3.88357     -9.50872
    -3.22856     -9.64931
    -3.50508    -10.06880
    -4.04728     -9.85975
     9.31371    -12.70820
    13.94867    -10.07584
    -5.17608     -9.42991
     6.20363    -20.28531
     6.56648    -19.37366
    -5.44620     -7.19559
    -4.40105    -19.10838
     7.90555    -20.25537
    -4.41516     -7.54682
    10.61928    -10.58162
     8.39500    -12.82750
    14.32934    -14.28600
    14.66558    -14.05705
     9.90620    -18.26745
     7.79302     -7.41512
     7.09589     -8.15938
    14.31328    -14.43311
    -4.18515    -13.74250
    -0.60483     -3.75506
    10.05607    -18.99921
     9.58469    -19.86325
    10.01396    -18.49566
     7.24556    -18.68154
     6.84957    -18.53503
     0.77293     -6.38149
    10.29060    -18.01790
    10.43002    -17.44884
    10.05107    -17.28793
    12.07305    -10.26013
     2.29555     -1.24156
    -2.47041    -14.24029
     9.72567    -18.45704
    12.65237    -15.88211
    12.40443    -15.96813
    -3.47551     -5.53266
    -3.17761    -10.82125
    -3.02222    -11.04006
    -3.52539    -10.66014
    10.38254    -18.58530
    14.51371    -14.11762
     2.47780     -1.93898
     2.36719     -1.83000
    13.89112    -15.48270
     3.75208     -5.73209
     3.93946     -6.62426
     3.66380     -5.70553
     0.86212     -4.05154
     1.38588     -4.11964
    13.88113    -14.18485
     1.01571     -5.61267
     1.25001     -5.25257
    12.85276     -6.19602
    12.85378     -5.36705
     1.07500    -14.30793
    11.25603     -9.89752
    10.39003    -18.26400
    10.47710    -18.06733
     5.46589    -22.96762
    -3.97414    -15.90903
     5.77959     -2.57304
    11.08007    -17.86489
     3.63926     -5.37262
     7.27742    -19.94483
    14.40582    -14.36856
    14.36167    -14.52187
     9.07184    -13.68692
     7.89215    -13.40630
    -3.07665     -7.15270
     0.93586     -4.08643
     1.28444     -4.19922
     1.10936     -3.57549
     6.36350    -14.70543
     6.19215    -15.04671
    10.83184    -18.05937
     1.04018     -3.15351
     0.87210     -3.11682
    12.57031    -16.57761
     1.30092     -5.19407
     7.49001    -11.06934
    -0.81314     -7.20454
     6.74177    -19.75785
    15.43272    -11.81537
    10.04553    -18.19120
    10.15360    -18.17788
    10.87165     -9.22584
     7.95902    -17.88467
     3.26205     -7.34131
    10.17853     -7.62246
    -3.67060    -11.19034
    -4.15520    -10.56587
    -4.07722    -11.34479
    -4.15614    -11.45268
    10.61438    -17.73387
    -5.86594     -8.88557
     9.25737    -10.97052
    12.75751    -14.39335
    10.06710    -11.50964
    14.18547    -13.06383
    10.22989    -17.73235
    -4.58696    -19.39346
    14.23533    -13.69820
    14.09716    -13.07457
    14.25131    -10.15158
    14.65246    -17.23099
    14.56575    -16.93149
    14.82708    -17.05635
     4.58364     -0.34591
    14.09233     -4.84367
     4.11540     -8.79028
     5.49312    -23.77812
     1.00289     -5.64400
    -4.50160    -14.25964
    11.91792    -14.77006
     7.31040    -19.88969
    -4.30955     -8.52633
    10.98323    -11.27143
     9.87633     -6.92658
    13.48587     -2.88137
    10.61262    -17.52717
    12.72713    -16.12801
    11.08748     -3.31648
    14.54856     -4.16968
    -3.47830     -9.52469
    -3.98425     -9.54355
    -2.61332     -6.75383
     6.42080    -25.73769
    15.37105     -2.24958
     8.97186     -3.55451
     8.35804     -2.88715
     9.37685     -3.15136
     5.16030    -15.62820
     5.25167    -15.72136
    12.09362    -16.77148
    12.95485     -8.89927
     9.93178    -18.97829
    -5.78961    -12.07626
    -3.00858    -16.88288
    -2.92480    -16.56732
    -2.51047    -19.82638
     6.69602    -14.96344
    -3.34300    -10.33078
    11.68070     -5.27755
    -3.41739     -5.32489
    -4.13715     -4.13327
     9.18887    -18.27060
     8.35512     -7.83290
    -3.86666     -7.92985
    -4.67128    -13.61497
     6.36311    -24.85920
    10.21236    -12.79102
    -1.43005     -8.61837
    10.36925    -12.54252
    10.32550    -12.33932
     6.42417    -25.21588
    -4.98237     -7.47061
    -5.15687     -7.98503
    14.09418    -21.01590
    14.28199    -21.33438
    13.34845    -21.97316
    -5.20823    -13.65992
     9.31253    -13.74987
    15.02160     -1.66715
    15.46506     -1.57182
    12.20193    -12.68257
    12.46576    -12.63179
     8.78504    -11.90074
    -0.52357     -4.12922
    -0.58414     -3.02661
    12.04804    -15.71601
    10.57248      0.78364
     8.69116    -20.33714
     9.02357    -20.05966
     9.36013    -20.02321
     7.60508    -24.94171
     2.15055     -3.59562
     9.52967    -19.89255
    10.71726    -18.82116
    13.85170    -11.92960
    14.51975     -8.56443
     8.54396    -12.20722
    11.81821    -10.03939
     9.14366     -6.93444
     9.35205     -6.13188
     9.23221     -6.83230
    14.33897    -12.33737
    11.63980    -12.46323
    11.49539    -12.26608
    13.59861     -8.08794
    13.41579     -8.27375
     6.28105    -23.39901
     2.21464     -3.64874
    13.22521    -15.64131
    12.93750    -15.48545
    11.57168    -15.15061
    11.67924    -15.02730
     7.09229    -24.52775
    14.56073    -12.86211
     0.12253     -4.84523
    10.02390    -18.39975
     9.94167    -19.02841
    -0.40434     -4.16002
    10.56237    -18.62597
     6.36706    -14.60640
     6.57806    -15.80294
     6.36701    -14.69213
     6.49515    -24.04444
    -0.50936     -7.25054
     5.67806     -1.76908
     1.10293    -15.92761
     7.12360     -3.42136
     7.41741     -3.42192
    -3.38651    -10.28019
    -3.13223    -10.48130
    15.39878     -2.79802
    13.71237    -15.32087
     6.95457     -4.20980
     8.01039    -24.14230
     7.49317    -23.88502
    -3.12447    -17.05693
    10.90933    -17.00133
     9.64131     -7.30156
     9.02413     -9.16483
    -3.47243    -20.69704
    13.19210    -13.59944
    10.80105    -17.62766
    13.01161    -14.45080
    10.39213    -19.05456
     9.63536    -20.42953
     9.56206     -1.96271
    13.36255    -12.95567
     8.22899    -18.81055
     7.49117    -23.75078
     8.77551    -20.60113
    -0.68008     -7.90158
    -0.19931     -7.81679
     8.86520    -11.46684
    -5.55546     -7.62374
     8.44828    -20.15415
    11.09034    -16.88885
    11.53216    -10.96020
    12.97395    -14.74605
    12.96110    -14.13996
    11.06940    -17.99852
    -3.86623    -13.76215
     9.33447    -17.90361
    10.80068     -5.61248
     0.14953     -4.37483
     6.67345    -14.32378
     6.28508     -4.49232
     5.84073     -4.15303
     6.67416     -4.47363
    11.68093    -17.16787
    10.05464    -19.63683
     6.48163     -1.18876
    -2.89408    -15.83732
    -3.02432    -16.00821
    -2.38227    -16.29124
     9.48250    -15.77858
    -0.91658     -6.56295
     8.61324    -19.87987
     8.86537    -19.91746
     8.23381    -13.61107
     7.96461    -10.29841
    10.07812    -17.56427
     7.41839     -8.29640
    -4.52405    -11.60684
     9.22970    -10.86131
     8.49682     -1.42959
     3.41599     -2.94611
    -5.43868     -6.11235
    10.50315    -16.48245
    12.98594    -16.49578
    -3.61124    -18.21263
    12.00796    -24.47418
    13.52632    -14.83815
     7.59347     -9.30678
    12.14929     -9.02086
     2.60721     -4.91992
    13.81379    -13.60208
    10.55974    -12.18929
    10.23295    -12.10305
     7.53506     -3.55844
     1.71587     -1.97277
     8.81596    -10.24627
     8.71997    -10.73673
     8.51300     -9.85703
    11.10948    -16.69622
    14.26150    -12.60944
    15.20514    -11.68512
     6.64651     -7.74552
     5.05435    -13.40795
    11.64738    -16.15262
    -0.43482     -8.08892
    -0.02867     -8.15996
    -3.20208     -4.49892
    -1.87172     -3.93298
     8.95251    -10.97752
     8.83795     -7.07329
     9.06314     -7.33243
    -3.16722     -6.96257
     4.72916    -19.41622
     5.36347    -18.65509
     5.21260    -18.91193
    10.01119    -11.78266
    15.58770    -12.03184
    -4.61452    -18.17189
    12.34330    -10.27507
    12.03095     -9.34281
    12.04675    -17.79031
    12.57092    -17.79419
    11.55786    -17.07273
    12.27383    -13.76367
    12.42276    -14.48890
    -4.49094    -19.46064
     4.94685    -17.29718
     5.33876    -16.48940
     5.74883    -16.51163
    -5.04508    -14.05008
     9.12197     -7.79917
    12.68923    -15.02864
     8.76192    -10.25842
    11.17019    -12.39807
     9.21725     -6.32998
    -4.73777     -8.20722
    -7.72436    -12.42687
    -4.41231    -14.90423
    14.61336     -8.81815
    -4.08441    -17.87325
     8.04659    -13.92752
     6.82293    -15.55718
     8.38264    -19.43255
    -3.13362     -4.91211
     8.14191    -16.64256
     8.22962    -16.00297
    -2.43174    -11.66332
     6.34694    -16.43395
    16.06420     -4.30473
     8.91983    -22.95909
    -3.95617    -10.29944
     7.74855     -7.90128
     0.52926     -5.12564
     8.17617    -10.15844
    10.86096    -14.53022
    11.02783    -13.71591
    10.38295    -15.78005
     4.93434     -3.24310
     9.29857    -18.98501
    12.59212    -16.01891
     5.66862     -2.80763
     5.62575     -3.24875
    -2.52569    -16.07010
    -2.71334    -16.90574
    -2.58976     10.96548     -1.85793     10.72052      2.76050      9.56721      4.03264     18.52611     12.57867     11.64821      1.31470     23.67125      6.90125     24.36498      6.87189      7.46210      6.65520      7.51530      7.33125      6.91445     15.35178     17.12880     -4.08914     16.79720      6.00629     14.45977     15.08755     13.73239     -2.94150      7.20816      8.79984      8.16588      8.34219      6.74366     -0.58831     13.70033      3.19989      1.46018      2.76016      1.89661      2.38910      2.15708     10.88042      3.42692     11.02420      5.94862      6.23948      3.69990      6.09763      3.98907      6.20829     19.18742     -3.40534     18.10908     -4.47076     14.23567      1.55029     22.63309      1.94651     12.52069     -1.38806      9.62361     -1.78416      9.34255     11.26364      6.86159     17.03293     16.57783     10.37821      3.84663      2.86117     18.24455      0.34678     16.68221      8.22299      0.14799      1.86840      0.82601     12.82837     11.78754     12.10066     11.42353      1.67944     18.05917      2.45672     17.38451      1.55306     17.79459     15.64388     15.62327     15.85101     16.37375     16.33420     15.51704      3.12676     11.17321      3.04700     19.07132     -6.93918     11.58423      7.05747      6.33016      1.53588     24.48849     15.14939     17.98933      4.60883      5.16102     -1.25513     11.44180     -0.52333      6.40553     14.69057     18.03554     13.72186     17.80035     14.45956     17.22818     11.70391     10.36049     12.42019     11.57208     -2.36103     15.08485     -0.09915      6.73825     -1.17632      7.32160     -1.48992      6.91182     -4.34843     13.24438     13.18358     10.39106      4.76349      1.69842      4.53878     14.37998      5.33471      2.66845     -4.08354     11.89780      2.31243      6.15516     13.31220     13.98683     13.78225     10.29914     -4.16151      5.96737     -2.72511      8.34065     -4.78498     14.00780      7.68052     23.65993      7.30947     24.27439      7.91427     24.91469     12.45652      6.47517      3.35037     14.12785     11.52449      3.27311     -4.52980     12.95761      1.68107     15.49618     -1.00930     11.34809     12.24797      8.20412     11.05778      8.17924     11.02676      8.13615      7.50762     24.34316     -4.34783      3.73387     14.00069     20.26274     11.93665      8.70063      9.95369     25.36527     10.49294     25.97080     -0.11249     15.83817     -3.42126      9.72159      1.62876     18.79456      1.38283      6.82660      8.29121      5.62063      0.69100     17.77579     -6.46002     10.06568      2.70987     12.86892     13.51863     13.38310      3.27938     15.36279      2.51480     17.83628      1.94357     18.31069     -3.36589     14.32001      3.11587     17.77574      2.63201     18.21163     -0.16421      9.11920     -1.09356     10.91120     13.61710     15.04708      2.06828     13.80679      2.32761     13.53858     -0.49148     15.42930      2.52512      9.36240     -1.90844     10.17815     12.13636      6.30755     12.44349      6.95693     11.54259      6.87688     -7.52374     -7.55500     -8.77494     -7.72240     -1.64749      8.53402     -4.77280     16.36994     -2.55402      4.90968     -1.68070     -0.83919     -1.57359     -1.81959     -0.83854     -1.24855     -1.72286     -0.79160      6.41093     21.38356      4.38896     14.08039     -0.88757     15.66813     11.80780      8.16058      9.58176      3.44091      9.26908      4.01399     10.30049      3.66355 