    -1.43684      6.95434
    -2.41521      8.04211
    -1.60204      7.35139
    -0.17136      5.23264
    -1.94792      8.44953
    -0.55378      5.45502
    -0.65845      5.94937
    -0.96114      6.92072
    -1.82315      7.49726
    -1.24588      7.16133
    -1.46026      6.87255
    -2.21067      8.42715
    -1.94071      7.40277
    -0.02624      5.11981
    -1.22761      6.47443
    -2.26828      7.80034
    -2.95484      8.91373
    -1.66096      7.49308
    -0.74350      6.13850
    -0.85554      6.34876
    -1.70878      7.25018
    -0.05178      5.60510
    -2.18745      8.25537
    -0.20347      5.79679
    -2.59876      8.66901
    -1.05539      6.64440
    -1.90775      7.72573
    -0.03428      5.16107
    -3.11491      8.93538
    -0.71201      6.10808
    -0.31033      5.69138
    -2.08857      7.77845
    -0.85568      5.85938
    -2.04108      8.56425
    -0.67280      6.35753
    -2.37348      8.71815
    -0.51935      5.98216
    -2.74587      9.07971
    -2.65727      8.63094
    -1.86201      7.83693
    -2.67822      8.92716
    -1.12529      6.33123
    -1.28737      6.32061
    -2.29120      8.61349
    -2.46941      8.07255
    -1.23240      7.18969
    -1.05585      7.03855
    -1.56375      7.51340
     0.05519      5.00378
    -0.27967      5.45200
    -0.49802      6.01854
    -1.20504      6.63219
    -1.48588      7.16552
    -2.09530      7.75435
    -2.44415      8.89087
    -0.47029      5.92632
    -2.57054      8.43992
    -1.94112      7.95941
    -2.83900      9.03513
    -2.56095      8.79238
    -3.13257      9.08802
    -1.80182      8.14407
    -1.40603      7.39854
    -2.46634      8.44194
    -2.55927      8.58300
    -2.09372      8.03828
    -1.08562      6.52701
    -1.86411      7.62284
    -1.62774      6.98367
    -1.63183      7.56726
    -1.69995      7.37599
    -0.87261      6.05343
    -1.12255      6.68079
    -2.66315      8.13155
    -2.69345      8.56794
    -1.67724      7.44700
    -2.04620      7.96134
    -0.18599      5.53588
    -1.07825      6.10910
    -0.20585      5.52394
    -0.84709      6.37607
    -0.18021      5.59704
    -1.28766      6.30295
    -0.55800      5.65638
    -0.12823      5.90462
    -1.70825      7.23216
    -0.49024      5.61841
    -2.37458      8.37464
    -0.28132      5.19761
    -0.78401      6.03106
    -2.02477      7.71667
    -1.36438      6.77873
    -0.63288      6.28463
    -0.85822      6.50269
     0.01684      5.17147
    -1.17578      6.95358
    -1.50348      6.75594
     0.07393      5.12805
    -2.77120      8.99223
    -1.94144      8.28404
     2.50317      1.23593
     1.72339      1.98492
     0.42820      4.13519
     1.01248      3.12004
     0.81342      3.88407
     1.02229      3.77888
     1.79624      1.93865
     1.71615      3.28268
     2.33254      1.66744
     0.63633      4.09821
     1.01067      3.65670
     1.50794      3.15969
     1.97264      2.44333
     2.91538      1.38028
     2.60863      1.03176
     1.41183      2.89887
     2.32760      2.04598
     0.42946      4.13736
     1.45433      2.82023
     0.41400      4.11808
     2.04099      1.99535
     2.65021      1.03765
     1.10868      3.51335
     0.42035      4.37987
     1.17270      3.30032
     2.35954      1.40243
     1.63041      2.63213
     2.00481      2.40376
     2.02232      1.78617
     2.39035      1.58803
    -0.13783      4.54221
     1.69682      2.73092
     0.14760      4.89239
     0.37298      3.70432
     0.14249      4.78724
     1.16969      3.50380
     2.99118      1.13522
     1.20683      2.93951
     1.66696      3.11601
     0.31909      4.58167
     2.29119      1.52327
     0.91781      3.86335
     0.47968      4.54759
     2.19971      1.26956
     1.62175      2.46904
    -0.05192      4.59383
     0.59430      4.36230
     2.58504      2.07102
     1.87203      2.47884
     2.51722      1.82755
     2.93598      1.15306
     2.54575      1.01220
     1.33564      2.26111
     1.40115      2.97318
     0.32538      4.33177
     2.08314      2.16733
     0.67042      3.59630
     0.63423      4.38763
     2.35866      1.45202
     0.05995      4.59054
     1.08266      3.16544
     2.47083      1.82609
    -0.21392      4.53373
     2.56460      2.23289
     1.65077      2.49552
     0.98120      3.51927
     1.97483      1.97974
     2.34133      1.37563
     1.30734      3.79186
     2.42125      1.48565
     2.07500      1.61824
     0.23638      4.23970
     1.79802      1.89613
     1.29494      3.28664
     1.96764      2.52758
     1.31789      3.01366
     0.18733      4.59550
     0.40716      4.25881
     0.21519      4.53041
     2.48992      1.15606
     0.69847      3.95268
     1.27194      2.53072
     2.71310      1.43764
     0.35577      4.38353
     1.54326      3.29979
     0.94727      3.41496
     0.36928      3.71118
     1.01076      3.67623
     0.65024      4.17645
     2.14726      1.90205
     0.79267      4.04471
     2.58029      0.79854
     1.46181      2.83910
    -0.04707      4.82465
     1.85378      2.82736
     1.76901      2.25383
     1.62777      2.68777
     2.61033      0.73192
     2.30929      2.02225
     1.38901      3.00408
     0.48074      8.24635
     0.80757      7.82136
     1.63386      7.01521
     2.64029      5.88011
     0.18787      9.07690
     1.14452      7.98822
     3.11479      5.23222
     1.36258      7.23284
     1.66062      6.70446
     0.26040      8.38905
     1.74395      6.44073
     1.13939      7.34799
     2.74604      5.15900
     1.17579      7.98045
     3.06174      5.39630
     2.36918      5.55707
     1.90067      7.52767
     2.32451      6.10129
     1.89503      6.92255
     0.44852      8.66136
     2.27179      6.11230
     0.37611      8.65244
     0.90515      7.64993
     2.38637      5.62653
     1.20493      7.22741
     2.29578      5.97832
     0.17658      8.86807
     2.97499      5.39774
     1.17060      8.33190
     0.26456      8.95455
     2.36809      6.15340
     1.54129      7.00402
     1.37440      7.65950
     2.00722      6.17560
     2.07889      6.76248
     2.15825      6.47563
     0.04767      8.97824
     0.26312      8.72401
     2.44948      5.87524
     1.98774      6.38537
     2.50531      6.05549
     1.96863      7.02565
     2.90842      5.30243
     1.50305      6.98100
     0.46211      7.93096
     0.69069      7.71509
     2.64381      5.58349
     0.80825      8.18773
     0.86679      8.31631
     1.42223      7.39827
     1.86519      7.13176
     0.07493      9.18310
     0.94103      7.97817
     0.87858      7.59742
     1.93370      6.02461
     1.19980      7.75419
     0.20382      8.82873
     0.73205      8.43785
     1.74203      6.99308
     2.35434      5.31088
     2.63311      5.24248
     1.74349      6.21543
     1.56823      7.48152
     1.99290      6.67029
     1.86401      6.47251
    -0.11598      8.93876
     1.07468      8.27315
     0.30944      8.53771
     1.03029      8.21216
     3.07939      5.10261
     2.36212      6.57446
     1.33955      7.36877
     1.03874      7.65808
     1.82251      6.50920
     1.59103      6.66388
     2.71342      5.41015
     2.17355      6.08396
     2.60145      6.08017
     2.20955      6.08394
     0.33693      8.79489
     1.16567      7.09303
     3.01639      5.33344
     0.36048      8.62004
     2.12974      6.13382
     1.23715      8.36773
     1.35429      7.42711
     1.93310      7.18720
     0.30756      8.50379
     2.61390      5.27425
     0.68035      8.33252
     1.61750      7.05736
     2.35196      5.61660
     2.97039      5.33813
     0.38819      8.71536
     2.37827      5.51333
     2.51793      6.11197
     1.27318      6.89968
     0.78927      8.04828
     1.59354      7.59756
     1.28477      7.83213
     3.46067      4.46678
     4.31828      3.29880
     3.16001      4.83946
     5.70887      1.03410
     5.53666      1.43403
     5.98800      0.94945
     4.69427      2.24940
     3.76108      3.90402
     4.63583      2.26501
     4.44109      3.22074
     3.51528      4.03627
     5.89622      1.52017
     3.48355      4.70198
     4.02046      3.57043
     5.19212      1.80089
     4.27651      3.46706
     5.72636      0.89703
     4.24640      3.50143
     3.87290      3.68395
     4.19361      3.15145
     3.49552      4.30546
     5.34427      1.29706
     4.96293      2.51947
     4.49723      2.70383
     5.45895      1.86346
     2.93102      4.08686
     5.66465      1.21082
     4.85110      2.38134
     4.81789      2.89996
     5.41352      1.81842
     4.33560      3.02661
     5.05254      2.08823
     5.07063      2.03995
     4.09426      4.18417
     4.56103      3.10913
     3.36598      4.66003
     5.34920      1.67231
     3.50138      4.24171
     4.83583      2.51006
     5.73580      1.16229
     3.60360      4.02816
     4.51826      3.03136
     3.70031      3.62494
     3.93815      3.42888
     3.47989      4.55104
     4.95736      1.81051
     3.15390      4.54484
     5.36291      1.57503
     4.94348      2.25165
     2.88647      4.60404
     5.72425      0.76352
     4.04620      3.95485
     4.77717      2.16936
     4.00123      3.21516
     5.69759      1.51652
     4.38451      2.82193
     5.33477      2.15059
     5.12951      2.40461
     5.54547      1.31930
     3.05292      4.34399
     5.19413      1.98292
     3.52598      4.18183
     5.65226      1.03609
     4.05792      3.73306
     3.49092      4.06074
     5.39624      1.74763
     5.00440      2.32495
     5.63274      1.55314
     4.54107      2.62968
     5.23039      1.14578
     5.68110      1.45963
     2.99094      4.91109
     4.74887      2.24433
     5.68280      1.04326
     3.80828      3.80058
     4.19998      3.28961
     4.84717      2.95134
     5.12969      2.04526
     3.25398      4.76300
     3.32868      4.48344
     3.94466      3.52857
     3.79631      4.33523
     3.79058      3.46945
     3.26067      4.88195
     4.71489      2.67277
     4.22636      2.83896
     4.68775      2.97596
     3.35134      4.84764
     5.35963      1.67583
     4.14822      3.71971
     3.32369      4.26645
     4.03371      4.24344
     3.69151      4.49509
     4.00073      3.84019
     4.99251      2.45741
     4.68484      2.68727
     5.26832      1.83665
     4.32285      3.36034
     5.92635      0.97891
     4.23718      2.89493
     1.87341      7.93721
     2.05448      7.59041
     0.52101      5.80288
     1.03391      6.61768
     2.00193      7.16404
     1.57925      7.52364
     0.39186      5.94888
     1.00894      6.87224
     2.51495      8.77324
     2.65252      8.29861
     0.08603      5.41257
     2.66152      8.43031
     1.73562      8.13102
     1.68122      7.52436
     0.20445      5.49358
     0.24230      5.44438
     1.91397      8.59845
    -0.06567      5.15290
     1.00944      5.60201
     0.90344      6.36033
     0.44215      5.55870
     0.45800      5.57759
     1.49104      7.15362
     0.83948      5.82089
     0.26009      5.21079
     2.25239      8.47859
     2.90565      8.94260
     1.67517      7.33363
     1.66687      7.54573
     2.08716      7.87750
     2.19542      8.05245
     2.76228      9.03624
     1.23690      6.83223
     2.49861      8.91397
     2.54522      8.71839
     1.78811      6.89081
    -0.06846      5.51018
     1.96320      8.42138
     2.76593      8.09412
     0.90325      6.61192
     0.88546      6.25773
     1.02762      6.56807
     0.87888      6.31827
     0.88325      6.14738
     1.50074      6.92087
     1.47799      6.84429
     1.37930      6.92585
     0.73918      6.12876
     2.47809      7.97058
     2.98414      9.12444
     2.48045      8.55815
     0.28846      5.38722
     1.83254      7.79495
     2.22140      7.69341
     1.54201      6.44780
     2.02036      8.12335
     2.15306      8.21441
     1.85427      8.02677
     2.08768      7.12193
     0.23351      5.80283
     1.18065      7.48317
     0.52004      6.24179
     1.05976      6.50640
     2.53760      8.81975
     2.49734      8.76434
     2.22316      8.70562
     1.18353      6.81818
     1.60559      7.42414
     1.24897      6.78134
     0.34532      5.52006
     0.25693      5.32440
     1.86916      7.11773
     0.70826      6.42157
     2.10863      7.98032
     1.67607      7.04724
     0.09505      6.08277
     1.53575      7.63114
     2.28482      8.05161
     0.83856      6.81388
     0.81221      6.10418
     2.77124      8.97268
     0.74877      5.14684
     2.52840      8.47656
     0.99905      6.18490
     0.08935      5.34795
     2.16369      8.33585
     1.89586      7.61275
     1.62277      7.48027
     0.95569      6.24055
     0.39886      5.20659
     2.87605      8.97076
     0.59420      5.91312
     2.81441      9.22431
     2.18815      7.81465
     1.05143      6.42661
     2.45467      8.89350
     1.48095      6.89803
     0.46401      5.05361
     0.47819      5.44054
     0.61450      5.81762
    -2.50731      1.48227
    -1.48923      2.42398
    -1.87260      2.58634
    -1.48793      3.36486
    -0.25684      4.22833
    -2.17513      1.65459
    -2.20362      1.96320
    -2.69390      0.97875
    -0.83172      3.81917
    -0.74362      4.06360
     0.00457      4.77500
    -2.18698      2.29858
    -1.18874      3.31441
    -2.36303      1.08046
    -2.45651      1.76161
    -0.27007      4.43143
    -2.74069      1.10051
    -0.31544      4.32589
    -0.82658      4.21197
    -2.00289      2.12013
    -0.55796      4.63745
    -0.91441      3.52187
    -0.19577      4.72577
    -1.81387      3.04615
    -1.21695      3.16423
    -1.00558      3.53654
    -1.74559      2.74998
    -0.47417      4.29924
    -1.11222      3.41810
    -1.00226      2.73774
    -2.73603      1.23647
    -0.62167      4.08455
    -2.56503      1.06120
    -1.02820      3.70605
    -1.27863      3.03314
    -0.19513      4.54355
    -1.56458      2.52363
    -2.10690      2.41706
    -0.90953      3.61890
    -1.76288      2.37234
    -2.02518      1.48889
    -1.92304      2.00648
    -0.74016      3.97948
    -2.75612      1.09801
    -0.03065      4.73269
    -1.71010      2.13162
    -2.48071      1.34882
    -1.10692      3.11472
    -1.84962      1.78334
    -2.48505      1.94791
    -2.48843      1.50329
    -0.61754      3.74622
    -2.82684      1.20393
     0.10386      4.84559
    -0.50223      4.74968
    -1.52677      2.88257
    -1.99667      1.85534
    -1.82691      1.88878
    -1.68884      2.68031
    -1.66361      2.52724
    -1.89627      2.75334
    -2.19087      2.17910
    -2.30997      1.19786
     0.17291      4.62274
    -0.39228      4.68773
    -1.13942      3.17389
    -1.75963      2.24155
    -3.00301      0.81298
    -1.74955      3.04620
    -1.23249      4.01564
    -1.44514      3.24783
    -2.51122      1.17722
    -2.02677      1.54447
    -1.50017      3.14723
    -2.80177      1.41530
    -0.79719      4.13468
    -1.07277      3.64685
    -3.04164      1.13238
    -2.04739      1.98136
    -2.44616      1.51782
    -2.31039      1.80036
    -0.56169      4.62187
    -1.43919      3.01858
    -2.70273      1.54350
    -2.28822      1.84931
    -1.93950      2.12640
    -0.63375      4.63340
    -0.56413      3.94937
    -1.63570      2.16711
    -0.83095      3.86097
    -0.58934      4.22407
    -1.14040      3.32317
    -0.34435      4.60966
    -0.38658      4.24473
    -0.37614      4.70656
    -1.81145      2.43996
    -1.42594      3.64355
    -0.94953      3.51892
    -0.64209      3.77767
    -0.94370      3.29170
     5.59082      9.30896
     4.02425      6.14811
     4.36789      7.10349
     4.45188      7.33500
     3.55213      5.80517
     4.50528      7.33551
     5.60133      8.78688
     3.89777      5.95723
     5.46629      8.96306
     3.28350      5.36787
     5.25339      8.26823
     3.09181      4.94839
     3.70788      5.80251
     3.99066      7.03483
     4.21169      5.99425
     4.64466      7.38485
     3.93328      6.32058
     3.33211      5.55375
     4.82919      7.84778
     5.56662      8.74502
     5.52019      8.47874
     2.98810      5.72980
     4.51491      6.84767
     5.14907      8.15207
     4.20843      6.71046
     3.39565      5.62086
     5.56852      8.64719
     5.43918      8.85190
     4.61308      7.52388
     4.01606      6.36352
     4.10270      6.22273
     4.95087      8.26710
     2.87186      5.29944
     4.65362      7.38242
     4.82822      7.85696
     4.34600      7.30195
     3.98979      6.66602
     5.01683      8.29887
     5.07047      7.48043
     3.46173      5.76766
     5.20148      8.41793
     5.42004      9.03476
     3.51395      5.71608
     3.35720      5.13564
     3.79110      6.21001
     4.33761      6.34515
     5.01220      7.98466
     4.03134      6.94546
     5.92082      9.09933
     4.90295      7.70922
     3.77427      6.16274
     4.61745      7.47501
     5.16275      8.52674
     4.27265      6.55131
     3.22328      5.64007
     4.05730      6.37623
     5.50249      8.06807
     5.60536      8.70974
     3.62802      5.62430
     4.73579      8.32429
     5.48792      8.46154
     4.24151      7.02915
     3.80943      6.04469
     5.88905      9.06239
     4.72481      7.53090
     5.02134      7.84404
     3.60867      5.90273
     3.87939      6.20585
     5.07214      7.93196
     3.11112      5.55970
     4.28249      7.01429
     5.39217      8.08014
     5.41266      8.63870
     3.09759      5.15631
     3.08851      5.36856
     3.41553      5.99832
     4.46900      6.90966
     5.71153      8.52928
     3.49973      5.32132
     3.71063      6.53804
     4.81484      7.60794
     3.70475      5.99974
     3.79801      5.68051
     4.27899      6.22600
     4.51794      6.73669
     3.29547      5.27479
     4.22536      6.66422
     4.86791      6.85936
     4.57909      7.75447
     5.12729      7.85093
     4.50500      6.92739
     5.82270      9.03698
     4.93050      7.89607
     3.04435      4.91065
     5.68683      8.93543
     4.02164      6.31050
     5.63754      8.27752
     4.56100      7.24787
     4.65880      7.63568
     5.55272      9.01698
     2.24934      3.21014
     1.21229      2.64688
     0.01393      0.91350
     0.80385      1.50046
     0.38988      1.40195
     2.71760      4.61743
     1.48185      2.86853
     2.67772      4.03864
     0.78103      1.48573
     1.74162      3.59929
     0.50794      1.17739
     2.48532      4.13081
     0.88599      2.18178
     2.90811      4.87261
     2.86095      4.92183
     1.39240      2.53850
     2.90328      4.63998
     1.02004      1.71789
     0.79294      1.66529
     1.56392      2.48850
     0.90607      1.87200
     1.89215      3.01997
     1.64182      3.31565
     3.12620      4.28446
     2.83258      4.35667
     2.43080      3.52220
     2.43846      3.74563
     1.46446      3.09769
     1.62987      2.81563
     2.18743      4.12346
     1.66666      3.30150
     1.33868      2.43803
     0.53587      1.69951
     1.00634      1.50354
     1.03536      2.36528
     1.61755      3.10011
     1.12658      1.92651
     2.75817      4.64950
     1.30496      2.70838
     1.92300      3.80436
     1.84656      3.99920
     0.14055      1.11678
     0.46025      0.90341
     1.42909      2.29141
     2.57464      3.82672
     2.16949      4.07128
     0.19969      0.82907
     0.34452      1.23431
     2.60426      4.23312
     1.84197      3.63422
     0.46447      1.11442
     1.16067      2.09779
     1.41428      2.67310
     1.49203      3.04473
     0.18492      1.06924
     2.16468      3.46053
     0.41641      1.70036
     2.56556      4.43078
     1.54407      3.13776
     1.17662      2.40624
     1.06436      2.37943
     1.29108      2.45379
     1.49664      2.39154
     2.59653      4.69048
     1.38739      2.61402
     0.26932      1.29188
     2.23710      4.22395
     0.52566      1.48954
     2.85862      4.72668
     2.64240      4.35399
     2.87099      4.93871
     0.64615      1.47275
     1.46234      2.59493
     1.85061      3.03344
     2.43336      4.43666
     0.19689      1.11273
     1.61800      2.72636
     2.15503      3.97294
     2.87685      4.30652
     1.18936      2.07689
     2.17343      3.94083
     0.42199      1.96481
     2.28851      3.48776
     2.61054      4.76231
     1.86945      3.40580
     2.25569      3.32021
     2.00760      3.73819
     1.60898      3.63110
     2.27821      4.04205
     0.81604      1.59237
     2.06096      3.73454
     2.64627      4.71683
     1.00781      2.30986
     0.94711      1.94474
     2.76744      4.23774
     0.27001      0.82426
     1.03534      1.51066
     1.63243      3.12645
     0.69219      1.24305
     1.04315      1.44465
