    -0.37024      0.38522
    -0.99271      0.51511
    -1.61854      0.94066
    -3.83361      3.42623
    -0.44701      0.41946
    -1.32577      0.73246
    -3.84428      2.34070
    -0.93467      0.38080
    -2.32773      1.33239
    -1.52984      0.69253
    -1.62247      1.39468
    -2.05094      1.35332
    -3.33383      1.93994
    -1.68496      1.13355
    -2.70645      1.90727
    -1.20998      1.01126
    -1.79349      1.43989
    -0.48036      0.35197
    -3.92962      2.57630
    -2.45797      1.10910
    -0.04572      0.47938
    -4.10346      2.91495
    -0.28123     -0.07683
    -2.82570      2.24066
    -2.03058      1.30485
    -1.20494      0.65032
    -3.38368      2.26761
    -3.19438      2.44753
    -2.84244      1.63047
    -2.71067      1.84233
    -3.66664      2.19153
    -2.01966      1.09433
    -0.80759      0.37770
    -2.71029      2.35829
    -3.89541      2.17558
    -1.57597      0.90680
    -2.18990      2.19691
    -3.99599      2.81207
    -2.45870      1.91106
    -0.14227      0.02594
    -0.60210      0.37144
    -2.29758      1.99573
    -0.93304      0.85368
    -3.51175      3.00351
    -2.27569      1.28396
    -3.25648      2.40508
    -3.68820      2.35284
    -2.78553      2.34564
    -1.15136      0.75842
    -0.66039      0.18064
    -3.89240      2.73228
    -3.36882      2.69310
    -1.90787      0.54621
    -2.85954      1.59221
    -1.67310      1.03472
    -2.28694      1.40384
    -1.07126      1.27250
    -3.86105      2.71850
    -3.12111      2.31577
    -4.23563      2.56917
    -2.24848      1.36568
    -0.18918     -0.13129
    -2.85343      2.32365
    -2.70162      1.80368
    -2.88191      1.76893
    -2.21544      1.32227
    -2.34318      1.44161
    -3.61188      2.65965
    -0.34897     -0.06260
    -0.69943      0.25884
    -0.42533      0.14880
    -3.46603      2.10780
    -0.79628      0.70590
    -2.96762      1.95314
    -0.95704      0.71573
    -1.62101      1.30825
    -2.58751      1.60666
    -3.36708      2.62609
    -2.00498      1.31523
    -0.68274      0.70572
    -2.30741      1.58545
    -1.11458      0.83096
    -0.58090      0.51872
    -1.53587      0.95906
    -1.11943      1.15411
    -1.04759      0.81532
    -3.33010      2.47155
    -3.19285      2.10023
    -0.30069      0.26996
    -1.36480      1.16625
    -1.59761      1.42828
    -2.69173      1.41878
    -3.15876      1.91835
    -0.20248      0.45952
    -0.66909      0.39940
    -3.70682      2.70495
    -3.49243      2.31654
    -3.94348      2.71899
    -1.85069      1.28606
    -1.09891      0.71710
     0.51173     -0.92868
     2.56318     -1.54629
     1.47650     -0.47066
     0.67899      0.09304
     3.33080     -2.81890
     1.48351     -1.24254
     1.03894     -1.00067
     1.35829     -0.89447
     0.22641     -0.20012
     3.14386     -2.31155
     2.21971     -1.71862
     1.01610     -0.81978
     2.56641     -1.73010
     3.06281     -1.88958
     2.68892     -1.77578
     0.45532     -0.28711
     2.28162     -1.43934
     0.83817     -0.84711
     3.01923     -1.89280
     3.50007     -2.43545
     0.21284     -0.07467
     2.94164     -2.28828
     1.41794     -1.03022
     0.63437     -0.36895
     3.69966     -2.44375
     3.33374     -1.61113
     4.07764     -3.17493
     1.43280     -1.09213
     3.83708     -2.66468
     3.32440     -2.10443
     2.11188     -1.49149
     3.96682     -2.76129
     3.93908     -2.13332
     3.65960     -2.74063
     2.87402     -2.14404
     3.51322     -2.27558
     0.03442     -0.20156
     2.67512     -1.98904
     0.90684     -0.40103
     1.91569     -1.17263
     2.13497     -1.49669
     1.85488     -1.10530
     1.97568     -1.12394
     1.63136     -1.14999
     2.27389     -1.58993
     2.25261     -1.71950
     4.01544     -2.63227
     0.41259     -0.46152
     1.09202     -0.21146
     0.49482     -0.69605
     3.04443     -2.56942
     0.03550     -0.66955
     1.13529     -0.60253
     0.31862      0.05019
     1.49865     -1.42299
     3.48368     -2.06276
     0.77872     -0.60365
     2.93934     -2.23662
     4.12682     -2.71667
     0.13541     -0.10918
     3.99423     -2.39369
     1.93458     -1.23954
     3.66280     -2.45214
     2.34109     -1.81742
     0.18113     -0.22310
     1.47307     -1.12330
     3.55200     -2.92333
     2.56197     -1.72270
     1.55503     -0.90021
     3.16547     -2.39690
     2.05304     -1.58058
     3.15965     -1.96431
     0.20731     -0.05410
     1.15833     -1.04675
     3.53600     -2.83879
     0.36582     -0.60177
     3.83219     -2.62738
     1.00119     -0.94105
     2.46041     -1.48657
     1.56637     -0.78477
     1.68316     -1.26402
     2.92081     -1.80819
     2.12830     -1.82631
     0.69867     -0.27811
     3.62025     -2.65150
     1.33019     -1.15518
     0.98637     -0.62978
     1.00242     -0.29662
     4.13359     -2.89875
     1.93911     -1.60239
     2.01072     -1.96670
     2.69021     -2.23211
     0.77152     -0.49428
     1.66272     -1.11019
     2.34169     -1.43005
     0.65722     -0.29670
     2.87853     -2.12932
     2.80531     -1.81499
     3.06827     -2.04419
     2.50641     -1.89007
    -2.34566      4.39442
    -1.39120      4.30749
     0.17656      3.44026
    -0.71241      3.86921
    -0.64896      3.84424
     0.52164      3.68885
    -1.16439      4.11361
    -1.23762      4.35188
    -0.28034      3.88611
     0.04678      3.71847
    -2.13135      4.18528
    -1.21458      4.09928
    -1.93470      4.22271
    -2.30111      4.68342
    -0.11740      3.70348
    -0.55000      3.89145
     0.29449      3.80744
     0.23272      3.61092
    -1.88925      4.14550
    -1.18270      4.08310
    -1.05160      3.61708
    -2.12016      4.34769
     0.86867      3.62398
     0.39033      3.30303
    -0.27930      3.27583
    -1.69634      4.12743
    -0.67607      4.06259
    -0.09583      3.51607
    -1.17545      4.25780
    -2.09065      4.02151
    -1.71864      4.30097
    -2.20346      4.54053
     0.76712      3.44572
    -0.58724      3.75316
    -1.55465      4.12495
    -0.14069      3.91386
     0.39291      3.84586
    -1.40235      4.06941
    -0.93893      4.20109
    -0.19235      3.71155
    -1.17493      3.95659
    -0.53682      3.66237
     0.48644      3.67813
    -0.31621      3.75206
     0.94073      3.72140
     0.67529      3.42403
    -1.75518      3.80868
     0.68129      3.85350
     0.78299      3.26928
    -2.16290      4.89605
    -0.30635      3.79769
    -0.04189      4.12192
    -1.41035      4.28533
    -1.72871      4.11745
     0.86165      3.33727
     0.84207      3.88586
    -2.32996      4.67267
     0.40698      3.75525
    -1.53504      4.36038
    -0.61512      4.11661
    -1.52202      4.02834
    -2.06306      4.57361
     0.78146      3.66724
    -0.73030      4.37576
    -0.90430      4.21706
    -0.75483      3.83610
     0.85632      3.41381
    -1.60315      4.28421
    -0.56157      3.68159
     0.10327      3.65365
    -0.84189      4.07160
    -1.91014      4.47565
    -1.54918      4.19711
     0.56021      3.77945
     0.11216      3.82490
    -0.86513      3.90468
    -1.24207      4.07973
    -0.18699      3.71784
    -1.88836      4.60118
     0.38178      3.53651
    -0.60443      3.77066
     0.63603      3.89435
    -0.00427      3.84193
     0.68661      3.55752
    -1.32065      3.82677
     0.41045      3.42834
    -0.82816      4.35816
    -2.27314      4.28783
    -1.41833      4.17592
    -0.10627      3.76750
    -1.88743      4.34658
    -2.17239      4.10670
     0.46829      3.25795
    -2.27268      4.10212
    -1.08746      3.73932
     0.33720      4.00199
    -0.09686      4.07991
    -1.30123      4.08094
    -2.30561      4.17077
    -0.24887      4.21630
     3.27339      3.26478
     2.75227      3.19911
     2.86444      2.92319
     3.10408      2.98276
     0.98782      3.40908
     1.22889      3.31078
     2.23091      3.51755
     3.99057      2.58618
     3.67973      2.91943
     3.09290      2.85602
     3.26999      2.53262
     2.39864      2.96552
     1.19156      3.56400
     1.71741      3.25828
     2.75449      3.27968
     1.50270      3.43161
     1.85943      3.21326
     4.31266      2.30178
     3.93269      2.78670
     2.24734      3.11600
     1.96821      3.11739
     4.00593      2.26572
     1.52767      3.34888
     2.47135      3.00021
     4.10310      2.88781
     3.74775      2.39745
     1.17982      3.66846
     2.31430      3.40765
     4.10760      2.82847
     1.80521      3.30899
     2.55523      3.21135
     2.96187      2.90652
     3.32772      3.07162
     2.66461      2.84276
     4.34442      2.75299
     3.69567      3.01354
     3.42144      2.78642
     1.92860      3.02256
     4.30168      2.64640
     2.05873      3.31805
     1.10936      3.10785
     1.46185      3.45308
     3.56575      2.90797
     3.83305      2.64675
     3.66691      2.88456
     3.29621      2.73660
     2.68019      2.86060
     1.62157      3.25200
     1.48549      3.28016
     2.44426      3.15808
     3.56776      2.43689
     1.61774      3.19730
     3.48805      2.63048
     1.32186      3.55535
     1.92522      3.38123
     3.75598      2.43554
     1.55054      3.63457
     1.25490      3.64897
     2.77609      3.15765
     3.18857      3.09790
     3.46024      2.72314
     2.36023      3.08216
     3.02910      3.24395
     2.89880      2.64770
     2.57409      2.99952
     2.85541      2.84579
     4.31237      2.74730
     4.28561      2.69212
     2.31035      2.94293
     1.65100      3.35500
     4.35656      2.57330
     3.35954      2.98793
     3.67747      2.83918
     1.52510      3.32419
     2.30226      3.33085
     2.41687      3.16909
     2.78209      3.03234
     4.08259      2.93766
     3.94518      2.86748
     1.93849      3.07178
     2.76362      3.27466
     2.71945      3.06717
     2.11467      3.53611
     2.93931      2.82933
     2.41254      3.12078
     3.94452      2.52987
     1.25729      3.47754
     1.92521      3.14840
     4.12466      2.90201
     1.00839      3.22633
     1.35549      3.82549
     3.17071      2.88144
     1.95404      3.33797
     1.67159      3.23115
     3.43125      3.03600
     4.17715      2.23817
     3.79055      2.69041
     2.45275      3.37825
     3.52680      2.57536
     1.44580      3.30362
     1.51000      5.19238
     0.88067      5.11864
     1.87719      5.11289
    -0.91907      5.31529
     2.62767      4.62733
     2.08898      4.54676
     2.91796      4.59924
    -0.16796      5.46523
     1.14623      4.79692
    -1.62870      6.08786
    -1.21864      5.86729
     2.63448      4.67320
     2.05188      4.68835
    -0.59374      5.54845
    -0.34472      5.10990
     0.09994      5.37240
    -0.00304      5.41623
    -0.16522      5.20547
     0.80997      5.60499
    -0.78652      5.59571
    -1.85520      5.83971
    -1.48027      5.64022
    -0.13132      5.27400
     0.45219      5.34164
     0.65877      5.36605
     2.22044      4.55246
     2.83498      4.36758
     2.31521      4.69880
     1.18876      4.57856
    -1.47344      5.69019
     1.76351      5.01849
    -1.16319      5.46867
     1.89335      4.62240
     1.82503      5.02622
    -1.54081      5.91786
     0.12335      5.03875
     0.32655      5.33717
    -1.24577      5.81568
     2.39391      4.39642
     1.29093      4.95373
    -1.03531      6.02865
    -1.12327      5.92751
     0.96718      5.34290
     0.90723      5.10553
     1.78031      4.63155
    -0.48114      5.52093
     2.60451      4.39539
     0.28984      4.95682
    -0.60809      5.56093
     1.09325      5.13862
     2.69131      4.49529
    -0.43603      5.68627
     1.99847      4.84011
    -0.27123      5.41071
    -0.30585      5.46407
    -1.78924      5.96958
     1.48196      5.19884
    -1.11604      5.87411
    -1.66796      5.40715
    -0.92748      5.41662
    -1.66569      5.91384
     2.41491      4.63923
     1.80827      4.74323
    -1.27877      5.52887
    -1.38495      5.43414
    -1.03991      5.60918
     0.83734      4.98378
     2.68282      4.24493
    -0.01104      5.42085
    -0.37812      5.33025
     1.26248      5.08759
    -1.05147      5.63803
    -1.76199      5.56930
     0.30718      5.34997
     2.15737      4.60254
    -0.07334      5.21604
     2.51527      4.99159
     0.68838      5.14440
    -0.24626      5.66571
     1.31147      4.87000
     1.00295      4.74195
    -0.57450      5.73922
    -1.55687      5.98525
     1.24840      5.27697
     1.64566      4.60325
     2.83088      4.23017
     0.55103      5.00767
     0.93794      5.16867
     2.61059      4.68107
     2.76438      4.43601
     0.23092      5.00407
     1.90215      4.64980
     1.53250      4.35581
     0.69112      4.89743
     0.08638      5.17550
     0.14342      4.89554
    -0.58702      5.38223
     0.47357      5.14499
     2.01368      4.49744
     2.18969      4.98334
     5.99979      3.43620
     5.02873      3.84125
     4.69484      3.59121
     3.46649      4.32920
     6.04991      3.92224
     7.09685      3.38210
     4.91093      3.79847
     4.33860      4.46957
     3.68050      4.24587
     5.73473      3.37596
     7.96761      2.99194
     6.83334      3.68356
     3.58193      4.57360
     3.33811      4.33609
     7.46089      3.51177
     3.72937      4.63573
     5.75579      3.95308
     5.29984      3.81532
     4.36725      4.21252
     6.45599      3.63489
     7.33265      3.51640
     4.61436      4.13661
     6.88456      3.11605
     5.82638      3.75821
     7.73566      3.37455
     7.16901      3.22537
     4.78764      4.50851
     4.32507      3.93104
     4.08539      4.55694
     6.61723      3.42996
     6.47454      3.82600
     3.20302      4.29254
     7.65165      3.40807
     7.22918      3.23039
     3.36606      4.37490
     6.31408      3.62660
     5.63031      3.90529
     6.91445      3.69617
     6.70169      3.65479
     4.03274      4.28405
     4.82031      4.04232
     5.40013      3.36208
     5.32679      3.69267
     5.41423      3.60361
     7.64833      3.04392
     3.50108      3.89819
     4.43035      3.99793
     6.26974      3.77967
     5.07970      3.97707
     3.06880      4.66152
     7.34118      3.45432
     4.71780      3.84532
     3.62156      4.66128
     5.11380      4.12175
     5.07822      3.83415
     3.82308      3.97306
     6.39842      3.44954
     6.87610      3.61591
     6.87703      3.28485
     7.27955      3.41833
     7.34307      3.30514
     3.68961      4.03303
     6.56786      3.14309
     5.79251      3.58211
     6.58627      3.25119
     4.09575      4.47663
     5.96747      3.50632
     2.99110      4.05513
     4.89704      3.91510
     7.64840      3.38247
     3.94571      4.52516
     3.38925      4.30152
     5.50046      3.59811
     7.60316      3.31877
     6.24866      3.56484
     4.51684      4.05469
     4.82196      4.18386
     6.64493      3.82799
     5.54110      3.68021
     4.35784      4.07852
     7.53710      2.95672
     5.97957      3.77178
     5.57265      4.03224
     4.52960      3.88651
     6.16478      3.62304
     7.30920      2.93366
     3.13832      4.42968
     3.25522      4.55752
     6.86645      3.58754
     7.50316      3.03421
     6.12095      3.60472
     5.17803      4.00487
     4.20778      4.21377
     5.26117      3.64804
     6.74608      3.35082
     4.30568      4.27491
     4.80049      3.95678
     4.38793      4.34580
     5.72340      3.71951
     3.65052      4.22611
     3.44465     -1.14987
     3.22371     -0.68244
     2.93966     -0.51046
     3.51690     -1.08677
     3.42447     -1.05871
     3.63805     -1.20207
     2.87610     -0.82441
     3.17628     -0.76919
     3.86216     -1.41952
     3.68742     -1.55663
     3.83154     -1.57824
     3.07289     -0.55001
     3.54547     -1.13920
     3.95113     -0.99677
     3.85871     -1.29396
     3.03634     -1.03264
     3.25311     -1.00992
     3.69250     -1.26122
     3.14730     -1.31016
     3.05107     -0.69707
     3.18074     -1.03050
     3.03707     -0.71954
     2.72412     -0.73629
     3.30044     -0.82197
     3.52431     -1.36135
     3.67041     -1.13293
     3.28708     -0.67907
     3.94976     -1.29166
     3.43094     -1.18948
     2.76259     -0.73550
     3.64501     -1.36780
     3.01146     -0.62122
     3.11934     -1.41041
     4.04554     -1.26644
     2.61358     -0.88044
     3.69524     -1.08361
     2.76255     -1.16367
     3.78460     -0.95718
     2.97044     -1.11685
     3.44043     -0.96840
     3.11277     -0.27407
     3.31254     -0.96426
     3.31039     -0.89971
     3.33759     -1.17941
     3.90498     -1.13463
     2.99901     -0.87681
     3.81064     -1.71735
     2.96821     -1.00898
     3.47974     -1.45039
     3.66810     -1.18069
     4.25172     -1.53851
     4.27656     -1.81964
     4.51524     -1.78050
     4.30489     -1.72932
     4.68689     -2.50411
     5.34003     -2.20350
     4.49035     -1.91810
     4.20331     -1.46868
     5.18526     -2.36200
     4.87165     -2.21838
     4.08339     -1.70035
     4.30647     -2.00475
     4.34227     -2.11474
     4.59365     -1.93996
     4.86133     -2.55408
     4.76571     -1.75793
     4.95775     -2.35931
     4.86803     -1.86394
     4.74415     -2.26682
     4.22354     -1.66032
     4.45547     -1.42087
     5.28202     -2.32210
     4.70772     -1.60793
     5.20604     -2.20689
     4.69843     -2.43332
     4.83756     -1.97501
     4.76691     -2.33054
     4.18763     -1.89740
     4.66045     -1.97200
     3.90876     -1.69286
     4.40268     -2.27588
     5.05398     -2.18834
     5.26467     -2.15011
     4.88788     -1.92509
     4.16588     -1.60743
     4.55300     -1.77863
     3.91895     -1.67988
     4.60095     -1.37116
     4.40146     -1.97624
     4.26794     -1.72289
     4.66436     -1.73819
     5.01936     -2.23319
     5.30117     -2.09802
     4.55826     -1.94884
     4.69088     -2.38544
     4.09375     -1.66685
     5.22619     -2.41684
     4.02587     -1.97194
     5.09704     -2.03019
     4.68265     -2.07532
     8.15739     -0.18120
     7.16025     -0.69650
     8.08941     -0.56377
     7.69720     -0.81152
     7.44037     -0.16454
     7.20276     -1.00680
     7.55796     -0.33354
     7.89203     -0.06945
     7.33928     -0.88122
     7.98397     -0.08287
     7.27580     -0.90394
     7.60917      0.11104
     7.35606     -0.83610
     7.93545     -0.02565
     7.25057     -0.41611
     7.57459     -0.36203
     7.79237     -0.37629
     6.94112     -0.67792
     7.45118     -0.65965
     7.24419     -0.39215
     7.81453      0.14470
     7.31198     -1.03557
     7.67636      0.00311
     7.28102     -0.50338
     7.56841     -0.44441
     7.57945     -0.05086
     7.25500     -0.88881
     7.73582     -0.28348
     7.53711     -0.61853
     7.62553     -0.44044
     7.15324     -0.84510
     7.48206     -0.36449
     7.06285     -0.87825
     7.85274      0.01075
     8.03235      0.15239
     7.35569     -0.35937
     7.42859     -0.51867
     8.15255      0.02224
     7.64504     -0.13318
     7.09060     -1.01665
     7.83897     -0.20211
     7.81394     -0.45204
     7.14858     -0.77444
     8.00354     -0.25932
     7.11402      0.10294
     7.42879     -1.05558
     7.09171     -0.72801
     7.50507     -0.81954
     7.76684      0.04247
     7.21131     -0.62031
     6.92487     -1.13520
     6.18052     -1.80003
     6.08302     -2.06492
     6.72489     -1.13109
     6.32287     -1.68997
     6.52946     -1.79750
     7.12821     -1.50452
     6.62352     -1.30247
     6.79545     -1.44173
     6.24286     -1.53194
     6.51240     -1.54173
     6.45687     -1.44581
     6.26793     -2.15973
     6.78253     -1.41454
     6.19972     -1.73797
     6.73664     -1.53476
     5.78734     -1.92129
     6.27259     -1.59192
     6.72084     -1.35121
     6.31659     -2.09502
     6.06189     -1.77795
     6.84822     -1.03409
     6.07098     -1.66703
     6.87143     -1.46211
     5.84238     -1.91827
     6.47985     -1.56642
     5.97648     -1.74209
     6.71342     -0.86553
     6.75444     -1.28282
     6.36638     -1.71056
     6.15840     -1.75045
     6.00294     -1.76411
     6.91074     -1.50712
     6.39549     -1.45262
     6.87781     -1.17208
     7.03634     -1.57461
     6.49510     -1.39076
     6.87007     -1.16723
     6.78190     -1.52331
     6.08859     -1.61385
     5.96306     -1.93534
     6.08605     -2.00242
     7.03256     -1.20657
     6.11170     -1.66930
     6.48487     -1.67362
     6.38052     -1.60124
     6.22898     -2.16418
     6.31240     -1.57630
     6.18835     -1.24116
     6.88893     -1.55143
     5.72842      2.11876
     6.13212      1.31058
     6.49581      1.87379
     6.20226      2.08750
     5.48519      1.75048
     6.17080      1.32501
     6.12047      1.66615
     6.12087      1.74476
     6.21921      1.54046
     5.95406      2.20246
     5.92259      1.60500
     6.17176      1.30760
     6.18893      1.82402
     6.23184      2.08729
     5.95073      0.94276
     5.73718      2.19793
     6.42592      1.57696
     6.07639      1.50569
     5.69697      1.90280
     5.94261      2.01012
     6.13887      2.11026
     6.04523      2.03761
     6.29770      1.86370
     6.00272      2.26716
     5.92960      1.81355
     6.12004      1.60532
     6.57681      1.70362
     6.18717      1.55012
     6.07862      2.05893
     6.29671      1.84533
     6.53883      1.56203
     6.30620      1.95031
     6.02656      2.21980
     6.19296      1.98199
     5.89835      1.87494
     6.42676      1.76604
     6.19024      1.50548
     5.68657      2.07100
     6.16350      1.95229
     5.93488      2.19528
     6.41888      1.69763
     6.24170      1.58356
     5.98434      1.91839
     6.13195      1.88154
     5.79928      2.03846
     5.90495      1.95586
     6.16804      2.08868
     6.30153      1.90025
     5.67937      2.05292
     5.92338      2.02284
     6.94764      1.50084
     7.17594      0.98967
     7.01212      1.38929
     6.82820      1.29531
     6.87321      1.05948
     7.16667      1.31354
     6.80548      0.94519
     6.42176      1.26024
     6.62422      1.37793
     6.58573      1.58872
     7.19930      1.01795
     6.99364      1.32858
     7.06641      0.83790
     7.15679      1.09919
     6.53195      1.32385
     7.02174      1.52121
     6.55954      1.16423
     7.13921      0.79927
     7.22735      0.93396
     6.60230      1.40504
     6.68160      1.31796
     6.88022      0.98014
     6.83645      0.76441
     7.18028      0.82589
     7.02759      1.40425
     6.76219      1.64400
     7.23975      0.96230
     7.12601      1.03855
     6.82147      1.15638
     6.96122      1.05992
     6.75580      1.41343
     6.68588      0.90360
     7.12584      0.86972
     6.89580      0.99868
     7.19589      0.85307
     7.37572      0.94738
     6.72116      1.28026
     6.88569      1.28207
     6.77870      1.06339
     7.11649      1.16922
     6.48636      1.07050
     6.51586      1.22768
     7.26264      1.27154
     6.69534      1.63470
     6.99965      1.58717
     6.80603      1.71911
     7.06715      1.17664
     6.86013      1.34322
     7.03186      0.73065
     6.43868      1.23842
     4.50065      1.57408
     4.11814      1.52439
     4.90159      1.70522
     4.53064      1.56793
     4.97013      2.10253
     5.18449      1.71647
     4.50957      1.85039
     5.19024      1.75399
     4.36332      1.46879
     4.42159      1.95358
     4.62301      1.52669
     5.22027      1.98005
     3.95182      1.70271
     4.64442      1.98095
     4.18333      1.99207
     4.90483      2.03216
     4.07924      1.92460
     5.24666      2.01305
     4.75660      1.66270
     5.21463      2.00309
     4.79626      1.74400
     5.41289      1.81314
     4.25628      1.62804
     4.90059      2.12403
     4.32753      1.81535
     5.10356      2.18551
     4.72135      2.01841
     4.96070      2.02987
     4.48938      2.06569
     4.21860      1.73189
     4.99503      2.07021
     4.50707      2.01744
     5.09971      2.21580
     4.23156      1.38618
     4.41647      1.75194
     5.10197      2.41904
     4.20836      1.99364
     4.66061      1.51739
     5.26186      1.90527
     4.95689      1.76468
     4.14073      1.59528
     4.84713      2.34583
     4.20654      1.82475
     4.49602      1.62479
     4.28253      1.35337
     5.41743      1.93894
     4.72396      2.15070
     4.14672      1.69742
     4.62669      1.87799
     5.21147      1.73956
     3.74970      1.45538
     2.97843      1.50060
     2.79016      0.87026
     3.35055      1.69988
     3.43359      1.30819
     2.80444      1.00002
     2.59554      1.00106
     3.96270      1.51293
     3.62077      1.65257
     2.79728      0.97902
     3.25702      1.33284
     3.53824      1.27458
     2.88555      0.62003
     3.84384      1.47011
     3.29155      1.32907
     3.53821      1.26179
     3.73058      1.68815
     3.36127      1.06444
     2.96074      1.23881
     3.02951      0.87722
     3.82632      1.23015
     3.09372      1.19728
     3.00952      0.76627
     3.00216      1.31544
     3.05096      1.18794
     3.52839      1.01034
     3.74191      1.35866
     2.53461      0.86867
     4.03310      1.32005
     2.94662      0.80428
     3.58007      1.39466
     3.82527      1.28533
     2.94519      0.90530
     3.24987      1.28765
     3.28505      1.14122
     3.15383      0.87868
     3.56998      0.82965
     2.95930      1.17250
     3.76401      1.55370
     2.68723      0.73228
     3.61680      1.21116
     3.62879      1.38533
     2.78411      0.86129
     3.57472      1.11594
     3.69226      1.68049
     3.25097      0.93800
     2.91482      0.93846
     2.94792      1.23934
     2.98131      1.03707
     3.29115      1.26992
