    -1.97156      3.19976
    -2.20865      2.26573
    -2.44176      3.68813
    -0.24869      0.19469
    -1.14176      1.90509
    -2.77571      3.35333
    -0.55697      0.62389
    -0.21407      0.95264
    -1.07385      1.11052
    -2.40939      3.91922
    -1.98798      2.56381
    -0.53422      0.63733
    -2.60661      3.54566
    -0.82820      1.07702
    -2.05765      2.91867
    -1.59848      1.94886
    -0.67135      1.18783
    -2.86057      3.99584
    -0.06965     -0.00162
    -2.35773      3.47196
    -0.91119      2.00023
    -1.65387      2.61319
    -0.60879      0.88618
    -1.26375      1.34095
    -2.29550      3.95080
    -1.02052      1.23917
    -1.91920      2.83532
    -1.29882      1.84926
    -1.95706      3.10976
    -1.21614      1.54107
    -2.24066      3.13673
    -1.36149      1.52052
    -1.76029      1.85342
    -2.28860      3.10588
    -0.44703      0.97453
    -1.71715      2.48424
    -1.50861      2.05965
    -0.02709      0.33920
    -1.96784      3.04433
    -0.80463      1.50819
    -1.77008      2.88599
    -3.12416      3.85289
    -2.73565      4.12275
    -0.52781      0.01567
    -1.84067      2.30910
    -0.45026      0.43143
    -2.26204      3.14906
    -1.16979      1.00358
    -0.48463      0.22152
    -0.44563      0.65263
    -2.19577      2.79380
    -2.56661      3.52535
    -0.77052      1.05983
    -2.25255      3.02434
    -0.78771      1.06766
    -1.29895      2.21078
    -1.04004      1.89788
    -0.04429      0.34575
    -2.26335      2.56159
    -1.78971      2.64782
    -2.47618      3.75944
    -1.56283      2.61160
    -1.35625      1.98026
    -2.57089      3.84646
    -2.92116      3.82777
    -0.40047      1.07350
    -1.38822      1.93479
    -0.86822      1.53943
    -1.54132      2.18802
    -2.32499      3.14154
    -1.10779      2.13563
    -0.53692      0.08718
    -0.06043      0.22331
    -1.88819      2.56238
    -1.94827      2.49213
    -0.48939      0.81794
    -0.79497      1.01571
    -2.06617      2.96965
    -0.88561      1.37030
    -0.27981      0.76444
    -0.44368     -0.03472
    -1.69367      2.98763
    -2.83034      3.24070
    -1.03694      1.56490
    -0.34017      0.53236
    -1.02792      0.90799
    -0.89630      1.67398
    -2.47586      3.63825
     0.22485      0.05920
    -2.58078      3.33562
    -0.94129      1.75128
    -2.86841      4.19614
    -2.64080      4.34184
    -0.53542      0.75408
    -0.51166      0.58776
    -2.56235      3.51465
    -1.28012      1.88510
    -1.87581      2.13958
    -1.79946      2.36699
    -2.67299      3.11277
     3.10109     -3.82484
     0.17463     -0.51118
     0.53515     -0.24994
     1.16705     -1.56918
     1.97704     -2.30837
     2.33014     -3.15067
     2.49073     -3.42253
     0.43742     -1.19532
     0.38297     -0.06631
     0.89327     -0.49152
     1.39634     -1.95124
     2.50856     -4.29522
     2.25636     -3.06987
     0.03667     -0.23335
     1.80232     -1.95270
     0.42130     -0.72625
     1.21115     -1.90073
     2.11761     -2.38414
     1.94622     -3.09262
     1.95040     -2.98569
     2.31484     -3.47263
     1.13124     -1.74241
     1.61395     -3.12845
     0.55694     -1.30214
     2.15744     -3.47829
     0.54818     -0.82567
     0.83379     -1.52008
     2.69611     -4.06635
     0.91279     -1.27701
     2.54133     -3.48680
     2.92255     -3.59708
     0.27118     -0.48680
     0.99709     -1.32417
     2.44319     -3.77643
     2.36006     -2.59271
     1.27492     -2.18105
     1.66483     -2.09124
     1.23234     -2.19472
     0.70955     -1.06952
     1.74861     -2.35248
     1.04389     -1.38346
     0.78849     -1.14388
     2.20824     -3.12812
     1.12486     -1.52910
    -0.02296     -0.23827
     1.81083     -2.33414
     2.47154     -3.68082
     2.51384     -4.09293
     0.59069     -0.56207
     1.70401     -2.23449
     1.70015     -2.23141
     1.06312     -1.91419
     0.45274     -0.43620
     1.76438     -2.62544
     0.72937     -1.14160
     0.62969     -0.25997
     1.74007     -2.63055
     2.86710     -4.15633
     2.31875     -2.62454
     0.76053     -0.95238
     2.91068     -3.75925
     0.02977     -0.36814
     0.12140     -0.21312
     2.50723     -3.28417
     2.15999     -3.06672
     3.02592     -3.89995
     2.14493     -3.20716
     1.00392     -1.52935
     1.84312     -3.80167
     1.13619     -1.45193
     0.94221     -1.19120
     1.58615     -2.07502
     2.15768     -3.57007
     0.15083     -0.34483
     2.50641     -3.36316
     0.55418     -0.87531
     1.64760     -2.90663
     1.58541     -2.30540
     1.45057     -1.67969
     1.59521     -2.03303
     1.27454     -2.26351
     1.94203     -2.71487
     1.36821     -2.55624
     1.36792     -2.10295
     0.89978     -0.20872
     0.13333      0.03652
     0.57856     -1.06758
     0.69477     -0.65387
     2.90296     -3.85582
     1.09530     -1.40476
     2.83791     -3.76897
     1.93076     -3.15484
     2.53393     -3.73162
     1.26646     -1.55239
     1.40343     -1.63706
     2.42569     -3.12498
     0.27462     -0.57502
     1.13150     -1.74528
     2.15100     -3.00781
     0.77062     -0.82355
