    20.67843      4.32202
    26.01737     20.48328
    25.03855     20.55553
    21.54619     23.69959
    20.62915      4.23551
    21.45589     16.93891
    21.15229     17.04061
    21.52308     17.34158
    24.95472     18.86825
    15.45832     22.84426
    18.54195     30.22808
    18.96121     30.05155
    20.56606      5.25650
    19.67372     29.62330
    19.71697     30.37606
    19.70648     30.51766
    19.69903     30.48055
    12.50422      4.59554
    19.46390     15.11289
    20.16050     21.54992
    20.54916     21.80590
    20.17612     21.72050
    17.77730     12.15412
    12.50558      4.42795
    12.60753      4.41258
    12.54601      4.72085
    20.63518      5.77182
     4.36286     12.80556
     4.13664     12.76433
     3.80089     12.92768
    20.71185      4.65207
    20.75783      4.46498
    20.61939      4.68121
    16.20019     10.18555
    16.23755     10.37211
    15.86393     10.26703
    19.62883     26.66331
    19.71298     25.51815
    19.72583     26.02696
    12.46960      4.07780
    19.53489     14.36742
    23.59307     13.65883
    20.61684      4.48253
    15.82168     22.57329
    15.83765     22.58327
    15.99393     22.53226
    15.99076     22.88260
    21.43900     17.45021
    18.66912     11.88493
    18.97798     27.67892
    10.63046      7.32111
     9.98824      7.54211
    10.03879      7.60332
    10.14970      7.64201
    20.49781      5.61193
    20.63808      5.66934
    14.47109     12.54331
    14.57878     13.16817
    14.35506     12.77892
    14.43885     12.87426
    18.73395     29.25614
    20.28829     25.87918
    20.01042     25.80566
    20.25606     25.84097
    22.63257     14.21649
    22.81042     14.33131
    22.59631     14.33064
    22.60610     14.35749
    12.52413      5.01124
    12.73061      4.90445
    12.77672      5.01375
    22.09884     23.87685
    14.00809     13.82448
    16.28027     10.15700
    16.38849     10.12793
    17.16021     13.35172
    20.59444      6.19836
    20.63103      5.50195
    20.75086      5.43005
    10.31556      9.50288
    22.14143     22.05314
    17.83023     15.32996
    19.01720     15.44317
    22.36518     12.15515
    12.62547      4.27455
    18.32790     14.20908
    19.06686     14.38626
    19.79484     25.22730
    18.63543     11.45853
    20.20546     14.02541
    17.12884     16.41521
    18.10840     16.29969
    12.65450      4.13458
    23.47089     14.74913
    23.57338     14.82892
    23.21906     15.09268
    25.32111     18.27681
    22.71417     14.60459
    20.73916      5.35439
    20.95455      5.54376
    17.54802     16.53777
    18.17590     16.66871
    16.10997     21.71416
    24.84276     17.52560
    24.77571     17.54397
    24.66538     18.07060
    26.01116     28.00445
    26.11685     27.68390
    18.48035     20.17318
     3.58308     12.37192
    15.19591      4.97514
    15.06935      5.19663
    15.13305      4.69754
    18.96679      5.94968
    18.52978      5.96933
    18.75918      6.02502
    19.00695      6.77972
    19.35665     16.04146
     4.06450     12.55226
    18.67219     29.67976
    20.87132      5.06565
     5.49879     14.61727
    19.40661     16.09165
    12.26853     12.25626
    12.41786     12.09686
    22.09121     22.36837
    19.99875     15.86540
    19.83311     13.83311
    19.77326     14.02694
    19.65733     13.62758
    24.80070     18.97543
    25.05583     18.63872
    24.87735     18.87137
    20.25442      6.45279
     4.69434     18.96649
    12.30005      4.06268
    20.63860     14.28549
    20.60851     14.32239
     0.28199     10.57876
    17.20154     20.03196
    18.35157     15.69107
     6.99237     16.99089
     6.47130     17.44363
     6.62886     17.03480
    16.10403      8.39035
    15.99083      8.23943
    17.48922      9.48529
    18.84666     11.91332
    18.59462     11.50489
    18.71563     11.20187
    15.71292      9.51159
    24.77392     17.77526
     5.63634      7.69199
    24.79055     18.32130
    24.97249     16.93717
    17.86435     17.22731
    16.39560     22.70216
    16.62785     22.98658
    16.21728     22.59890
     2.71279     11.09970
     2.83934     11.10176
     1.41957     14.20616
     1.25576     14.05905
     1.19052     14.45449
    25.56261     28.61466
    21.21391      5.89230
    18.44431     11.54961
     6.71957      6.34732
     3.64372     11.26428
    20.12894      5.32194
    21.78001     20.23356
    22.06248     19.73391
    21.79889     19.81668
    18.14225     16.11100
    18.41863     16.29739
    22.15131     22.02961
    22.41382     20.19508
    22.39472     20.26777
    22.17516     19.26620
    22.07456     13.37347
    22.10394     12.97466
    22.34486     13.24917
    17.79560     11.44126
    24.63440     17.46098
    24.26197     17.30786
    24.40902     17.25037
    21.88092     20.43451
    20.20483     17.11637
    17.73252      3.06738
    19.61939     12.35691
     6.66265      6.18245
    13.26423      4.03872
     5.58516      6.71168
    19.53063     17.19454
    19.60805     17.06975
    17.61988     23.17414
    18.27477     19.99115
     4.76492     17.66805
     4.80223     17.84642
    23.50398     21.87510
    23.68254     21.37274
    23.75367     21.63605
    23.71937     21.44243
     9.55086     10.23470
     9.75478     10.61969
    23.86395     19.81346
     7.67931     17.21945
     7.34937     16.82724
    12.05678      8.98501
    17.38937     12.98982
    23.68830     20.23728
     3.41166     11.84219
     3.74539     12.17149
    20.37912      3.76589
    20.97060      3.51416
    17.88544     20.48740
    17.95006     20.38983
    21.26423      9.72559
    11.76531     12.01177
    23.52854     20.08412
    23.66062     20.63583
    17.44873     23.66975
    17.74980     23.42359
    23.61784     17.61312
     4.98878     18.52641
     7.45111      5.01536
     7.04677      4.91148
    15.92090     13.31364
    17.31326     19.75726
    12.45099     12.47330
    12.19931     12.43188
    12.18325     12.21048
    18.09417     21.09487
    17.96312     16.01331
    19.39527     12.09718
    19.66677     11.98111
     4.03446     12.65450
    23.61625     17.95685
    13.14442     12.85139
     0.99925      9.98699
     0.01688     10.18353
     7.39375     20.24105
    21.57395     16.78350
    21.59594     16.71202
    19.74728     22.54521
     7.57503      5.39578
    18.67592     30.27195
    18.81739     30.19781
     3.17500     11.97205
    22.22795     16.34313
    18.66441     28.99612
    18.43285     28.75910
     9.92772      9.13756
     6.02690     18.77474
    15.44816      9.82730
     7.56478      6.17028
    22.13004     15.11931
    21.69205     14.85740
    20.16909     29.22795
    14.09352     17.22770
    13.25169      9.08836
    24.91645     18.42860
     7.30511      5.34416
     7.48442     12.02901
    20.97092      8.11819
    20.03904     14.57377
     5.37470     18.42255
     5.82145     18.34327
     9.98851      8.82526
    10.21358      9.26673
     1.76707     13.63328
     1.52427     13.50866
    21.47769     15.34539
    20.03286     23.24552
     4.42458     13.63077
     5.11343     13.73058
     4.81875     14.14403
     4.27978     13.98879
    17.87591     15.77405
    21.19783     12.22246
     2.22253     13.19376
    19.87941     25.86850
    20.20294     24.94862
     1.96884     11.08849
     7.30849     24.57956
    18.75405     24.26325
     3.82888     11.76541
    19.98079     14.04644
    17.84278     16.41239
    24.37786     17.64321
    24.66702     17.37383
    21.06380     22.36314
    15.66081     10.48229
    14.99930     11.26676
    24.97779     18.09923
     5.15450     18.22634
     4.86302      6.42487
    22.76948     23.84407
    22.48575     24.80269
    22.58962     23.29598
    17.86116     22.69277
    17.39866     22.55017
     9.55036     10.51368
    21.28423     22.01065
    21.38944     21.43841
    21.00978     21.31427
    21.04070     13.42339
     8.07909      3.95476
     7.19720     18.73369
    21.02938     22.63311
    23.42489     19.67026
    23.20072     19.78418
     2.00338      8.35610
     5.36422     14.94833
     5.60052     15.18640
     5.13476     14.88223
    21.60050     22.65999
    25.68866     18.04227
     8.35133      4.65267
     8.24730      4.56063
    24.95208     19.33776
    12.37904      9.58082
    12.80361     10.53950
    12.28849      9.56126
     6.05886      6.45390
     6.92036      6.64982
    24.17601     17.70765
     9.79430      9.76042
    10.01248      9.38959
    21.24541      9.18498
    21.15293      8.34509
    15.99524     21.19708
    20.59698     13.33191
    22.06047     22.58316
    22.14082     22.38491
    18.15086     27.98456
     6.00892     20.60806
    16.36251      7.39950
    22.71501     22.12912
    14.68291     10.47888
    18.05568     23.98035
    24.81952     17.90231
    24.77198     18.05056
    17.38404     16.60088
    16.35543     16.50307
     2.90257     10.12778
     6.39323      6.61434
     6.70268      6.67460
     6.51819      6.08764
    15.51130     18.21448
    15.20815     18.48691
    22.06985     22.13213
     6.65580      5.79536
     6.53184      5.79609
    24.01737     20.68538
     9.92727      9.26023
    15.84241     14.24523
     7.35567     11.11514
    17.30101     23.73233
    23.79638     14.33577
    21.56095     22.46177
    21.59153     22.40097
    18.68404     11.94083
    17.68403     21.42066
    15.98932     13.24863
    16.66139      9.78539
     6.04431     15.93833
     5.54971     15.37484
     5.60518     16.10148
     5.56919     16.23272
    22.05469     21.94147
     1.79857     12.86379
    17.12338     13.76296
    21.63641     17.27352
    18.07180     14.28483
    23.17068     15.94439
    21.15760     21.70898
     7.27669     24.94528
    22.51543     16.18697
    22.38688     15.60690
    22.56641     12.81458
    24.02436     20.08664
    23.88395     19.77992
    24.19016     19.90145
    10.34134      2.90480
    20.53768      6.80150
    12.81048     12.50910
    18.22987     28.78330
     9.23946      9.51492
     4.82014     18.73639
    20.27403     17.43321
    18.15022     23.95646
     4.02010     12.73669
    20.00622     14.50414
    17.40680      9.67867
    19.89393      4.95535
    21.81672     21.62362
    24.29131     20.30310
    18.96430      6.30992
    20.90421      6.07563
     5.70485     14.06028
     5.13177     14.08408
     2.89106      9.46781
    18.95081     30.47697
    21.53889      4.08005
    17.06573      6.81537
    16.45087      6.22567
    17.66528      6.49735
    14.71902     19.40097
    14.81030     19.48271
    23.32914     20.80044
    21.40026     11.78691
    21.75994     23.38238
     1.90001     15.91943
    10.11251     23.06284
    10.07291     22.69175
    10.55989     25.81024
    16.17980     18.60609
     5.13864     14.46203
    19.46603      8.09024
     2.08131      8.16307
     1.29935      7.04961
    20.48178     22.49189
    15.20143     10.31604
     4.18033     11.98753
     5.44995     18.54156
    19.01759     29.70556
    20.47143     16.64762
     8.64342     13.48639
    20.73871     16.45405
    20.64851     16.23965
    19.17578     30.09112
     4.02203     12.12526
     3.89551     12.65509
    26.75978     25.42742
    26.87332     25.67902
    26.19937     26.49564
     4.88232     18.61132
    17.66276     16.66139
    21.82954      3.87761
    22.26042      3.74505
    20.31297     15.29106
    20.56701     15.21668
    17.98769     15.37094
     5.05473      6.83232
     4.96939      5.77087
    21.23497     18.75059
    18.28956      2.35128
    20.73480     24.88885
    21.09583     24.61202
    21.38862     24.52824
    20.37751     29.74636
     7.51787      6.00337
    21.93222     24.58078
    21.74313     22.76092
    21.64851     14.28082
    22.83046     11.27451
    18.01830     15.82145
    19.25829     12.45347
    15.92956      9.36435
    16.08588      8.55442
    15.84099      9.16942
    22.27854     14.70475
    20.91979     15.72214
    20.76032     15.53748
    21.87410     10.87408
    21.75667     11.09943
    18.89702     28.29713
     7.61198      6.06437
    24.07628     19.43493
    23.83109     19.33044
    20.72862     18.23270
    20.85586     18.11640
    19.71397     29.31446
    22.65646     15.26828
     5.45017      7.33756
    21.35964     22.57112
    21.31845     23.19928
     4.88895      6.70695
    21.83375     22.71188
    18.19514     19.48665
    18.68112     20.75358
    18.11651     19.52850
    18.95293     28.81625
     7.59662     11.10303
    11.23378      4.07516
    16.07507     22.76904
    12.80363      5.60311
    13.16404      5.61437
     5.88979     14.82245
     6.10095     14.97253
    21.59023      4.61396
    24.64458     19.13159
    12.64587      6.37561
    20.61339     28.86402
    20.12675     28.67467
     7.44436     21.93653
    21.68868     20.88105
    17.20367     10.07184
    16.56261     11.88891
     8.39188     26.10313
    21.52802     16.20357
    21.68907     21.54353
    21.73814     17.23060
    22.04838     23.33118
    22.16270     25.14918
    15.33422      4.06345
    21.39386     15.41957
    19.11056     22.87394
    20.33638     28.65449
    21.33228     25.39616
     7.42508     11.73822
     7.94988     11.64163
    16.74463     14.27508
     1.80229     11.47703
    19.42267     24.18782
    21.93557     20.79286
    18.87222     13.30495
    21.58728     17.45797
    21.58928     16.88740
    22.56372     22.18593
     5.31883     18.14105
    20.93963     22.28896
    18.59571      8.48483
     5.58515      6.94100
    15.98654     17.90959
    11.77523      6.59592
    11.40705      6.34570
    12.31639      6.62486
    22.82213     21.16373
    21.81920     23.96950
    11.97402      3.42479
     7.07164     20.44528
     7.01679     20.65733
     7.61363     20.85396
    20.67679     20.03711
     7.24658     10.50736
    21.01960     24.64307
    21.32918     24.68836
    18.44553     17.56352
    16.31479     13.46990
    21.34034     21.73098
    14.60143     11.00477
     5.54086     16.58232
    17.13814     13.68243
    14.00489      3.50356
     8.71112      5.24584
     0.89396      9.50072
    20.08380     19.80594
    24.14172     20.42576
     6.96304     23.08213
    25.43499     29.28534
    24.97118     18.94652
    16.07823     12.62034
    19.30136     11.30713
     8.08348      7.28826
    22.17416     16.16940
    19.78818     15.51949
    19.53188     15.49887
    13.15685      5.67184
     7.17098      4.53179
    17.13476     13.33675
    16.97634     13.78116
    16.28761     12.71121
    20.85168     20.04467
    22.37999     15.06211
    23.24298     14.06312
    14.59196     10.92828
    13.34030     16.63860
    20.96750     19.26742
     7.94293     12.03687
     8.23063     12.01221
     3.82214      8.13488
     5.05980      7.44161
    17.78340     14.28590
    16.48325      9.95954
    16.74423     10.20762
     2.79759      9.94592
    16.77228     24.32188
    17.29600     23.48802
    17.13185     23.73861
    18.94124     15.02212
    23.57179     14.33676
     6.79503     23.54857
    20.50709     13.00628
    19.32652     11.69733
    23.67051     21.97571
    24.15807     21.91930
    24.00679     21.74956
    20.29685     16.27353
    20.50906     16.98702
     7.18383     24.90554
    15.23024     21.38227
    15.53115     20.53299
    15.97448     20.53877
     5.23734     19.06911
    16.62845     10.55989
    22.70893     18.46783
    16.47413     13.04325
    20.28192     15.61118
    16.81997      9.19756
     3.31071     12.32222
    -1.18123     15.82268
     5.13082     19.45818
    22.88431     11.48927
     7.48871     23.30472
    17.66513     17.57816
    16.75490     19.39201
    20.93115     24.30638
     4.02373      8.59219
    17.98695     20.28051
    17.92832     19.58777
     7.54970     16.42827
    16.74586     20.50562
    22.52556      6.13875
    21.53869     27.66957
     4.02666     14.22616
    15.62779     10.95620
     5.66479      7.47535
    16.98812     13.55495
    24.52995     19.99747
    24.77710     19.24710
    24.19100     21.30047
    16.00473      8.35525
    20.85233     23.29892
    24.23667     20.25052
    12.09205      5.51088
    12.01207      5.91685
     7.95076     20.89909
     7.82630     21.74466
    19.04266     13.97288
    18.46963     13.88609
    14.61503     13.66751
    20.73588     23.85784
     5.30199     17.31823
    25.86050     28.80565
    19.03725     30.12018
     8.67255     11.95778
     8.66589     11.93097
     8.23968     11.51279
     5.99250     23.66568
    25.95480     20.35113
    13.67130     19.30420
     5.47923     20.22805
    18.20570     10.09708
     7.02864     12.99236
     7.26958     11.51859
    18.00714     17.09157
     8.26180      4.84942
     8.46688      5.15108
     9.11063      5.39347
     8.27096      9.43695
     8.00866     11.84661
     9.72258      8.34262
    10.07024      8.63605
    17.88321     24.70583
    24.36644     21.53910
    22.00728     17.00709
    25.83336     27.89140
    20.16440     17.27394
    15.98517     12.52399
    16.11115     12.14016
     5.45868     12.31121
    10.37579     24.57760
    10.09194     10.01251
    18.52242     22.74879
    22.44117     21.12622
     3.43121      4.43324
    10.26264      4.16043
     5.35783     17.55013
     6.06297     17.08197
    17.88984     22.03314
    17.02859     21.49613
    17.82477     21.72323
     7.35023     22.59204
     7.46890     23.40506
     6.80656     22.62886
    14.71873     15.35120
    19.21661     23.73828
    23.54516     13.90050
    12.39143     11.65931
    25.34521     29.56504
     5.95700     24.40979
     5.95015      8.43608
    19.65259     15.01604
    16.37675      9.82923
     9.17326     24.91303
    10.04569     24.51533
     9.37439     24.09897
    15.85544     17.81638
    15.13691     19.08784
    20.48582     18.26829
    17.06508     10.42948
    18.22864     10.83191
    18.23666     10.33138
    20.63681     15.83845
     5.84021     16.43399
     6.20188      5.23047
    18.33583     19.61113
     6.38200      6.39343
    19.77987     14.47968
    13.61382     10.05598
     8.28251     20.38664
     5.99862     16.58768
    17.43167      8.33214
    20.74712     11.74599
    20.81191     16.44790
    18.64814     29.64597
    19.15566     30.20032
    18.65188     30.92804
     3.23493     11.93312
    16.19996     18.53920
     3.01144      8.50181
    21.93875     15.75180
    17.39547     19.48923
    18.84091     14.85647
    14.02249     15.59380
    15.45288     15.42671
    15.32525     15.34997
    19.70247     30.44139
    17.01434      6.05171
     9.35280     26.83279
     4.26924     14.07610
    18.80827     32.10742
    17.64701     32.65193
    19.48261     19.58684
    18.41343     12.36983
    21.85110     23.48254
    14.92315     10.62271
     3.86798      9.77098
    19.67289     21.75819
    23.14834     12.54170
    16.52863     17.17396
     9.62364     20.14134
    16.64067     19.77929
    21.48575     22.80855
    22.33422     23.22435
    23.14110     17.69584
    17.05916     22.10815
    17.40570     22.42105
    15.82298     12.44195
    21.62441     14.94653
    16.58931     23.11047
    18.95047     18.31149
    18.69722     18.09771
    26.08761     20.33740
    14.71799     13.40873
    19.63075     13.57413
     0.24660     11.08336
     0.22741     11.80840
     1.00956     11.56541
    18.39147     -5.58873
    19.17863     -6.03766
    17.01535     11.59024
    24.36550     19.39522
    17.23165      7.84929
    16.19640      2.46387
    16.09712      1.54563
    15.26423      2.18955
    16.43774      2.54107
    18.76994     27.04691
    15.48206     18.72126
    24.07005     20.03664
     5.04399     13.66418
     4.71273      8.30594
     5.37169      8.87055
     4.26674      8.68587
