    35.98912     21.03136    -15.60151
    57.36681     47.86527    -16.87261
    57.33167     47.87383    -16.86254
    52.04488     47.07875    -11.09444
    35.98834     21.03197    -15.60684
    42.03386     29.40283     -7.69176
    42.02847     29.43131     -7.68163
    42.03732     29.42774     -7.66843
    52.67814     41.33687    -14.09132
    55.91859     64.87257    -22.46018
    53.75017     55.32557     -8.38667
    53.71651     55.26802     -8.35565
    35.97854     21.02758    -15.49642
    55.82149     57.28751     -9.82935
    55.82290     57.28765     -9.80455
    55.82341     57.28892     -9.80099
    55.82443     57.29105     -9.80386
    26.38228     20.75201    -12.60849
    42.62013     34.24213    -11.74729
    48.76133     42.37113    -10.18824
    48.78601     42.37230    -10.18705
    48.76275     42.37446    -10.18305
    40.32706     33.07824    -14.78435
    26.37909     20.75007    -12.61590
    26.38450     20.75097    -12.61901
    26.38674     20.75271    -12.59801
    35.52576     20.09161    -13.81339
    26.84791     38.65212    -12.48116
    26.77125     38.63157    -12.52800
    26.74647     38.62604    -12.52014
    35.99051     21.03312    -15.58326
    35.98989     21.02957    -15.59141
    35.98891     21.03449    -15.58173
    33.29804     25.92940    -10.86284
    33.34408     26.00307    -10.86616
    33.32478     26.02856    -10.86689
    51.48936     49.75580     -9.85759
    51.48888     49.74562     -9.91365
    51.48919     49.74764     -9.89013
    26.37257     20.75103    -12.64064
    43.52825     35.18208    -13.75523
    42.90220     28.56891    -10.48382
    35.99352     21.04215    -15.60669
    55.85971     64.76883    -22.41572
    55.86129     64.77096    -22.41685
    55.84078     64.71493    -22.37816
    55.84086     64.69023    -22.34378
    42.80815     31.29407     -7.99509
    40.08458     32.71660    -14.65779
    51.93965     52.18620     -8.57726
    30.33555     32.13088    -16.13298
    30.32171     32.13854    -16.12627
    30.32224     32.13730    -16.12428
    30.32525     32.13723    -16.12430
    35.52400     20.12002    -13.84840
    35.53120     20.10573    -13.83628
    34.56916     31.02584    -10.54175
    34.57369     31.01827    -10.51413
    34.55489     31.02961    -10.52585
    34.56326     31.02389    -10.52324
    52.24534     52.13834     -7.40544
    55.72697     56.27346    -14.53778
    55.72811     56.28998    -14.55528
    55.72967     56.28046    -14.54819
    42.87798     28.58609    -10.46044
    42.90259     28.58135    -10.40671
    42.88959     28.58478    -10.42208
    42.88383     28.58676    -10.44284
    26.40080     20.75372    -12.57942
    26.40424     20.74955    -12.58576
    26.40803     20.74997    -12.57601
    54.97883     50.33544    -13.44482
    34.53498     31.05422    -10.48866
    33.29967     25.92648    -10.86296
    33.17118     25.69800    -10.84058
    37.60720     31.79478    -11.14295
    35.57200     20.22307    -13.91256
    35.88687     20.88464    -15.16052
    35.80209     20.71508    -14.84887
    33.52775     38.01480    -17.81688
    50.54153     44.15395    -10.87909
    39.21356     32.16590     -8.71117
    39.27054     32.11977     -8.73553
    42.51502     28.51239    -11.61127
    26.37806     20.74697    -12.62507
    40.46131     33.04024    -11.31208
    40.55594     32.55724    -11.58208
    51.48934     49.74090     -9.93019
    40.32127     32.97856    -14.77078
    43.61106     35.18644    -13.80213
    40.51691     33.97863    -10.64344
    40.54037     33.89380    -10.71013
    26.38051     20.75035    -12.63889
    42.94935     28.55160    -10.31663
    42.95695     28.52842    -10.27254
    42.94575     28.54807    -10.26846
    60.87017     54.61911    -24.09211
    42.90846     28.58711    -10.38549
    35.51874     20.04984    -13.82052
    35.52251     20.03995    -13.80483
    39.06746     32.15037     -8.47087
    39.15960     32.15665     -8.54909
    55.85911     64.75010    -22.43659
    49.70867     36.78602    -12.28294
    49.70264     36.77983    -12.27902
    49.66886     36.73583    -12.24438
    59.64448     51.76844    -10.17345
    59.63678     51.72963    -10.18469
    42.61340     37.84083     -7.56668
    26.69234     38.63781    -12.59951
    29.51119     20.15489    -12.96193
    29.49083     20.19135    -12.96215
    29.50840     20.16177    -12.98431
    33.55514     20.39089    -12.54662
    33.54680     20.39662    -12.54781
    33.55328     20.39648    -12.54591
    33.60021     20.43461    -12.49291
    42.65657     34.32440    -11.64859
    26.83633     38.68929    -12.58157
    53.61755     55.16370     -8.29693
    35.51232     19.99833    -13.81998
    31.18855     42.50037    -13.50585
    42.66496     34.33433    -11.62549
    35.43700     36.90040    -14.44560
    35.44202     36.89957    -14.45260
    50.91069     44.68530    -11.04507
    42.68639     34.28246    -11.64587
    42.51752     33.80565    -12.30116
    42.55903     33.95119    -12.11342
    42.51120     33.71508    -12.43135
    52.68285     41.35421    -14.09911
    52.68940     41.34113    -14.11027
    52.73003     41.40857    -14.15826
    35.50318     20.09129    -13.76122
    31.24944     43.70325     -9.59355
    26.36269     20.74868    -12.63695
    43.63665     35.18877    -13.80185
    43.63726     35.19239    -13.80122
    18.66989     31.23090     -8.69123
    43.22720     41.51553     -9.67423
    40.50457     33.74270    -10.81532
    33.54745     45.00311    -13.07862
    33.27200     44.87780    -12.89503
    33.36604     44.95631    -13.03170
    45.27007     46.33851    -26.61893
    45.26967     46.34265    -26.62478
    47.62420     47.50910    -26.54980
    40.33602     33.00092    -14.77118
    40.32308     32.98846    -14.77296
    40.32787     32.98799    -14.78468
    32.67714     24.92036    -10.83885
    49.76233     36.86631    -12.31226
    20.28686     23.49120     -9.62989
    51.24784     39.47588    -12.93153
    48.66081     35.38464    -11.66343
    41.87785     37.11656    -11.40309
    48.27717     49.99510    -11.97110
    48.30321     49.98213    -11.92030
    48.25323     50.03046    -12.04477
    23.43651     35.53910    -11.58110
    23.46713     35.55228    -11.59982
    23.10573     36.93899     -9.26397
    23.10024     36.93589     -9.26517
    23.10271     36.94807     -9.25649
    59.68119     51.88493    -10.21054
    35.54325     20.05394    -13.78691
    40.27871     32.93080    -14.74747
    21.20503     23.35191    -10.73875
    24.06265     35.84163    -11.98846
    35.50711     20.10429    -13.85269
    48.29883     39.93608    -10.66810
    48.27170     39.86128    -10.66649
    48.28310     39.90008    -10.67449
    40.52482     33.83911    -10.74377
    40.56268     33.89232    -10.73424
    50.48561     44.08128    -10.84965
    47.45614     37.61929     -9.85200
    47.45616     37.62018     -9.84845
    47.37488     37.59519     -9.91362
    42.77603     28.59582    -10.69173
    42.73635     28.57974    -10.79808
    42.77952     28.58702    -10.71110
    40.31224     33.02255    -14.78511
    48.71335     35.48695    -11.68985
    48.68498     35.46750    -11.68253
    48.67903     35.45222    -11.67737
    48.30907     39.95154    -10.66558
    42.74398     34.35352    -11.48677
    37.07087     27.93260    -21.90233
    36.51625     25.02577     -8.88443
    21.34835     23.42273    -10.99921
    26.43291     20.75547    -12.69618
    20.50898     23.52115     -9.98594
    40.71756     31.38787     -7.66403
    40.71894     31.38693     -7.66707
    45.57024     42.92239     -7.65420
    42.62506     37.87972     -7.60984
    31.22818     43.66230     -9.63232
    31.22413     43.64263     -9.62613
    54.10287     46.27241    -13.51686
    53.97725     46.09133    -13.48802
    53.98201     46.09701    -13.48268
    53.91441     45.97033    -13.48814
    31.61248     35.81867    -15.43492
    31.62183     35.82016    -15.42171
    51.24341     40.95306    -12.32674
    33.82007     45.03611    -13.09435
    33.77168     45.05213    -13.11904
    34.91670     36.20965    -17.21353
    37.56925     29.52290    -10.32933
    51.23703     40.98323    -12.30513
    26.65937     38.64798    -12.64092
    26.71364     38.65186    -12.61532
    35.97728     21.02224    -15.62933
    35.98275     20.99818    -15.66266
    42.59762     37.91027     -7.49704
    42.61119     37.89190     -7.55717
    42.37132     31.19438    -16.75689
    35.41742     36.89370    -14.44170
    51.18557     40.91149    -12.28053
    51.24614     41.02867    -12.29156
    45.56832     42.93047     -7.63871
    45.57900     42.92465     -7.64552
    48.55750     35.40717    -11.60010
    31.24666     43.67278     -9.60046
    21.42633     23.18531    -11.03176
    21.38519     23.31665    -11.10703
    37.57768     32.32610    -11.80556
    43.24285     41.51358     -9.69314
    35.45403     36.92023    -14.45829
    35.44549     36.91554    -14.45371
    35.45484     36.93057    -14.47317
    42.58988     37.95300     -7.34239
    41.85388     36.94266    -11.52526
    36.51164     25.02569     -8.89886
    36.51761     25.01709     -8.90367
    26.72452     38.61176    -12.54588
    47.09937     34.65945    -10.38293
    34.50081     31.08020    -10.53025
    18.76296     31.10345     -8.92765
    18.69234     31.19476     -8.81832
    35.09430     46.29233     -9.42036
    42.01666     29.34441     -7.69736
    42.03570     29.37878     -7.70770
    50.41386     45.14215    -10.84261
    23.48619     24.60195    -13.57814
    52.23435     52.13074     -7.16379
    52.25521     52.14397     -7.22511
    26.61151     38.62760    -12.62792
    42.00624     29.19537     -7.74635
    52.21320     52.17169     -7.55997
    52.13621     52.18474     -7.71420
    33.52488     38.02461    -17.83743
    31.26267     43.61396     -9.57529
    33.29198     26.07156    -10.88382
    27.60050     32.67590    -17.18070
    41.05828     27.46254     -8.13421
    41.00500     27.49196     -8.11981
    52.44843     52.05426     -7.42169
    49.61839     57.33365    -23.96327
    34.69810     33.59550    -16.31990
    51.25097     39.47847    -12.92849
    21.39541     23.20971    -10.96987
    29.92752     36.40747    -13.47221
    41.39389     29.45220    -16.72258
    43.62034     35.23235    -13.77296
    31.24562     43.63790     -9.59966
    31.26530     43.65468     -9.60305
    33.52974     38.02881    -17.85265
    33.53694     38.03160    -17.84290
    23.11437     36.91965     -9.29192
    23.11211     36.92710     -9.29909
    41.77272     28.89663     -7.87320
    50.25370     44.55830    -10.67005
    27.16336     38.73810    -12.21666
    27.79338     38.95169    -11.78416
    27.94964     39.01249    -11.61036
    27.32421     38.78560    -12.07145
    39.19688     32.16449     -8.66429
    38.30370     23.94830     -8.91820
    23.07094     36.76092     -9.36308
    55.72985     56.30032    -14.56121
    55.73536     56.29644    -14.59578
    23.28760     35.48824    -11.45965
    40.00165     54.48240    -10.34481
    45.75374     42.98163     -7.64860
    26.71718     38.66389    -12.65407
    43.59176     35.18702    -13.79337
    41.86049     37.00358    -11.48322
    49.14543     36.05085    -11.94348
    48.92046     35.74482    -11.81237
    50.19834     43.83048    -10.68889
    35.44955     30.78323    -12.98817
    35.42799     30.85846    -12.94436
    51.24799     39.20053    -13.05092
    31.23432     43.62928     -9.60366
    20.41195     23.82007    -10.14511
    55.02172     50.35512    -13.45123
    55.08658     50.46549    -13.41474
    54.98217     50.30314    -13.46671
    45.56794     42.90552     -7.66566
    45.53650     42.89750     -7.66699
    33.49465     38.01258    -17.74698
    48.83548     42.37437    -10.19425
    48.83761     42.35256    -10.22390
    48.82384     42.36167    -10.22745
    42.54802     33.28516    -13.04127
    23.47950     24.43094    -13.60026
    33.96064     44.16011    -10.00561
    50.38019     44.18575    -10.76158
    51.15046     40.86113    -12.27995
    51.14769     40.86965    -12.27794
    17.28726     26.24222     -8.94071
    28.46406     39.30308    -11.40223
    28.58421     39.38063    -11.35455
    28.56795     39.38589    -11.37713
    50.35935     44.04083    -10.73941
    52.74690     41.36996    -14.18869
    23.49162     24.45374    -13.58358
    23.49098     24.45967    -13.58907
    51.84421     41.09924    -13.02627
    35.08419     36.16810    -17.13248
    35.15276     36.21584    -17.09611
    35.08145     36.16854    -17.13371
    20.32207     23.43427     -9.74462
    21.24297     23.33180    -10.73843
    49.76601     36.89599    -12.32598
    33.51101     38.01470    -17.79695
    33.51693     38.01096    -17.81263
    41.49233     29.61433    -16.65091
    41.39782     29.44976    -16.71294
    56.87898     65.43852    -23.79671
    43.62752     35.15670    -13.83072
    51.28964     45.17435    -11.21116
    51.29539     45.16957    -11.22516
    51.94271     52.21864     -8.45364
    34.18944     46.11004     -9.20543
    43.92690     43.35860    -25.81570
    51.34744     45.02827    -11.26441
    43.87240     46.62340    -23.87660
    45.60651     42.93939     -7.63133
    49.80684     36.93093    -12.34369
    49.80314     36.92714    -12.33687
    38.89326     32.06634     -8.24982
    38.90097     32.17721     -8.35766
    19.61237     28.15112     -7.99825
    20.96976     23.39866    -10.45150
    20.98631     23.34328    -10.42045
    21.15557     23.34680    -10.70157
    38.91966     36.18301     -8.33162
    38.87402     36.13137     -8.28112
    50.43691     44.02684    -10.81894
    21.37993     23.47503    -11.10359
    21.37199     23.65997    -11.19808
    52.93608     43.68825    -13.11694
    33.49882     37.93726    -17.78334
    37.55613     31.96693    -11.18111
    29.90928     36.40453    -13.51655
    45.53405     42.90798     -7.62273
    42.95426     28.54657    -10.33530
    50.85448     44.67357    -11.01605
    50.65459     44.42151    -10.92045
    37.59644     29.17635    -10.98127
    42.54854     38.00490     -7.14536
    49.79440     54.26780    -26.21010
    32.56455     22.31149    -10.14734
    33.26047     45.02531    -13.17734
    32.86812     45.26432    -13.55030
    33.19292     45.02056    -13.17349
    33.18073     45.08887    -13.23812
    50.75384     44.45070    -10.99577
    23.13587     36.93344     -9.36516
    36.37668     29.20502     -9.83306
    42.88005     31.14827     -8.05376
    37.71905     29.50898     -9.55742
    44.92470     31.47050    -10.29290
    48.82162     42.35904    -10.20164
    40.21119     54.67244     -9.97996
    42.00400     29.14894     -7.77356
    41.99800     29.07040     -7.84001
    42.71957     28.55873    -10.88774
    46.68888     32.80130     -6.86918
    46.68277     32.79715     -6.87321
    46.69129     32.79827     -6.87300
    25.08210     22.76080    -15.26680
    35.51984     20.07511    -13.73676
    35.42650     36.85668    -14.40597
    52.09272     52.21381     -7.88912
    31.41099     35.61115    -15.55634
    31.22763     43.63131     -9.58315
    41.95444     29.45082     -7.61195
    45.63510     42.95750     -7.63660
    26.85499     38.68770    -12.53538
    42.59098     34.10125    -11.89288
    35.81946     28.08680    -12.92931
    35.51214     20.14417    -13.90000
    50.43476     44.01823    -10.83967
    53.01640     43.62285    -13.41124
    38.27440     28.36460    -17.94510
    35.51986     20.04382    -13.76560
    31.18904     42.49657    -13.52566
    31.06175     42.53660    -13.53553
    18.12377     26.09137     -6.64286
    52.17825     52.11021     -7.01955
    35.50722     19.59534    -13.96191
    37.09206     30.70900    -18.52188
    37.07574     30.72020    -18.54462
    38.13804     31.72814    -19.72703
    40.12026     38.78008     -8.92095
    40.13788     38.76693     -8.92918
    51.28204     41.30623    -12.26358
    41.99704     28.90290    -13.79399
    51.75771     46.09626    -11.26541
    23.70370     37.25600     -7.08850
    45.90731     59.32732    -16.49378
    45.89689     59.31138    -16.49432
    46.31780     59.10500    -13.12020
    40.46214     38.45694     -9.21664
    28.27512     39.19448    -11.49270
    38.49512     27.91347    -15.33141
    17.28183     26.24528     -8.96096
    17.22683     26.25724     -9.05142
    50.33264     44.22745    -10.73817
    32.86595     25.38560    -10.81154
    26.68234     38.59034    -12.58641
    33.91776     47.53508    -11.80567
    52.28211     52.11158     -7.29486
    47.01321     39.23667    -14.56508
    36.11270     45.26220    -17.48320
    47.21275     39.32717    -14.61031
    47.14496     39.28357    -14.60825
    52.31259     52.13573     -7.27532
    29.25103     42.74363    -15.51640
    29.25187     42.75127    -15.50550
    58.45232     48.15434    -10.76821
    58.45180     48.04969    -10.85570
    58.45853     48.41101    -10.54590
    33.77570     47.48009    -11.78565
    38.94164     32.08416     -8.28960
    37.70802     21.23234    -17.09880
    37.71548     21.22506    -17.10090
    40.78708     27.83581     -7.96809
    40.83035     27.76857     -7.98656
    41.69145     36.45683    -11.71553
    20.44283     24.00603    -10.27913
    20.44840     24.43548    -10.68239
    43.57440     34.29044     -8.10051
    36.97907     27.62313    -21.89947
    52.06068     47.45835    -10.89008
    52.07174     47.44709    -10.90798
    52.06340     47.28738    -10.98425
    52.50084     52.05614     -7.39032
    21.35461     23.16304    -10.78440
    53.41389     49.65561    -11.83981
    48.86806     42.39519    -10.15548
    40.98885     27.43675     -8.13879
    42.24519     28.73289    -13.61575
    41.90303     37.01429    -11.54365
    36.59343     25.24448     -8.93715
    32.68091     24.91311    -10.84563
    32.60313     24.78984    -10.87926
    32.56377     24.75014    -10.84546
    41.15160     27.38768     -8.22777
    42.74813     34.28292    -11.66657
    42.73550     34.28264    -11.67562
    41.99356     28.85410    -13.83081
    41.98986     28.86985    -13.83317
    52.15173     52.13923     -7.87515
    21.36690     23.16414    -10.79263
    51.19977     40.77128    -12.34802
    51.21998     40.90920    -12.32901
    43.55437     34.30610     -8.11293
    43.56419     34.30185     -8.12214
    52.35032     52.06883     -7.36761
    41.27113     27.56569     -8.19458
    20.26916     23.47291     -9.64493
    50.44621     44.22342    -10.79938
    50.41610     44.24320    -10.75767
    20.29340     23.53954     -9.78482
    50.40899     44.07706    -10.77476
    48.87721     48.34424    -15.75694
    50.21050     49.60490    -15.33280
    48.87009     48.33576    -15.74946
    52.19102     52.03562     -7.38233
    29.90831     36.39035    -13.50653
    26.28631     20.81962    -12.67012
    55.92558     64.85055    -22.45794
    26.42718     20.76267    -12.48771
    26.44679     20.76506    -12.49863
    31.25166     42.53079    -13.48157
    31.25913     42.52467    -13.47041
    35.51989     19.82019    -13.85146
    51.27536     40.77648    -12.41948
    26.41204     20.79820    -12.17873
    52.53678     51.98431     -7.42204
    52.46460     52.03751     -7.49158
    36.36870     47.75730     -9.63415
    48.82633     42.24001    -10.26059
    35.81546     28.09741    -12.91750
    35.86536     28.84193    -10.18487
    40.64908     54.61401     -9.44724
    42.02107     29.33230     -7.72961
    48.83555     42.31371    -10.21800
    42.70741     30.77323     -7.93802
    51.23754     45.12349    -11.14665
    53.46774     49.75405    -11.81308
    29.52123     20.12810    -13.00573
    40.89613     27.65518     -7.98614
    47.54689     43.40540     -8.34285
    52.89666     51.95970     -7.87133
    53.44797     49.77607    -11.81568
    29.91142     36.39095    -13.47343
    29.93065     36.39273    -13.47851
    36.39307     29.22583     -9.80066
    23.11633     35.41060    -11.27241
    47.52328     43.43687     -8.25266
    48.84536     42.27729    -10.25894
    36.51867     25.13590     -8.86167
    42.12845     29.59644     -7.69674
    42.25598     29.86022     -7.76375
    50.98958     44.69038    -11.09244
    31.17816     43.47744     -9.60606
    51.09419     45.11365    -11.15101
    38.15732     28.16417    -15.14442
    20.51326     23.53737     -9.98178
    40.26094     38.06502     -9.18955
    26.05310     20.91686    -10.75836
    26.06905     20.93308    -10.79151
    26.25881     20.88563    -11.19664
    50.54600     43.61704    -11.01988
    51.35639     45.37526    -11.14389
    26.33115     20.74765    -12.68494
    34.92004     46.18884     -9.34331
    34.95994     46.21937     -9.35577
    34.97680     46.19586     -9.32988
    49.31190     44.02995    -13.00956
    29.86812     36.40135    -13.64595
    53.41474     49.75147    -11.83130
    53.43107     49.75822    -11.83232
    44.82956     40.69217    -13.11179
    37.57643     31.94506    -11.21194
    50.43753     44.11081    -10.83251
    33.10422     26.39380    -10.81773
    33.35175     46.01466    -13.67871
    36.42743     29.23470     -9.85892
    27.37580     19.40650    -13.56040
    21.95103     22.27681    -10.67141
    18.79866     31.06175     -9.05784
    43.97619     36.18316     -8.32252
    51.31080     41.06275    -12.34103
    36.06946     49.13401     -8.25773
    59.63722     51.84456    -10.09133
    52.87007     41.58229    -14.32014
    37.80373     32.66483    -12.94629
    36.51224     25.02463     -8.95083
    21.43406     23.07363    -10.59416
    42.03811     29.30074     -7.74657
    42.67431     34.28898    -11.68887
    42.67741     34.32525    -11.69132
    26.43463     20.75359    -12.46317
    21.48373     23.30244    -11.26449
    37.60403     31.88974    -11.19792
    37.59931     31.86154    -11.15803
    36.04342     29.09664    -10.02515
    44.26185     36.40832     -8.40327
    41.27877     27.64525     -8.18997
    41.70774     27.09140     -8.60734
    35.36355     30.88823    -13.00182
    35.12552     32.75501     -7.47261
    43.57177     34.33510     -8.09364
    29.96519     36.43355    -13.48444
    29.98316     36.39754    -13.44647
    24.20335     33.24298    -13.96337
    24.13728     32.88974    -13.98389
    40.43049     33.51612    -11.12964
    35.79417     28.20502    -12.99584
    35.80189     28.20120    -12.98576
    19.61143     28.15106     -8.00407
    48.38004     49.93307    -11.72289
    48.36494     49.92339    -11.77928
    48.37418     49.91357    -11.74091
    40.63367     33.71116    -10.97129
    41.73551     27.06363     -8.61098
    39.32381     53.54287    -11.28960
    40.36930     28.90750    -11.08900
    36.53599     25.09697     -8.95309
    52.72262     44.07295    -12.30871
    52.85088     43.91652    -12.59745
    55.58560     48.26350    -15.06370
    40.39369     27.86079     -7.34268
    40.26617     27.90697     -7.06154
    40.17317     54.61418     -9.95024
    42.85412     41.71708     -9.44194
    42.96610     41.63693     -9.52003
    43.06689     41.59254     -9.57562
    34.03708     47.67071    -11.78566
    35.80299     28.06569    -12.77357
    47.43531     37.54756     -9.98636
    36.07085     29.05053     -9.98518
    42.68208     34.25172    -11.67641
    35.78119     28.19528    -13.10086
    26.62850     38.60320    -12.59441
    17.86890     33.31230     -3.54400
    31.28317     43.71767     -9.56558
    42.24599     28.70440    -13.46816
    39.54833     53.70145    -11.42200
    41.87428     37.16428    -11.36708
    41.92960     39.70534     -9.94683
    53.43198     49.79384    -11.86727
    24.25884     33.40667    -13.97404
    42.65004     37.91878     -7.66559
    42.63027     37.88665     -7.67815
    33.91406     45.07694    -13.15390
    43.23222     41.56003     -9.68079
    35.77232     19.88325    -13.69028
    53.64702     51.27803     -9.02155
    26.80294     38.17336    -10.38080
    35.46910     30.78121    -12.95523
    19.91997     22.76106     -8.20940
    39.88618     34.68514    -12.75771
    59.69448     54.37736    -21.16400
    59.72496     54.35008    -21.31708
    59.67866     54.45369    -20.98256
    45.26090     46.32705    -26.61108
    50.64426     44.74337    -10.86912
    53.05544     43.69686    -13.44225
    28.53224     25.11629    -13.78749
    28.53713     25.11855    -13.75659
    36.21536     47.44753     -9.69956
    36.37686     47.69331     -9.69181
    38.45691     29.53294     -9.66527
    38.37800     29.57275     -9.72453
    36.78887     34.09940    -12.06672
    53.33415     49.59857    -11.86920
    30.65057     42.46109     -9.83244
    59.65747     51.83340    -10.14942
    52.31153     52.18276     -7.30950
    29.08776     33.98672    -11.70870
    29.09402     33.94015    -11.68633
    29.04503     34.07706    -11.73462
    35.82678     49.45881     -7.74564
    52.15470     38.42500    -10.76880
    39.40110     40.90210     -9.53460
    34.08393     47.74526    -11.71479
    35.87515     27.92206    -12.77889
    28.83726     34.58511    -11.64224
    28.94821     34.28017    -11.74520
    39.07976     32.14897     -8.43012
    23.26081     23.70950    -13.00697
    23.05257     23.24800    -12.59127
    23.13881     23.26563    -12.61502
    34.43110     43.09450    -20.58980
    34.05380     42.96560    -17.63400
    31.41004     34.26422    -16.22474
    31.42740     34.38976    -16.15986
    48.45889     49.85577    -11.56459
    49.59680     37.17130     -8.03180
    42.11298     29.52275     -7.71741
    59.73092     51.94964    -10.33657
    48.79112     42.31565    -15.18732
    33.53212     26.07535     -8.55344
    33.56127     25.99174     -8.61260
    27.42256     38.82522    -12.44825
    48.13980     62.62900    -16.83150
    37.77550     45.24520    -21.96600
    45.58331     42.88564     -7.66253
    50.51214     43.93236    -10.92968
    19.70630     27.26990    -14.20460
    25.71730     24.01840    -14.62910
    31.15652     43.42840     -9.63555
    31.01673     43.07496     -9.71217
    42.48532     38.03215     -6.81257
    42.48508     38.03926     -6.91339
    42.45664     38.02744     -6.72345
    39.55447     53.65891    -11.57194
    39.61603     53.82506    -11.39095
    39.52816     53.69567    -11.57771
    37.53750     35.57940    -10.89980
    47.53956     43.56273     -8.34174
    42.18096     26.79360     -8.97732
    38.06747     41.15505    -18.51810
    59.55800     51.79886     -9.90073
    35.41886     49.60967     -6.85818
    19.89027     22.57887     -7.77953
    42.59198     34.19142    -11.76414
    35.84877     28.63666    -13.27154
    41.88458     54.02588    -10.51239
    41.90915     54.00341    -10.53123
    41.91804     54.03041    -10.57320
    52.62240     59.43380    -24.33510
    52.06020     59.89710    -22.93630
    42.10003     32.58201     -7.60659
    38.89194     31.60394    -14.49168
    39.02357     31.66236    -14.47060
    38.91857     31.51524    -14.50275
    40.42630     27.82566     -7.40131
    33.20637     44.94836    -13.05654
    21.35287     23.39998    -11.09315
    47.70320     45.95270    -14.10210
    21.95710     25.63013    -11.74084
    37.93214     26.88657     -8.40915
    35.11645     30.99456    -13.16652
    37.91380     49.36291    -12.17868
    33.36394     45.26015    -13.31327
    32.31594     22.02824    -10.80931
    42.66819     32.81859    -13.83614
    40.12919     27.79929     -6.85809
    53.56193     55.09028     -8.24989
    53.58811     55.10810     -8.24480
    53.57156     55.10618     -8.20979
    26.54521     38.54377    -12.59249
    41.60535     39.37909     -9.84268
    24.25118     33.74574    -14.04992
    42.08421     29.39566     -7.80218
    42.53078     37.79765     -7.60215
    40.49329     33.31748    -11.11429
    50.05679     57.38973    -24.73193
    50.17891     57.33019    -24.85195
    50.15901     57.32668    -24.84207
    53.91539     55.45251     -8.46611
    31.89462     21.58286    -11.66437
    41.41570     53.02850     -7.48610
    27.36409     38.62412    -11.21208
    56.67740     60.55160     -9.56270
    54.86480     59.73460     -8.00220
    43.89808     36.19224     -8.31521
    36.51496     25.14783     -8.91520
    50.90485     44.77112    -10.98606
    35.38254     30.90548    -13.02459
    19.82718     28.18731     -8.20538
    45.50147     39.44425     -6.91628
    42.67464     28.43441    -10.97243
    41.81319     37.29485    -11.28116
    41.31760     52.31690    -14.82860
    41.89935     39.66757     -9.92524
    51.82174     46.30172    -11.27968
    52.25022     47.18963    -11.37069
    47.17513     34.74628    -10.48948
    42.71697     39.35997     -6.51739
    42.57016     38.59267     -6.61952
    35.95159     29.05302    -10.09665
    47.03188     38.96746    -14.71299
    56.36419     65.16655    -22.92377
    44.89032     40.70948    -13.07359
    44.87792     40.70983    -13.09887
    57.36977     47.86465    -16.87702
    36.82256     34.00927    -12.05645
    40.77988     32.20646    -11.82412
    18.67351     31.24267     -8.54382
    18.69186     31.27705     -8.39494
    18.72191     31.24848     -8.30193
    30.19360     15.51390    -22.92640
    30.12750     13.82510    -22.58130
    35.87238     28.78249    -10.24268
    47.67663     34.47991     -7.66098
    34.86110     25.91790    -13.95890
    33.72378     26.37784    -20.38095
    33.72120     26.37916    -20.41324
    33.69476     26.38746    -20.38828
    33.73866     26.38537    -20.38688
    51.91957     52.12792     -8.80136
    41.85443     39.69376     -9.97934
    52.96861     43.55970    -13.37874
    28.17071     39.13751    -11.62621
    24.30813     33.40015    -13.98213
    24.40722     33.48169    -13.98739
    24.32392     33.51873    -13.99849
    45.59054     42.89158     -7.64322
    32.90604     45.68980     -8.98045
    30.49558     36.25002    -13.00791
    41.56518     30.76898    -14.76623
    46.96689     39.08379    -14.62586
    56.27390     53.54740    -12.86100
    54.20767     53.16226    -11.73456
    33.64176     27.43425    -10.63791
    35.28058     32.54799     -7.61180
    20.61608     23.39359    -10.05087
    29.66668     19.99819    -12.96443
    41.61870     54.11462    -10.24931
    37.54612     29.38425    -10.90833
    44.86756     40.69267    -13.19208
    52.33197     51.78426     -9.34491
    31.42744     34.26824    -16.26676
    39.09814     31.76854    -14.46569
    50.12055     57.55596    -24.62830
    36.69930     22.92220     -7.11420
    17.81448     26.90765     -6.11578
    34.77426     30.78952    -10.51609
    58.44627     48.55709    -10.32072
    29.58066     20.06931    -12.97344
    34.09000     47.67911    -11.77232
    48.64978     42.51054     -9.89940
    26.07319     21.16032    -12.72626
    31.65200     37.81280    -17.97280
    40.47363     33.58713    -10.98073
    36.50035     25.08860     -8.90233
    52.06971     52.03272     -8.95401
    40.53837     32.42740    -11.66167
    26.45408     38.69413    -12.70462
    52.65160     52.07513     -7.55493
    37.88001     32.64441    -13.08773
    37.85357     32.64326    -13.01986
    43.15289     41.49575     -9.61274
    43.15855     41.53398     -9.60721
    17.95223     27.23370     -6.23508
    38.16295     29.55539     -9.29553
    58.90550     50.36640    -17.29480
    42.71663     38.53662    -12.67898
    42.77028     38.46641    -12.59053
    47.46381     44.74686     -8.83004
    33.34331     32.41624     -7.37883
    38.88680     36.09648     -8.29073
    42.59865     33.14237    -13.33179
    36.94859     27.52486    -21.88790
    36.88638     27.47533    -21.86545
    36.93764     27.53209    -21.89794
    40.57978     54.69693     -9.34848
    57.78140     45.95380    -19.94950
    37.71624     49.45230    -13.35813
    37.71253     49.45160    -13.50370
    37.73218     49.41435    -13.06997
    31.07410     42.32740    -13.60700
    35.38900     36.85806    -14.37640
    54.61300     43.71910    -15.58420
    41.76245     28.96033    -14.05740
    41.90698     39.70594     -9.97109
    38.11399     49.36138    -11.50362
    31.97255     21.71343    -11.45082
    31.97194     21.72682    -11.44077
    36.50077     25.09525     -8.86206
    34.93710     23.60363    -10.32062
    31.67729     42.62806    -13.15800
    36.08084     29.01607    -10.00169
    55.90230     62.32160    -24.12560
    51.91089     52.16334     -8.82148
    25.32299     35.08018     -9.24795
    40.15871     35.87184    -12.80525
    40.19996     35.62798    -12.81260
    32.29847     42.75707    -12.53464
    47.47770     44.19900    -13.70570
    57.84320     56.62030     -7.86500
    23.03982     23.25127    -12.60993
    38.60100     32.19585    -13.88647
    47.93741     39.53828    -14.70292
    60.87883     54.62359    -24.11649
    56.95761     65.46293    -23.74870
    56.97201     65.46315    -23.70573
    26.17257     38.72787    -12.77958
    35.81910     19.95982    -17.72944
    35.83182     19.95087    -17.81614
    45.62888     42.92167     -7.66621
    31.24531     43.60110     -9.55927
    26.32959     20.77992    -12.61351
    42.47188     34.41395    -11.64004
    41.06681     31.96742    -12.10533
    35.37542     46.48258     -9.44780
    47.43003     39.26732    -14.71212
    51.97050     51.80812     -7.35288
    40.45500     54.64517     -9.76305
    33.52790     26.09797     -8.57508
    51.24306     40.87068    -12.29544
    40.68170     32.20633    -11.80428
    38.04566     41.14421    -18.55030
    37.98772     41.05023    -18.64437
    38.09988     41.17850    -18.50217
    46.50560     40.92520    -10.37440
    40.09612     54.64718    -10.24618
    58.40197     48.64404    -10.04854
    26.83166     38.21574    -10.40442
    33.04490     37.15200    -15.08230
    41.00698     27.56902     -8.17409
    35.53360     30.85576    -12.88796
    33.46060     45.00081    -13.12988
    56.12880     66.11570    -20.89740
    44.14358     36.28778    -12.66858
    44.11440     36.29698    -12.67240
    44.18368     36.41964    -12.75987
    47.71106     34.60298     -7.59873
    47.69462     34.60131     -7.62178
    47.68284     34.53127     -7.62605
    18.17360     26.44880    -13.23670
    17.64886     27.06359     -5.93834
    25.84970     37.40030     -8.33290
    43.95669     36.27711     -8.35720
    38.06612     31.93172    -19.87348
    38.10707     31.80689    -19.79289
    41.90161     39.66664     -9.97316
    25.56600     22.18287    -13.08132
    25.62614     21.99813    -13.01346
    42.56009     56.99056     -9.93049
    35.38022     46.50360     -9.53022
    43.53365     34.35661     -8.09881
    50.21882     44.78135    -10.65610
    40.47557     38.59840     -9.18884
    44.85100     42.72200     -5.11700
    17.80350     26.77894     -6.03693
    41.99400     25.30230    -10.42310
    40.74398     27.67986     -7.72609
    45.53942     39.51034     -6.88601
    45.54522     39.53972     -6.87377
    35.91262     47.08719     -9.62233
    47.66334     39.48867    -14.66426
    35.06819     32.69863     -7.44500
    40.91060     34.23550    -16.75230
    47.62555     43.52874     -8.41677
    44.94112     37.56176    -13.05826
    31.46075     34.33599    -16.04107
    51.33316     41.10204    -12.39122
    35.04495     23.65304    -10.34853
    38.55190     29.52822     -9.71939
    29.68435     19.98345    -12.90966
    45.45240     34.36470     -9.65390
    47.54183     39.42742    -14.67462
    58.70898     56.37267    -10.31661
    58.76745     56.35772    -10.31289
    58.73664     56.37104    -10.32635
    33.61679     25.93588     -8.63082
    55.87439     64.30344    -21.94806
    33.97096     44.16459     -9.99849
    23.06036     35.30300    -11.16067
    29.36884     20.30004    -12.85390
    25.50490     38.24990     -6.58910
    33.13370     45.95158     -9.00165
    33.10995     45.97324     -8.97880
    54.32497     46.53635    -13.57075
    17.58038     27.04293     -5.81594
    17.59742     27.04341     -5.88037
    48.85151     42.28629    -15.16380
    48.85175     42.25409    -15.17461
    34.18688     47.53564    -11.85475
    34.15629     47.52076    -11.87518
    29.16505     27.28099    -12.60948
    17.73710     26.69337     -5.83729
    49.20895     57.07828    -23.43113
    49.12261     56.90883    -23.47275
    33.26185     32.42609     -7.43387
    35.17840     46.34551     -9.35000
    20.43831     23.58026     -9.77709
    30.85568     30.05729     -7.70853
    22.15504     25.90441    -11.90504
    45.03790     49.15630    -27.34960
    42.73789     28.60955    -13.64682
    33.41957     47.16452    -11.73059
    49.29806     34.97075     -9.36590
    23.05956     35.27445    -11.23956
    43.74921     35.58131    -13.45267
    47.74157     43.32034     -8.42383
    42.63514     38.56906    -12.84113
    18.87648     31.18277     -7.51107
    43.41227     35.13998    -13.76659
    40.43438     33.74337    -10.81804
    30.29801     42.05675     -9.97394
    49.30021     43.82587    -13.06500
    44.85030     47.70500     -5.77110
    46.61495     46.33152     -6.55273
    46.61515     46.32138     -6.55487
    22.27281     25.96918    -12.03954
    45.76699     37.24602     -9.45996
    32.57536     26.31737    -10.82196
    41.77300     28.95562    -14.14435
    39.67990     45.18180    -19.60970
    16.49600     29.29630    -16.03870
    35.58478     30.96777    -12.81874
    39.68781     53.60313    -11.61377
    47.39021     45.07610     -8.99012
    32.99360     28.94420    -10.75110
    25.89790     32.00640    -13.19250
    46.44255     37.42916     -9.72662
    49.88300     57.82899    -20.69393
    19.35710     30.51161     -9.54935
    42.64307     57.05712     -9.88205
    42.77816     57.17343     -9.75324
    22.14841     25.89508    -11.84412
    34.99415     46.27958     -9.46263
    30.77680     27.94290    -10.40010
    28.57626     25.14324    -13.69565
    33.30580     17.84170    -15.31120
    48.53230     48.02960    -14.10150
    31.42610     37.57310    -15.99920
    54.34636     46.52418    -13.66513
    35.18701     32.66691     -7.49367
    29.12805     27.26151    -12.61582
    43.61830     35.11330    -13.81645
    29.76180     43.67140    -13.29938
    29.89088     43.50041    -13.32333
    38.62064     27.87790    -15.35607
    33.94190     48.43720     -9.26220
    31.80432     45.88942    -14.71312
    32.01342     45.75690    -14.46236
    32.57947     22.27926    -10.21005
    42.74513     38.32956    -12.52500
    42.88980     26.81090    -14.48280
    39.41130     29.35850    -24.47000
    41.44500     25.02200     -7.22820
    18.27410     27.38886     -6.49619
    20.10430     22.30070    -18.06400
    20.62090     25.06050    -19.23630
    33.35892     26.18301     -8.34608
    33.02815     26.47614     -7.78872
    44.79847     40.69487    -13.17387
    22.41080     34.20410    -13.61540
    40.30490     24.11620     -6.60510
    28.08980     24.34570    -15.65960
    51.57954     58.18097    -19.02100
    51.58596     58.19423    -18.98280
    25.35550     39.39550    -15.87860
    43.55830     40.48090     -4.81850
    24.63765     36.13147    -12.34976
    35.60041     28.11317    -13.69911
    17.71760     27.01628     -5.94142
    29.89900     39.27480    -15.11640
    47.49307     45.13327     -8.92775
    44.66344     40.75229    -13.19122
    49.83630     62.97820    -21.28470
    41.55462     30.77032    -14.77277
    22.37170     22.43420    -14.22210
    41.24120     51.32250    -16.82890
    49.30384     34.95805     -9.37950
    29.93199     35.74733    -15.54041
    30.16318     35.81023    -15.48237
    53.02796     48.36373    -12.07049
    18.92233     27.87543     -7.20972
    33.71685     37.19112    -17.66723
    40.64286     54.66056     -9.20207
    49.37759     44.15073    -13.02327
    33.67781     20.50973    -12.33462
    42.13272     30.81450    -16.66639
    28.38260     18.26430    -13.36990
    32.27040     45.65991    -14.25505
    40.03598     35.29685    -12.89983
    30.88242     30.06401     -7.70027
    36.51050     41.11700    -17.67680
    45.08595     43.07926    -10.69052
    45.14980     43.08147    -10.71464
    22.86368     35.50631    -10.65437
    37.89875     44.14181    -23.53650
    37.90085     44.14809    -23.53980
    20.96864     24.24109    -10.97677
    45.07212     37.77035    -13.14252
    43.59573     34.62591     -8.14544
    41.20670     32.04235    -11.88158
    24.70769     20.47474    -14.46055
    24.69799     20.55014    -14.48834
    25.31831     35.10632     -9.20565
    53.02093     47.75109    -12.23734
    19.89114     22.54947     -7.74798
    31.65530     31.13650    -12.12480
    18.22420     26.13560    -10.30060
    29.78968     43.58993    -13.21101
    26.76010     18.81160     -7.32450
    33.16640     41.19940     -6.84530
    54.18613     46.56332    -13.43252
    35.21890     16.95400    -12.52680
    18.67370     24.49300    -17.50850
    34.17950     22.68200    -16.91630
    17.92970     28.00320     -8.32100
    33.61722     25.79757     -8.77663
    48.91977     42.21827    -15.12172
    50.59503     58.94987    -23.90093
    41.88397     32.79812     -7.60448
    36.63240     51.07660     -5.95940
    35.21340     49.59456     -6.41858
    48.73470     61.40290    -11.50270
    18.66220     28.18290    -10.38880
    28.72530     37.84244    -15.30460
    43.46893     34.42272     -8.04424
    51.12380     41.97430    -14.62060
    30.49599     34.34608    -13.67511
    36.70913     29.06584    -14.25586
    18.70446     24.97678     -8.27143
    25.50350     38.23800     -6.58530
    41.75712     53.92924    -10.40690
    47.11350     57.17400    -19.60400
    53.27262     51.46547     -9.15269
    33.25463     32.36067     -7.35155
    28.70940     37.84536    -15.29470
    37.82020     26.83067     -8.53918
    54.65564     46.68380    -14.00888
    35.09180     33.91190    -18.83450
    50.51788     58.71225    -24.06513
    22.49111     21.43460    -10.42881
    45.21106     43.04739    -10.66433
    34.51110     24.52160    -19.07710
    29.57350     28.33810    -19.65320
    39.48090     27.72830    -13.80310
    18.57908     25.23451     -7.76700
    49.28830     44.09415    -12.96612
    41.93809     32.76353     -7.54157
    37.40493     28.74497    -14.69736
    49.92580     57.84921    -20.72047
    54.20303     53.17894    -11.72344
    34.60750     38.02690    -21.63930
    25.71450     39.31980     -9.21900
    23.15820     21.42410     -5.53430
    30.84520     37.29310    -22.59600
    36.28260     48.65140    -11.37600
    38.50660     34.28780    -14.59280
    39.22560     43.62550    -27.10760
    39.82010     45.91080    -17.82930
    46.76820     37.76060    -12.27300
    32.09761     26.55827    -10.86289
    51.33430     57.48930    -23.73610
    50.96330     47.55530     -7.77730
    18.73926     24.98813     -8.38177
    50.60086     64.47118    -23.91941
    52.43970     64.98020    -23.98260
    50.59494     64.48452    -23.91859
    30.47071     34.34382    -13.67449
    43.91020     33.15360    -16.14580
    33.10042     46.77954    -11.55359
    37.56120     24.48320     -6.56660
    38.81100     22.74720    -10.33140
    19.91350     26.11470     -7.88740
    32.73970     25.93380    -17.92810
    18.82420     23.49530    -13.60770
    43.33410     56.46680    -13.13940
    28.78740     41.21090     -5.31540
    19.95295     30.05212     -9.76538
    22.46314     21.37852    -10.35046
    57.58050     64.72880    -20.73380
