    36.06630     21.11180    -15.97670
    57.63800     47.79720    -16.88520
    56.64770     48.03960    -16.63710
    52.02260     47.01340    -11.15840
    36.02770     21.14350    -16.08130
    41.90650     29.67240     -7.37420
    41.70240     29.92610     -7.32470
    42.04320     29.77480     -6.99990
    52.55570     41.11970    -13.94420
    55.84660     65.81250    -22.64950
    53.79640     56.09420     -8.67240
    53.98850     55.58840     -8.67880
    36.02090     21.25790    -14.95760
    55.76680     57.24350    -10.51420
    55.80930     57.23060     -9.65080
    55.83010     57.28760     -9.52180
    55.87980     57.38860     -9.62950
    26.34700     20.62590    -12.61220
    42.33190     34.39320    -11.96590
    47.87700     42.60440    -10.23940
    48.33370     42.61810    -10.08250
    47.95070     42.70080    -10.11190
    40.36550     34.36050    -14.79840
    26.30590     20.55200    -12.75690
    26.44810     20.59440    -12.83690
    26.39670     20.62840    -12.48310
    35.46210     20.15180    -13.64820
    27.24650     38.46660    -12.31210
    26.91410     38.34330    -12.20210
    26.60290     38.47580    -11.98990
    36.13560     21.16500    -15.64220
    36.11070     21.02990    -15.78350
    36.06250     21.22330    -15.61660
    33.64080     25.86720    -10.88360
    33.79450     26.05870    -10.80830
    33.46580     26.23660    -10.92370
    51.49610     49.93620     -9.04560
    51.47560     49.73240    -10.26010
    51.48900     49.72990     -9.67520
    26.29680     20.60820    -13.18670
    42.77650     35.02130    -13.26910
    43.62830     28.38030    -11.01270
    36.23080     21.51990    -16.04290
    55.62150     64.69590    -22.33910
    55.65760     64.72650    -22.35330
    55.57600     64.27260    -22.16170
    55.61980     64.35480    -21.81090
    43.09470     31.76420     -8.17270
    40.05000     32.03040    -13.85310
    52.03240     52.16680     -9.14300
    30.70800     31.92690    -16.37440
    30.14680     32.23930    -16.11340
    30.17150     32.18100    -16.02070
    30.30130     32.18400    -16.01500
    35.41820     20.35050    -13.91950
    35.48260     20.18150    -13.78730
    34.67830     31.12240    -11.08820
    34.68880     30.92520    -10.27110
    34.45160     30.96180    -10.67040
    34.52520     30.92170    -10.56150
    51.86950     52.37270     -7.37770
    55.66620     55.84010    -14.10680
    55.65930     56.38390    -14.46160
    55.74930     56.04850    -14.27910
    42.81280     28.88880    -10.38760
    42.92480     28.72710    -10.20650
    42.70580     28.77600    -10.16850
    42.81560     28.94660    -10.25450
    26.50220     20.85490    -12.29150
    26.65980     20.71490    -12.39030
    26.70190     20.69560    -12.26660
    54.52760     50.24690    -13.29360
    34.31030     31.41100     -9.64690
    33.69580     25.80230    -10.90000
    33.58110     25.38720    -10.69290
    37.75260     31.06900    -11.01550
    36.06510     21.27770    -13.89270
    36.02790     21.14010    -14.61730
    36.07840     20.98790    -14.63880
    33.85600     38.00920    -17.80500
    50.87320     43.83210    -11.13710
    39.25610     32.33310     -9.79730
    40.02920     31.29820     -9.37230
    42.25670     28.46040    -12.39310
    26.38510     20.44940    -12.90560
    40.07440     32.75510    -11.53880
    40.56730     32.13090    -11.16440
    51.49900     49.60920    -10.54110
    40.46790     32.82160    -14.86170
    43.68510     35.25390    -14.04260
    39.99460     35.01500    -10.09830
    40.83350     34.50890    -10.22080
    26.50730     20.60300    -13.17930
    43.41170     28.24950     -9.62580
    43.31170     27.87130     -9.31570
    43.13870     28.28030     -9.16570
    60.73120     54.54730    -23.70100
    42.95130     28.96550    -10.01780
    35.41410     19.86070    -13.97080
    35.60710     19.76420    -13.75960
    38.95460     32.37530     -8.33670
    39.68740     32.38880     -8.40380
    55.68840     64.23520    -23.12010
    49.82650     36.61650    -12.45510
    49.73700     36.59560    -12.39760
    49.62820     36.62780    -11.77420
    59.54220     51.10780    -10.40550
    59.43330     50.70780    -10.54420
    42.76480     37.11010     -7.60620
    26.49920     38.73180    -12.72970
    29.29730     20.35260    -12.88890
    29.43170     20.83850    -12.91490
    29.33280     20.53980    -13.31330
    33.45420     20.01080    -12.79270
    33.11280     20.29350    -12.81280
    33.34680     20.24000    -12.78930
    33.95010     20.78940    -12.36670
    42.52750     34.94650    -11.22680
    27.38390     39.30130    -13.06160
    53.30830     54.98830     -8.61170
    35.29420     19.38870    -14.03360
    30.91300     42.54530    -13.31790
    42.55090     34.88710    -11.14590
    35.45840     36.87870    -14.52300
    35.55780     36.75220    -14.67250
    51.33390     44.73050    -11.35530
    42.78160     34.10240    -11.08140
    42.12730     33.30040    -12.83820
    42.26800     33.66380    -12.83670
    41.99800     33.42800    -13.10200
    52.57150     41.45510    -13.99270
    52.61570     41.02140    -14.17740
    52.88430     41.84360    -14.39740
    35.25170     20.54890    -12.99970
    31.23880     44.71850     -9.47650
    26.03180     20.48830    -13.06770
    44.16960     35.22680    -13.86860
    44.18520     35.31400    -13.87410
    18.39610     31.29900     -8.74470
    43.69640     41.28130    -10.12380
    40.47210     33.39660    -10.26310
    34.00740     44.91780    -12.65660
    33.07010     44.33650    -11.57260
    33.43720     44.65720    -12.31100
    45.39720     46.42220    -26.62780
    45.35610     46.57740    -26.86780
    47.62420     47.50910    -26.54980
    40.90280     33.15240    -14.62750
    40.49260     32.94600    -14.87750
    40.60260     32.89450    -15.23340
    32.46570     24.80640    -10.79220
    49.93280     36.93830    -12.35840
    20.14790     23.62450     -8.74650
    51.14630     39.00690    -13.11250
    48.55670     34.15770    -11.53860
    42.16360     37.30080    -10.92960
    47.85050     50.08830    -12.64320
    48.16060     50.16090    -12.44060
    47.92830     50.57970    -13.03060
    23.69110     35.60860    -11.82650
    23.90910     35.73310    -11.94930
    23.09120     37.15600     -8.84000
    22.84380     37.05510     -8.88800
    22.98850     37.43620     -8.66370
    59.85160     52.54080    -10.50670
    35.97690     19.88600    -13.52480
    40.09260     32.55380    -14.51430
    21.31360     23.47710    -10.56200
    24.88740     35.81880    -12.08690
    34.92870     20.24040    -14.05800
    48.32700     40.14480    -10.65950
    48.01820     39.04500    -10.59740
    48.12860     39.76340    -10.89290
    40.61030     34.05460    -10.14710
    41.17140     34.47370    -10.30340
    50.71740     43.54250    -10.97450
    47.69660     37.78530     -9.34220
    47.68200     37.79820     -9.26050
    47.39060     37.73260    -10.30010
    42.20940     28.95970    -11.22230
    42.11030     28.72930    -11.53900
    42.49680     28.91690    -11.42740
    39.94450     33.59470    -15.11710
    48.89510     35.42000    -11.66260
    48.47730     35.44120    -11.72940
    48.47320     35.14000    -11.64400
    48.50380     40.24920    -10.53070
    43.25650     34.51280     -9.97920
    37.33940     29.20870    -21.84140
    36.70850     24.34220     -8.49940
    21.62650     24.13290    -11.17060
    27.46950     21.05010    -13.79130
    20.11980     23.67820     -9.89720
    40.68620     31.40930     -7.59520
    40.75030     31.36550     -7.73590
    45.24530     43.12740     -7.86570
    42.88000     37.72080     -8.15500
    30.87470     43.94670    -10.48480
    30.88550     43.89080    -10.25400
    53.90850     46.36430    -13.48500
    53.69570     45.63860    -13.64080
    53.81640     45.70540    -13.40500
    53.54510     45.30410    -13.34960
    31.77800     35.93940    -15.32520
    32.01110     35.93530    -14.94590
    51.24850     41.03710    -12.43410
    34.86620     45.03140    -12.69740
    34.57770     45.19160    -13.14710
    34.82130     36.19870    -17.77640
    37.34200     29.89950    -10.73010
    51.21380     41.32830    -12.08030
    26.37060     38.85190    -13.36430
    26.79580     38.92090    -13.14130
    35.56670     20.84510    -16.34130
    35.91910     20.27250    -16.44740
    42.52900     37.89150     -7.56600
    42.63340     37.94310     -7.73460
    42.91500     31.80250    -17.05960
    34.81960     36.77870    -14.57090
    50.74960     40.84380    -11.88090
    51.29990     41.53280    -11.74720
    45.16210     43.32560     -7.36850
    45.38470     43.10900     -7.60870
    47.67550     35.34070    -11.09520
    31.26650     44.17760     -9.72220
    21.58720     22.48790    -11.68440
    21.41470     22.99780    -12.00950
    37.35710     32.86260    -11.84210
    43.81940     41.27090    -10.47130
    35.89720     37.27380    -14.59660
    35.60370     37.26880    -14.55720
    35.72770     37.51570    -14.97210
    42.89270     38.10400     -7.07580
    41.83760     36.53860    -11.85620
    36.47430     24.38480     -8.75300
    36.68480     24.20640     -8.85860
    26.66840     38.12210    -12.14740
    46.99550     34.16610     -9.91470
    33.57340     31.86200    -10.78330
    18.93230     30.79320     -9.32990
    18.27080     31.61220     -9.32150
    35.10140     46.00990     -9.76550
    41.72430     29.12070     -7.22520
    41.96510     29.49380     -7.56380
    49.45390     46.16210    -11.32420
    23.45720     25.47900    -13.28050
    51.76560     52.30880     -6.14280
    52.05810     52.53250     -6.42470
    25.92510     38.55360    -12.93660
    42.08110     28.43070     -7.49170
    51.91610     52.59250     -7.80130
    51.59970     52.50760     -7.94120
    33.56140     38.27460    -18.27450
    31.92880     43.24850     -9.16210
    33.23160     26.66250    -11.57680
    27.60050     32.67590    -17.18070
    41.15190     27.01710     -7.92980
    40.72900     27.16060     -8.18190
    53.08660     51.61050     -7.38050
    49.66860     57.84150    -23.36600
    34.69810     33.59550    -16.31990
    51.28400     38.99360    -13.02170
    21.51710     22.65850    -11.36980
    29.79580     36.63900    -13.03090
    41.17370     29.37310    -17.19830
    43.73600     35.67490    -13.63460
    31.45260     43.72810     -9.67110
    31.95870     43.71120     -9.90030
    33.62010     38.25470    -18.64210
    33.96220     38.39710    -18.30230
    23.28970     36.80480     -9.38320
    23.13520     37.02280     -9.59150
    41.37620     28.71030     -8.58010
    49.29960     45.32370    -10.05180
    27.56060     38.88720    -11.66020
    28.22450     38.65940    -11.62270
    27.92990     38.73850    -11.09980
    27.49600     39.06490    -11.31700
    39.35290     32.40940     -9.35060
    38.30370     23.94830     -8.91820
    23.13100     35.61900     -9.25200
    55.72430     56.75850    -14.59510
    55.87710     56.37610    -15.51020
    22.96970     35.84700    -11.75040
    39.72590     54.19030    -10.18100
    46.65810     43.30610     -7.10530
    26.88620     38.91050    -13.63110
    43.38520     35.18380    -13.89670
    41.87560     36.84510    -11.55960
    48.97900     36.07840    -11.80560
    49.08120     35.67710    -11.94550
    49.44740     43.51780    -10.21040
    35.53200     30.22160    -13.26410
    35.09060     30.78010    -12.51010
    51.24600     38.80510    -13.29680
    31.13090     43.61130     -9.74640
    19.74280     24.46950    -10.51520
    55.32970     50.29490    -13.58700
    55.63670     51.39410    -13.11830
    54.78520     49.71150    -13.77100
    45.25330     42.65870     -8.18950
    44.68150     42.59330     -8.15640
    33.12670     38.27640    -16.56090
    49.15650     42.57310    -10.06110
    49.14450     42.34190    -10.60280
    48.83030     42.55700    -10.76300
    43.12270     32.60930    -13.25310
    23.29630     24.19220    -14.25460
    33.75490     44.07080    -10.14780
    49.83980     44.26630    -10.38620
    50.28010     40.23790    -11.92030
    50.16420     40.48550    -11.87910
    17.42320     26.17110     -8.46640
    29.00610     39.51160    -10.86830
    29.43340     39.77910    -10.85050
    29.15810     40.23380    -11.34960
    50.06250     43.50980    -10.04120
    53.30030     40.94150    -15.02380
    23.77930     24.48430    -13.73420
    23.71270     24.57700    -13.86760
    52.36640     40.79710    -13.18610
    35.01940     35.89730    -16.99490
    36.05150     36.83580    -16.65510
    34.93840     35.93810    -17.01450
    19.94550     22.42890     -9.51990
    21.62640     23.61730    -10.37310
    49.52240     37.42330    -12.56050
    33.33060     38.14170    -17.42220
    33.46360     37.93570    -17.78580
    41.63540     29.62380    -16.22510
    41.29010     29.21070    -16.88870
    56.11370     65.20130    -24.32300
    43.83270     34.72650    -14.62230
    51.74360     45.50160    -11.61110
    51.79030     45.42180    -11.81360
    51.45000     52.81230     -8.94470
    33.68610     46.32820     -9.09230
    43.92690     43.35860    -25.81570
    52.17960     44.94770    -11.98430
    43.87240     46.62340    -23.87660
    45.88160     43.35790     -7.23370
    50.39370     37.64540    -12.69830
    50.34480     37.65580    -12.51820
    38.22860     31.44580     -7.58950
    37.81780     32.79150     -8.25670
    19.60320     28.14860     -8.03870
    20.97090     23.53620    -10.18430
    21.11270     23.16290     -9.96900
    20.93390     23.22220    -10.62480
    39.09470     36.69140     -8.59910
    38.46590     36.20860     -7.86160
    50.50620     43.33960    -10.69370
    21.64250     24.17430    -11.64290
    21.66760     24.46570    -11.79500
    52.70950     43.26080    -12.96090
    33.00160     37.30590    -17.48690
    37.07670     32.53390    -10.52110
    29.56960     36.50470    -13.95370
    44.63040     42.70010     -6.83000
    43.64950     28.01040    -10.05220
    50.88650     45.01610    -11.26110
    50.68850     44.61200    -11.07210
    37.85840     28.20460    -11.24300
    42.54330     38.31910     -6.70630
    49.79440     54.26780    -26.21010
    32.36700     22.73850     -9.41360
    32.94310     44.97050    -13.59110
    32.50760     45.20540    -14.23350
    32.48840     45.06120    -13.31680
    32.58240     45.29600    -13.30980
    51.07620     44.35720    -11.58720
    23.54800     37.18920    -10.53850
    36.72950     29.37060     -9.39610
    43.35700     31.82370     -8.48220
    37.90870     29.51620     -9.20670
    44.92470     31.47050    -10.29290
    48.86260     42.31730    -10.19670
    40.14350     54.97720    -10.27270
    42.35560     28.33120     -7.70150
    42.27760     28.45320     -8.40980
    42.49830     28.47640    -11.70940
    46.74010     32.90750     -6.75240
    46.47000     32.72050     -6.93510
    46.85100     32.76800     -6.92850
    25.08210     22.76080    -15.26680
    35.44640     20.31960    -12.53860
    35.57030     35.98860    -13.81830
    51.66410     53.02510     -8.19060
    31.31370     35.75800    -15.93160
    30.80440     43.71450     -9.11480
    40.73140     30.00080     -6.62840
    46.13660     43.61050     -7.46120
    27.28990     39.22730    -12.78450
    42.43140     33.48090    -12.24140
    35.99640     27.53400    -12.98230
    34.80970     20.50430    -14.57890
    50.20040     43.31620    -11.18090
    53.27200     43.68720    -13.77790
    38.27440     28.36460    -17.94510
    35.48950     19.66120    -13.06000
    31.13280     42.51390    -14.00880
    30.46830     42.50910    -13.78710
    18.22650     25.78710     -7.22260
    51.66160     51.57890     -5.51110
    35.47060     18.35910    -14.70780
    37.33820     30.54020    -18.17900
    36.82960     30.88900    -18.88750
    38.39140     31.16530    -19.16280
    39.62640     39.19690     -8.63530
    39.70120     39.14390     -8.53600
    51.53450     42.60210    -12.15950
    41.91460     29.79770    -13.38820
    51.95060     46.46120    -11.22780
    23.70370     37.25600     -7.08850
    46.09600     59.61560    -16.48390
    45.70820     59.02310    -16.50420
    46.31780     59.10500    -13.12020
    40.61180     37.98210     -9.23020
    28.64730     39.34130    -11.24110
    38.42350     27.61940    -15.55980
    17.54430     26.22500     -8.75120
    16.72220     26.36500     -9.86960
    49.35840     44.52770    -10.54100
    32.21300     25.39170    -10.08300
    26.60780     37.72540    -12.70170
    33.62430     47.33910    -11.96610
    52.07490     52.16120     -6.81230
    46.37310     39.37770    -13.85260
    36.11270     45.26220    -17.48320
    46.91070     39.77430    -14.42960
    46.70280     39.59460    -14.52730
    52.48470     52.55460     -6.68210
    29.23440     42.59140    -15.73390
    29.26850     42.90350    -15.28800
    58.47320     47.75900    -11.39820
    58.35270     47.32320    -10.85500
    58.54600     49.00590    -10.80920
    33.06920     47.51290    -11.81220
    38.56730     31.47500     -7.63200
    37.55270     21.38410    -17.05510
    37.87080     21.07330    -17.14460
    40.05780     28.75620     -8.28520
    40.23850     28.56110     -8.32570
    41.28890     35.53910    -11.93980
    20.21850     24.91000    -10.40230
    20.07700     24.83560    -11.54990
    43.91380     33.59100     -7.82100
    37.25960     27.95640    -22.01910
    51.72810     48.12610    -10.25650
    52.10740     48.06100    -10.65310
    52.22210     47.67410    -10.58950
    53.53280     51.96650     -7.08870
    21.63640     22.43960    -10.53360
    53.74620     49.22670    -11.74510
    49.62670     42.46970     -9.27880
    40.25120     26.42010     -8.33950
    42.70280     28.30250    -13.45980
    42.09640     36.87650    -12.32140
    37.25860     26.01720     -9.38420
    32.63780     24.67120    -10.94430
    32.61640     24.32150    -11.69850
    32.05500     23.83890    -10.58500
    41.18030     26.76930     -8.29280
    43.92260     34.23660    -11.64330
    43.74810     34.25330    -11.81450
    41.81500     28.67750    -13.85340
    41.90670     29.07120    -13.81650
    51.86490     52.03860     -8.31670
    21.80020     22.53510    -10.55820
    51.04190     40.25460    -12.42030
    50.96270     40.60780    -12.69470
    43.41110     33.73300     -8.34490
    43.57240     33.75790     -8.53820
    52.55310     51.59670     -7.11970
    41.94070     27.33050     -8.14220
    19.82190     23.43220     -8.96550
    50.20360     44.23590    -10.54760
    50.28790     44.46430     -9.96080
    19.26150     23.58400     -9.60780
    50.40810     43.64190    -10.14710
    49.01910     48.51330    -15.90600
    50.21050     49.60490    -15.33280
    48.72820     48.16670    -15.60040
    51.45540     51.21750     -7.18850
    29.58680     36.05260    -13.74660
    25.23440     21.23970    -13.19880
    56.32880     65.41420    -22.67640
    26.88320     20.95580    -11.76850
    27.37130     21.08040    -11.95870
    31.55310     42.87200    -13.42910
    31.60260     42.53540    -13.10180
    35.58080     18.44730    -14.16720
    51.74280     40.33200    -13.01160
    26.78590     21.10280    -10.92190
    53.23890     50.98570     -7.53230
    52.92680     51.41840     -7.87720
    36.55310     48.42310     -9.43340
    48.87210     41.27160    -10.63260
    35.92120     27.81000    -12.64460
    35.32530     28.06000    -10.49940
    41.06240     54.33840     -8.88160
    41.70440     29.17810     -7.91780
    49.18530     41.81330    -10.22890
    43.00190     31.00520     -8.02000
    51.69280     45.43780    -10.70080
    54.29500     49.71630    -11.49200
    29.22930     19.95820    -13.72480
    40.71700     27.73620     -7.81710
    47.04650     43.26580     -8.80150
    53.70850     52.35310     -8.59350
    53.69690     50.34120    -11.34660
    29.44340     36.14730    -13.01910
    30.00170     36.06470    -13.25050
    36.45670     29.65560     -8.86850
    22.66780     35.65720    -11.11970
    47.57040     43.54900     -7.57720
    49.26480     41.45800    -10.94100
    36.65310     25.74060     -8.08790
    42.55190     30.52750     -7.38870
    42.59630     30.60040     -8.09680
    51.65030     44.33350    -11.45880
    30.82090     42.74570     -9.32260
    50.63400     45.82140    -11.79040
    37.73580     28.16890    -15.18040
    20.24380     23.89300     -9.77560
    39.96140     37.24210     -9.47670
    25.49080     20.60090    -10.04270
    25.40740     21.19280    -10.60350
    26.37370     21.04780    -10.48760
    50.84600     42.42360    -11.45200
    51.81620     46.10990    -10.33540
    25.66070     20.49760    -13.70180
    34.51000     45.62980     -9.16890
    34.68200     46.03740     -9.17750
    35.04260     45.46830     -8.77000
    49.23480     43.92360    -13.03780
    29.46360     36.53930    -14.64220
    53.00670     49.77110    -11.73190
    53.42670     49.87940    -11.85500
    44.57090     40.30800    -12.73990
    37.45870     32.25080    -11.38510
    49.97600     43.88030    -11.27420
    32.68920     27.41650    -10.43760
    33.53690     47.00590    -14.03660
    36.86380     29.57370     -9.62940
    27.37580     19.40650    -13.56040
    22.40970     21.39250    -11.10800
    18.96920     31.06770    -10.03930
    44.10090     36.21740     -7.96960
    51.97310     41.73660    -12.28600
    36.17300     48.72740     -8.15300
    59.57630     52.31920     -9.54200
    53.48750     42.70070    -14.91330
    37.65170     33.05820    -12.82550
    36.46470     24.55600     -9.74810
    22.41520     22.65730     -9.38360
    42.30610     28.92800     -8.00590
    42.84370     34.63110    -11.76310
    42.83590     35.13020    -12.03420
    27.00590     20.46190    -11.47760
    21.60390     23.07710    -12.54220
    38.04260     31.62220    -11.39310
    37.73260     31.40210    -10.68040
    35.77910     29.39600    -10.34890
    45.19750     36.58100     -8.19230
    41.77890     27.60320     -8.46990
    42.25630     26.70410     -9.31170
    34.87670     31.22430    -13.06130
    34.82790     33.64310     -7.66290
    44.07740     34.40930     -7.68060
    30.65410     37.20860    -13.55440
    30.54960     36.45220    -13.17450
    23.36830     32.83080    -13.76790
    24.11910     31.65590    -14.19770
    40.05050     33.80270    -11.96700
    35.56760     28.63840    -13.08640
    35.88530     28.66670    -12.90580
    19.47540     28.13720     -8.20610
    48.46830     50.40500    -11.10960
    48.58050     49.55190    -11.67830
    48.40730     49.58020    -11.35310
    41.28810     33.63060    -11.38810
    42.37190     26.24670     -8.80040
    38.43990     52.98980    -10.40000
    40.36930     28.90750    -11.08900
    36.89860     25.25720     -9.77340
    52.93310     44.34180    -12.07600
    53.22860     43.87850    -11.99480
    55.58560     48.26350    -15.06370
    39.79110     28.32650     -6.85890
    40.14780     28.51990     -6.23470
    39.52330     54.08870     -9.69530
    42.13340     42.51670     -8.73110
    42.11880     41.88960     -9.39400
    42.57910     41.80020     -9.47550
    33.91360     48.26540    -11.90360
    35.28730     27.86250    -11.92430
    47.52370     36.89560    -10.84190
    35.75280     28.97740     -9.74860
    42.91360     33.76470    -11.24420
    35.72190     28.23220    -13.80770
    25.89700     38.23350    -12.36410
    17.86890     33.31230     -3.54400
    31.69730     44.63970     -9.00170
    42.63260     28.07320    -13.07690
    39.48130     53.40620    -11.19040
    42.22120     37.79900    -10.79020
    42.37520     39.88620     -9.78380
    53.34330     50.53100    -12.59780
    23.91740     33.37870    -13.67230
    43.13800     38.74330     -8.40660
    42.66840     38.04720     -8.72290
    34.94840     45.43300    -13.83550
    43.71230     42.22020    -10.05090
    37.12710     19.25490    -13.25670
    54.04540     50.53200     -8.91750
    26.29670     37.49390     -9.91120
    35.53780     30.29770    -12.75660
    19.44520     22.35050     -8.15680
    39.34200     34.16610    -12.78820
    59.52880     54.04700    -21.11690
    59.96320     54.30510    -22.23780
    59.65050     54.93570    -20.09180
    45.03630     45.99570    -26.35090
    50.41420     45.61530    -10.45770
    53.45850     44.11950    -14.10860
    28.43860     25.07300    -14.38260
    28.26600     24.93400    -13.79450
    36.70350     47.67080    -10.29860
    36.78310     48.05760     -9.53860
    38.86510     29.23100     -9.70040
    38.65150     30.00710    -10.12700
    36.76980     34.45710    -12.06120
    52.33880     49.18170    -12.15110
    30.26400     41.81480     -9.64650
    59.84340     51.93080     -9.97880
    52.72790     53.25290     -7.06790
    29.47050     33.69930    -11.54940
    29.13880     33.13810    -11.20400
    29.17250     34.04890    -12.15200
    35.86460     50.13430     -8.09360
    52.15470     38.42500    -10.76880
    39.40110     40.90210     -9.53460
    34.32870     48.50060    -10.80280
    36.47630     26.76740    -12.25440
    28.60700     35.49150    -11.00160
    28.47760     34.78550    -12.31300
    39.47170     32.35270     -7.83520
    23.18240     23.62950    -12.90730
    22.99890     22.90150    -12.14200
    23.89830     23.17180    -12.25690
    34.43110     43.09450    -20.58980
    34.05380     42.96560    -17.63400
    30.89780     34.07140    -16.32190
    31.46910     34.36560    -16.29510
    49.13010     49.32940    -10.31950
    49.59680     37.17130     -8.03180
    42.75530     30.03980     -7.72420
    60.12700     52.47630    -11.38910
    48.00910     42.82540    -15.32550
    33.77380     26.52760     -8.55200
    33.47690     25.76140     -8.52640
    28.69250     38.77950    -13.45680
    48.13980     62.62900    -16.83150
    37.77550     45.24520    -21.96600
    45.66860     42.05550     -7.94310
    50.76990     43.05370    -11.78840
    19.70630     27.26990    -14.20460
    25.71730     24.01840    -14.62910
    30.75410     42.55200     -9.88880
    31.26960     42.03460    -10.31950
    42.52420     37.87440     -5.77120
    41.73150     38.22390     -6.33720
    42.19370     37.43210     -5.81250
    39.33260     53.42560    -11.98010
    39.90120     54.17310    -11.57920
    39.12410     54.15180    -12.24050
    37.53750     35.57940    -10.89980
    47.49510     43.83070     -8.21540
    42.59120     26.67980     -9.58400
    38.07120     41.15840    -18.10640
    59.01260     51.52240     -8.65790
    35.48920     49.55510     -6.83640
    20.06460     22.85260     -7.47730
    42.18230     33.75670    -11.71630
    35.91500     29.45310    -13.74450
    42.02210     54.43790    -10.58260
    42.56000     53.62470    -10.79050
    42.13490     54.23100    -11.45170
    52.62240     59.43380    -24.33510
    52.06020     59.89710    -22.93630
    42.43180     32.52240     -7.41580
    38.07680     31.82080    -14.85930
    39.10820     31.28010    -14.42200
    38.66770     30.50110    -14.48330
    39.86460     27.77390     -7.10620
    32.35380     44.35800    -12.54240
    20.85450     23.71730    -11.83920
    47.70320     45.95270    -14.10210
    22.09300     25.50220    -11.74630
    38.33250     26.83410     -7.76300
    33.87230     31.44090    -13.88690
    38.01200     49.27370    -12.06950
    33.58380     46.17160    -13.62680
    32.95910     22.22350    -11.00510
    42.48480     32.09160    -14.74700
    39.61860     26.99760     -5.94330
    52.99560     54.49480     -8.31370
    53.58990     54.50910     -7.85230
    53.34570     55.09370     -7.23380
    25.45570     37.62070    -12.37960
    41.18200     38.92940     -9.94570
    23.59260     34.84070    -14.41390
    42.51550     29.76150     -8.96530
    41.41930     36.94940     -7.92720
    40.72370     32.85370    -11.02800
    49.31240     57.36660    -24.91240
    50.77620     57.04120    -25.36520
    50.44500     56.72280    -25.19900
    55.10430     56.03850     -8.77580
    31.75200     20.96740    -12.66180
    41.41570     53.02850     -7.48610
    27.01230     38.24820    -10.66820
    56.67740     60.55160     -9.56270
    54.86480     59.73460     -8.00220
    43.47200     36.33050     -8.09760
    36.24020     25.94300     -9.14970
    51.32240     45.19080    -10.29560
    35.44590     31.54780    -13.74020
    20.78430     28.26350     -8.84910
    45.07280     38.72260     -7.24850
    42.40290     27.14730    -11.33240
    40.98180     37.92530    -10.96230
    41.31760     52.31690    -14.82860
    42.06530     39.57790     -9.09300
    51.79940     46.74770    -11.99000
    52.86470     46.89590    -11.89150
    46.91000     34.96830    -10.59250
    42.76360     39.95040     -6.79170
    42.83240     39.37650     -6.16330
    35.19970     29.32170    -10.45540
    46.83490     37.87160    -15.19710
    57.06300     65.65740    -22.61570
    45.46820     40.85230    -12.40740
    45.28010     41.03300    -12.69030
    57.71160     47.78420    -17.06840
    36.65630     34.05460    -12.12600
    41.17830     32.06140    -12.24380
    18.29450     31.19380     -8.08010
    18.70050     31.93540     -7.73090
    19.13530     31.12420     -7.73140
    30.19360     15.51390    -22.92640
    30.12750     13.82510    -22.58130
    35.70190     27.80680    -10.82640
    47.59560     33.70700     -8.19750
    34.86110     25.91790    -13.95890
    33.81910     26.18360    -20.00950
    33.75330     26.26820    -21.09310
    32.96240     26.56410    -20.26920
    34.29800     26.53040    -20.23200
    51.41240     51.50900     -9.36490
    41.09240     40.21000    -10.34990
    52.61370     42.98950    -13.54670
    28.55920     39.37800    -12.15530
    24.56300     33.11890    -14.05930
    25.58180     33.56560    -13.92480
    24.61480     34.10060    -14.12640
    45.80930     42.12220     -7.39650
    32.75480     44.79920     -8.86670
    31.45530     35.89290    -12.17470
    41.77870     30.74190    -14.63390
    46.23380     38.35080    -14.62660
    56.27390     53.54740    -12.86100
    54.28950     52.86830    -11.93070
    33.98590     27.81760    -10.62090
    35.74300     31.87480     -8.37430
    20.19620     22.67370    -10.03040
    30.51990     19.38330    -13.15760
    41.66270     54.12380     -9.80570
    37.39140     29.58830    -11.18910
    45.38650     40.61960    -14.06780
    52.60150     51.17700    -10.47940
    31.69230     34.19750    -16.98050
    39.30250     31.77530    -14.79480
    50.11230     57.99950    -24.53740
    36.69930     22.92220     -7.11420
    17.72980     26.58700     -6.67540
    35.90560     30.36360    -10.71670
    58.61350     48.95740    -10.13430
    29.73340     19.42490    -13.11390
    34.54400     48.22880    -11.57630
    48.26530     42.61990     -8.85660
    25.23250     22.06810    -12.32240
    31.65200     37.81280    -17.97280
    40.19360     33.73020    -11.45700
    35.95620     25.26640     -8.91540
    52.50790     51.65660     -9.31420
    39.75890     31.97410    -11.77980
    25.43800     39.56780    -13.07590
    53.51230     52.62700     -8.23690
    37.57260     32.63160    -13.58960
    37.74800     32.37450    -13.11080
    43.23150     40.78030     -9.25740
    43.38890     41.25510     -9.09660
    17.99950     27.85760     -6.82000
    37.97870     29.63830     -8.24350
    58.90550     50.36640    -17.29480
    42.61540     39.20370    -12.64280
    43.14430     38.52590    -12.33230
    47.25100     45.04160     -8.86500
    33.48590     32.55070     -7.28060
    38.94700     35.32140     -8.27030
    42.96950     33.07540    -14.10190
    37.26550     27.04520    -21.81030
    36.07480     27.07360    -21.39060
    36.82230     27.28290    -22.24640
    40.73210     55.29020     -8.79100
    57.78140     45.95380    -19.94950
    37.70470     49.76040    -13.60450
    37.83230     49.30400    -14.30800
    37.40310     49.26090    -12.73960
    30.66160     41.06190    -14.08760
    34.68270     36.54420    -13.39960
    54.61300     43.71910    -15.58420
    40.71210     29.26760    -14.61570
    42.18380     40.28850    -10.27650
    38.40650     49.43370    -10.64190
    31.74610     21.63230    -11.32170
    31.58580     21.87350    -11.45800
    36.11980     25.32050     -8.04690
    34.27820     23.30980    -10.11930
    32.88900     42.85680    -13.01050
    36.34840     28.48200     -9.93870
    55.90230     62.32160    -24.12560
    51.50760     52.46930     -9.82560
    25.37660     34.78060     -9.73300
    39.93560     36.78020    -12.50270
    40.43020     35.66650    -12.96410
    32.35790     42.74610    -11.73460
    47.47770     44.19900    -13.70570
    57.84320     56.62030     -7.86500
    22.76970     22.93590    -12.79950
    38.88730     32.82940    -13.76680
    49.22880     39.52600    -14.66970
    61.01780     54.69540    -24.50760
    57.32660     65.64740    -24.16360
    57.56330     65.43460    -23.75800
    24.61980     38.97760    -13.19020
    35.61120     19.78610    -17.46600
    36.00020     19.98510    -18.45060
    46.25010     42.80640     -8.13050
    31.41180     43.20630     -8.61170
    25.38730     21.14360    -12.44230
    41.25160     35.11920    -11.59390
    41.73940     31.51360    -13.10320
    36.10370     46.60260     -9.07170
    47.95640     38.70150    -15.20240
    51.07140     50.78740     -7.56940
    40.77480     55.05720     -9.86180
    33.55470     26.84440     -9.09070
    51.88270     40.08390    -11.64370
    40.37840     31.45620    -12.25050
    37.74530     41.38110    -18.69070
    37.59620     40.27070    -19.39160
    38.78060     41.50510    -18.19780
    46.50560     40.92520    -10.37440
    39.89990     55.50770    -10.95180
    58.10880     48.58530     -9.03170
    26.73730     38.47750     -9.97230
    33.04490     37.15200    -15.08230
    40.61260     27.52830     -9.28980
    36.53060     30.71140    -12.32960
    33.73870     44.44520    -13.45860
    56.12880     66.11570    -20.89740
    44.75430     36.00940    -12.21760
    44.00830     36.33610    -11.93160
    44.18910     36.80790    -12.90870
    48.13410     35.12560     -7.11650
    47.59690     35.23550     -7.86250
    47.47180     34.11800     -7.43210
    18.17360     26.44880    -13.23670
    17.09460     27.67970     -6.01110
    25.84970     37.40030     -8.33290
    43.57720     36.55320     -8.90980
    37.82130     32.74550    -20.33430
    38.09030     31.64760    -19.89170
    42.29960     39.33190    -10.46130
    25.44160     22.76080    -13.66340
    25.77520     22.52510    -13.07150
    41.91020     56.49160    -10.16880
    35.84290     46.46500    -10.24820
    43.11440     34.63950     -8.11160
    49.65020     45.83650    -10.00310
    40.92930     38.58960     -9.16440
    44.85100     42.72200     -5.11700
    18.09490     26.13410     -5.98580
    41.99400     25.30230    -10.42310
    41.04740     27.61090     -6.81670
    45.78040     39.59810     -6.82460
    45.64600     40.09760     -6.64260
    35.91050     47.22430     -9.90920
    48.23650     40.26340    -14.35860
    34.87390     32.59390     -6.96700
    40.91060     34.23550    -16.75230
    47.99930     43.80090     -8.84340
    45.31490     37.68860    -12.74570
    31.77660     34.16000    -14.99030
    51.63950     41.99720    -13.08940
    35.54890     23.84040    -10.64570
    39.51430     29.31540     -9.78150
    30.29420     19.53580    -12.01570
    45.45240     34.36470     -9.65390
    47.90630     39.69190    -15.03790
    58.02680     56.46750    -10.19170
    59.45470     56.11050    -10.11790
    58.74370     56.50450    -10.61200
    34.34260     25.38720     -8.32890
    56.15560     63.33370    -20.96360
    34.17670     44.25390     -9.85630
    23.16380     34.64120    -10.43160
    28.68840     20.99970    -11.78360
    25.53320     38.49030     -6.66580
    33.01980     46.13820     -9.24140
    32.55730     46.47620     -8.53200
    55.15210     47.01460    -13.40230
    17.22100     27.36020     -4.82280
    16.69050     27.02450     -5.66690
    49.00420     42.72730    -15.12510
    48.79140     41.78940    -15.56950
    35.13060     46.97880    -11.94390
    34.67940     46.87240    -12.53480
    29.63310     27.52730    -12.52930
    17.78180     25.71350     -4.95540
    49.01080     57.13290    -22.80250
    48.74850     56.08120    -23.80340
    33.00030     32.75880     -8.11010
    35.47060     46.80540     -8.50090
    21.08920     24.26700     -8.87600
    30.44380     29.95390     -7.83580
    21.83610     26.08130    -12.16530
    45.03790     49.15630    -27.34960
    43.94640     28.53020    -14.08800
    32.37460     46.64870    -12.03440
    49.19440     35.19880     -9.12160
    22.59080     34.26580    -11.52790
    43.41330     36.47810    -13.21160
    48.57080     42.72500     -8.05660
    42.18690     38.59910    -13.81000
    19.12790     30.92560     -6.30180
    41.96370     34.84260    -13.72640
    39.27300     33.66610    -10.49120
    29.45460     41.52220    -10.40850
    49.26380     42.70740    -13.37530
    44.85030     47.70500     -5.77110
    46.61080     46.54360     -6.50800
    46.61930     46.10930     -6.59960
    22.82200     26.60730    -12.68810
    45.47280     37.24980     -9.39120
    31.82110     26.73250    -10.61010
    41.60940     28.84850    -15.20900
    39.67990     45.18180    -19.60970
    16.49600     29.29630    -16.03870
    36.05690     31.93960    -12.23170
    40.73700     52.99160    -11.98560
    46.82940     45.09330     -9.55660
    32.99360     28.94420    -10.75110
    25.89790     32.00640    -13.19250
    46.02590     37.47730     -9.97650
    49.41710     57.60880    -20.40500
    19.53190     29.85280     -9.96690
    42.73020     57.07150    -10.18100
    43.37440     57.70320     -9.08090
    22.23160     26.24140    -11.07290
    34.39270     46.57750    -10.45350
    30.77680     27.94290    -10.40010
    29.03240     25.43170    -13.00510
    33.30580     17.84170    -15.31120
    48.53230     48.02960    -14.10150
    31.42610     37.57310    -15.99920
    54.59070     47.02590    -14.10180
    35.58510     32.54980     -7.27980
    28.66000     27.01520    -12.69600
    43.80180     33.95610    -13.87500
    29.59280     44.43680    -13.51140
    29.59470     43.44750    -13.68520
    39.50520     27.73760    -15.44420
    33.94190     48.43720     -9.26220
    31.18540     46.23060    -15.59000
    31.45920     45.83530    -14.20260
    32.83000     22.13270     -9.94440
    43.05960     37.79990    -12.10010
    42.88980     26.81090    -14.48280
    39.41130     29.35850    -24.47000
    41.44500     25.02200     -7.22820
    19.21470     27.23210     -6.58750
    20.10430     22.30070    -18.06400
    20.62090     25.06050    -19.23630
    32.45150     26.30710     -7.97960
    32.83460     26.90890     -6.82700
    44.43330     40.34320    -13.69680
    22.41080     34.20410    -13.61540
    40.30490     24.11620     -6.60510
    28.08980     24.34570    -15.65960
    51.49680     58.01020    -19.51310
    51.66870     58.36500    -18.49070
    25.35550     39.39550    -15.87860
    43.55830     40.48090     -4.81850
    24.95080     36.45080    -12.90720
    35.16160     27.68090    -14.81930
    18.09360     27.16690     -5.57140
    29.89900     39.27480    -15.11640
    48.18280     45.75510     -8.67390
    43.59060     41.33300    -13.38000
    49.83630     62.97820    -21.28470
    41.34110     30.79740    -14.90510
    22.37170     22.43420    -14.22210
    41.24120     51.32250    -16.82890
    49.40750     34.73000     -9.62380
    29.65260     35.21490    -15.62790
    29.99220     36.15260    -15.69850
    52.85010     48.25360    -12.01490
    18.74560     28.38570     -6.94130
    33.35790     36.18270    -17.70980
    40.49860     54.33360     -8.28780
    50.03530     44.92620    -13.30080
    34.09100     20.91090    -11.28890
    41.92280     30.94300    -16.50350
    28.38260     18.26430    -13.36990
    32.49140     46.06630    -14.73250
    39.87120     35.15080    -13.55630
    31.29430     30.16740     -7.57300
    36.51050     41.11700    -17.67680
    44.42800     43.26040    -10.56210
    45.27520     43.31500    -11.30130
    22.11080     35.81240    -10.03390
    37.85280     44.00500    -23.46430
    37.94680     44.28490    -23.61200
    20.96570     25.33730    -10.77470
    45.07850     38.11760    -13.57170
    43.92220     35.09830     -8.69060
    42.32370     32.06870    -11.35800
    24.61870     19.79740    -14.35230
    24.65100     21.18370    -14.69410
    25.26470     35.40590     -8.72060
    53.12840     47.86480    -12.94110
    20.02410     22.10390     -7.02840
    31.65530     31.13650    -12.12480
    18.22420     26.13560    -10.30060
    29.95250     43.30100    -12.39860
    26.76010     18.81160     -7.32450
    33.16640     41.19940     -6.84530
    54.22000     47.13320    -12.60330
    35.21890     16.95400    -12.52680
    18.67370     24.49300    -17.50850
    34.17950     22.68200    -16.91630
    17.92970     28.00320     -8.32100
    33.59720     24.69260     -9.42220
    49.62000     41.68430    -14.51880
    50.55590     59.22670    -23.32330
    41.31240     33.17750     -8.21680
    36.63240     51.07660     -5.95940
    34.81330     49.53270     -5.64460
    48.73470     61.40290    -11.50270
    18.66220     28.18290    -10.38880
    29.01340     37.78940    -15.48410
    42.63540     35.00150     -7.31870
    51.12380     41.97430    -14.62060
    30.90720     34.38270    -13.68510
    36.50520     29.28750    -14.72760
    18.46230     24.44990     -8.45210
    25.47520     37.99760     -6.50860
    41.02310     53.09650    -10.14700
    47.11350     57.17400    -19.60400
    53.81820     51.38760     -9.57130
    32.90660     31.78430     -6.87190
    28.42130     37.89840    -15.11520
    37.71450     27.26970     -8.92110
    55.24880     46.48730    -15.04450
    35.09180     33.91190    -18.83450
    50.81190     59.01320    -24.33220
    23.18780     21.37000    -10.45080
    45.87200     42.71960    -10.18740
    34.51110     24.52160    -19.07710
    29.57350     28.33810    -19.65320
    39.48090     27.72830    -13.80310
    18.84880     25.10670     -7.24980
    48.81740     44.44390    -12.41360
    41.79730     32.87170     -6.98840
    37.76880     28.98520    -14.37940
    50.39170     58.06940    -21.00940
    54.12120     53.47290    -11.52730
    34.60750     38.02690    -21.63930
    25.71450     39.31980     -9.21900
    23.15820     21.42410     -5.53430
    30.84520     37.29310    -22.59600
    36.28260     48.65140    -11.37600
    38.50660     34.28780    -14.59280
    39.22560     43.62550    -27.10760
    39.82010     45.91080    -17.82930
    46.76820     37.76060    -12.27300
    31.49400     26.32020    -11.32180
    51.33430     57.48930    -23.73610
    50.96330     47.55530     -7.77730
    19.07150     25.24200     -9.09370
    50.71650     64.21090    -23.93550
    52.43970     64.98020    -23.98260
    50.47930     64.74480    -23.90250
    30.05950     34.30720    -13.66450
    43.91020     33.15360    -16.14580
    33.03550     45.98930    -10.87470
    37.56120     24.48320     -6.56660
    38.81100     22.74720    -10.33140
    19.91350     26.11470     -7.88740
    32.73970     25.93380    -17.92810
    18.82420     23.49530    -13.60770
    43.33410     56.46680    -13.13940
    28.78740     41.21090     -5.31540
    20.78460     29.74560     -9.72620
    22.21750     20.82420     -9.62620
    57.58050     64.72880    -20.73380
