    36.02421     21.07579    -15.75179
    57.42721     47.85033    -16.88283
    57.19310     47.90739    -16.81615
    52.05113     47.05159    -11.09793
    36.01773     21.07891    -15.77957
    42.00703     29.51862     -7.55727
    41.95968     29.64429     -7.51175
    42.02046     29.61640     -7.42691
    52.62065     41.19662    -14.02120
    55.97730     65.19731    -22.53653
    53.93406     55.67528     -8.60759
    53.85174     55.44175     -8.49978
    35.99143     21.09782    -15.29550
    55.81243     57.28017     -9.94314
    55.82193     57.28096     -9.77500
    55.82540     57.28968     -9.75088
    55.83241     57.30429     -9.77040
    26.38673     20.69198    -12.64809
    42.50190     34.26140    -11.79875
    48.51688     42.46457    -10.18079
    48.67249     42.47765    -10.16528
    48.52861     42.48239    -10.15151
    40.38257     33.52216    -14.84882
    26.36962     20.67870    -12.68781
    26.40437     20.68646    -12.70742
    26.40982     20.69767    -12.59206
    35.47966     20.17562    -13.75019
    26.97708     38.61607    -12.40649
    26.82847     38.54654    -12.42456
    26.71177     38.52353    -12.35441
    36.03740     21.09101    -15.65664
    36.03171     21.06566    -15.69953
    36.02680     21.10061    -15.64883
    33.53333     25.93380    -10.89463
    33.59649     25.99012    -10.90516
    33.49659     26.10805    -10.91287
    51.49035     49.80153     -9.63688
    51.48705     49.73599     -9.99917
    51.48919     49.74808     -9.84695
    26.34023     20.68302    -12.82338
    43.22283     35.13745    -13.61149
    43.05768     28.57511    -10.53569
    36.05221     21.14689    -15.77608
    55.73618     64.71737    -22.39561
    55.74365     64.72696    -22.39977
    55.70784     64.58918    -22.34425
    55.72121     64.50122    -22.18392
    42.96459     31.52658     -8.08339
    39.92220     32.37694    -14.40722
    51.84083     52.23563     -8.86789
    30.39011     32.10110    -16.16805
    30.29563     32.15342    -16.12233
    30.29927     32.14489    -16.10872
    30.31987     32.14446    -16.10882
    35.47824     20.23351    -13.82901
    35.48496     20.18838    -13.78750
    34.57825     31.05924    -10.65991
    34.59955     31.01706    -10.47400
    34.49691     31.06876    -10.55369
    34.54206     31.04170    -10.53570
    52.09296     52.28142     -7.32369
    55.71017     56.19009    -14.41613
    55.71733     56.30107    -14.53116
    55.72828     56.23689    -14.48473
    42.87967     28.68561    -10.41081
    42.95978     28.63141    -10.24638
    42.89437     28.64928    -10.29775
    42.89645     28.69125    -10.34478
    26.46395     20.73866    -12.49914
    26.48759     20.71202    -12.53495
    26.50724     20.71484    -12.48342
    54.80425     50.23431    -13.42741
    34.39890     31.19920    -10.30551
    33.54269     25.92113    -10.89531
    33.37542     25.60332    -10.74830
    37.67654     31.38352    -11.02239
    35.71754     20.62494    -14.01033
    35.90011     20.96240    -14.91488
    35.86386     20.87270    -14.82115
    33.57903     38.06524    -17.84656
    50.61810     43.95129    -10.96922
    39.39653     32.21568     -9.18065
    39.61878     31.93476     -9.18903
    42.40094     28.49249    -12.07597
    26.36604     20.65879    -12.73838
    40.32453     32.83389    -11.44418
    40.45384     32.32391    -11.52751
    51.49022     49.70491    -10.10605
    40.38850     32.94635    -14.79670
    43.67325     35.16719    -13.89183
    40.44231     34.45284    -10.24612
    40.64373     34.24051    -10.36227
    26.38787     20.68153    -12.81680
    43.14943     28.45840     -9.93941
    43.13716     28.32018     -9.78167
    43.06510     28.44975     -9.74642
    60.84523     54.60623    -24.02193
    42.97581     28.67507    -10.15879
    35.45033     20.03231    -13.81993
    35.47262     19.98624    -13.73211
    39.03246     32.21816     -8.39980
    39.40623     32.23440     -8.61623
    55.73731     64.59660    -22.53898
    49.75011     36.79065    -12.31937
    49.72542     36.77150    -12.30298
    49.61283     36.63630    -12.14039
    59.61583     51.49761    -10.26556
    59.57213     51.28214    -10.33527
    42.70211     37.59062     -7.75345
    26.61427     38.63625    -12.68415
    29.40606     20.26605    -12.98936
    29.33465     20.44433    -13.00052
    29.39614     20.30474    -13.12847
    33.45796     20.26706    -12.70982
    33.40298     20.30819    -12.71468
    33.44343     20.30374    -12.70779
    33.69121     20.49840    -12.46442
    42.62742     34.54805    -11.48153
    27.08116     38.86519    -12.75650
    53.47171     55.05491     -8.31340
    35.42127     19.81234    -13.85624
    31.08596     42.53418    -13.51408
    42.64955     34.53276    -11.43854
    35.45344     36.91506    -14.47913
    35.48547     36.90662    -14.52369
    51.20433     44.80842    -11.24483
    42.79665     34.30294    -11.44347
    42.31968     33.47551    -12.67956
    42.34792     33.61953    -12.53310
    42.31897     33.44623    -12.80981
    52.62834     41.29113    -14.04356
    52.66282     41.20151    -14.10444
    52.80596     41.53255    -14.26224
    35.41398     20.22036    -13.51058
    31.28329     44.03548     -9.58236
    26.27748     20.66431    -12.79862
    43.81988     35.17445    -13.88658
    43.82267     35.19502    -13.88471
    18.58861     31.27626     -8.70915
    43.48647     41.40674     -9.85461
    40.49355     33.69565    -10.65609
    33.83390     44.93612    -12.93163
    33.09649     44.51365    -12.15665
    33.30354     44.76156    -12.73552
    45.28865     46.35262    -26.62274
    45.28577     46.38080    -26.66261
    47.62420     47.50910    -26.54980
    40.47464     33.07056    -14.78708
    40.39530     33.00246    -14.80678
    40.42385     32.99317    -14.88359
    32.54840     24.75071    -10.81772
    49.83256     36.94339    -12.34678
    20.10612     23.48747     -9.20702
    51.24427     39.24462    -13.03709
    48.56060     34.96824    -11.60238
    41.95405     37.23954    -11.26461
    48.11361     50.08680    -12.31863
    48.19495     50.07707    -12.19251
    48.03248     50.25789    -12.61961
    23.61708     35.70373    -11.77305
    23.71139     35.72755    -11.81723
    23.08995     37.03917     -9.11236
    23.05289     37.02057     -9.12017
    23.06967     37.09486     -9.06713
    59.78436     52.11857    -10.37958
    35.59723     20.01630    -13.64897
    40.21662     32.77501    -14.68443
    21.20934     23.33010    -10.63949
    24.44402     35.91273    -12.14567
    35.37120     20.15444    -13.86644
    48.34011     40.05937    -10.66490
    48.17352     39.59420    -10.65287
    48.24187     39.83600    -10.70809
    40.56795     34.01001    -10.46258
    40.77986     34.25830    -10.48526
    50.52352     43.81492    -10.90756
    47.60229     37.72364     -9.64472
    47.60207     37.72783     -9.62436
    47.39853     37.64161    -10.01546
    42.55875     28.76995    -11.00976
    42.47207     28.67240    -11.24862
    42.60656     28.71711    -11.07808
    40.30734     33.20151    -14.87698
    48.75992     35.48485    -11.69330
    48.61783     35.40559    -11.67251
    48.60015     35.32758    -11.65009
    48.40591     40.15463    -10.64787
    43.00122     34.45206    -10.83727
    37.29783     28.73070    -21.90335
    36.51311     24.75056     -8.76813
    21.41568     23.70059    -11.13609
    26.71483     20.76477    -13.13396
    20.32083     23.56916     -9.87558
    40.71352     31.39063     -7.65516
    40.72298     31.38417     -7.67594
    45.46204     42.93935     -7.69022
    42.72875     37.86070     -7.88177
    31.16474     43.81741     -9.83147
    31.15867     43.76255     -9.77460
    54.02566     46.23669    -13.46185
    53.74956     45.73311    -13.50055
    53.76944     45.74845    -13.46558
    53.69143     45.52698    -13.49926
    31.70241     35.87641    -15.38178
    31.75850     35.88256    -15.29773
    51.24089     40.94720    -12.33158
    34.43622     45.02833    -13.00608
    34.32785     45.12087    -13.13379
    34.81690     36.13465    -17.35271
    37.49339     29.91238    -10.64300
    51.20192     41.09559    -12.20797
    26.56252     38.69258    -12.85788
    26.72294     38.71549    -12.79070
    35.93870     21.01053    -15.90091
    35.97132     20.84350    -16.07917
    42.62221     37.88513     -7.65185
    42.68048     37.90724     -7.73964
    42.59783     31.49733    -16.87850
    35.32490     36.87564    -14.46018
    50.98858     40.78084    -12.12936
    51.23731     41.30298    -12.12097
    45.44766     42.99195     -7.58649
    45.51418     42.95101     -7.63220
    48.12711     35.25029    -11.35501
    31.27783     43.86564     -9.62484
    21.52560     22.88196    -11.36340
    21.44430     23.20862    -11.56399
    37.43583     32.66222    -11.86423
    43.55479     41.40548     -9.95837
    35.56080     37.03881    -14.55212
    35.50556     37.01077    -14.52554
    35.56123     37.10249    -14.64588
    42.66490     37.97834     -7.27919
    41.87926     36.71823    -11.71023
    36.48048     24.75099     -8.86093
    36.52160     24.70136     -8.89092
    26.67648     38.44933    -12.45259
    46.99755     34.49445    -10.20078
    34.21008     31.33248    -10.58618
    18.77972     30.98889     -9.26916
    18.54829     31.29075     -9.06084
    35.12839     46.19309     -9.52596
    41.93195     29.26935     -7.56377
    42.02836     29.41853     -7.64100
    49.87859     45.79724    -10.91857
    23.46188     25.08951    -13.48008
    52.02222     52.23807     -6.62158
    52.14859     52.30776     -6.81111
    26.34062     38.57490    -12.74918
    41.98421     28.78614     -7.74187
    52.00699     52.39118     -7.64965
    51.83887     52.40566     -7.90462
    33.55661     38.11832    -17.97582
    31.41804     43.58433     -9.44097
    33.42257     26.26724    -11.04086
    27.60050     32.67590    -17.18070
    41.07190     27.25303     -8.09077
    40.94648     27.30162     -8.17127
    52.79380     51.86652     -7.39285
    49.59056     57.62883    -23.61766
    34.69810     33.59550    -16.31990
    51.26564     39.24855    -13.02213
    21.45842     23.01180    -11.16496
    29.88825     36.44600    -13.36815
    41.32650     29.39183    -16.85226
    43.71965     35.41193    -13.73617
    31.29797     43.72229     -9.60304
    31.40847     43.75709     -9.64297
    33.58697     38.13976    -18.07108
    33.63718     38.15894    -18.00698
    23.14654     36.92279     -9.28409
    23.12940     36.97052     -9.33087
    41.60787     28.65910     -8.10144
    49.76699     45.03242    -10.31800
    27.46838     38.80060    -11.86661
    27.94160     38.89301    -11.61076
    27.92167     38.89757    -11.40898
    27.55241     38.84248    -11.68213
    39.40357     32.23746     -9.04158
    38.30370     23.94830     -8.91820
    23.01346     36.35873     -9.40422
    55.72896     56.37092    -14.56976
    55.76569     56.34182    -14.79955
    23.21757     35.60321    -11.59394
    39.86009     54.38486    -10.35282
    46.25032     43.18386     -7.56063
    26.74029     38.78024    -12.97008
    43.56517     35.17038    -13.84084
    41.89661     36.92008    -11.54994
    49.13037     36.01749    -11.91552
    48.99839     35.77376    -11.85624
    49.76044     43.48444    -10.41617
    35.51158     30.50309    -13.06866
    35.40319     30.79727    -12.83961
    51.23652     38.98249    -13.14583
    31.22864     43.68375     -9.62587
    20.08252     24.28397    -10.35807
    55.06353     50.32308    -13.48384
    55.38254     50.89894    -13.28682
    54.84934     50.04759    -13.56642
    45.45321     42.82954     -7.76595
    45.26398     42.78521     -7.77349
    33.36860     38.06802    -17.40861
    48.92867     42.44410    -10.17873
    48.93206     42.33227    -10.34580
    48.84656     42.38758    -10.37675
    42.65536     33.07042    -13.23450
    23.48340     24.37028    -13.80386
    33.93059     44.14707    -10.02638
    50.14224     44.11582    -10.57594
    50.81010     40.59391    -12.13620
    50.78992     40.64102    -12.12449
    17.38547     26.21411     -8.73844
    28.78259     39.45658    -11.20707
    29.03727     39.66263    -11.12413
    28.96623     39.72483    -11.25625
    50.13311     43.74770    -10.46271
    52.90230     41.27621    -14.44008
    23.56270     24.48628    -13.68338
    23.55484     24.51006    -13.71126
    52.12811     41.06842    -13.29063
    35.07775     36.09607    -17.11754
    35.47124     36.39087    -16.91533
    35.06125     36.09988    -17.12453
    20.08298     23.07753     -9.52133
    21.33988     23.33130    -10.60565
    49.82396     37.09843    -12.41834
    33.46985     38.06897    -17.72262
    33.50682     38.04318    -17.82231
    41.50997     29.55815    -16.45100
    41.35150     29.37299    -16.78998
    56.65523     65.36318    -24.17809
    43.76895     35.00479    -14.05264
    51.51659     45.31411    -11.37636
    51.53974     45.28889    -11.45758
    51.70618     52.42914     -8.73114
    33.81262     46.14359     -9.11725
    43.92690     43.35860    -25.81570
    51.78018     44.89985    -11.60480
    43.87240     46.62340    -23.87660
    45.67534     43.03887     -7.53867
    50.00373     37.19950    -12.47535
    49.98405     37.18189    -12.43247
    38.54177     31.78401     -7.81631
    38.36146     32.41790     -8.15377
    19.61637     28.17944     -8.04472
    20.98030     23.37847    -10.32041
    21.03728     23.22329    -10.21887
    21.12672     23.25253    -10.64356
    39.05430     36.41562     -8.48798
    38.76997     36.11336     -8.17518
    50.38371     43.70304    -10.78275
    21.49270     23.87615    -11.46807
    21.54005     24.24782    -11.61907
    52.89089     43.52906    -13.05591
    33.37462     37.76064    -17.66987
    37.41663     32.16838    -11.01420
    29.80129     36.42181    -13.61986
    45.24525     42.85168     -7.47623
    43.19672     28.42079    -10.03246
    51.03751     44.86250    -11.16343
    50.70578     44.44989    -10.97009
    37.71015     28.65204    -11.20335
    42.52002     38.10959     -6.79940
    49.79440     54.26780    -26.21010
    32.56705     22.46682     -9.78705
    32.99040     45.01540    -13.33396
    32.54603     45.35927    -13.90163
    32.83881     45.00388    -13.28705
    32.85770     45.10478    -13.34605
    50.96036     44.39661    -11.23789
    23.27943     37.01800     -9.74249
    36.57509     29.31520     -9.55710
    43.08050     31.43866     -8.21509
    37.70763     29.53307     -9.29827
    44.92470     31.47050    -10.29290
    48.84305     42.36005    -10.22088
    40.07417     54.79121    -10.22241
    42.04067     28.71310     -7.84329
    42.09489     28.63140     -8.12411
    42.52267     28.55228    -11.45641
    46.69606     32.81528     -6.85386
    46.65425     32.78690     -6.88149
    46.71262     32.79454     -6.88005
    25.08210     22.76080    -15.26680
    35.46585     20.16035    -13.38221
    35.40046     36.64160    -14.23788
    51.78775     52.54964     -8.18896
    31.40055     35.71696    -15.62670
    31.18016     43.69376     -9.49012
    41.52001     29.70714     -7.14186
    45.84145     43.14969     -7.57673
    27.04757     38.82436    -12.61140
    42.45168     33.83286    -12.09032
    35.87142     27.88950    -12.85299
    35.37864     20.32346    -14.08337
    50.35303     43.67210    -10.90416
    53.08665     43.58778    -13.62549
    38.27440     28.36460    -17.94510
    35.46449     19.98910    -13.55933
    31.11064     42.52173    -13.63520
    30.86076     42.54211    -13.62861
    18.23283     25.87717     -6.90069
    51.90365     52.04966     -6.16491
    35.47290     18.69437    -14.36236
    37.13879     30.67695    -18.45678
    37.02901     30.75225    -18.60972
    38.26085     31.39982    -19.47088
    39.79224     39.10703     -8.66616
    39.86489     39.06984     -8.68182
    51.35259     42.11838    -12.10802
    41.92995     29.16838    -13.64448
    51.89681     46.34109    -11.27589
    23.70370     37.25600     -7.08850
    45.93756     59.37352    -16.49219
    45.86664     59.26518    -16.49591
    46.31780     59.10500    -13.12020
    40.64807     38.15992     -9.36352
    28.48571     39.28855    -11.35069
    38.50772     27.81344    -15.41119
    17.35912     26.23247     -8.85795
    17.04201     26.30022     -9.37231
    49.94147     44.28577    -10.51034
    32.56053     25.22227    -10.60589
    26.57315     38.34297    -12.60701
    33.76523     47.51092    -11.88879
    52.19246     52.17674     -7.03957
    46.59761     39.35192    -14.28037
    36.11270     45.26220    -17.48320
    47.05774     39.56242    -14.48627
    46.85275     39.41603    -14.49301
    52.31824     52.29109     -6.95330
    29.24860     42.72139    -15.54819
    29.25430     42.77351    -15.47371
    58.45096     47.85179    -11.10018
    58.41851     47.66510    -11.02806
    58.52522     48.63594    -10.68904
    33.35046     47.49330    -11.85768
    38.70806     31.86176     -7.87982
    37.68626     21.25361    -17.09268
    37.73724     21.20379    -17.10702
    40.41932     28.37459     -8.14846
    40.55257     28.13527     -8.12827
    41.41366     35.83720    -11.91708
    20.24492     24.58274    -10.49801
    20.26325     24.75976    -10.98197
    43.69424     34.01244     -8.08686
    37.07962     27.72340    -21.94868
    51.97289     47.81299    -10.57582
    52.03716     47.77826    -10.65374
    52.08230     47.55481    -10.76988
    52.97403     51.93471     -7.31801
    21.49223     22.86166    -10.63492
    53.47944     49.56739    -11.78956
    49.13715     42.54076     -9.94409
    40.81744     27.00497     -8.24069
    42.46639     28.53969    -13.41278
    42.05826     36.94044    -11.82194
    36.86416     25.81690     -9.10017
    32.58070     24.71503    -10.86062
    32.50168     24.50996    -11.08125
    32.37413     24.40522    -10.83571
    41.20948     27.09607     -8.29721
    43.16302     34.31919    -11.58587
    43.09443     34.32754    -11.62696
    41.92363     28.83803    -13.84077
    41.92181     28.93108    -13.83628
    51.92550     52.16698     -8.22524
    21.54992     22.87468    -10.65569
    51.08538     40.51178    -12.32570
    51.12854     40.74629    -12.36382
    43.56619     34.09826     -8.17514
    43.62606     34.07720     -8.23329
    52.45950     51.94269     -7.24022
    41.59822     27.46452     -8.21533
    19.99302     23.37833     -9.30247
    50.32160     44.14679    -10.68194
    50.25221     44.25680    -10.48358
    19.90025     23.52515     -9.58896
    50.28394     43.83975    -10.58318
    48.89795     48.36895    -15.77873
    50.21050     49.60490    -15.33280
    48.84935     48.31105    -15.72767
    51.85065     51.72650     -7.29843
    29.78937     36.32726    -13.56133
    25.93856     20.93027    -12.88710
    56.03864     65.07277    -22.53920
    26.61503     20.77833    -12.17666
    26.74227     20.79912    -12.23372
    31.36245     42.66328    -13.44709
    31.39139     42.61585    -13.38398
    35.48792     19.11486    -14.07924
    51.42987     40.53341    -12.63001
    26.61225     20.90507    -11.43268
    53.03330     51.54909     -7.45661
    52.85103     51.76847     -7.61840
    36.49076     48.07243     -9.53033
    48.85091     41.74094    -10.47977
    35.84441     27.95100    -12.78337
    35.50093     28.43348    -10.43477
    40.92524     54.57042     -9.04955
    41.95867     29.23174     -7.75195
    48.95972     42.14882    -10.30048
    42.85576     30.93518     -7.97995
    51.43658     45.27866    -11.07281
    53.68344     49.78016    -11.69939
    29.42751     20.13493    -13.25503
    40.81543     27.64548     -7.97886
    47.37286     43.34008     -8.41273
    53.48251     52.07466     -8.32878
    53.55024     49.92522    -11.71355
    29.78949     36.33436    -13.36758
    29.91086     36.34652    -13.40835
    36.57670     29.40683     -9.40445
    22.97075     35.45752    -11.23624
    47.38918     43.47415     -7.97577
    48.98016     41.97036    -10.48406
    36.50641     25.36505     -8.62031
    42.32821     30.05838     -7.61064
    42.51635     30.38282     -7.86133
    51.38634     44.68882    -11.35431
    31.06159     43.16016     -9.55784
    51.01949     45.36633    -11.35043
    37.93283     28.22417    -15.09721
    20.35979     23.65185     -9.84531
    39.99362     37.36529     -9.23144
    25.80245     20.88241    -10.40892
    25.85784     20.99796    -10.54942
    26.28552     20.94462    -10.81552
    50.84436     42.82823    -11.44933
    51.58940     45.82517    -10.90211
    26.10849     20.64932    -13.03173
    34.67273     45.93345     -9.22383
    34.80723     46.08633     -9.27215
    34.90735     45.93545     -9.11836
    49.27598     44.00858    -12.99491
    29.71722     36.39308    -14.12356
    53.34508     49.77853    -11.81320
    53.44849     49.81651    -11.82244
    44.82273     40.61102    -12.97791
    37.54778     32.03184    -11.21642
    50.30237     43.92770    -10.88044
    32.92428     27.01767    -10.70947
    33.53784     46.60660    -13.85556
    36.67268     29.39505     -9.66704
    27.37580     19.40650    -13.56040
    22.20744     21.85070    -10.83308
    18.85207     30.97869     -9.54360
    43.98787     36.21265     -8.25780
    51.55257     41.42219    -12.36017
    36.17557     48.95179     -8.40497
    59.60079     51.95102     -9.85854
    53.23376     42.21623    -14.70403
    37.63661     32.77594    -12.87770
    36.47834     24.74460     -9.19291
    21.92276     22.74583    -10.01325
    42.07933     29.09183     -7.83299
    42.76115     34.41357    -11.63339
    42.76617     34.59252    -11.72083
    26.65254     20.71498    -12.06732
    21.69100     23.19827    -11.99008
    37.70974     31.76769    -11.19500
    37.66314     31.65241    -10.98576
    35.92791     29.25311    -10.10213
    44.82530     36.60072     -8.42887
    41.55949     27.65820     -8.28742
    42.13439     26.82404     -8.94783
    35.15029     30.94785    -13.09777
    35.00177     33.08962     -7.41142
    43.69003     34.26654     -8.04589
    30.12742     36.62130    -13.46003
    30.11662     36.41472    -13.32436
    23.90473     32.95731    -13.88151
    23.92719     32.06180    -14.06267
    40.21382     33.56954    -11.58607
    35.74359     28.37964    -13.04906
    35.79162     28.37290    -13.00612
    19.60133     28.17714     -8.07523
    48.47100     49.94536    -11.43277
    48.42801     49.83120    -11.67663
    48.44476     49.80150    -11.52301
    41.07553     33.73822    -11.24696
    42.15315     26.71776     -8.86402
    38.78299     53.16478    -10.68548
    40.36930     28.90750    -11.08900
    36.61890     25.14165     -9.20249
    52.66526     44.22649    -12.08275
    52.87549     44.04367    -12.18420
    55.58560     48.26350    -15.06370
    40.12762     28.07242     -6.99228
    40.12988     28.10050     -6.65629
    39.83795     54.43622    -10.04062
    42.30609     42.12326     -9.11155
    42.49876     41.82869     -9.28392
    42.88564     41.68205     -9.48319
    34.00638     47.92017    -11.74323
    35.67545     27.93735    -12.27114
    47.50652     37.32692    -10.38595
    35.99570     29.04792     -9.91892
    42.80296     34.18884    -11.53266
    35.74519     28.29130    -13.39809
    26.39462     38.42916    -12.56761
    17.86890     33.31230     -3.54400
    31.49676     44.10233     -9.40378
    42.37181     28.47713    -13.10673
    39.47755     53.64845    -11.36686
    41.94475     37.43175    -11.12055
    42.15661     39.87040     -9.89310
    53.44961     50.04119    -12.05549
    24.15297     33.41326    -13.88982
    42.83713     38.12619     -8.02869
    42.71357     37.93326     -8.08466
    34.62146     45.18529    -13.31501
    43.52860     41.69068     -9.89955
    36.71199     19.47348    -13.35114
    53.91910     50.89442     -9.13571
    26.60704     37.96492    -10.14324
    35.51836     30.52159    -12.93300
    19.79701     22.64334     -8.16860
    39.67839     34.29401    -12.71286
    59.66378     54.30396    -21.17526
    59.81189     54.24164    -21.80400
    59.62540     54.65041    -20.47052
    45.22615     46.27470    -26.56938
    50.47489     45.20720    -10.64805
    53.28832     44.00628    -13.75971
    28.45440     25.07015    -13.99306
    28.47770     25.07939    -13.80165
    36.41884     47.59506     -9.87806
    36.54951     47.89572     -9.71104
    38.77149     29.46262     -9.73273
    38.57223     29.65303     -9.90464
    36.74177     34.24675    -12.08071
    53.03017     49.38114    -11.94338
    30.50056     42.14428     -9.84160
    59.69349     51.86301    -10.12106
    52.32665     52.56583     -7.09744
    29.23671     33.74098    -11.66360
    29.23085     33.53426    -11.53211
    29.11080     33.95479    -11.86223
    35.84788     49.67764     -7.83646
    52.15470     38.42500    -10.76880
    39.40110     40.90210     -9.53460
    34.21958     48.24209    -11.35359
    36.11442     27.35355    -12.49749
    28.59490     35.24458    -11.39915
    28.76691     34.58947    -11.95140
    39.15870     32.22015     -8.19479
    23.27484     23.58563    -12.96467
    22.99461     23.11348    -12.46295
    23.32775     23.18677    -12.49364
    34.43110     43.09450    -20.58980
    34.05380     42.96560    -17.63400
    31.30051     34.20497    -16.35082
    31.41946     34.37736    -16.24020
    48.74131     49.63156    -10.97362
    49.59680     37.17130     -8.03180
    42.31687     29.84839     -7.69668
    59.97414     52.38550    -10.88215
    48.50333     42.53047    -15.29571
    33.59860     26.24981     -8.55916
    33.56926     25.94247     -8.59928
    28.21092     38.98965    -13.00186
    48.13980     62.62900    -16.83150
    37.77550     45.24520    -21.96600
    45.55197     42.69378     -7.74370
    50.68393     43.39328    -11.31067
    19.70630     27.26990    -14.20460
    25.71730     24.01840    -14.62910
    30.98390     42.99587     -9.72456
    30.89247     42.31682     -9.91178
    42.37697     37.94578     -6.21787
    42.27376     38.08878     -6.40879
    42.29680     37.85684     -6.16803
    39.55211     53.65122    -11.77781
    39.66754     53.97899    -11.49609
    39.40184     53.87017    -11.82246
    37.53750     35.57940    -10.89980
    47.47586     43.67313     -8.26767
    42.42824     26.68105     -9.24534
    38.12254     41.23130    -18.37550
    59.27564     51.77706     -9.12264
    35.41911     49.64798     -6.83168
    19.91467     22.59168     -7.63018
    42.41899     34.03591    -11.81504
    35.83784     29.24490    -13.48802
    42.00927     54.12188    -10.60981
    42.14203     53.96789    -10.69728
    42.14623     54.13045    -10.92320
    52.62240     59.43380    -24.33510
    52.06020     59.89710    -22.93630
    42.26120     32.53346     -7.51786
    38.67515     31.49821    -14.67094
    39.04124     31.43946    -14.51727
    38.82050     31.15571    -14.56695
    40.15942     27.94015     -7.08843
    32.84839     44.70653    -12.79271
    21.29833     23.54948    -11.48668
    47.70320     45.95270    -14.10210
    21.86237     25.42345    -11.62401
    38.11275     26.94120     -8.16292
    34.38110     31.33317    -13.59994
    37.90364     49.31431    -12.05541
    33.40137     45.72309    -13.54888
    32.48654     22.09006    -10.81247
    42.67431     32.48294    -14.35796
    39.79662     27.47106     -6.37119
    53.31913     54.79368     -8.15050
    53.46537     54.87582     -8.09032
    53.38756     54.90625     -7.88516
    26.11334     38.10121    -12.49765
    41.37387     39.03914     -9.86363
    23.94165     34.41484    -14.24821
    42.29664     29.51235     -8.21276
    42.15440     37.37612     -7.84883
    40.48539     33.13855    -11.13810
    49.87190     57.39387    -24.81559
    50.41509     57.15672    -25.11485
    50.29939     57.12368    -25.07336
    54.45714     55.88535     -8.71233
    31.76165     21.27067    -12.14999
    41.41570     53.02850     -7.48610
    27.15351     38.45931    -10.91330
    56.67740     60.55160     -9.56270
    54.86480     59.73460     -8.00220
    43.59453     36.31609     -8.22849
    36.47037     25.42961     -8.96170
    51.16485     45.05126    -10.87018
    35.28112     31.05389    -13.25214
    20.17511     28.21299     -8.47403
    45.36465     39.17651     -7.03707
    42.41852     27.85480    -11.48884
    41.53072     37.81384    -10.85970
    41.31760     52.31690    -14.82860
    41.99652     39.66813     -9.75834
    51.96533     46.46997    -11.56206
    52.45509     47.08232    -11.72626
    47.15835     34.84680    -10.56243
    42.78067     39.67363     -6.55454
    42.69287     39.21292     -6.44917
    35.59610     29.14452    -10.32943
    46.88454     38.25131    -15.00325
    56.73718     65.53655    -22.89919
    45.14587     40.73994    -12.77514
    45.08804     40.74057    -12.92256
    57.44674     47.84631    -16.91282
    36.81065     33.99224    -12.06095
    40.89523     32.00559    -12.00366
    18.56482     31.30656     -8.35745
    18.64522     31.48117     -8.09319
    18.78897     31.29061     -7.85238
    30.19360     15.51390    -22.92640
    30.12750     13.82510    -22.58130
    35.64214     28.18852    -10.70880
    47.61081     34.13121     -7.82711
    34.86110     25.91790    -13.95890
    33.74737     26.35089    -20.31533
    33.73016     26.36011    -20.53377
    33.55275     26.41640    -20.36497
    33.84740     26.40266    -20.35555
    51.76646     52.00764     -9.12940
    41.70512     39.84205    -10.11270
    52.82114     43.23184    -13.48405
    28.27067     39.20085    -11.79839
    24.43072     33.36105    -13.94914
    24.91611     33.56425    -13.97585
    24.45157     33.74122    -14.02981
    45.59352     42.72935     -7.61438
    32.53420     45.12298     -8.97604
    31.14513     36.05509    -12.47938
    41.59597     30.76508    -14.74715
    46.54777     38.74481    -14.59824
    56.27390     53.54740    -12.86100
    54.22111     53.11397    -11.76678
    33.98394     27.76309    -10.57678
    35.64306     32.13464     -7.98876
    20.42564     23.18624     -9.93272
    30.04798     19.62864    -12.96470
    41.57061     54.13658    -10.05245
    37.47420     29.47303    -11.01554
    45.06768     40.62591    -13.48080
    52.56518     51.40398     -9.93600
    31.42964     34.23189    -16.58559
    39.21274     31.74795    -14.52797
    50.12341     57.72326    -24.59335
    36.69930     22.92220     -7.11420
    17.86988     26.79088     -6.38028
    35.29164     30.32285    -10.56269
    58.48934     48.86793    -10.13031
    29.69269     19.87738    -13.04974
    34.25373     47.94154    -11.65586
    48.35800     42.74780     -9.32467
    25.46272     21.84380    -12.75527
    31.65200     37.81280    -17.97280
    40.37420     33.53835    -11.14136
    36.39056     25.10574     -8.88374
    52.18879     51.85025     -9.30043
    40.27764     32.14486    -11.71916
    25.84983     38.99971    -13.01086
    53.32220     52.08964     -7.92313
    37.82241     32.68082    -13.30150
    37.78830     32.65385    -13.07626
    43.20134     41.17663     -9.57764
    43.26424     41.41287     -9.55118
    18.13366     27.57267     -6.54746
    37.91914     29.59099     -8.67436
    58.90550     50.36640    -17.29480
    42.70791     38.76604    -12.71816
    42.95657     38.46867    -12.37857
    47.41399     44.85638     -8.87888
    33.43742     32.44882     -7.34606
    38.86089     35.88796     -8.24556
    42.78126     32.98533    -13.75524
    36.96660     27.30703    -21.88532
    36.63883     27.22941    -21.74757
    36.88942     27.34844    -21.95391
    40.76392     54.83619     -8.94390
    57.78140     45.95380    -19.94950
    37.68651     49.51725    -13.57214
    37.74709     49.45329    -13.86098
    37.65961     49.37809    -12.88357
    30.73153     41.70208    -13.90863
    35.15786     36.66693    -14.05560
    54.61300     43.71910    -15.58420
    41.36899     29.08620    -14.39994
    42.01752     39.88299    -10.05421
    38.26666     49.38611    -11.08818
    31.89626     21.70586    -11.46177
    31.87357     21.77539    -11.43054
    36.39730     25.14355     -8.62647
    34.69072     23.49075    -10.25686
    32.26985     42.76706    -12.88752
    36.10279     28.86790     -9.98882
    55.90230     62.32160    -24.12560
    51.72944     52.23538     -9.24132
    25.33591     35.00797     -9.36487
    40.10869     36.36809    -12.66176
    40.34039     35.72259    -12.84098
    32.46959     42.77531    -12.18300
    47.47770     44.19900    -13.70570
    57.84320     56.62030     -7.86500
    22.91483     23.12736    -12.58394
    38.77400     32.52570    -13.77750
    48.55785     39.65103    -14.70972
    60.90377     54.63647    -24.18667
    57.13133     65.50950    -23.93541
    57.23570     65.50705    -23.73553
    25.20752     39.02862    -13.08899
    35.78712     19.98233    -17.51145
    35.86380     19.92835    -18.03414
    45.81661     42.91821     -7.77303
    31.30786     43.52364     -9.33003
    26.07949     20.84670    -12.65401
    41.79829     34.85620    -11.53938
    41.38071     31.70053    -12.68258
    35.71493     46.60575     -9.37300
    47.70950     39.05551    -14.97064
    51.29384     51.04293     -7.41637
    40.55385     54.77506     -9.75921
    33.56975     26.38714     -8.70259
    51.31327     40.58854    -12.13758
    40.49805     31.89252    -11.97089
    38.00482     41.19400    -18.55374
    37.73663     40.70793    -19.02002
    38.31244     41.35530    -18.30821
    46.50560     40.92520    -10.37440
    40.02246     54.94469    -10.57282
    58.28257     48.71844     -9.45337
    26.73403     38.19794    -10.20509
    33.04490     37.15200    -15.08230
    40.87104     27.53017     -8.50857
    35.85239     30.81138    -12.65562
    33.60125     44.88143    -13.16413
    56.12880     66.11570    -20.89740
    44.31964     36.29266    -12.41216
    44.13282     36.36469    -12.41731
    44.16535     36.51147    -12.78082
    47.81190     34.82600     -7.46059
    47.70300     34.82756     -7.61210
    47.63843     34.41848     -7.61439
    18.17360     26.44880    -13.23670
    17.40790     27.29943     -5.90302
    25.84970     37.40030     -8.33290
    43.77783     36.32474     -8.44474
    37.93148     32.32972    -20.14242
    38.11424     31.75419    -19.78842
    42.00952     39.65148    -10.07591
    25.52293     22.53273    -13.29154
    25.54847     22.26408    -13.07425
    42.24994     56.73733    -10.13937
    35.65032     46.64099     -9.84275
    43.45021     34.37929     -8.09223
    49.76490     45.44041    -10.34158
    40.69159     38.62035     -9.25138
    44.85100     42.72200     -5.11700
    17.94170     26.36301     -6.06331
    41.99400     25.30230    -10.42310
    40.72514     27.71044     -7.34215
    45.59406     39.56600     -6.85798
    45.62264     39.74382     -6.78469
    36.05973     47.17592     -9.74407
    48.09369     39.82416    -14.61950
    34.87236     32.76407     -7.24464
    40.91060     34.23550    -16.75230
    47.75162     43.56649     -8.53643
    45.04405     37.65172    -13.02265
    31.59553     34.22067    -15.55651
    51.61005     41.59052    -12.62743
    35.29133     23.76591    -10.41229
    39.05610     29.45554     -9.82230
    30.11365     19.57986    -12.62296
    45.45240     34.36470     -9.65390
    47.82053     39.60564    -14.76562
    58.54999     56.40259    -10.30403
    58.93209     56.30504    -10.28001
    58.73145     56.39340    -10.37118
    33.87077     25.70069     -8.62046
    55.99238     63.65737    -21.26759
    34.00101     44.17763     -9.97772
    22.89823     34.94510    -10.86541
    28.91084     20.76360    -12.39318
    25.50899     38.28461     -6.60017
    33.06521     46.07228     -9.01089
    32.95004     46.20774     -8.86824
    54.62474     46.89666    -13.45449
    17.27147     27.29705     -5.41923
    17.18462     27.20829     -5.66204
    48.85294     42.37868    -15.16681
    48.84172     42.17034    -15.24636
    34.68481     47.25192    -12.02429
    34.53688     47.18817    -12.15196
    29.26888     27.33563    -12.59169
    17.87911     26.03152     -5.40173
    49.15055     57.12233    -23.18636
    48.85471     56.43488    -23.51313
    33.17648     32.56185     -7.66363
    35.36956     46.41682     -9.03203
    20.55564     23.83496     -9.27725
    30.77900     30.03804     -7.73223
    22.11732     26.00873    -11.94273
    45.03790     49.15630    -27.34960
    43.52241     28.47364    -13.87790
    32.88804     46.88206    -11.79248
    49.28133     35.00756     -9.32647
    22.80125     34.77684    -11.22052
    43.74597     36.02890    -13.21953
    48.07697     43.09532     -8.35814
    42.35465     38.77068    -13.40474
    19.08652     31.01074     -6.76431
    42.64216     34.99908    -13.64915
    40.06915     33.72899    -10.66303
    29.80574     41.68049    -10.13875
    49.25724     43.17013    -13.24222
    44.85030     47.70500     -5.77110
    46.61437     46.36112     -6.54649
    46.61573     46.29178     -6.56111
    22.64359     26.20655    -12.51716
    45.60666     37.20139     -9.36458
    32.00089     26.57116    -10.71963
    41.53921     29.02540    -14.80713
    39.67990     45.18180    -19.60970
    16.49600     29.29630    -16.03870
    36.04331     31.41885    -12.34756
    40.17656     53.29033    -11.84715
    47.15134     45.10668     -9.19458
    32.99360     28.94420    -10.75110
    25.89790     32.00640    -13.19250
    46.09422     37.43358     -9.80480
    49.76583     57.77361    -20.62127
    19.52102     30.25092     -9.78103
    42.61820     57.02569     -9.96889
    43.13812     57.48043     -9.42816
    22.13722     26.00132    -11.61366
    34.76710     46.27300     -9.84417
    30.77680     27.94290    -10.40010
    28.71796     25.23135    -13.43841
    33.30580     17.84170    -15.31120
    48.53230     48.02960    -14.10150
    31.42610     37.57310    -15.99920
    54.63175     46.82123    -13.87140
    35.28852     32.63875     -7.44331
    29.02422     27.20687    -12.63361
    43.72837     34.74227    -13.94118
    29.65761     43.94463    -13.43801
    29.81216     43.49751    -13.42487
    39.06028     27.71805    -15.47067
    33.94190     48.43720     -9.26220
    31.44493     46.07416    -15.10871
    31.85841     45.80401    -14.49083
    32.69550     22.30175    -10.06729
    42.86207     37.98785    -12.24550
    42.88980     26.81090    -14.48280
    39.41130     29.35850    -24.47000
    41.44500     25.02200     -7.22820
    18.73038     27.56054     -6.72136
    20.10430     22.30070    -18.06400
    20.62090     25.06050    -19.23630
    33.01240     26.36363     -8.07749
    32.76356     26.69614     -7.24246
    44.68447     40.62129    -13.33988
    22.41080     34.20410    -13.61540
    40.30490     24.11620     -6.60510
    28.08980     24.34570    -15.65960
    51.56147     58.14368    -19.12845
    51.60403     58.23152    -18.87535
    25.35550     39.39550    -15.87860
    43.55830     40.48090     -4.81850
    24.90812     36.32634    -12.55856
    35.35731     27.88009    -14.42397
    17.68702     27.05882     -5.81677
    29.89900     39.27480    -15.11640
    47.74184     45.41462     -8.82906
    44.01406     40.95350    -13.37622
    49.83630     62.97820    -21.28470
    41.52383     30.77422    -14.79185
    22.37170     22.43420    -14.22210
    41.24120     51.32250    -16.82890
    49.32057     34.92124     -9.41893
    29.80721     35.59509    -15.62834
    30.02251     35.92651    -15.49527
    52.93998     48.31042    -12.12842
    18.87402     28.01569     -7.13801
    33.60284     36.51827    -17.63828
    40.72247     54.59948     -8.72978
    49.64214     44.54671    -13.11384
    34.00871     20.81761    -11.74047
    42.07693     30.84137    -16.58567
    28.38260     18.26430    -13.36990
    32.21080     45.76322    -14.44485
    39.94797     35.10901    -13.17612
    30.95910     30.08326     -7.67657
    36.51050     41.11700    -17.67680
    44.78245     43.11999    -10.67977
    45.16239     43.14652    -10.85055
    22.56859     35.66100    -10.17259
    37.89259     44.12348    -23.52682
    37.90701     44.16642    -23.54948
    20.88789     24.87380    -11.00980
    45.13757     37.91840    -13.24664
    43.67916     34.86652     -8.26931
    41.92811     32.05309    -11.61628
    24.73255     20.28143    -14.38932
    24.67313     20.74345    -14.55957
    25.30539     35.17853     -9.08873
    53.18062     47.69311    -12.50540
    19.91494     22.40985     -7.47038
    31.65530     31.13650    -12.12480
    18.22420     26.13560    -10.30060
    29.82021     43.46800    -12.92043
    26.76010     18.81160     -7.32450
    33.16640     41.19940     -6.84530
    54.19301     47.03158    -13.07795
    35.21890     16.95400    -12.52680
    18.67370     24.49300    -17.50850
    34.17950     22.68200    -16.91630
    17.92970     28.00320     -8.32100
    33.68282     25.19826     -9.24679
    49.22268     41.98954    -14.92966
    50.62861     59.10533    -23.72250
    41.61466     32.98843     -7.77902
    36.63240     51.07660     -5.95940
    35.04193     49.55582     -6.06406
    48.73470     61.40290    -11.50270
    18.66220     28.18290    -10.38880
    28.77141     37.83395    -15.33333
    43.07785     34.72702     -7.76356
    51.12380     41.97430    -14.62060
    30.56880     34.35256    -13.67688
    36.63312     29.22257    -14.38631
    18.68805     24.81684     -8.37902
    25.49941     38.20329     -6.57423
    41.41130     53.57913    -10.16382
    47.11350     57.17400    -19.60400
    53.54915     51.39490     -9.28780
    33.13490     32.16619     -7.16452
    28.66329     37.85385    -15.26597
    37.74617     26.88770     -8.72147
    55.01662     46.65876    -14.66766
    35.09180     33.91190    -18.83450
    50.58756     58.83361    -24.09551
    22.72694     21.30956    -10.44869
    45.50463     42.93800    -10.53268
    34.51110     24.52160    -19.07710
    29.57350     28.33810    -19.65320
    39.48090     27.72830    -13.80310
    18.58605     25.22291     -7.45938
    49.11331     44.29352    -12.74784
    41.90155     32.81191     -7.38812
    37.48885     28.82159    -14.65606
    50.04297     57.90459    -20.79313
    54.18959     53.22723    -11.69122
    34.60750     38.02690    -21.63930
    25.71450     39.31980     -9.21900
    23.15820     21.42410     -5.53430
    30.84520     37.29310    -22.59600
    36.28260     48.65140    -11.37600
    38.50660     34.28780    -14.59280
    39.22560     43.62550    -27.10760
    39.82010     45.91080    -17.82930
    46.76820     37.76060    -12.27300
    31.66916     26.48529    -11.01019
    51.33430     57.48930    -23.73610
    50.96330     47.55530     -7.77730
    18.85799     24.96929     -8.81760
    50.61811     64.43236    -23.92181
    52.43970     64.98020    -23.98260
    50.57769     64.52334    -23.91619
    30.39790     34.33734    -13.67272
    43.91020     33.15360    -16.14580
    32.87575     46.23981    -11.23244
    37.56120     24.48320     -6.56660
    38.81100     22.74720    -10.33140
    19.91350     26.11470     -7.88740
    32.73970     25.93380    -17.92810
    18.82420     23.49530    -13.60770
    43.33410     56.46680    -13.13940
    28.78740     41.21090     -5.31540
    20.32253     29.83781     -9.79401
    22.48307     21.07839    -10.04129
    57.58050     64.72880    -20.73380
