    43.22257     40.94610     -9.44046
    28.94865     42.19185     -7.62851
    39.07982     36.54524     -8.55165
    39.34838     32.26877     -9.47873
    39.91441     32.17609    -14.16592
    43.71604     41.34363    -10.18602
    55.79662     57.26738    -10.14137
    33.30580     17.84170    -15.31120
    52.58433     41.36040    -14.00019
    40.63742     33.11625    -14.76749
    37.73882     27.04761     -8.82458
    44.04192     36.21688     -8.16113
    41.96914     29.60625     -7.43398
    41.49530     50.84940    -19.94120
    42.72791     41.04672    -13.71706
    51.62331     40.38362    -12.86445
    36.02027     21.20938    -22.15883
    53.15729     43.62571    -13.71284
    31.42610     37.57310    -15.99920
    50.62280     64.47660    -16.25290
    19.59851     28.17539     -8.04963
    46.49176     39.37413    -14.11811
    41.91877     36.85326    -11.58425
    48.89167     42.51197    -15.15653
    40.66866     54.92417     -9.82051
    33.85020     20.85440    -17.85220
    40.09823     54.88524    -10.24028
    19.47796     28.21819     -8.18912
    42.39333     28.85649    -11.12267
    22.22700     22.61179     -9.69953
    39.48090     27.72830    -13.80310
    26.50601     20.76197    -12.39189
    35.46255     36.91374    -14.50404
    35.53468     36.87942    -14.60491
    38.41762     31.62846    -14.76212
    33.68881     46.21070     -9.08452
    42.67092     38.99835    -12.71672
    48.91157     41.45617    -10.57952
    25.60802     20.78363    -10.21908
    53.21563     49.78146    -11.79208
    39.64941     39.18060     -8.60475
    32.06957     23.36497     -7.59882
    32.93412     46.09045    -11.05259
    41.68172     27.65133     -8.34629
    40.74059     27.52216     -8.85536
    47.49276     37.09018    -10.71595
    56.20380     62.35240    -17.98270
    42.29152     39.91772     -9.83833
    28.37070     40.67040    -13.65690
    48.47090     40.24445    -10.62615
    26.13499     38.54708    -12.82394
    34.88110     31.81330    -15.48400
    29.72860     19.70534    -13.08583
    31.36789     43.34407     -9.01476
    49.50064     48.91547     -7.84623
    39.06670     31.36097    -14.47920
    34.06011     20.88426    -11.52522
    34.93250     18.55510     -9.84340
    46.50560     40.92520    -10.37440
    25.67316     21.06784    -10.52200
    40.27580     28.61380     -8.27562
    40.36625     28.36608     -8.27841
    28.55040     22.23620    -13.10380
    43.92220     52.07090    -24.33980
    32.46250     22.66190    -12.75660
    19.98154     22.77548     -9.48163
    49.59680     37.17130     -8.03180
    48.34055     40.09741    -10.66553
    30.65235     30.00625     -7.77136
    43.58613     41.35775     -9.96902
    44.85030     47.70500     -5.77110
    57.24282     65.54616    -24.08665
    42.91095     35.09901    -13.38283
    34.75849     36.10866    -17.52710
    42.44460     30.32261     -7.50588
    42.47909     29.98262     -7.70885
    37.74590     26.71980    -18.65540
    40.41647     31.68486    -12.07109
    51.89530     47.96320    -10.44494
    63.40510     57.52930    -24.39110
    52.25920     46.10750     -8.11370
    41.30010     36.23470    -22.85650
    50.17534     37.41616    -12.58964
    36.46465     24.58351     -9.48700
    42.22549     33.41487    -12.72628
    42.27508     33.58412    -12.69760
    46.01769     43.39237     -7.50894
    35.40505     28.24273    -10.52218
    51.72484     41.85271    -12.85567
    55.15729     50.30844    -13.52449
    32.47967     22.59108     -9.54277
    42.10101     56.62654    -10.17164
    55.70031     64.42323    -22.73353
    55.68415     64.69928    -22.37134
    55.70077     64.71775    -22.37975
    21.23973     23.40185    -10.56723
    36.16464     30.74800    -12.46273
    55.63970     64.43436    -22.26429
    33.43325     20.17862    -12.75012
    33.29396     20.28837    -12.76026
    33.39360     20.27269    -12.74617
    53.57911     49.41826    -11.73636
    50.64946     64.36179    -23.92617
    38.64635     36.14362     -8.04804
    30.40587     36.88852    -13.45281
    45.45240     34.36470     -9.65390
    42.41690     37.90596     -6.02817
    42.29131     28.74425    -11.42402
    37.59907     28.88825    -14.55834
    25.28743     35.27889     -8.92624
    56.85564     65.60935    -22.74883
    18.68116     25.16988     -7.37814
    24.00892     33.33775    -13.79545
    38.98864     26.77482    -12.22043
    55.81955     57.26787     -9.72597
    18.80654     28.16085     -7.07304
    55.82837     57.29044     -9.66632
    55.84690     57.32882     -9.71491
    52.58354     51.26901    -10.25587
    47.70320     45.95270    -14.10210
    40.13021     33.66592    -11.83547
    32.73970     25.93380    -17.92810
    36.54766     47.66649    -10.05829
    33.64311     38.21722    -18.33077
    21.47556     23.44899    -10.51037
    51.28236     44.76395    -11.32146
    19.97922     22.72238     -7.59794
    45.77949     43.18168     -7.40917
    28.87828     25.33161    -13.16385
    33.03800     31.95814     -6.96461
    26.76483     20.84091    -11.94904
    29.62497     41.58379    -10.24811
    50.52247     40.45060    -12.04567
    30.39448     41.99545     -9.78260
    49.08313     36.01597    -11.87647
    32.95144     45.00230    -13.44510
    59.60208     52.13886     -9.70627
    33.84301     20.60276    -12.43436
    31.05652     43.69441     -9.35793
    46.20570     32.72890    -11.25580
    50.77820     45.57579    -11.55896
    52.65759     41.13556    -14.13104
    33.78239     26.30079    -20.20410
    57.78140     45.95380    -19.94950
    58.45441     47.79928    -11.21255
    52.50127     51.77158     -7.17716
    18.67370     24.49300    -17.50850
    42.74010     38.03013     -7.19408
    32.58410     28.10750    -21.45320
    37.23456     32.39983    -10.80283
    34.17950     22.68200    -16.91630
    43.09577     34.49719    -10.29324
    53.21891     51.87115     -7.23684
    31.63530     43.44473     -9.27820
    42.14937     28.50014     -7.81217
    48.21850     44.87510    -16.80700
    33.04205     44.40153    -11.84963
    18.08305     27.71360     -6.65080
    36.73553     25.20350     -9.51590
    36.09120     31.10600    -21.94950
    42.19746     42.29268     -8.96596
    45.31454     43.11197     -7.51224
    51.49217     49.65606    -10.33974
    34.58993     45.76880     -9.17517
    53.17152     54.63321     -8.19393
    42.21022     26.74648     -9.10160
    50.13339     37.38540    -12.48510
    31.04325     43.93063    -10.13423
    33.31830     15.36970    -29.73350
    35.10361     46.10133     -9.64505
    39.66303     33.67769    -10.53795
    49.59814     57.39371    -24.88408
    35.34288     20.35084    -13.25613
    35.45658     20.27681    -13.85970
    39.25721     29.39164     -9.81122
    43.66692     41.98813    -10.03225
    39.99669     28.18207     -6.86807
    38.50660     34.28780    -14.59280
    48.13980     62.62900    -16.83150
    29.88869     43.32713    -12.62805
    43.25991     28.36776     -9.79482
    43.71934     35.18101    -13.96250
    25.53143     22.69733    -13.50401
    58.32576     56.43899    -10.27404
    41.92380     46.97900    -10.85520
    56.69980     52.80560     -9.72560
    42.93197     30.98198     -8.00148
    50.62967     57.05831    -25.24272
    45.65753     42.48376     -7.55644
    21.00042     23.42834    -10.25290
    33.65536     24.95509     -9.34725
    31.31195     35.98142    -12.33294
    42.14996     28.99916     -7.90126
    52.34128     51.73046     -9.35409
    36.73630     34.33829    -12.08033
    40.64365     54.47662     -8.47878
    23.66159     32.86209    -13.81893
    33.61754     36.93718    -15.73582
    20.90612     25.14192    -10.89971
    39.80235     54.26069    -10.25948
    37.92703     49.28742    -12.06146
    35.68986     28.48635    -13.08051
    49.01446     49.12653     -7.04627
    35.69811     37.17578    -14.63184
    25.56560     24.15150    -16.35860
    45.35159     42.74969     -7.92960
    31.22836     46.16858    -15.37231
    19.53158     27.48622    -14.47093
    46.46720     44.59930    -16.69510
    38.75229     30.86891    -14.53341
    23.78341     34.70255    -14.36023
    30.94220     23.06340    -14.43650
    35.85553     49.87975     -7.93885
    46.76820     37.76060    -12.27300
    51.61681     45.40129    -11.48224
    55.98819     65.52839    -22.59300
    33.16640     41.19940     -6.84530
    31.68130     13.26550    -28.55530
    42.38999     32.49440     -7.42790
    36.90690     24.60850    -16.54050
    31.81903     21.68767    -11.42536
    23.07113     37.12652     -8.96137
    47.64931     37.78081     -9.46005
    34.62576     31.06170    -10.84567
    55.90230     62.32160    -24.12560
    26.37087     20.65978    -12.63207
    26.32860     20.98366    -10.66561
    42.84448     28.78040    -10.42170
    40.98511     54.48468     -8.96805
    34.69337     46.02355     -9.21251
    44.53008     36.18393    -12.25741
    26.67570     23.94420    -17.96450
    33.66847     38.05812    -17.85088
    37.96210     29.60934     -8.47192
    30.83414     42.71363     -9.80700
    46.39184     38.51383    -14.62277
    24.48266     33.28642    -13.97692
    42.48157     28.52101    -11.63867
    38.13600     41.26345    -18.23506
    52.05791     47.90470    -10.62621
    34.39073     48.11528    -11.57742
    31.43974     42.72742    -13.43783
    41.59549     36.92893     -7.94532
    17.24002     27.32566     -5.16679
    43.50626     35.18274    -13.86121
    49.77305     36.73480    -12.35807
    49.72543     36.70941    -12.32678
    34.89635     36.52976    -13.71248
    31.70414     45.82225    -14.40322
    36.14326     31.71568    -12.24955
    35.47142     20.16436    -13.70623
    41.62254     31.62769    -12.92421
    46.33920     54.49780     -6.72030
    49.57000     45.15070    -10.16285
    45.21564     38.89934     -7.16293
    41.06394     29.13147    -14.54980
    35.47196     20.21201    -12.97726
    17.83049     26.66635     -6.52974
    60.80325     54.58453    -23.90378
    35.42307     19.94263    -13.88354
    33.04532     46.11157     -9.08239
    27.21540     11.38560     -5.57460
    21.55531     22.63096    -11.54581
    21.58561     22.67084    -10.58001
    45.46129     43.01165     -7.62034
    42.30287     41.91348     -9.29428
    35.50023     19.87793    -13.72957
    31.18960     43.65982     -9.67598
    17.86890     33.31230     -3.54400
    29.35332     33.65867    -11.59592
    34.47630     23.39252    -10.20136
    46.91680     37.05580     -7.52600
    39.47332     53.57356    -11.86711
    51.01284     44.93430    -11.23765
    53.44564     50.32714    -12.35365
    34.43110     43.09450    -20.58980
    22.14872     26.08727    -11.35312
    27.08281     38.56576    -12.34756
    20.30154     22.99204     -9.95832
    36.51992     25.58979     -8.35557
    27.54215     38.82139    -11.74006
    36.22275     25.15400     -8.87481
    29.59324     44.20661    -13.55184
    41.46727     30.78140    -14.82690
    32.79485     46.39137     -8.74279
    35.19814     20.16488    -13.94035
    42.12214     39.54318    -10.21951
    39.70320     54.08807    -11.51883
    58.38531     47.44114    -11.00200
    20.54777     29.76587     -9.77171
    43.24610     44.68840    -18.05850
    56.67740     60.55160     -9.56270
    42.84287     32.89299    -13.28257
    51.04714     40.37843    -12.36054
    40.59099     34.04385    -10.32766
    23.84950     21.80500    -18.29680
    50.29226     43.76347    -10.39567
    33.45415     32.47816     -7.31939
    35.73219     19.96802    -13.56863
    37.07454     27.21409    -21.87327
    35.45436     46.56750     -8.69549
    37.07731     25.98143     -9.27891
    41.12550     27.11723     -8.00001
    41.87143     32.83545     -7.22084
    31.13704     34.15207    -16.41525
    42.03165     37.27943    -11.13260
    54.59481     50.18963    -13.35954
    26.83310     20.66170    -11.75725
    49.47780     46.84670     -7.65100
    31.14622     30.88253    -11.74090
    26.34025     20.62692    -12.71199
    53.13487     51.27337     -7.47860
    45.35463     42.99752     -7.75798
    28.39051     25.03427    -14.21875
    37.21515     30.62459    -18.35041
    33.66155     26.36590     -8.57449
    30.82638     37.46691    -22.76399
    18.51152     31.29599     -8.72349
    40.54860     38.45990    -19.46670
    26.50055     38.78227    -13.07027
    36.36434     27.10337    -21.58830
    51.27175     41.48822    -11.98316
    30.13360     42.60420     -4.39510
    49.25823     42.94092    -13.31050
    41.26334     29.36917    -16.99438
    23.70370     37.25600     -7.08850
    45.16396     46.18157    -26.49549
    40.70588     31.39585     -7.63840
    54.83820     46.97047    -13.43314
    42.53935     28.81704    -11.23375
    59.83398     52.33496    -10.42992
    26.29843     20.64091    -12.99325
    36.64589     29.34562     -9.47111
    33.54830     46.80306    -13.93697
    44.10222     36.35617    -12.21643
    49.59144     36.59009    -12.01078
    26.34114     20.57756    -12.81737
    52.05830     52.08280    -12.49850
    46.02716     42.88813     -7.91608
    51.89409     52.20787     -8.99311
    51.93750     52.52835     -7.74319
    42.60996     37.88325     -7.64149
    51.17596     50.90452     -7.46568
    41.37620     26.79190    -13.86710
    51.71526     52.49777     -7.99359
    42.69870     37.94091     -7.73324
    45.47530     58.13070    -13.98000
    51.56863     40.34923    -11.97844
    39.78971     39.10902     -8.61757
    51.07440     64.27430    -26.02480
    45.68870     59.75300     -9.77230
    22.97520     37.08622     -8.98144
    33.59249     26.63623     -8.90075
    43.53395     41.14443    -13.48853
    48.29119     42.67452    -15.32023
    40.85059     27.70521     -7.08565
    50.74884     43.18693    -11.54704
    46.53930     48.89540    -29.01360
    51.21408     39.12549    -13.07922
    42.20624     28.50383     -8.27837
    34.66408     30.96442    -10.39836
    34.61963     46.33512    -10.28169
    42.05691     54.26103    -10.62329
    41.99400     25.30230    -10.42310
    26.76010     18.81160     -7.32450
    35.90578     29.04278     -9.84381
    57.51743     47.82790    -16.89404
    33.74276     26.32739    -20.73897
    39.65926     27.12590     -6.13550
    28.87057     27.12601    -12.65993
    22.84375     23.05192    -12.65468
    17.43131     26.22542     -8.79140
    49.11666     41.66178    -10.70097
    42.05038     37.62018    -10.91103
    51.75538     51.84734     -5.82232
    34.45355     31.05454    -10.59371
    25.31040     35.08090     -6.68600
    27.26285     39.08094    -12.94601
    32.59944     24.68767    -10.89222
    54.86480     59.73460     -8.00220
    29.32381     20.09615    -13.43867
    50.47654     40.55670    -12.02265
    29.62365     42.15605     -6.91439
    59.11567     51.66809     -8.81955
    50.87304     42.60652    -11.48664
    51.88539     52.12519     -8.27504
    51.71217     52.74377     -8.19272
    42.51639     38.21654     -6.70517
    32.80401     27.21359    -10.60681
    41.06950     48.15990    -22.65070
    51.97023     52.34530     -7.33536
    52.13164     52.19408     -6.88815
    26.83251     38.90975    -13.30162
    56.06809     63.50048    -21.10199
    43.72939     35.55712    -13.69697
    32.58784     42.53916    -11.03460
    45.99112     59.45536    -16.48939
    41.14973     29.86976     -6.85799
    28.72240     33.36090    -21.77620
    33.92588     48.10482    -11.75884
    21.02955     23.18953    -10.12617
    26.77680     26.24690     -8.44700
    38.62052     53.06202    -10.53709
    38.38664     31.54655     -7.67527
    37.68138     49.59536    -13.60153
    54.61300     43.71910    -15.58420
    35.84311     35.49466     -7.25069
    48.93590     48.41416    -15.81859
    35.57010     37.12212    -14.58299
    28.90649     39.49614    -11.07252
    36.37593     21.05462    -22.33497
    51.62912     52.31058     -9.54595
    41.84432     29.20457     -7.42303
    51.24831     40.96070    -12.36747
    42.57706     32.27887    -14.62420
    57.44854     65.51071    -23.71627
    29.98150     19.03190    -22.11260
    40.02720     36.57394    -12.58815
    26.72556     38.28410    -10.10110
    42.34150     53.87513    -10.77124
    35.73233     28.27672    -13.57171
    35.48108     20.18515    -13.78168
    29.31633     20.35839    -12.98408
    42.64820     57.03362    -10.05308
    19.63446     23.54174     -9.59935
    35.37458     19.60587    -13.95339
    23.64891     35.67963    -11.80197
    42.49048     28.27761    -13.07569
    59.16213     56.22672    -10.22412
    23.52800     19.46980    -17.71530
    40.63420     38.07799     -9.31739
    52.81691     43.39575    -12.99324
    20.29988     23.77601     -9.81215
    48.53230     48.02960    -14.10150
    36.19341     28.67957     -9.98102
    47.99260     45.60946     -8.71291
    33.32253     26.46682    -20.32628
    49.71780     46.02786    -11.14303
    31.87280     20.59970    -17.55220
    41.84140     25.26080    -20.14920
    44.15820     51.70280    -22.33160
    33.46832     36.36944    -17.68080
    41.49320     28.65689     -8.26918
    18.82448     30.91303     -9.32964
    19.95881     22.28438     -7.26088
    23.85310     18.00990    -15.17350
    42.48824     29.61565     -8.68887
    28.98255     22.86727    -11.15951
    51.50525     44.53905    -11.41005
    29.24416     42.68069    -15.60634
    49.88795     44.74165    -13.25239
    16.18246     26.50103     -7.00332
    53.40585     55.02922     -8.42756
    53.47351     54.70463     -7.98180
    22.38358     20.91762     -9.76734
    38.02955     32.53670    -20.32852
    40.51703     53.05958    -11.98474
    36.58571     29.53793     -9.14101
    38.22648     26.90883     -7.96168
    29.23027     39.74927    -10.97158
    52.85248     41.71104    -14.32922
    26.56690     20.69636    -12.46539
    36.95265     30.80461    -18.71609
    26.42088     20.64754    -12.75968
    32.53708     42.80855    -12.92706
    45.19975     40.61589    -13.84339
    45.32245     46.37727    -26.62829
    43.33410     56.46680    -13.13940
    34.97370     17.34560     -5.57550
    33.29566     44.68543    -12.53221
    24.75997     20.06828    -14.31078
    36.57284     29.27534    -14.52004
    43.54196     36.33487     -8.17519
    21.05443     23.22959    -10.60510
    31.91162     26.64666    -10.66264
    47.45234     43.51298     -7.79322
    36.57550     24.52694     -8.62760
    36.48723     24.53198     -8.82827
    31.08575     30.11505     -7.63744
    20.46813     28.23287     -8.66396
    51.63036     51.81782     -9.27038
    36.02108     21.18810    -15.12323
    31.34874     43.73128     -9.62914
    21.65596     22.70714    -10.58678
    55.68612     56.05665    -14.24264
    55.69906     56.32387    -14.49932
    53.90441     55.87260     -8.67687
    38.98988     32.29886     -8.34239
    35.72290     19.89291    -17.47721
    56.97609     47.95997    -16.74392
    35.49838     27.93925    -12.03128
    28.68078     20.92373    -12.04619
    54.16602     53.31190    -11.63472
    27.46878     26.67692    -23.56993
    39.53120     32.32454     -8.53864
    27.53622     26.75448    -23.62397
    49.09510     41.99610    -10.30457
    39.88480     44.21870    -21.71450
    55.72705     56.49580    -14.58106
    42.10313     36.91717    -12.03871
    25.86156     20.56245    -13.34110
    37.43425     29.92763    -10.69044
    17.47130     26.22080    -16.68800
    42.57056     34.70018    -11.30081
    42.53163     34.73521    -11.39251
    23.43956     37.10634    -10.21113
    53.61037     52.24203     -8.54627
    37.91520     46.93580    -17.84970
    48.49406     50.09113    -11.26463
    50.26395     44.18786    -10.61364
    22.92701     21.30887    -10.47433
    43.29815     41.33181     -9.38174
    53.98463     46.27181    -13.46420
    20.81850     24.11019     -8.97866
    49.25178     35.07257     -9.25683
    21.48112     23.95977    -11.16554
    16.94373     28.11121     -8.26402
    35.47394     19.87510    -13.34602
    23.80292     35.72946    -11.87396
    38.85894     32.67050    -13.76031
    30.22980     15.70690    -15.74770
    43.37789     28.26519    -10.00599
    36.07718     21.12894    -15.66058
    35.16500     31.33740    -20.25100
    21.86010     30.31000    -12.24100
    48.79927     35.46429    -11.68174
    53.64217     50.09222    -11.57183
    45.79350     49.08670    -22.09160
    47.45708     43.77867     -8.24943
    31.62671     44.36158     -9.22823
    34.93272     33.34215     -7.50748
    23.03287     35.93324     -9.39355
    29.72757     43.47972    -13.53814
    43.26827     57.59913     -9.26214
    40.30490     24.11620     -6.60510
    46.88198     44.14575    -14.51377
    60.05989     52.49202    -11.17407
    51.96017     46.41229    -11.25458
    42.06000     38.74041    -13.64578
    49.99280     44.16189    -10.46861
    38.30370     23.94830     -8.91820
    52.68231     49.21190    -12.02555
    36.04384     21.09641    -15.84872
    32.59212     44.57917    -12.65651
    33.63724     25.89090    -10.90778
    31.45522     37.83782    -24.08049
    31.65670     26.49830    -13.11930
    41.31760     52.31690    -14.82860
    39.97386     37.31034     -9.32221
    53.44101     49.85039    -11.82645
    50.11788     57.85644    -24.55818
    18.24405     25.82179     -7.03022
    51.97980     66.01210    -13.33990
    18.60916     24.65949     -8.41232
    31.11603     42.56070    -13.74317
    28.07830     38.82563    -11.59134
    51.17004     64.71685    -13.82793
    52.62240     59.43380    -24.33510
    55.65000     64.36691    -22.01654
    40.05528     32.03477    -11.76622
    45.14403     37.67541    -12.92582
    26.46981     37.76614    -10.02429
    41.41570     53.02850     -7.48610
    45.56780     26.47630    -13.16380
    39.40110     40.90210     -9.53460
    30.33820     37.81790    -19.32930
    32.82340     36.71140     -9.76700
    40.75386     55.01053     -8.87558
    42.57762     30.50316     -7.94745
    38.83766     29.38204     -9.71714
    45.77103     42.82033    -10.37585
    49.03446     42.51312    -10.13572
    47.35827     44.93599     -8.89662
    26.40231     20.63747    -12.98663
    41.30960     24.86390    -11.86560
    29.64893     36.23459    -13.20915
    32.76628     22.25690    -10.01483
    48.30918     42.71602     -9.11438
    21.94267     25.46380    -11.67387
    33.19946     37.09402    -15.25868
    30.63201     41.28343    -14.04160
    38.04535     32.70819     -8.27271
    18.42994     31.39206     -9.20835
    30.89306     37.94686    -23.39777
    40.54859     26.70684     -8.23733
    44.16966     36.63304    -12.82548
    41.86095     29.80263     -7.38753
    42.01602     29.44115     -7.59262
    17.25686     27.47269     -5.94262
    18.60814     23.65758     -6.33353
    26.87681     38.47485    -12.31332
    35.41474     36.34449    -14.03227
    45.05070     36.60373     -8.30380
    47.23628     43.31584     -8.59479
    59.74693     51.89421    -10.06656
    39.34583     32.28345     -7.99133
    31.26266     44.34875     -9.57347
    19.09956     23.73272     -6.05817
    23.15820     21.42410     -5.53430
    30.94821     42.90519     -9.44702
    51.03860     44.34375    -11.42574
    51.99855     44.89423    -11.78288
    23.59760     29.32030    -13.29600
    42.81684     34.50025    -11.67182
    48.20831     42.58035    -10.18914
    35.05002     36.01582    -17.08384
    24.86780     14.60160     -8.73950
    41.65253     30.75790    -14.71210
    51.53444     58.08788    -19.28925
    41.89735     28.77877    -13.84674
    36.06336     21.06756    -15.74397
    23.25673     23.58423    -12.94845
    33.61446     25.92102    -10.90456
    29.57350     28.33810    -19.65320
    48.82523     42.02822    -15.36759
    39.43137     53.57485    -11.27770
    49.79440     54.26780    -26.21010
    51.49194     49.86515     -9.33794
    51.48378     49.72783    -10.10985
    51.48923     49.74576     -9.78258
    43.78781     34.98555     -8.43078
    64.62510     57.33450    -26.74960
    41.55666     29.57236    -16.35564
    40.14599     32.65187    -14.59981
    37.28050     37.92252     -9.91897
    30.24730      9.53290    -16.80930
    41.20186     26.94363     -8.32218
    42.78103     39.80502     -6.63252
    36.04936     21.15310    -15.64568
    44.05111     33.16765    -15.96144
    41.15710     25.76320    -17.02690
    30.69220     34.36355    -13.67988
    30.48982     32.04664    -16.23228
    56.27390     53.54740    -12.86100
    33.50745     46.03617    -13.61917
    16.49600     29.29630    -16.03870
    42.80142     34.23503    -11.30038
    53.71960     45.69063    -13.53720
    47.86065     39.64043    -14.86416
    33.67332     26.00272    -10.87842
    51.92506     52.25291     -6.35528
    40.50340     33.56588    -10.49466
    53.34496     54.92100     -7.58539
    29.73185     35.43372    -15.64438
    33.50256     26.14936    -10.92248
    56.16858     65.25567    -22.61161
    48.48595     49.71660    -11.63724
    47.56462     33.80985     -8.00596
    40.12900     23.35350    -20.44900
    23.00246     23.02583    -12.35681
    25.35550     39.39550    -15.87860
    23.47663     25.32641    -13.36717
    30.19360     15.51390    -22.92640
    28.38260     18.26430    -13.36990
    37.64594     21.29300    -17.08134
    19.87198     23.36867     -9.17102
    47.94250     35.01091     -7.30124
    26.53043     38.08389    -12.59315
    52.43970     64.98020    -23.98260
    32.47759     42.70831    -11.71386
    41.98760     42.60780    -23.76900
    45.30229     40.82004    -12.51833
    26.74100     38.61170     -8.38330
    45.18536     40.84519    -12.80345
    33.21339     37.54125    -17.54252
    45.03790     49.15630    -27.34960
    34.05575     31.40134    -13.73611
    42.01046     30.87267    -16.53660
    26.59955     20.70006    -12.36944
    31.28669     44.02837     -9.66958
    30.24825     32.18050    -16.11611
    40.92580     27.62060    -20.48360
    42.95223     38.38743     -8.22002
    37.87701     45.41299    -21.85050
    37.74650     30.73250    -21.58330
    49.09777     57.14104    -23.01331
    42.88980     26.81090    -14.48280
    52.10340     47.64054    -10.66064
    31.74755     35.90733    -15.34910
    31.87031     35.91441    -15.15661
    35.78022     36.60320    -16.74354
    43.61940     55.57070    -14.36970
    42.06224     38.10069     -6.31789
    45.54160     35.85340    -10.33930
    40.44534     32.97960    -14.83410
    42.23001     37.69400     -5.95217
    42.34810     28.50301    -12.24121
    37.62064     32.86954    -12.85944
    42.85042     34.02291    -11.42546
    46.61330     46.41600     -6.53491
    47.64623     37.78624     -9.42038
    40.50983     32.94500    -15.02185
    40.43490     32.86622    -14.82015
    50.60285     43.67675    -10.94897
    32.02910     31.05970     -8.60630
    31.42692     34.37294    -16.27562
    34.51110     24.52160    -19.07710
    52.78593     44.26110    -12.07108
    44.85100     42.72200     -5.11700
    55.23120     49.96620     -3.99030
    32.75146     26.32889     -7.97330
    39.26976     31.72473    -14.62941
    35.51945     18.73851    -14.19674
    47.99886     50.10255    -12.52021
    39.64691     54.22256     -9.87843
    35.26744     27.78504    -14.62822
    48.16142     50.11997    -12.31889
    33.38660     39.33160    -21.26650
    48.73470     61.40290    -11.50270
    35.56317     30.28670    -10.63130
    18.47165     31.28378     -8.24335
    43.85964     34.27873     -7.94138
    49.65679     45.66346    -10.20296
    41.79347     27.38970     -8.18935
    45.81308     59.18334    -16.49871
    27.69900     39.58950     -6.07220
    53.76838     45.72330    -13.44595
    36.65540     28.59889    -18.79247
    34.05280     30.90560     -8.18960
    28.85312     37.81891    -15.38424
    41.02845     36.24372     -8.41427
    33.77833     38.26803    -18.17934
    37.79989     49.41994    -14.12929
    36.35270     37.75898     -9.52853
    16.01460     27.88150    -21.06910
    30.77680     27.94290    -10.40010
    40.95897     34.38310    -10.38514
    40.12992     28.31849     -6.49892
    17.84737     25.80159     -5.17120
    50.20025     57.97892    -20.89067
    42.10662     40.06184    -10.14851
    41.14646     53.29463    -10.08117
    35.82681     20.94715    -16.14525
    25.52350     14.22830    -15.46170
    23.25280     28.10120     -9.25690
    30.69479     42.53156    -13.69839
    48.57119     34.58051    -11.58847
    32.99440     14.82930    -12.25890
    40.37642     35.69178    -12.90357
    50.73374     43.88415    -11.06648
    41.44500     25.02200     -7.22820
    35.91710     20.97253    -14.02324
    41.89600     44.71240    -16.53980
    40.60391     33.02632    -11.08504
    34.96936     47.08697    -12.03545
    47.33392     44.18615    -13.90073
    46.98580     39.72097    -14.42672
    25.51649     38.34834     -6.62051
    35.63580     37.28106    -14.78380
    30.27450     34.32635    -13.66972
    49.61708     43.46573    -10.31803
    47.83989     43.65931     -8.64432
    37.86552     28.19106    -15.12966
    37.53750     35.57940    -10.89980
    35.01374     36.02910    -17.09683
    42.83676     34.86663    -11.87569
    37.85302     31.66852    -11.27685
    43.57765     34.27481    -11.62952
    39.67990     45.18180    -19.60970
    25.26519     33.57943    -13.97837
    26.18326     38.28583    -12.46446
    52.97490     51.70509     -7.36713
    22.64780     24.30780     -8.40420
    43.53849     33.92003     -8.25887
    52.45954     52.90069     -7.02547
    49.00723     42.32518    -10.44063
    33.87560     44.12320    -10.06439
    55.57629     51.17779    -13.21053
    39.38577     32.30711     -9.22266
    20.84940     19.39410    -12.48970
    36.92112     19.36792    -13.30471
    38.62503     31.64641     -7.71603
    21.48828     22.84892    -11.28918
    39.41130     29.35850    -24.47000
    29.23350     19.06460    -10.50650
    43.60475     33.93442     -8.34215
    51.12380     41.97430    -14.62060
    43.82989     34.90002    -14.26747
    40.02135     55.25532    -10.79009
    30.85250     26.72530     -8.67040
    40.03765     27.88217     -7.04187
    39.29600     53.96611    -12.01142
    40.36397     33.97596    -14.84054
    20.21815     24.73056    -10.46684
    42.01199     29.70633     -7.26161
    36.11403     21.27567    -15.90222
    35.96014     21.05336    -14.77949
    48.91897     49.48785    -10.66242
    43.73917     28.49226    -13.98332
    28.36973     39.26799    -11.95495
    53.70229     51.39099     -9.34920
    23.43587     24.26288    -14.00663
    44.64559     33.22695    -15.18366
    53.29760     56.71430    -24.11930
    48.17146     40.04344    -14.50944
    41.54862     28.97941    -15.00928
    42.06901     39.61139     -9.47883
    52.98913     51.57585     -7.74840
    49.85750     46.81460    -14.13820
    26.72427     20.99933    -11.17836
    35.84693     29.30567    -10.22237
    51.98126     64.55925    -13.32557
    63.63890     59.54110    -21.47440
    43.87240     46.62340    -23.87660
    28.51197     38.92199    -13.23921
    41.89955     29.50161    -13.53634
    33.18484     47.46886    -11.87506
    51.93430     46.58078    -11.76312
    36.00510     28.90111    -18.49333
    50.21050     49.60490    -15.33280
    37.91037     41.25037    -18.59578
    37.42461     29.52955    -11.08388
    35.53393     30.39592    -12.84487
    48.90808     39.65817    -14.67088
    36.38323     25.74791     -9.02834
    35.52995     30.37476    -13.14320
    41.30678     38.91504    -13.72807
    18.08720     28.36950    -18.64750
    53.17656     47.75780    -12.66546
    48.56633     35.40996    -11.68670
    40.36930     28.90750    -11.08900
    47.95483     50.40731    -12.84786
    27.15904     39.00631    -12.69390
    57.84320     56.62030     -7.86500
    26.76004     38.78954    -12.95297
    59.59970     51.27030    -15.21760
    36.63240     51.07660     -5.95940
    42.00644     28.58582     -7.65220
    16.94877     27.18920     -5.60161
    32.69004     22.11677    -10.91659
    35.40419     32.58864     -7.37386
    38.34139     46.18061    -21.32210
    39.52861     34.23168    -12.74930
    23.02459     37.24751     -8.87054
    39.81800     33.21350    -19.45400
    35.21890     16.95400    -12.52680
    38.46884     27.73615    -15.47390
    49.05629     35.77687    -11.90006
    38.27440     28.36460    -17.94510
    33.90460     29.79770    -20.04260
    22.68628     34.49039    -11.31371
    35.26326     30.75779    -12.73654
    58.20521     48.65638     -9.24232
    51.71304     45.99283    -10.59076
    43.03387     31.64550     -8.13719
    22.37170     22.43420    -14.22210
    32.66292     46.78437    -11.88819
    42.55223     26.71669     -9.40294
    37.73357     31.19549    -11.02020
    40.73062     31.37895     -7.69270
    42.75203     31.66133    -16.96826
    42.18497     54.16792    -11.18486
    40.60200     44.28370    -25.14600
    43.76971     33.80182     -7.98204
    32.76707     26.80282     -7.03017
    42.13997     32.06753    -11.50009
    43.60456     36.31796    -13.17656
    25.00038     36.47685    -12.69303
    42.26214     26.49234     -8.88742
    33.35610     26.45468    -11.24069
    29.35532     20.59988    -12.96729
    33.41855     38.08947    -17.60642
    28.89630     24.24160    -22.32350
    49.35012     34.85623     -9.48857
    42.95298     33.03497    -13.95215
    26.40547     20.66331    -12.56060
    29.86645     36.49780    -13.22032
    55.81280     56.39770    -15.11064
    23.19334     36.88575     -9.31174
    32.54719     24.39768    -11.35110
    47.11350     57.17400    -19.60400
    36.64997     47.99425     -9.65987
    16.29530     25.38540    -13.04020
    52.06020     59.89710    -22.93630
    14.84047     27.07257    -13.24753
    41.20978     33.67404    -11.32837
    52.09555     52.42863     -6.60085
    54.18078     47.09803    -12.84872
    34.09500     14.30000     -5.67740
    37.32414     28.96927    -21.87538
    35.31170     42.41710    -24.22580
    40.21895     32.78652    -11.47969
    30.12750     13.82510    -22.58130
    49.60855     57.69928    -20.52373
    60.94575     54.65817    -24.30482
    52.17110     48.81070     -7.24050
    22.33607     21.66066    -10.96562
    46.05709     37.45700     -9.88820
    51.74120     41.67056    -12.33897
    40.91060     34.23550    -16.75230
    21.87920     21.46820    -19.03910
    45.31312     46.44800    -26.73007
    50.96330     47.55530     -7.77730
    25.71450     39.31980     -9.21900
    44.92470     31.47050    -10.29290
    35.47402     18.50601    -14.50143
    50.54634     64.59391    -23.91183
    46.61680     46.23690     -6.57269
    43.92690     43.35860    -25.81570
    43.20406     31.61758     -8.33261
    58.72920     56.43151    -10.45070
    48.36799     42.88326     -8.22026
    28.56749     39.31812    -11.29234
    50.66971     58.90849    -24.18599
    30.24792     19.49555    -12.35621
    45.65949     39.59944     -6.83752
    50.85190     40.78564    -12.00895
    48.82435     42.44126    -10.52484
    48.84857     42.34455    -10.21959
    36.26695     25.21783     -8.33096
    41.32088     29.31380    -16.84841
    25.08210     22.76080    -15.26680
    28.78919     41.44815     -5.29686
    42.58275     28.39293    -13.42092
    42.73520     38.00677     -8.37126
    49.75295     37.22493    -12.47470
    39.91399     35.12994    -13.34949
    55.58560     48.26350    -15.06370
    33.45857     25.49702    -10.70544
    38.18080     31.77163    -19.90048
    24.62827     35.86982    -12.15070
    36.51050     41.11700    -17.67680
    27.37580     19.40650    -13.56040
    43.61260     47.63450    -22.50900
    51.21479     45.14663    -10.57670
    57.58050     64.72880    -20.73380
    20.20397     24.75856    -11.25618
    37.79698     29.53879     -9.25006
    19.88093     24.37621    -10.40533
    30.29258     36.43160    -13.22775
    27.60050     32.67590    -17.18070
    48.50081     42.57335    -10.13371
    35.92052     27.74636    -12.88822
    47.62420     47.50910    -26.54980
    40.48953     32.21791    -11.39852
    32.34385     45.87867    -14.56603
    17.45970     26.18735     -8.55224
    44.75545     40.47583    -12.82657
    36.28260     48.65140    -11.37600
    38.64939     32.41063    -20.57159
    32.59627     44.92832     -8.93506
    41.44056     40.00441    -10.26347
    25.62512     21.06580    -13.03715
    31.48928     31.05367    -11.99960
    36.69930     22.92220     -7.11420
    55.12322     46.59008    -14.86461
    32.48403     45.29863    -14.02739
    35.81551     28.48650    -12.99141
    48.06774     39.28698    -10.62242
    48.19879     39.79744    -10.76463
    35.85714     29.34792    -13.59956
    45.81940     50.76700     -8.41320
    42.96107     28.67633    -10.20709
    40.20737     33.37962    -14.98253
    21.57552     24.06127    -11.58087
    40.86634     27.22024     -8.17754
    44.55254     40.50500    -13.51771
    37.39831     32.76154    -11.86665
    36.66890     25.06560    -12.30700
    49.71470     61.23100    -21.37650
    25.74526     37.78279    -12.44355
    33.49419     38.01277    -17.81446
    27.92838     38.83565    -11.27884
    28.58729     35.38395    -11.20137
    39.62240     33.09510    -16.80600
    35.71356     32.00066     -8.17022
    35.16143     20.39208    -14.32366
    30.12240     27.94340     -5.97000
    31.41483     22.91563     -7.82898
    29.42253     27.41649    -12.56537
    35.91392     19.94096    -18.23221
    34.06720     18.10510    -11.82880
    52.66185     42.97147    -13.50863
    15.11956     27.70296    -12.25142
    29.21436     33.36774    -11.39153
    31.75110     21.06857    -12.45789
    28.55825     22.77813    -11.28479
    36.75442     34.03508    -12.08159
    51.66399     45.35484    -11.65551
    34.65020     45.04183    -12.91067
    38.87881     35.64104     -8.23637
    29.70220     36.44420    -13.75272
    31.75011     21.84276    -11.38233
    31.36211     35.73220    -15.74769
    24.64571     20.95661    -14.63811
    29.12746     34.00180    -11.98281
    28.01250     36.51400    -17.31020
    25.56588     39.24736    -13.07646
    53.04483     41.10845    -14.67045
    46.70938     32.84158     -6.82503
    46.60083     32.76768     -6.89700
    46.75260     32.78742     -6.89341
    25.84970     37.40030     -8.33290
    46.00440     61.43460    -21.12490
    53.47171     52.35214     -8.11140
    29.25874     42.81421    -15.41556
    36.18703     48.86151     -8.32300
    46.97623     34.34690    -10.06746
    50.43392     43.54285    -10.76206
    18.17360     26.44880    -13.23670
    35.44322     49.62520     -6.83055
    53.03398     43.98767    -12.11291
    53.94760     55.56306     -8.62274
    53.95580     49.75009    -11.56660
    36.11270     45.26220    -17.48320
    44.48145     43.13772    -10.62311
    18.22420     26.13560    -10.30060
    45.20242     43.23291    -11.03818
    29.67621     36.21262    -13.62956
    37.72786     32.66360    -13.40982
    35.64694     27.92601    -10.80077
    43.28568     28.51433    -10.71373
    27.78770     28.79800    -19.31580
    54.24468     53.02930    -11.82328
    33.41670     41.00530    -19.54690
    47.86449     35.29075    -11.21636
    35.53869     35.95914     -7.26011
    52.19772     40.94896    -13.25793
    26.66638     38.47198    -12.18005
    23.63766     24.49115    -13.72422
    35.15930     33.41870    -13.77510
    29.93773     36.24862    -13.31445
    39.22560     43.62550    -27.10760
    45.55791     37.22286     -9.38007
    42.64220     57.91170    -11.87480
    58.27590     48.50580    -21.62960
    15.14708     27.75323    -12.83558
    46.50501     43.29013     -7.34541
    31.52545     34.21184    -16.74182
    50.23113     44.32703    -10.25542
    41.39787     33.12360     -8.00028
    34.95182     45.70592     -8.95858
    41.88180     29.18052     -7.81641
    31.03771     42.57377    -13.44255
    42.35819     33.64663    -12.18389
    35.93153     20.92926    -14.71447
    35.86840     27.88431    -12.72884
    35.15891     36.84270    -14.49150
    45.42410     53.69910    -18.28400
    33.92385     31.56896    -10.68144
    36.31931     27.04073    -12.42718
    34.64527     46.95258    -12.33898
    52.04935     47.04102    -11.11853
    35.50576     23.86414    -10.46778
    23.01179     34.72818    -10.68614
    22.02973     26.05681    -12.02463
    43.75028     34.31481    -13.97658
    25.35387     34.90761     -9.52736
    33.54301     25.87407     -8.57025
    59.61235     54.20362    -21.15699
    59.87741     54.25413    -22.01644
    42.83823     28.71156    -10.23299
    42.95580     28.80311    -10.07927
    42.28853     33.88201    -11.79202
    18.25732     24.14875    -14.32059
    20.10430     22.30070    -18.06400
    31.65200     37.81280    -17.97280
    42.27624     34.91435    -13.65330
    37.77756     21.16440    -17.11836
    23.55282     23.16729    -12.38165
    51.56372     45.37642    -10.90841
    29.07887     39.92568    -11.27165
    32.64651     44.99217    -13.32701
    32.72459     45.15111    -13.34924
    33.23061     38.12024    -16.97300
    33.99245     27.79622    -10.57951
    35.75640     46.60129    -10.06807
    23.98760     27.03520    -18.04650
    22.83542     35.54525    -11.18953
    50.32541     43.49748    -11.02738
    37.70183     31.53767    -10.87424
    43.32294     34.47711     -8.09130
    42.86338     28.80674    -10.31006
    51.60903     51.41304     -7.28453
    43.55830     40.48090     -4.81850
    16.86154     26.34127     -9.68003
    43.97724     35.18081    -13.92151
    33.94190     48.43720     -9.26220
    25.78552     20.96665    -12.62715
    23.14090     36.99333     -9.41659
    30.00400     36.01643    -15.58647
    36.78370     30.24430     -7.26690
    27.11798     20.89960    -13.55369
    22.33853     35.76165    -10.09039
    34.07497     25.51699     -8.47860
    47.68063     35.05815     -7.66155
    34.60750     38.02690    -21.63930
    18.89424     30.99991     -9.75465
    43.43851     34.29836    -11.71625
    63.63940     57.09060    -22.95500
    37.88106     44.08914    -23.50870
    28.79361     42.03175     -5.25124
    54.95650     45.64500     -8.92050
    39.82578     31.65510     -9.32747
    47.41587     37.71598    -10.14850
    33.11477     32.70975     -7.91457
    29.55076     36.43186    -14.51569
    35.09180     33.91190    -18.83450
    27.57079     38.90413    -11.50145
    47.57762     34.28872     -7.56964
    38.81100     22.74720    -10.33140
    37.51529     32.13134    -11.27440
    41.02126     31.99126    -12.11363
    48.03750     49.49930    -22.54640
    39.26811     27.71169    -15.46954
    40.26923     33.58577    -11.30374
    36.87967     27.31924    -22.05222
    19.54819     30.08514     -9.87070
    34.69810     33.59550    -16.31990
    35.93396     20.62084    -16.28875
    50.70772     44.52484    -11.00490
    42.41589     34.31493    -11.84205
    31.48261     42.59860    -13.28997
    35.32706     31.29700    -13.47205
    49.65981     44.42045    -10.45046
    34.32748     45.29289    -10.74967
    32.04260     44.71850     -5.76230
    32.26410     14.60940     -8.98340
    48.91986     44.31619    -12.56682
    47.05654     34.90275    -10.56970
    56.33851     65.28398    -24.29346
    53.99582     50.71870     -9.06017
    36.53536     48.22345     -9.47366
    25.32797     21.90313    -12.53678
    34.47894     45.15998    -13.15769
    48.69890     45.74370    -18.25660
    27.16220     41.81880     -6.56650
    40.31686     34.76369    -10.14358
    44.98611     42.68113     -7.92813
    18.67282     31.64276     -7.88722
    22.41080     34.20410    -13.61540
    36.76072     29.46635     -9.63449
    18.55038     28.67226     -8.84215
    24.92697     39.03781    -13.13887
    26.15575     20.59161    -12.93006
    36.04729     47.18891     -9.85041
    48.54752     35.25063    -11.64334
    40.82159     38.57483     -9.24630
    23.14577     35.76923    -11.69069
    35.60650     34.44040     -8.91420
    28.58158     37.86889    -15.21506
    34.95460     29.07880    -16.89440
    38.39426     27.11648    -12.47947
    18.70348     23.63445    -13.75951
    22.09320     20.36050    -13.91980
    50.86240     63.58390    -10.17290
    43.20034     28.06714     -9.48277
    28.62359     34.71961    -12.14413
    36.58615     24.43709     -8.88673
    27.06132     20.90618    -12.02862
    58.55324     48.85868    -10.72167
    45.68442     39.95483     -6.69462
    39.32370     35.12960    -22.01330
    25.71730     24.01840    -14.62910
    46.93842     45.07993     -9.37777
    34.01622     43.06303    -17.28006
    23.89290     30.19230    -17.38090
    31.02843     43.82109    -10.00553
    46.75061     39.51442    -14.46888
    55.73025     56.16696    -14.39756
    59.62919     54.78005    -20.27134
    58.53646     48.92211    -10.14598
    56.12880     66.11570    -20.89740
    51.23330     38.88419    -13.20386
    43.63381     36.46074     -8.61440
    41.24120     51.32250    -16.82890
    40.14180     50.56540    -15.18710
    46.31780     59.10500    -13.12020
    20.21047     23.60870     -9.88616
    20.11061     23.57653     -8.97159
    37.56260     49.34307    -12.75534
    49.42058     41.84155    -14.74780
    27.05884     38.38336    -10.76658
    29.11120     15.29010    -10.75820
    51.26853     39.12653    -13.04291
    31.72243     34.19622    -15.22015
    46.04730     45.19440     -7.92790
    48.81140     48.26584    -15.68781
    50.08300     56.19730     -9.08960
    34.03858     43.00507    -17.49064
    42.81062     37.82941     -8.01471
    48.44361     49.71893    -11.44954
    19.65409     22.48956     -8.13280
    31.57553     26.42297    -11.14441
    24.00009     31.84213    -14.12957
    48.23969     42.61741    -10.12779
    51.63106     58.28732    -18.71455
    29.89900     39.27480    -15.11640
    34.54457     31.00503    -10.54864
    34.86265     45.33004    -13.54286
    38.60861     29.77351     -9.99112
    34.31405     48.41454    -11.10714
    21.12475     23.65403    -11.68729
    51.04892     40.64870    -12.46019
    41.29314     37.93697    -10.83666
    18.66220     28.18290    -10.38880
    41.30880     35.66693    -11.92938
    25.59910     22.39659    -13.08616
    54.00120     64.80940    -19.34930
    50.44263     45.40599    -10.53810
    38.31794     31.28297    -19.34064
    30.50810     19.00410     -7.59800
    41.23316     38.92224     -9.87709
    42.19717     33.40228    -12.95153
    50.61325     59.17887    -23.54933
    26.57248     38.67806    -12.73273
    32.51953     24.75860    -10.80155
    19.91350     26.11470     -7.88740
    50.06599     43.61203    -10.27051
    25.49191     38.13956     -6.55389
    51.07740     53.31000    -15.06350
    41.51488     35.06212    -11.53452
    56.56050     60.99320    -19.21710
    37.78457     28.42337    -11.23448
    41.58500     54.13825     -9.90577
    45.03290     31.48270    -15.08140
    52.15470     38.42500    -10.76880
    33.64192     47.44594    -11.95709
    58.97410     64.07940    -21.15830
    37.91854     44.20076    -23.56760
    37.62335     40.47286    -19.26399
    50.37856     56.95189    -25.15376
    45.13500     38.01507    -13.37428
    27.23190     17.19050    -14.70600
    53.42339     44.13965    -13.95218
    45.85810     52.15090    -21.02200
    37.20019     27.84534    -22.00717
    18.90258     31.24032     -7.76701
    32.24712     24.13380    -10.77374
    42.74754     34.91675     -7.50433
    18.02683     26.23044     -6.03387
    54.83456     49.91666    -13.64839
    43.03852     38.50155    -12.34038
    16.96380     23.96540    -10.14870
    42.72613     41.74813     -9.43074
    26.80230     12.92620     -8.95300
    49.87185     36.95612    -12.35535
    34.93074     49.53659     -5.85167
    40.75517     27.67224     -7.91654
    32.99360     28.94420    -10.75110
    50.18340     43.89168    -11.01052
    32.36535     25.32855    -10.35932
    43.09506     28.36930     -9.47086
    41.91578     28.98130    -13.82560
    15.89964     25.60387     -6.68168
    51.33430     57.48930    -23.73610
    37.76040     32.57499    -13.10594
    33.65931     44.70837    -13.24465
    31.61470     43.78817     -9.73181
    46.84831     38.06117    -15.08679
    34.99867     31.06456    -13.11124
    44.94785     42.81449     -7.21848
    42.72750     37.35821     -7.72361
    38.49144     41.41789    -18.24927
    36.02714     21.10626    -15.90472
    52.39982     52.43090     -6.82077
    20.62090     25.06050    -19.23630
    34.00805     44.88804    -12.79867
    53.36234     42.52285    -14.80625
    33.58464     38.17726    -18.12937
    64.60260     55.96750    -25.49600
    57.56092     47.81923    -16.96986
    26.63936     38.29605    -12.32489
    54.75041     55.97565     -8.74645
    34.02195     26.43758    -20.30433
    21.67008     23.07402    -12.24861
    22.74428     26.38605    -12.67821
    18.98734     27.48348     -6.66989
    19.63612     27.35678    -14.31157
    28.08980     24.34570    -15.65960
    34.87409     32.69704     -7.12662
    25.12850     32.76800    -17.31850
    21.41902     23.10147    -11.85065
    54.66330     46.88638    -14.01492
    48.78934     56.24495    -23.64756
    34.86110     25.91790    -13.95890
    49.30620     64.84760    -26.27330
    31.02579     42.16841    -10.07119
    23.61369     24.53698    -13.78672
    60.42100     50.59010    -20.36510
    51.58542     52.60044     -8.80566
    35.42075     29.27328    -10.38158
    18.94700     25.08012     -8.96258
    52.60433     47.01604    -11.84670
    40.02470     24.98110    -13.12710
    21.62369     24.40258    -11.69227
    49.62137     57.74573    -23.43656
    58.90550     50.36640    -17.29480
    42.96664     37.84917    -12.17547
    24.54760     33.91036    -14.07268
    25.89790     32.00640    -13.19250
    31.33950     24.58480     -7.06100
    59.58172     51.30771    -10.33014
    52.57900     41.13560    -13.96518
    41.85622     36.60326    -11.81068
    42.41924     27.37492    -11.39696
    31.37160     34.32400     -9.00520
    50.19370     62.41980    -26.10540
    40.54080     41.92350    -11.80240
    47.81478     38.79009    -15.17081
    17.82011     27.12270     -5.74162
    30.25778     32.15819    -16.08050
    52.90023     48.28591    -12.11105
    19.12909     30.95762     -6.53226
    51.20184     41.22416    -12.14115
    34.34751     31.27623    -10.02050
    35.89310     46.64010     -9.25518
    34.08988     44.30222    -10.02993
    44.37590     30.46530    -13.50520
    29.35883     20.40253    -13.23510
    43.98422     35.22331    -13.92096
    28.40321     25.02903    -13.82186
    49.83630     62.97820    -21.28470
    59.50137     50.92933    -10.45317
    38.34605     49.40918    -10.86066
    49.25374     43.97725    -13.00180
    41.00810     31.56480    -19.21380
    30.32920     19.41290    -12.99020
    53.63503     45.43465    -13.46082
    17.82742     28.14864     -8.41255
    39.77640     26.12720    -22.34250
    37.56120     24.48320     -6.56660
    40.74316     34.40188    -10.21438
    51.41672     42.35002    -12.11305
    30.31090     32.15749    -16.08029
    45.57734     42.41961     -7.86454
    42.77977     39.34749     -6.36099
    49.40907     42.54406     -9.63801
    39.82010     45.91080    -17.82930
