    43.15289     41.49575     -9.61274
    29.25672     42.17551     -7.30258
    38.91966     36.18301     -8.33162
    39.21356     32.16590     -8.71117
    40.08458     32.71660    -14.65779
    43.24285     41.51358     -9.69314
    55.82149     57.28751     -9.82935
    33.30580     17.84170    -15.31120
    52.68285     41.35421    -14.09911
    40.33602     33.00092    -14.77118
    37.82020     26.83067     -8.53918
    43.97619     36.18316     -8.32252
    42.03386     29.40283     -7.69176
    41.49530     50.84940    -19.94120
    43.22278     41.04181    -13.60018
    51.27536     40.77648    -12.41948
    36.18731     21.13669    -22.24156
    53.01640     43.62285    -13.41124
    31.42610     37.57310    -15.99920
    50.62280     64.47660    -16.25290
    19.39565     28.22898     -8.13650
    47.01321     39.23667    -14.56508
    41.86049     37.00358    -11.48322
    48.85151     42.28629    -15.16380
    40.45500     54.64517     -9.76305
    33.85020     20.85440    -17.85220
    40.21119     54.67244     -9.97996
    19.38127     28.23469     -8.15137
    42.77603     28.59582    -10.69173
    21.43406     23.07363    -10.59416
    39.48090     27.72830    -13.80310
    26.40080     20.75372    -12.57942
    35.43700     36.90040    -14.44560
    35.44202     36.89957    -14.45260
    38.89194     31.60394    -14.49168
    34.13878     46.08801     -9.19341
    42.59982     38.55258    -12.72096
    48.82633     42.24001    -10.26059
    26.05310     20.91686    -10.75836
    53.41474     49.75147    -11.83130
    40.12026     38.78008     -8.92095
    31.76723     23.15748     -7.70510
    33.10042     46.77954    -11.55359
    41.27877     27.64525     -8.18997
    41.00698     27.56902     -8.17409
    47.43531     37.54756     -9.98636
    56.20380     62.35240    -17.98270
    41.92960     39.70534     -9.94683
    28.37070     40.67040    -13.65690
    48.30907     39.95154    -10.66558
    26.61151     38.62760    -12.62792
    34.88110     31.81330    -15.48400
    29.58066     20.06931    -12.97344
    31.24531     43.60110     -9.55927
    49.27830     49.01199     -7.48039
    39.02357     31.66236    -14.47060
    33.67781     20.50973    -12.33462
    34.93250     18.55510     -9.84340
    46.50560     40.92520    -10.37440
    26.06905     20.93308    -10.79151
    40.78708     27.83581     -7.96809
    40.83035     27.76857     -7.98656
    28.55040     22.23620    -13.10380
    43.92220     52.07090    -24.33980
    32.46250     22.66190    -12.75660
    20.32207     23.43427     -9.74462
    49.59680     37.17130     -8.03180
    48.29883     39.93608    -10.66810
    30.85568     30.05729     -7.70853
    43.22720     41.51553     -9.67423
    44.85030     47.70500     -5.77110
    56.95761     65.46293    -23.74870
    43.52825     35.18208    -13.75523
    34.91670     36.20965    -17.21353
    42.12845     29.59644     -7.69674
    42.11298     29.52275     -7.71741
    37.74590     26.71980    -18.65540
    40.68170     32.20633    -11.80428
    52.06068     47.45835    -10.89008
    63.40510     57.52930    -24.39110
    52.25920     46.10750     -8.11370
    41.30010     36.23470    -22.85650
    49.80684     36.93093    -12.34369
    36.51224     25.02463     -8.95083
    42.51752     33.80565    -12.30116
    42.55903     33.95119    -12.11342
    45.63510     42.95750     -7.63660
    35.86536     28.84193    -10.18487
    51.33316     41.10204    -12.39122
    55.02172     50.35512    -13.45123
    32.56455     22.31149    -10.14734
    42.56009     56.99056     -9.93049
    55.85911     64.75010    -22.43659
    55.85971     64.76883    -22.41572
    55.86129     64.77096    -22.41685
    21.20503     23.35191    -10.73875
    35.53360     30.85576    -12.88796
    55.84078     64.71493    -22.37816
    33.55514     20.39089    -12.54662
    33.54680     20.39662    -12.54781
    33.55328     20.39648    -12.54591
    53.41389     49.65561    -11.83981
    50.60086     64.47118    -23.91941
    38.87402     36.13137     -8.28112
    29.96519     36.43355    -13.48444
    45.45240     34.36470     -9.65390
    42.49453     38.05263     -6.78388
    42.73635     28.57974    -10.79808
    37.40493     28.74497    -14.69736
    25.31831     35.10632     -9.20565
    56.36419     65.16655    -22.92377
    18.57908     25.23451     -7.76700
    24.25884     33.40667    -13.97404
    38.71269     26.93344    -12.34069
    55.82290     57.28765     -9.80455
    18.86204     27.92991     -7.32041
    55.82341     57.28892     -9.80099
    55.82443     57.29105     -9.80386
    52.33197     51.78426     -9.34491
    47.70320     45.95270    -14.10210
    40.43049     33.51612    -11.12964
    32.73970     25.93380    -17.92810
    36.21614     47.44677     -9.70053
    33.52974     38.02881    -17.85265
    21.24297     23.33180    -10.73843
    50.91069     44.68530    -11.04507
    19.89027     22.57887     -7.77953
    45.60651     42.93939     -7.63133
    28.57626     25.14324    -13.69565
    33.25463     32.36067     -7.35155
    26.42718     20.76267    -12.48771
    30.29801     42.05675     -9.97394
    51.15046     40.86113    -12.27995
    30.65057     42.46109     -9.83244
    49.14543     36.05085    -11.94348
    33.26047     45.02531    -13.17734
    59.63722     51.84456    -10.09133
    33.60021     20.43461    -12.49291
    31.22763     43.63131     -9.58315
    46.20570     32.72890    -11.25580
    51.09419     45.11365    -11.15101
    52.68940     41.34113    -14.11027
    33.72378     26.37784    -20.38095
    57.78140     45.95380    -19.94950
    58.45232     48.15434    -10.76821
    52.35032     52.06883     -7.36761
    18.67370     24.49300    -17.50850
    42.59929     37.96926     -7.32406
    32.58410     28.10750    -21.45320
    37.55613     31.96693    -11.18111
    34.17950     22.68200    -16.91630
    42.74398     34.35352    -11.48677
    52.50084     52.05614     -7.39032
    31.26267     43.61396     -9.57529
    42.00400     29.14894     -7.77356
    48.21850     44.87510    -16.80700
    33.27200     44.87780    -12.89503
    17.95116     27.23447     -6.23605
    36.53599     25.09697     -8.95309
    36.09120     31.10600    -21.94950
    42.85412     41.71708     -9.44194
    45.56832     42.93047     -7.63871
    51.48934     49.74090     -9.93019
    34.91768     46.16994     -9.35594
    53.56193     55.09028     -8.24989
    41.70774     27.09140     -8.60734
    49.80314     36.92714    -12.33687
    31.22818     43.66230     -9.63232
    33.31830     15.36970    -29.73350
    35.09501     46.27541     -9.43517
    40.43438     33.74337    -10.81804
    50.05679     57.38973    -24.73193
    35.50318     20.09129    -13.76122
    35.52400     20.12002    -13.84840
    38.55190     29.52822     -9.71939
    43.23222     41.56003     -9.68079
    40.39369     27.86079     -7.34268
    38.50660     34.28780    -14.59280
    48.13980     62.62900    -16.83150
    29.78968     43.58993    -13.21101
    42.94935     28.55160    -10.31663
    43.61106     35.18644    -13.80213
    25.56600     22.18287    -13.08132
    58.70898     56.37267    -10.31661
    41.92380     46.97900    -10.85520
    56.69980     52.80560     -9.72560
    42.70741     30.77323     -7.93802
    50.17891     57.33019    -24.85195
    45.59054     42.89158     -7.64322
    20.96976     23.39866    -10.45150
    33.61722     25.79757     -8.77663
    30.49558     36.25002    -13.00791
    42.03811     29.30074     -7.74657
    52.06971     52.03272     -8.95401
    36.78887     34.09940    -12.06672
    40.64286     54.66056     -9.20207
    24.20335     33.24298    -13.96337
    33.42270     37.01027    -15.51346
    20.96864     24.24109    -10.97677
    40.00165     54.48240    -10.34481
    37.91380     49.36291    -12.17868
    35.79417     28.20502    -12.99584
    49.23680     49.03001     -7.41211
    35.45403     36.92023    -14.45829
    25.56560     24.15150    -16.35860
    45.56794     42.90552     -7.66566
    31.80432     45.88942    -14.71312
    19.58086     27.42520    -14.39580
    46.46720     44.59930    -16.69510
    38.91857     31.51524    -14.50275
    24.25118     33.74574    -14.04992
    30.94220     23.06340    -14.43650
    35.82678     49.45881     -7.74564
    46.76820     37.76060    -12.27300
    51.28964     45.17435    -11.21116
    55.91859     64.87257    -22.46018
    33.16640     41.19940     -6.84530
    31.68130     13.26550    -28.55530
    42.10003     32.58201     -7.60659
    36.90690     24.60850    -16.54050
    31.97255     21.71343    -11.45082
    23.10573     36.93899     -9.26397
    47.45614     37.61929     -9.85200
    34.56916     31.02584    -10.54175
    55.90230     62.32160    -24.12560
    26.38228     20.75201    -12.60849
    26.25881     20.88563    -11.19664
    42.87798     28.58609    -10.46044
    40.64908     54.61401     -9.44724
    34.95877     46.20087     -9.36859
    44.14358     36.28778    -12.66858
    26.67570     23.94420    -17.96450
    33.52775     38.01480    -17.81688
    38.16295     29.55539     -9.29553
    31.15652     43.42840     -9.63555
    46.96689     39.08379    -14.62586
    24.30813     33.40015    -13.98213
    42.71957     28.55873    -10.88774
    38.06747     41.15505    -18.51810
    52.07174     47.44709    -10.90798
    34.09000     47.67911    -11.77232
    31.25075     42.52982    -13.48087
    42.26114     37.48059     -7.82628
    17.58036     27.04294     -5.81596
    43.59176     35.18702    -13.79337
    49.70867     36.78602    -12.28294
    49.70264     36.77983    -12.27902
    35.38900     36.85806    -14.37640
    32.01342     45.75690    -14.46236
    35.58478     30.96777    -12.81874
    35.52576     20.09161    -13.81339
    41.06681     31.96742    -12.10533
    46.33920     54.49780     -6.72030
    50.25370     44.55830    -10.67005
    45.50147     39.44425     -6.91628
    41.76245     28.96033    -14.05740
    35.51984     20.07511    -13.73676
    17.81441     26.90769     -6.11582
    60.87017     54.61911    -24.09211
    35.51874     20.04984    -13.82052
    33.13096     45.94943     -8.99366
    27.21540     11.38560     -5.57460
    21.42633     23.18531    -11.03176
    21.35461     23.16304    -10.78440
    45.57900     42.92465     -7.64552
    42.96610     41.63693     -9.52003
    35.52251     20.03995    -13.80483
    31.23432     43.62928     -9.60366
    17.86890     33.31230     -3.54400
    29.08776     33.98672    -11.70870
    34.93710     23.60363    -10.32062
    46.91680     37.05580     -7.52600
    39.55447     53.65891    -11.57194
    50.85448     44.67357    -11.01605
    53.43198     49.79384    -11.86727
    34.43110     43.09450    -20.58980
    22.14841     25.89508    -11.84412
    26.84791     38.65212    -12.48116
    20.61608     23.39359    -10.05087
    36.51867     25.13590     -8.86167
    27.16336     38.73810    -12.21666
    36.50035     25.08860     -8.90233
    29.76180     43.67140    -13.29938
    41.55462     30.77032    -14.77277
    33.10814     45.97138     -8.97122
    35.50711     20.10429    -13.85269
    41.90161     39.66664     -9.97316
    39.61603     53.82506    -11.39095
    58.45180     48.04969    -10.85570
    19.95295     30.05212     -9.76538
    43.24610     44.68840    -18.05850
    56.67740     60.55160     -9.56270
    42.54802     33.28516    -13.04127
    51.19977     40.77128    -12.34802
    40.52482     33.83911    -10.74377
    23.84950     21.80500    -18.29680
    50.40899     44.07706    -10.77476
    33.34331     32.41624     -7.37883
    35.54325     20.05394    -13.78691
    36.94859     27.52486    -21.88790
    35.18178     46.33232     -9.36036
    36.59343     25.24448     -8.93715
    41.05828     27.46254     -8.13421
    41.93809     32.76353     -7.54157
    31.41004     34.26422    -16.22474
    41.87785     37.11656    -11.40309
    54.97883     50.33544    -13.44482
    26.43463     20.75359    -12.46317
    49.47780     46.84670     -7.65100
    31.30719     30.96283    -11.86228
    26.37909     20.75007    -12.61590
    52.53678     51.98431     -7.42204
    45.57024     42.92239     -7.65420
    28.53224     25.11629    -13.78749
    37.09206     30.70900    -18.52188
    33.53212     26.07535     -8.55344
    30.99927     37.73305    -23.31007
    18.66989     31.23090     -8.69123
    40.54860     38.45990    -19.46670
    26.65937     38.64798    -12.64092
    36.88638     27.47533    -21.86545
    51.24614     41.02867    -12.29156
    30.13360     42.60420     -4.39510
    49.30021     43.82587    -13.06500
    41.39389     29.45220    -16.72258
    23.70370     37.25600     -7.08850
    45.26090     46.32705    -26.61108
    40.71756     31.38787     -7.66403
    54.32497     46.53635    -13.57075
    42.77952     28.58702    -10.71110
    59.68119     51.88493    -10.21054
    26.37257     20.75103    -12.64064
    36.37668     29.20502     -9.83306
    33.35175     46.01466    -13.67871
    44.11440     36.29698    -12.67240
    49.66886     36.73583    -12.24438
    26.37806     20.74697    -12.62507
    52.05830     52.08280    -12.49850
    45.62888     42.92167     -7.66621
    51.93965     52.18620     -8.57726
    52.21320     52.17169     -7.55997
    42.59872     37.91233     -7.49419
    51.97050     51.80812     -7.35288
    41.37620     26.79190    -13.86710
    52.13621     52.18474     -7.71420
    42.61874     37.89860     -7.55549
    45.47530     58.13070    -13.98000
    51.24306     40.87068    -12.29544
    40.13788     38.76693     -8.92918
    51.07440     64.27430    -26.02480
    45.68870     59.75300     -9.77230
    23.10024     36.93589     -9.26517
    33.52790     26.09797     -8.57508
    43.55920     40.97343    -13.52655
    48.79112     42.31565    -15.18732
    40.74398     27.67986     -7.72609
    50.51214     43.93236    -10.92968
    46.53930     48.89540    -29.01360
    51.24784     39.47588    -12.93153
    41.99800     29.07040     -7.84001
    34.57369     31.01827    -10.51413
    34.92427     46.16586     -9.55986
    41.88458     54.02588    -10.51239
    41.99400     25.30230    -10.42310
    26.76010     18.81160     -7.32450
    36.07085     29.05053     -9.98518
    57.36681     47.86527    -16.87261
    33.72120     26.37916    -20.41324
    40.12919     27.79929     -6.85809
    29.12805     27.26151    -12.61582
    23.03982     23.25127    -12.60993
    17.28183     26.24528     -8.96096
    48.84536     42.27729    -10.25894
    41.87428     37.16428    -11.36708
    52.17825     52.11021     -7.01955
    34.55489     31.02961    -10.52585
    25.31040     35.08090     -6.68600
    26.83633     38.68929    -12.58157
    32.68091     24.91311    -10.84563
    54.86480     59.73460     -8.00220
    29.52123     20.12810    -13.00573
    51.14769     40.86965    -12.27794
    29.31558     42.17239     -7.24032
    59.55800     51.79886     -9.90073
    50.54600     43.61704    -11.01988
    52.15173     52.13923     -7.87515
    52.09272     52.21381     -7.88912
    42.55515     38.02115     -7.12150
    33.10422     26.39380    -10.81773
    41.06950     48.15990    -22.65070
    52.24534     52.13834     -7.40544
    52.28211     52.11158     -7.29486
    26.71718     38.66389    -12.65407
    55.87439     64.30344    -21.94806
    43.62034     35.23235    -13.77296
    32.52738     42.63104    -11.48218
    45.90731     59.32732    -16.49378
    41.95444     29.45082     -7.61195
    28.72240     33.36090    -21.77620
    34.03708     47.67071    -11.78566
    20.98631     23.34328    -10.42045
    26.77680     26.24690     -8.44700
    39.32381     53.54287    -11.28960
    38.89326     32.06634     -8.24982
    37.71624     49.45230    -13.35813
    54.61300     43.71910    -15.58420
    35.70069     35.71196     -7.25510
    48.87721     48.34424    -15.75694
    35.44549     36.91554    -14.45371
    28.46406     39.30308    -11.40223
    36.20889     21.12731    -22.25224
    51.91089     52.16334     -8.82148
    42.01666     29.34441     -7.69736
    51.24341     40.95306    -12.32674
    42.66819     32.81859    -13.83614
    56.97201     65.46315    -23.70573
    29.98150     19.03190    -22.11260
    40.15871     35.87184    -12.80525
    26.83166     38.21574    -10.40442
    41.90915     54.00341    -10.53123
    35.78119     28.19528    -13.10086
    35.53120     20.10573    -13.83628
    29.51119     20.15489    -12.96193
    42.64307     57.05712     -9.88205
    20.29340     23.53954     -9.78482
    35.51232     19.99833    -13.81998
    23.43651     35.53910    -11.58110
    42.24599     28.70440    -13.46816
    58.76745     56.35772    -10.31289
    23.52800     19.46980    -17.71530
    40.46214     38.45694     -9.21664
    52.93608     43.68825    -13.11694
    20.51326     23.53737     -9.98178
    48.53230     48.02960    -14.10150
    36.08084     29.01607    -10.00169
    47.49307     45.13327     -8.92775
    33.69476     26.38746    -20.38828
    50.41386     45.14215    -10.84261
    31.87280     20.59970    -17.55220
    41.84140     25.26080    -20.14920
    44.15820     51.70280    -22.33160
    33.71685     37.19112    -17.66723
    41.77272     28.89663     -7.87320
    18.76296     31.10345     -8.92765
    19.89114     22.54947     -7.74798
    23.85310     18.00990    -15.17350
    42.08421     29.39566     -7.80218
    28.78340     22.82543    -11.21831
    50.98958     44.69038    -11.09244
    29.25103     42.74363    -15.51640
    49.37759     44.15073    -13.02327
    16.05351     26.09196     -6.85666
    53.61755     55.16370     -8.29693
    53.58811     55.10810     -8.24480
    22.46314     21.37852    -10.35046
    38.27108     32.10127    -20.11928
    39.68781     53.60313    -11.61377
    36.39307     29.22583     -9.80066
    37.93214     26.88657     -8.40915
    28.58421     39.38063    -11.35455
    52.73003     41.40857    -14.15826
    26.40424     20.74955    -12.58576
    37.07574     30.72020    -18.54462
    26.38450     20.75097    -12.61901
    31.61648     42.60400    -13.17411
    44.97771     40.65722    -13.15895
    45.27007     46.33851    -26.61893
    43.33410     56.46680    -13.13940
    34.97370     17.34560     -5.57550
    33.36604     44.95631    -13.03170
    24.70769     20.47474    -14.46055
    36.70913     29.06584    -14.25586
    43.89808     36.19224     -8.31521
    21.15557     23.34680    -10.70157
    32.57536     26.31737    -10.82196
    47.52328     43.43687     -8.25266
    36.51625     25.02577     -8.88443
    36.51164     25.02569     -8.89886
    30.88242     30.06401     -7.70027
    19.65066     28.24593     -8.30259
    51.91957     52.12792     -8.80136
    35.97854     21.02758    -15.49642
    31.24562     43.63790     -9.59966
    21.36690     23.16414    -10.79263
    55.72697     56.27346    -14.53778
    55.72811     56.28998    -14.55528
    53.75017     55.32557     -8.38667
    39.06746     32.15037     -8.47087
    35.81910     19.95982    -17.72944
    57.33167     47.87383    -16.86254
    35.80299     28.06569    -12.77357
    29.36884     20.30004    -12.85390
    54.20303     53.17894    -11.72344
    27.50061     26.71353    -23.59543
    39.15960     32.15665     -8.54909
    27.50439     26.71787    -23.59847
    48.83555     42.31371    -10.21800
    39.88480     44.21870    -21.71450
    55.72985     56.30032    -14.56121
    41.90303     37.01429    -11.54365
    26.33115     20.74765    -12.68494
    37.56925     29.52290    -10.32933
    17.47130     26.22080    -16.68800
    42.66496     34.33433    -11.62549
    42.65657     34.32440    -11.64859
    23.13587     36.93344     -9.36516
    52.89666     51.95970     -7.87133
    37.91520     46.93580    -17.84970
    48.38004     49.93307    -11.72289
    50.44621     44.22342    -10.79938
    22.49111     21.43460    -10.42881
    43.15855     41.53398     -9.60721
    54.10287     46.27241    -13.51686
    20.43831     23.58026     -9.77709
    49.29806     34.97075     -9.36590
    21.34835     23.42273    -10.99921
    17.58785     28.19797     -8.38355
    35.51986     20.04382    -13.76560
    23.46713     35.55228    -11.59982
    38.60100     32.19585    -13.88647
    30.22980     15.70690    -15.74770
    42.95426     28.54657    -10.33530
    35.99051     21.03312    -15.58326
    35.16500     31.33740    -20.25100
    21.86010     30.31000    -12.24100
    48.71335     35.48695    -11.68985
    53.44797     49.77607    -11.81568
    45.79350     49.08670    -22.09160
    47.53956     43.56273     -8.34174
    31.28317     43.71767     -9.56558
    35.12552     32.75501     -7.47261
    23.07094     36.76092     -9.36308
    29.89088     43.50041    -13.32333
    42.77816     57.17343     -9.75324
    40.30490     24.11620     -6.60510
    47.09146     44.16448    -14.22961
    59.73092     51.94964    -10.33657
    51.75771     46.09626    -11.26541
    42.07408     38.77077    -13.31668
    50.38019     44.18575    -10.76158
    38.30370     23.94830     -8.91820
    53.33415     49.59857    -11.86920
    35.98912     21.03136    -15.60151
    33.20637     44.94836    -13.05654
    33.29967     25.92648    -10.86296
    31.09806     37.78974    -23.51511
    31.65670     26.49830    -13.11930
    41.31760     52.31690    -14.82860
    40.26094     38.06502     -9.18955
    53.43107     49.75822    -11.83232
    50.12055     57.55596    -24.62830
    18.12377     26.09137     -6.64286
    51.78642     65.22492    -13.45203
    18.70446     24.97678     -8.27143
    31.18868     42.49589    -13.52479
    27.79338     38.95169    -11.78416
    51.64238     64.94355    -13.53837
    52.62240     59.43380    -24.33510
    55.84086     64.69023    -22.34378
    40.53837     32.42740    -11.66167
    44.94112     37.56176    -13.05826
    26.80294     38.17336    -10.38080
    41.41570     53.02850     -7.48610
    45.56780     26.47630    -13.16380
    39.40110     40.90210     -9.53460
    30.33820     37.81790    -19.32930
    32.82340     36.71140     -9.76700
    40.57978     54.69693     -9.34848
    42.25598     29.86022     -7.76375
    38.45691     29.53294     -9.66527
    45.21106     43.04739    -10.66433
    48.83548     42.37437    -10.19425
    47.46381     44.74686     -8.83004
    26.38051     20.75035    -12.63889
    41.30960     24.86390    -11.86560
    29.91142     36.39095    -13.47343
    32.57947     22.27926    -10.21005
    48.64978     42.51054     -9.89940
    21.95710     25.63013    -11.74084
    33.39430     37.02093    -15.48104
    31.07439     42.32714    -13.60603
    38.90097     32.17721     -8.35766
    18.69234     31.19476     -8.81832
    31.03234     37.77726    -23.40700
    40.98885     27.43675     -8.13879
    44.18368     36.41964    -12.75987
    42.02847     29.43131     -7.68163
    42.03570     29.37878     -7.70770
    17.64882     27.06363     -5.93839
    18.83794     23.69272     -6.20477
    26.77125     38.63157    -12.52800
    35.42650     36.85668    -14.40597
    44.26185     36.40832     -8.40327
    47.54689     43.40540     -8.34285
    59.65747     51.83340    -10.14942
    39.07976     32.14897     -8.43012
    31.24944     43.70325     -9.59355
    18.86976     23.69758     -6.18693
    23.15820     21.42410     -5.53430
    31.17816     43.47744     -9.60606
    50.75384     44.45070    -10.99577
    51.34744     45.02827    -11.26441
    23.59760     29.32030    -13.29600
    42.67431     34.28898    -11.68887
    48.76133     42.37113    -10.18824
    35.08419     36.16810    -17.13248
    24.86780     14.60160     -8.73950
    41.56518     30.76898    -14.76623
    51.57954     58.18097    -19.02100
    41.99356     28.85410    -13.83081
    35.98989     21.02957    -15.59141
    23.26081     23.70950    -13.00697
    33.29804     25.92940    -10.86284
    29.57350     28.33810    -19.65320
    48.85175     42.25409    -15.17461
    39.54833     53.70145    -11.42200
    49.79440     54.26780    -26.21010
    51.48936     49.75580     -9.85759
    51.48888     49.74562     -9.91365
    51.48919     49.74764     -9.89013
    43.59573     34.62591     -8.14544
    64.62510     57.33450    -26.74960
    41.49233     29.61433    -16.65091
    40.27871     32.93080    -14.74747
    36.85846     37.84813     -9.74137
    30.24730      9.53290    -16.80930
    41.15160     27.38768     -8.22777
    42.68850     39.24983     -6.52313
    35.98891     21.03449    -15.58173
    44.32249     33.19472    -15.60638
    41.15710     25.76320    -17.02690
    30.49599     34.34608    -13.67511
    30.33555     32.13088    -16.13298
    56.27390     53.54740    -12.86100
    33.36394     45.26015    -13.31327
    16.49600     29.29630    -16.03870
    42.68639     34.28246    -11.64587
    53.97725     46.09133    -13.48802
    47.54183     39.42742    -14.67462
    33.34408     26.00307    -10.86616
    52.23435     52.13074     -7.16379
    40.50457     33.74270    -10.81532
    53.57156     55.10618     -8.20979
    29.93199     35.74733    -15.54041
    33.32478     26.02856    -10.86689
    55.92558     64.85055    -22.45794
    48.36494     49.92339    -11.77928
    47.67663     34.47991     -7.66098
    40.12900     23.35350    -20.44900
    23.05257     23.24800    -12.59127
    25.35550     39.39550    -15.87860
    23.48619     24.60195    -13.57814
    30.19360     15.51390    -22.92640
    28.38260     18.26430    -13.36990
    37.70802     21.23234    -17.09880
    20.26916     23.47291     -9.64493
    47.71106     34.60298     -7.59873
    26.68234     38.59034    -12.58641
    52.43970     64.98020    -23.98260
    32.44284     42.66013    -11.79496
    41.98760     42.60780    -23.76900
    44.99447     40.67621    -13.04054
    26.74100     38.61170     -8.38330
    44.98458     40.67575    -13.06540
    33.49882     37.93726    -17.78334
    45.03790     49.15630    -27.34960
    35.11645     30.99456    -13.16652
    42.13272     30.81450    -16.66639
    26.40803     20.74997    -12.57601
    31.24666     43.67278     -9.60046
    30.32171     32.13854    -16.12627
    40.92580     27.62060    -20.48360
    42.66458     37.93187     -7.66483
    38.08781     45.76144    -21.61064
    37.74650     30.73250    -21.58330
    49.20895     57.07828    -23.43113
    42.88980     26.81090    -14.48280
    52.06340     47.28738    -10.98425
    31.61248     35.81867    -15.43492
    31.62183     35.82016    -15.42171
    35.15276     36.21584    -17.09611
    43.61940     55.57070    -14.36970
    42.49648     38.10578     -6.84958
    45.54160     35.85340    -10.33930
    40.32308     32.98846    -14.77296
    42.46371     38.04780     -6.68997
    42.51502     28.51239    -11.61127
    37.80373     32.66483    -12.94629
    42.68208     34.25172    -11.67641
    46.61495     46.33152     -6.55273
    47.45616     37.62018     -9.84845
    40.32787     32.98799    -14.78468
    40.32127     32.97856    -14.77078
    50.48561     44.08128    -10.84965
    32.02910     31.05970     -8.60630
    31.42740     34.38976    -16.15986
    34.51110     24.52160    -19.07710
    52.72262     44.07295    -12.30871
    44.85100     42.72200     -5.11700
    55.23120     49.96620     -3.99030
    33.35892     26.18301     -8.34608
    39.09814     31.76854    -14.46569
    35.51989     19.82019    -13.85146
    48.27717     49.99510    -11.97110
    40.17317     54.61418     -9.95024
    35.60041     28.11317    -13.69911
    48.30321     49.98213    -11.92030
    33.38660     39.33160    -21.26650
    48.73470     61.40290    -11.50270
    34.77426     30.78952    -10.51609
    18.67351     31.24267     -8.54382
    43.57177     34.33510     -8.09364
    50.21882     44.78135    -10.65610
    41.27113     27.56569     -8.19458
    45.89689     59.31138    -16.49432
    27.69900     39.58950     -6.07220
    53.98201     46.09701    -13.48268
    36.35421     28.73886    -18.65392
    34.05280     30.90560     -8.18960
    28.72530     37.84244    -15.30460
    41.46818     36.69645     -8.15640
    33.53694     38.03160    -17.84290
    37.71253     49.45160    -13.50370
    36.77474     37.83337     -9.70613
    16.01460     27.88150    -21.06910
    30.77680     27.94290    -10.40010
    40.56268     33.89232    -10.73424
    40.26617     27.90697     -7.06154
    17.73708     26.69337     -5.83730
    49.92580     57.84921    -20.72047
    41.90698     39.70594     -9.97109
    41.75712     53.92924    -10.40690
    35.97728     21.02224    -15.62933
    25.52350     14.22830    -15.46170
    23.25280     28.10120     -9.25690
    31.06178     42.53605    -13.53471
    48.66081     35.38464    -11.66343
    32.99440     14.82930    -12.25890
    40.19996     35.62798    -12.81260
    50.54153     44.15395    -10.87909
    41.44500     25.02200     -7.22820
    35.57200     20.22307    -13.91256
    41.89600     44.71240    -16.53980
    40.49329     33.31748    -11.11429
    34.18688     47.53564    -11.85475
    47.12444     44.16742    -14.18489
    47.21275     39.32717    -14.61031
    25.50490     38.24990     -6.58910
    35.45484     36.93057    -14.47317
    30.47071     34.34382    -13.67449
    50.19834     43.83048    -10.68889
    47.62555     43.52874     -8.41677
    38.15732     28.16417    -15.14442
    37.53750     35.57940    -10.89980
    35.08145     36.16854    -17.13371
    42.67741     34.32525    -11.69132
    37.60403     31.88974    -11.19792
    42.74813     34.28292    -11.66657
    39.67990     45.18180    -19.60970
    24.40722     33.48169    -13.98739
    26.62850     38.60320    -12.59441
    52.44843     52.05426     -7.42169
    22.64780     24.30780     -8.40420
    43.55437     34.30610     -8.11293
    52.31153     52.18276     -7.30950
    48.83761     42.35256    -10.22390
    34.08840     44.55121    -10.21207
    55.08658     50.46549    -13.41474
    39.19688     32.16449     -8.66429
    20.84940     19.39410    -12.48970
    35.77232     19.88325    -13.69028
    38.94164     32.08416     -8.28960
    21.39541     23.20971    -10.96987
    39.41130     29.35850    -24.47000
    29.23350     19.06460    -10.50650
    43.56419     34.30185     -8.12214
    51.12380     41.97430    -14.62060
    43.62752     35.15670    -13.83072
    40.09612     54.64718    -10.24618
    30.85250     26.72530     -8.67040
    40.42630     27.82566     -7.40131
    39.52816     53.69567    -11.57771
    40.32706     33.07824    -14.78435
    20.44283     24.00603    -10.27913
    42.03732     29.42774     -7.66843
    35.99352     21.04215    -15.60669
    35.88687     20.88464    -15.16052
    48.45889     49.85577    -11.56459
    42.73789     28.60955    -13.64682
    28.17071     39.13751    -11.62621
    53.27262     51.46547     -9.15269
    23.47950     24.43094    -13.60026
    44.37421     33.19988    -15.53872
    53.29760     56.71430    -24.11930
    47.66334     39.48867    -14.66426
    41.77300     28.95562    -14.14435
    41.89935     39.66757     -9.92524
    52.46460     52.03751     -7.49158
    49.85750     46.81460    -14.13820
    26.41204     20.79820    -12.17873
    36.04342     29.09664    -10.02515
    51.72476     64.97594    -13.48780
    63.63890     59.54110    -21.47440
    43.87240     46.62340    -23.87660
    27.42256     38.82522    -12.44825
    41.99704     28.90290    -13.79399
    33.77570     47.48009    -11.78565
    51.82174     46.30172    -11.27968
    36.30629     28.76114    -18.63188
    50.21050     49.60490    -15.33280
    38.04566     41.14421    -18.55030
    37.54612     29.38425    -10.90833
    35.46910     30.78121    -12.95523
    47.93741     39.53828    -14.70292
    36.51496     25.14783     -8.91520
    35.44955     30.78323    -12.98817
    41.83040     38.82191    -13.51117
    18.08720     28.36950    -18.64750
    53.02093     47.75109    -12.23734
    48.68498     35.46750    -11.68253
    40.36930     28.90750    -11.08900
    48.25323     50.03046    -12.04477
    26.85499     38.68770    -12.53538
    57.84320     56.62030     -7.86500
    26.71364     38.65186    -12.61532
    59.59970     51.27030    -15.21760
    36.63240     51.07660     -5.95940
    42.00624     29.19537     -7.74635
    17.59738     27.04345     -5.88042
    32.31594     22.02824    -10.80931
    35.18701     32.66691     -7.49367
    38.13059     45.83216    -21.56196
    39.88618     34.68514    -12.75771
    23.10271     36.94807     -9.25649
    39.81800     33.21350    -19.45400
    35.21890     16.95400    -12.52680
    38.49512     27.91347    -15.33141
    48.92046     35.74482    -11.81237
    38.27440     28.36460    -17.94510
    33.90460     29.79770    -20.04260
    23.05956     35.27445    -11.23956
    35.42799     30.85846    -12.94436
    58.40197     48.64404    -10.04854
    51.35639     45.37526    -11.14389
    42.80815     31.29407     -7.99509
    22.37170     22.43420    -14.22210
    33.41957     47.16452    -11.73059
    42.18096     26.79360     -8.97732
    37.60720     31.79478    -11.14295
    40.71894     31.38693     -7.66707
    42.37132     31.19438    -16.75689
    41.91804     54.03041    -10.57320
    40.60200     44.28370    -25.14600
    43.57440     34.29044     -8.10051
    33.02815     26.47614     -7.78872
    41.20670     32.04235    -11.88158
    43.74921     35.58131    -13.45267
    24.63765     36.13147    -12.34976
    41.73551     27.06363     -8.61098
    33.29198     26.07156    -10.88382
    29.49083     20.19135    -12.96215
    33.51101     38.01470    -17.79695
    28.89630     24.24160    -22.32350
    49.30384     34.95805     -9.37950
    42.59865     33.14237    -13.33179
    26.38674     20.75271    -12.59801
    29.92752     36.40747    -13.47221
    55.73536     56.29644    -14.59578
    23.11437     36.91965     -9.29192
    32.60313     24.78984    -10.87926
    47.11350     57.17400    -19.60400
    36.37696     47.69324     -9.69187
    16.29530     25.38540    -13.04020
    52.06020     59.89710    -22.93630
    15.02388     27.48296    -12.81686
    40.63367     33.71116    -10.97129
    52.25521     52.14397     -7.22511
    54.18613     46.56332    -13.43252
    34.09500     14.30000     -5.67740
    37.07087     27.93260    -21.90233
    35.31170     42.41710    -24.22580
    40.46131     33.04024    -11.31208
    30.12750     13.82510    -22.58130
    49.88300     57.82899    -20.69393
    60.87883     54.62359    -24.11649
    52.17110     48.81070     -7.24050
    21.95103     22.27681    -10.67141
    46.44255     37.42916     -9.72662
    51.31080     41.06275    -12.34103
    40.91060     34.23550    -16.75230
    21.87920     21.46820    -19.03910
    45.26967     46.34265    -26.62478
    50.96330     47.55530     -7.77730
    25.71450     39.31980     -9.21900
    44.92470     31.47050    -10.29290
    35.50722     19.59534    -13.96191
    50.59494     64.48452    -23.91859
    46.61515     46.32138     -6.55487
    43.92690     43.35860    -25.81570
    42.88005     31.14827     -8.05376
    58.73664     56.37104    -10.32635
    47.74157     43.32034     -8.42383
    28.27512     39.19448    -11.49270
    50.51788     58.71225    -24.06513
    29.68435     19.98345    -12.90966
    45.53942     39.51034     -6.88601
    51.18557     40.91149    -12.28053
    48.82384     42.36167    -10.22745
    48.82162     42.35904    -10.20164
    36.50077     25.09525     -8.86206
    41.39782     29.44976    -16.71294
    25.08210     22.76080    -15.26680
    28.79126     41.72088     -5.27554
    42.24519     28.73289    -13.61575
    42.63806     37.89166     -7.68243
    49.76601     36.89599    -12.32598
    40.03598     35.29685    -12.89983
    55.58560     48.26350    -15.06370
    33.17118     25.69800    -10.84058
    38.27769     31.98986    -20.03361
    24.06265     35.84163    -11.98846
    36.51050     41.11700    -17.67680
    27.37580     19.40650    -13.56040
    43.61260     47.63450    -22.50900
    50.90485     44.77112    -10.98606
    57.58050     64.72880    -20.73380
    20.44840     24.43548    -10.68239
    37.71905     29.50898     -9.55742
    20.41195     23.82007    -10.14511
    29.98316     36.39754    -13.44647
    27.60050     32.67590    -17.18070
    48.78601     42.37230    -10.18705
    35.81946     28.08680    -12.92931
    47.62420     47.50910    -26.54980
    40.55594     32.55724    -11.58208
    32.27040     45.65991    -14.25505
    17.28726     26.24222     -8.94071
    44.95371     40.65197    -13.07255
    36.28260     48.65140    -11.37600
    38.31198     32.09811    -20.13939
    32.90735     45.68972     -8.97690
    41.85443     39.69376     -9.97934
    26.28631     20.81962    -12.67012
    31.32831     30.97337    -11.87822
    36.69930     22.92220     -7.11420
    54.65564     46.68380    -14.00888
    32.86812     45.26432    -13.55030
    35.80189     28.20120    -12.98576
    48.27170     39.86128    -10.66649
    48.28310     39.90008    -10.67449
    35.84877     28.63666    -13.27154
    45.81940     50.76700     -8.41320
    42.90259     28.58135    -10.40671
    40.31224     33.02255    -14.78511
    21.37993     23.47503    -11.10359
    41.00500     27.49196     -8.11981
    44.81674     40.67941    -13.16930
    37.57768     32.32610    -11.80556
    36.66890     25.06560    -12.30700
    49.71470     61.23100    -21.37650
    26.54521     38.54377    -12.59249
    33.51693     38.01096    -17.81263
    27.94964     39.01249    -11.61036
    28.83726     34.58511    -11.64224
    39.62240     33.09510    -16.80600
    35.28058     32.54799     -7.61180
    35.51214     20.14417    -13.90000
    30.12240     27.94340     -5.97000
    31.71717     23.12312     -7.72270
    29.16505     27.28099    -12.60948
    35.83182     19.95087    -17.81614
    34.06720     18.10510    -11.82880
    52.96861     43.55970    -13.37874
    15.04908     27.53980    -12.73098
    29.09402     33.94015    -11.68633
    31.89462     21.58286    -11.66437
    28.75740     22.81997    -11.22599
    36.82256     34.00927    -12.05645
    51.29539     45.16957    -11.22516
    33.82007     45.03611    -13.09435
    38.88680     36.09648     -8.29073
    29.90928     36.40453    -13.51655
    31.97194     21.72682    -11.44077
    31.41099     35.61115    -15.55634
    24.69799     20.55014    -14.48834
    29.04503     34.07706    -11.73462
    28.01250     36.51400    -17.31020
    26.45408     38.69413    -12.70462
    52.74690     41.36996    -14.18869
    46.68888     32.80130     -6.86918
    46.68277     32.79715     -6.87321
    46.69129     32.79827     -6.87300
    25.84970     37.40030     -8.33290
    46.00440     61.43460    -21.12490
    52.65160     52.07513     -7.55493
    29.25187     42.75127    -15.50550
    36.06946     49.13401     -8.25773
    47.09937     34.65945    -10.38293
    50.43691     44.02684    -10.81894
    18.17360     26.44880    -13.23670
    35.41886     49.60967     -6.85818
    52.85088     43.91652    -12.59745
    53.71651     55.26802     -8.35565
    53.46774     49.75405    -11.81308
    36.11270     45.26220    -17.48320
    45.08595     43.07926    -10.69052
    18.22420     26.13560    -10.30060
    45.14980     43.08147    -10.71464
    29.90831     36.39035    -13.50653
    37.88001     32.64441    -13.08773
    35.87238     28.78249    -10.24268
    42.90220     28.56891    -10.48382
    27.78770     28.79800    -19.31580
    54.20767     53.16226    -11.73456
    33.41670     41.00530    -19.54690
    48.55750     35.40717    -11.60010
    35.68111     35.74184     -7.25570
    51.84421     41.09924    -13.02627
    26.74647     38.62604    -12.52014
    23.49162     24.45374    -13.58358
    35.15930     33.41870    -13.77510
    29.93065     36.39273    -13.47851
    39.22560     43.62550    -27.10760
    45.76699     37.24602     -9.45996
    42.64220     57.91170    -11.87480
    58.27590     48.50580    -21.62960
    15.04802     27.53670    -12.77476
    45.75374     42.98163     -7.64860
    31.42744     34.26824    -16.26676
    50.41610     44.24320    -10.75767
    41.88397     32.79812     -7.60448
    34.97720     46.17603     -9.33373
    42.02107     29.33230     -7.72961
    31.18817     42.49966    -13.50497
    42.59098     34.10125    -11.89288
    35.80209     20.71508    -14.84887
    35.81546     28.09741    -12.91750
    35.41742     36.89370    -14.44170
    45.42410     53.69910    -18.28400
    34.50081     31.08020    -10.53025
    35.87515     27.92206    -12.77889
    34.15629     47.52076    -11.87518
    52.04488     47.07875    -11.09444
    35.04495     23.65304    -10.34853
    23.06036     35.30300    -11.16067
    22.15504     25.90441    -11.90504
    43.61830     35.11330    -13.81645
    25.32299     35.08018     -9.24795
    33.56127     25.99174     -8.61260
    59.69448     54.37736    -21.16400
    59.72496     54.35008    -21.31708
    42.88959     28.58478    -10.42208
    42.90846     28.58711    -10.38549
    42.59198     34.19142    -11.76414
    18.46258     23.91214    -14.06246
    20.10430     22.30070    -18.06400
    31.65200     37.81280    -17.97280
    43.41227     35.13998    -13.76659
    37.71548     21.22506    -17.10090
    23.13881     23.26563    -12.61502
    51.23754     45.12349    -11.14665
    28.56795     39.38589    -11.37713
    33.19292     45.02056    -13.17349
    33.18073     45.08887    -13.23812
    33.49465     38.01258    -17.74698
    33.64176     27.43425    -10.63791
    35.38294     46.49131     -9.54500
    23.98760     27.03520    -18.04650
    23.11633     35.41060    -11.27241
    50.43476     44.01823    -10.83967
    37.59931     31.86154    -11.15803
    43.53365     34.35661     -8.09881
    42.88383     28.58676    -10.44284
    52.19102     52.03562     -7.38233
    43.55830     40.48090     -4.81850
    17.22683     26.25724     -9.05142
    43.63665     35.18877    -13.80185
    33.94190     48.43720     -9.26220
    26.32959     20.77992    -12.61351
    23.11211     36.92710     -9.29909
    30.16318     35.81023    -15.48237
    36.78370     30.24430     -7.26690
    26.43291     20.75547    -12.69618
    22.86368     35.50631    -10.65437
    33.61679     25.93588     -8.63082
    47.69462     34.60131     -7.62178
    34.60750     38.02690    -21.63930
    18.79866     31.06175     -9.05784
    42.73550     34.28264    -11.67562
    63.63940     57.09060    -22.95500
    37.89875     44.14181    -23.53650
    28.79154     41.75902     -5.27256
    54.95650     45.64500     -8.92050
    39.27054     32.11977     -8.73553
    47.37488     37.59519     -9.91362
    33.26185     32.42609     -7.43387
    29.86812     36.40135    -13.64595
    35.09180     33.91190    -18.83450
    27.32421     38.78560    -12.07145
    47.68284     34.53127     -7.62605
    38.81100     22.74720    -10.33140
    37.57643     31.94506    -11.21194
    40.77988     32.20646    -11.82412
    48.03750     49.49930    -22.54640
    38.62064     27.87790    -15.35607
    40.47363     33.58713    -10.98073
    36.93764     27.53209    -21.89794
    19.35710     30.51161     -9.54935
    34.69810     33.59550    -16.31990
    35.98275     20.99818    -15.66266
    50.65459     44.42151    -10.92045
    42.62013     34.24213    -11.74729
    31.25816     42.52368    -13.46972
    35.38254     30.90548    -13.02459
    50.33264     44.22745    -10.73817
    34.24791     44.95214    -10.25313
    32.04260     44.71850     -5.76230
    32.26410     14.60940     -8.98340
    49.28830     44.09415    -12.96612
    47.17513     34.74628    -10.48948
    56.87898     65.43852    -23.79671
    53.64702     51.27803     -9.02155
    36.36880     47.75724     -9.63421
    26.07319     21.16032    -12.72626
    33.77168     45.05213    -13.11904
    48.69890     45.74370    -18.25660
    27.16220     41.81880     -6.56650
    40.51691     33.97863    -10.64344
    45.53650     42.89750     -7.66699
    18.69186     31.27705     -8.39494
    22.41080     34.20410    -13.61540
    36.42743     29.23470     -9.85892
    18.82563     28.29590     -8.32068
    26.17257     38.72787    -12.77958
    26.36269     20.74868    -12.63695
    35.95056     47.11608     -9.62504
    48.67903     35.45222    -11.67737
    40.47557     38.59840     -9.18884
    23.28760     35.48824    -11.45965
    35.60650     34.44040     -8.91420
    28.70940     37.84536    -15.29470
    34.95460     29.07880    -16.89440
    38.67021     26.95786    -12.35921
    18.49822     23.87106    -14.01764
    22.09320     20.36050    -13.91980
    50.86240     63.58390    -10.17290
    42.95695     28.52842    -10.27254
    28.94821     34.28017    -11.74520
    36.51761     25.01709     -8.90367
    26.44679     20.76506    -12.49863
    58.45853     48.41101    -10.54590
    45.54522     39.53972     -6.87377
    39.32370     35.12960    -22.01330
    25.71730     24.01840    -14.62910
    47.39021     45.07610     -8.99012
    34.02676     43.03570    -17.37935
    23.89290     30.19230    -17.38090
    31.22413     43.64263     -9.62613
    47.14496     39.28357    -14.60825
    55.72967     56.28046    -14.54819
    59.67866     54.45369    -20.98256
    58.44627     48.55709    -10.32072
    56.12880     66.11570    -20.89740
    51.24799     39.20053    -13.05092
    43.95669     36.27711     -8.35720
    41.24120     51.32250    -16.82890
    40.14180     50.56540    -15.18710
    46.31780     59.10500    -13.12020
    20.50898     23.52115     -9.98594
    20.28686     23.49120     -9.62989
    37.73218     49.41435    -13.06997
    48.91977     42.21827    -15.12172
    27.36409     38.62412    -11.21208
    29.11120     15.29010    -10.75820
    51.25097     39.47847    -12.92849
    31.46075     34.33599    -16.04107
    46.04730     45.19440     -7.92790
    48.87009     48.33576    -15.74946
    50.08300     56.19730     -9.08960
    34.02804     43.03240    -17.39135
    42.63266     37.88537     -7.61110
    48.37418     49.91357    -11.74091
    19.91997     22.76106     -8.20940
    32.09761     26.55827    -10.86289
    24.13728     32.88974    -13.98389
    48.76275     42.37446    -10.18305
    51.58596     58.19423    -18.98280
    29.89900     39.27480    -15.11640
    34.56326     31.02389    -10.52324
    33.91406     45.07694    -13.15390
    38.37800     29.57275     -9.72453
    34.08393     47.74526    -11.71479
    21.35287     23.39998    -11.09315
    51.21998     40.90920    -12.32901
    41.81319     37.29485    -11.28116
    18.66220     28.18290    -10.38880
    41.69145     36.45683    -11.71553
    25.62614     21.99813    -13.01346
    54.00120     64.80940    -19.34930
    50.64426     44.74337    -10.86912
    38.28221     31.87531    -19.92310
    30.50810     19.00410     -7.59800
    41.60535     39.37909     -9.84268
    42.51120     33.71508    -12.43135
    50.59503     58.94987    -23.90093
    26.69234     38.63781    -12.59951
    32.67714     24.92036    -10.83885
    19.91350     26.11470     -7.88740
    50.35935     44.04083    -10.73941
    25.50350     38.23800     -6.58530
    51.07740     53.31000    -15.06350
    42.47188     34.41395    -11.64004
    56.56050     60.99320    -19.21710
    37.59644     29.17635    -10.98127
    41.61870     54.11462    -10.24931
    45.03290     31.48270    -15.08140
    52.15470     38.42500    -10.76880
    33.91776     47.53508    -11.80567
    58.97410     64.07940    -21.15830
    37.90085     44.14809    -23.53980
    37.98772     41.05023    -18.64437
    50.15901     57.32668    -24.84207
    45.07212     37.77035    -13.14252
    27.23190     17.19050    -14.70600
    53.05544     43.69686    -13.44225
    45.85810     52.15090    -21.02200
    36.97907     27.62313    -21.89947
    18.72191     31.24848     -8.30193
    32.56377     24.75014    -10.84546
    43.46893     34.42272     -8.04424
    17.80344     26.77897     -6.03696
    54.98217     50.30314    -13.46671
    42.77019     38.43323    -12.51503
    16.96380     23.96540    -10.14870
    43.06689     41.59254     -9.57562
    26.80230     12.92620     -8.95300
    49.76233     36.86631    -12.31226
    35.21340     49.59456     -6.41858
    40.89613     27.65518     -7.98614
    32.99360     28.94420    -10.75110
    50.43753     44.11081    -10.83251
    32.86595     25.38560    -10.81154
    42.94575     28.54807    -10.26846
    41.98986     28.86985    -13.83317
    16.02859     26.01294     -6.82834
    51.33430     57.48930    -23.73610
    37.85357     32.64326    -13.01986
    33.46060     45.00081    -13.12988
    31.26530     43.65468     -9.60305
    47.03188     38.96746    -14.71299
    35.36355     30.88823    -13.00182
    45.53405     42.90798     -7.62273
    42.61549     37.83367     -7.58720
    38.09988     41.17850    -18.50217
    35.98834     21.03197    -15.60684
    52.31259     52.13573     -7.27532
    20.62090     25.06050    -19.23630
    33.54745     45.00311    -13.07862
    52.87007     41.58229    -14.32014
    33.52488     38.02461    -17.83743
    64.60260     55.96750    -25.49600
    57.36977     47.86465    -16.87702
    26.72452     38.61176    -12.54588
    53.91539     55.45251     -8.46611
    33.73866     26.38537    -20.38688
    21.48373     23.30244    -11.26449
    22.27281     25.96918    -12.03954
    18.27064     27.38995     -6.49758
    19.58684     27.41780    -14.38670
    28.08980     24.34570    -15.65960
    35.06819     32.69863     -7.44500
    25.12850     32.76800    -17.31850
    21.38519     23.31665    -11.10703
    54.34636     46.52418    -13.66513
    49.12261     56.90883    -23.47275
    34.86110     25.91790    -13.95890
    49.30620     64.84760    -26.27330
    31.01673     43.07496     -9.71217
    23.49098     24.45967    -13.58907
    60.42100     50.59010    -20.36510
    51.94271     52.21864     -8.45364
    35.95159     29.05302    -10.09665
    18.73926     24.98813     -8.38177
    52.25022     47.18963    -11.37069
    40.02470     24.98110    -13.12710
    21.37199     23.65997    -11.19808
    49.61839     57.33365    -23.96327
    58.90550     50.36640    -17.29480
    42.79115     38.26506    -12.39423
    24.32392     33.51873    -13.99849
    25.89790     32.00640    -13.19250
    31.33950     24.58480     -7.06100
    59.64448     51.76844    -10.17345
    52.67814     41.33687    -14.09132
    41.85388     36.94266    -11.52526
    42.67464     28.43441    -10.97243
    31.37160     34.32400     -9.00520
    50.19370     62.41980    -26.10540
    40.54080     41.92350    -11.80240
    47.43003     39.26732    -14.71212
    17.71754     27.01632     -5.94147
    30.32224     32.13730    -16.12428
    53.02796     48.36373    -12.07049
    18.87648     31.18277     -7.51107
    51.23703     40.98323    -12.30513
    34.53498     31.05422    -10.48866
    35.37960     46.47232     -9.45962
    34.10406     44.57174    -10.21501
    44.37590     30.46530    -13.50520
    29.50840     20.16177    -12.98431
    43.63726     35.19239    -13.80122
    28.53713     25.11855    -13.75659
    49.83630     62.97820    -21.28470
    59.63678     51.72963    -10.18469
    38.11399     49.36138    -11.50362
    49.31190     44.02995    -13.00956
    41.00810     31.56480    -19.21380
    29.66668     19.99819    -12.96443
    53.91441     45.97033    -13.48814
    17.84775     28.24970     -8.43285
    39.77640     26.12720    -22.34250
    37.56120     24.48320     -6.56660
    40.54037     33.89380    -10.71013
    51.28204     41.30623    -12.26358
    30.32525     32.13723    -16.12430
    45.58331     42.88564     -7.66253
    42.57269     38.59525     -6.61605
    48.86806     42.39519    -10.15548
    39.82010     45.91080    -17.82930
