    36.06630     21.11180    -15.97670
    57.63800     47.79720    -16.88520
    56.64770     48.03960    -16.63710
    52.02260     47.01340    -11.15840
    36.02770     21.14350    -16.08130
    41.90650     29.67240     -7.37420
    41.70240     29.92610     -7.32470
    42.04320     29.77480     -6.99990
    52.55570     41.11970    -13.94420
    55.84660     65.81250    -22.64950
    53.79640     56.09420     -8.67240
    53.98850     55.58840     -8.67880
    36.02090     21.25790    -14.95760
    55.76680     57.24350    -10.51420
    55.80930     57.23060     -9.65080
    55.83010     57.28760     -9.52180
    55.87980     57.38860     -9.62950
    42.33190     34.39320    -11.96590
    47.87700     42.60440    -10.23940
    48.33370     42.61810    -10.08250
    47.95070     42.70080    -10.11190
    40.36550     34.36050    -14.79840
    35.46210     20.15180    -13.64820
    36.13560     21.16500    -15.64220
    36.11070     21.02990    -15.78350
    36.06250     21.22330    -15.61660
    33.64080     25.86720    -10.88360
    33.79450     26.05870    -10.80830
    33.46580     26.23660    -10.92370
    51.49610     49.93620     -9.04560
    51.47560     49.73240    -10.26010
    51.48900     49.72990     -9.67520
    42.77650     35.02130    -13.26910
    43.62830     28.38030    -11.01270
    36.23080     21.51990    -16.04290
    55.62150     64.69590    -22.33910
    55.65760     64.72650    -22.35330
    55.57600     64.27260    -22.16170
    55.61980     64.35480    -21.81090
    43.09470     31.76420     -8.17270
    40.05000     32.03040    -13.85310
    52.03240     52.16680     -9.14300
    35.41820     20.35050    -13.91950
    35.48260     20.18150    -13.78730
    34.67830     31.12240    -11.08820
    34.68880     30.92520    -10.27110
    34.45160     30.96180    -10.67040
    34.52520     30.92170    -10.56150
    51.86950     52.37270     -7.37770
    55.66620     55.84010    -14.10680
    55.65930     56.38390    -14.46160
    55.74930     56.04850    -14.27910
    42.81280     28.88880    -10.38760
    42.92480     28.72710    -10.20650
    42.70580     28.77600    -10.16850
    42.81560     28.94660    -10.25450
    54.52760     50.24690    -13.29360
    34.31030     31.41100     -9.64690
    33.69580     25.80230    -10.90000
    33.58110     25.38720    -10.69290
    37.75260     31.06900    -11.01550
    36.06510     21.27770    -13.89270
    36.02790     21.14010    -14.61730
    36.07840     20.98790    -14.63880
    50.87320     43.83210    -11.13710
    39.25610     32.33310     -9.79730
    40.02920     31.29820     -9.37230
    42.25670     28.46040    -12.39310
    40.07440     32.75510    -11.53880
    40.56730     32.13090    -11.16440
    51.49900     49.60920    -10.54110
    40.46790     32.82160    -14.86170
    43.68510     35.25390    -14.04260
    39.99460     35.01500    -10.09830
    40.83350     34.50890    -10.22080
    43.41170     28.24950     -9.62580
    43.31170     27.87130     -9.31570
    43.13870     28.28030     -9.16570
    60.73120     54.54730    -23.70100
    42.95130     28.96550    -10.01780
    35.41410     19.86070    -13.97080
    35.60710     19.76420    -13.75960
    38.95460     32.37530     -8.33670
    39.68740     32.38880     -8.40380
    55.68840     64.23520    -23.12010
    49.82650     36.61650    -12.45510
    49.73700     36.59560    -12.39760
    49.62820     36.62780    -11.77420
    59.54220     51.10780    -10.40550
    59.43330     50.70780    -10.54420
    42.76480     37.11010     -7.60620
    29.29730     20.35260    -12.88890
    29.43170     20.83850    -12.91490
    29.33280     20.53980    -13.31330
    33.45420     20.01080    -12.79270
    33.11280     20.29350    -12.81280
    33.34680     20.24000    -12.78930
    33.95010     20.78940    -12.36670
    42.52750     34.94650    -11.22680
    53.30830     54.98830     -8.61170
    35.29420     19.38870    -14.03360
    42.55090     34.88710    -11.14590
    51.33390     44.73050    -11.35530
    42.78160     34.10240    -11.08140
    42.12730     33.30040    -12.83820
    42.26800     33.66380    -12.83670
    41.99800     33.42800    -13.10200
    52.57150     41.45510    -13.99270
    52.61570     41.02140    -14.17740
    52.88430     41.84360    -14.39740
    35.25170     20.54890    -12.99970
    44.16960     35.22680    -13.86860
    44.18520     35.31400    -13.87410
    43.69640     41.28130    -10.12380
    40.47210     33.39660    -10.26310
    47.62420     47.50910    -26.54980
    40.90280     33.15240    -14.62750
    40.49260     32.94600    -14.87750
    40.60260     32.89450    -15.23340
    32.46570     24.80640    -10.79220
    49.93280     36.93830    -12.35840
    51.14630     39.00690    -13.11250
    48.55670     34.15770    -11.53860
    42.16360     37.30080    -10.92960
    47.85050     50.08830    -12.64320
    48.16060     50.16090    -12.44060
    47.92830     50.57970    -13.03060
    59.85160     52.54080    -10.50670
    35.97690     19.88600    -13.52480
    40.09260     32.55380    -14.51430
    34.92870     20.24040    -14.05800
    48.32700     40.14480    -10.65950
    48.01820     39.04500    -10.59740
    48.12860     39.76340    -10.89290
    40.61030     34.05460    -10.14710
    41.17140     34.47370    -10.30340
    50.71740     43.54250    -10.97450
    47.69660     37.78530     -9.34220
    47.68200     37.79820     -9.26050
    47.39060     37.73260    -10.30010
    42.20940     28.95970    -11.22230
    42.11030     28.72930    -11.53900
    42.49680     28.91690    -11.42740
    39.94450     33.59470    -15.11710
    48.89510     35.42000    -11.66260
    48.47730     35.44120    -11.72940
    48.47320     35.14000    -11.64400
    48.50380     40.24920    -10.53070
    43.25650     34.51280     -9.97920
    37.33940     29.20870    -21.84140
    36.70850     24.34220     -8.49940
    40.68620     31.40930     -7.59520
    40.75030     31.36550     -7.73590
    45.24530     43.12740     -7.86570
    42.88000     37.72080     -8.15500
    53.90850     46.36430    -13.48500
    53.69570     45.63860    -13.64080
    53.81640     45.70540    -13.40500
    53.54510     45.30410    -13.34960
    51.24850     41.03710    -12.43410
    37.34200     29.89950    -10.73010
    51.21380     41.32830    -12.08030
    35.56670     20.84510    -16.34130
    35.91910     20.27250    -16.44740
    42.52900     37.89150     -7.56600
    42.63340     37.94310     -7.73460
    42.91500     31.80250    -17.05960
    50.74960     40.84380    -11.88090
    51.29990     41.53280    -11.74720
    45.16210     43.32560     -7.36850
    45.38470     43.10900     -7.60870
    47.67550     35.34070    -11.09520
    37.35710     32.86260    -11.84210
    43.81940     41.27090    -10.47130
    42.89270     38.10400     -7.07580
    41.83760     36.53860    -11.85620
    36.47430     24.38480     -8.75300
    36.68480     24.20640     -8.85860
    46.99550     34.16610     -9.91470
    41.72430     29.12070     -7.22520
    41.96510     29.49380     -7.56380
    49.45390     46.16210    -11.32420
    51.76560     52.30880     -6.14280
    52.05810     52.53250     -6.42470
    42.08110     28.43070     -7.49170
    51.91610     52.59250     -7.80130
    51.59970     52.50760     -7.94120
    33.23160     26.66250    -11.57680
    41.15190     27.01710     -7.92980
    40.72900     27.16060     -8.18190
    53.08660     51.61050     -7.38050
    49.66860     57.84150    -23.36600
    51.28400     38.99360    -13.02170
    41.17370     29.37310    -17.19830
    43.73600     35.67490    -13.63460
    41.37620     28.71030     -8.58010
    49.29960     45.32370    -10.05180
    39.35290     32.40940     -9.35060
    38.30370     23.94830     -8.91820
    55.72430     56.75850    -14.59510
    55.87710     56.37610    -15.51020
    46.65810     43.30610     -7.10530
    43.38520     35.18380    -13.89670
    41.87560     36.84510    -11.55960
    48.97900     36.07840    -11.80560
    49.08120     35.67710    -11.94550
    49.44740     43.51780    -10.21040
    35.53200     30.22160    -13.26410
    35.09060     30.78010    -12.51010
    51.24600     38.80510    -13.29680
    55.32970     50.29490    -13.58700
    55.63670     51.39410    -13.11830
    54.78520     49.71150    -13.77100
    45.25330     42.65870     -8.18950
    44.68150     42.59330     -8.15640
    49.15650     42.57310    -10.06110
    49.14450     42.34190    -10.60280
    48.83030     42.55700    -10.76300
    43.12270     32.60930    -13.25310
    49.83980     44.26630    -10.38620
    50.28010     40.23790    -11.92030
    50.16420     40.48550    -11.87910
    50.06250     43.50980    -10.04120
    53.30030     40.94150    -15.02380
    52.36640     40.79710    -13.18610
    49.52240     37.42330    -12.56050
    41.63540     29.62380    -16.22510
    41.29010     29.21070    -16.88870
    56.11370     65.20130    -24.32300
    43.83270     34.72650    -14.62230
    51.74360     45.50160    -11.61110
    51.79030     45.42180    -11.81360
    51.45000     52.81230     -8.94470
    43.92690     43.35860    -25.81570
    52.17960     44.94770    -11.98430
    45.88160     43.35790     -7.23370
    50.39370     37.64540    -12.69830
    50.34480     37.65580    -12.51820
    38.22860     31.44580     -7.58950
    37.81780     32.79150     -8.25670
    39.09470     36.69140     -8.59910
    38.46590     36.20860     -7.86160
    50.50620     43.33960    -10.69370
    52.70950     43.26080    -12.96090
    37.07670     32.53390    -10.52110
    44.63040     42.70010     -6.83000
    43.64950     28.01040    -10.05220
    50.88650     45.01610    -11.26110
    50.68850     44.61200    -11.07210
    37.85840     28.20460    -11.24300
    42.54330     38.31910     -6.70630
    49.79440     54.26780    -26.21010
    32.36700     22.73850     -9.41360
    51.07620     44.35720    -11.58720
    36.72950     29.37060     -9.39610
    43.35700     31.82370     -8.48220
    37.90870     29.51620     -9.20670
    44.92470     31.47050    -10.29290
    48.86260     42.31730    -10.19670
    42.35560     28.33120     -7.70150
    42.27760     28.45320     -8.40980
    42.49830     28.47640    -11.70940
    46.74010     32.90750     -6.75240
    46.47000     32.72050     -6.93510
    46.85100     32.76800     -6.92850
    35.44640     20.31960    -12.53860
    51.66410     53.02510     -8.19060
    40.73140     30.00080     -6.62840
    46.13660     43.61050     -7.46120
    42.43140     33.48090    -12.24140
    35.99640     27.53400    -12.98230
    34.80970     20.50430    -14.57890
    50.20040     43.31620    -11.18090
    53.27200     43.68720    -13.77790
    38.27440     28.36460    -17.94510
    35.48950     19.66120    -13.06000
    51.66160     51.57890     -5.51110
    35.47060     18.35910    -14.70780
    37.33820     30.54020    -18.17900
    36.82960     30.88900    -18.88750
    38.39140     31.16530    -19.16280
    39.62640     39.19690     -8.63530
    39.70120     39.14390     -8.53600
    51.53450     42.60210    -12.15950
    41.91460     29.79770    -13.38820
    51.95060     46.46120    -11.22780
    46.09600     59.61560    -16.48390
    45.70820     59.02310    -16.50420
    46.31780     59.10500    -13.12020
    40.61180     37.98210     -9.23020
    38.42350     27.61940    -15.55980
    49.35840     44.52770    -10.54100
    32.21300     25.39170    -10.08300
    52.07490     52.16120     -6.81230
    46.37310     39.37770    -13.85260
    46.91070     39.77430    -14.42960
    46.70280     39.59460    -14.52730
    52.48470     52.55460     -6.68210
    58.47320     47.75900    -11.39820
    58.35270     47.32320    -10.85500
    58.54600     49.00590    -10.80920
    38.56730     31.47500     -7.63200
    37.55270     21.38410    -17.05510
    37.87080     21.07330    -17.14460
    40.05780     28.75620     -8.28520
    40.23850     28.56110     -8.32570
    41.28890     35.53910    -11.93980
    43.91380     33.59100     -7.82100
    37.25960     27.95640    -22.01910
    51.72810     48.12610    -10.25650
    52.10740     48.06100    -10.65310
    52.22210     47.67410    -10.58950
    53.53280     51.96650     -7.08870
    53.74620     49.22670    -11.74510
    49.62670     42.46970     -9.27880
    40.25120     26.42010     -8.33950
    42.70280     28.30250    -13.45980
    42.09640     36.87650    -12.32140
    37.25860     26.01720     -9.38420
    32.63780     24.67120    -10.94430
    32.61640     24.32150    -11.69850
    32.05500     23.83890    -10.58500
    41.18030     26.76930     -8.29280
    43.92260     34.23660    -11.64330
    43.74810     34.25330    -11.81450
    41.81500     28.67750    -13.85340
    41.90670     29.07120    -13.81650
    51.86490     52.03860     -8.31670
    51.04190     40.25460    -12.42030
    50.96270     40.60780    -12.69470
    43.41110     33.73300     -8.34490
    43.57240     33.75790     -8.53820
    52.55310     51.59670     -7.11970
    41.94070     27.33050     -8.14220
    50.20360     44.23590    -10.54760
    50.28790     44.46430     -9.96080
    50.40810     43.64190    -10.14710
    49.01910     48.51330    -15.90600
    50.21050     49.60490    -15.33280
    48.72820     48.16670    -15.60040
    51.45540     51.21750     -7.18850
    56.32880     65.41420    -22.67640
    35.58080     18.44730    -14.16720
    51.74280     40.33200    -13.01160
    53.23890     50.98570     -7.53230
    52.92680     51.41840     -7.87720
    48.87210     41.27160    -10.63260
    35.92120     27.81000    -12.64460
    35.32530     28.06000    -10.49940
    41.70440     29.17810     -7.91780
    49.18530     41.81330    -10.22890
    43.00190     31.00520     -8.02000
    51.69280     45.43780    -10.70080
    54.29500     49.71630    -11.49200
    29.22930     19.95820    -13.72480
    40.71700     27.73620     -7.81710
    47.04650     43.26580     -8.80150
    53.70850     52.35310     -8.59350
    53.69690     50.34120    -11.34660
    36.45670     29.65560     -8.86850
    47.57040     43.54900     -7.57720
    49.26480     41.45800    -10.94100
    36.65310     25.74060     -8.08790
    42.55190     30.52750     -7.38870
    42.59630     30.60040     -8.09680
    51.65030     44.33350    -11.45880
    50.63400     45.82140    -11.79040
    37.73580     28.16890    -15.18040
    39.96140     37.24210     -9.47670
    50.84600     42.42360    -11.45200
    51.81620     46.10990    -10.33540
    49.23480     43.92360    -13.03780
    53.00670     49.77110    -11.73190
    53.42670     49.87940    -11.85500
    44.57090     40.30800    -12.73990
    37.45870     32.25080    -11.38510
    49.97600     43.88030    -11.27420
    32.68920     27.41650    -10.43760
    36.86380     29.57370     -9.62940
    44.10090     36.21740     -7.96960
    51.97310     41.73660    -12.28600
    59.57630     52.31920     -9.54200
    53.48750     42.70070    -14.91330
    37.65170     33.05820    -12.82550
    36.46470     24.55600     -9.74810
    42.30610     28.92800     -8.00590
    42.84370     34.63110    -11.76310
    42.83590     35.13020    -12.03420
    38.04260     31.62220    -11.39310
    37.73260     31.40210    -10.68040
    35.77910     29.39600    -10.34890
    45.19750     36.58100     -8.19230
    41.77890     27.60320     -8.46990
    42.25630     26.70410     -9.31170
    34.82790     33.64310     -7.66290
    44.07740     34.40930     -7.68060
    40.05050     33.80270    -11.96700
    35.56760     28.63840    -13.08640
    35.88530     28.66670    -12.90580
    48.46830     50.40500    -11.10960
    48.58050     49.55190    -11.67830
    48.40730     49.58020    -11.35310
    41.28810     33.63060    -11.38810
    42.37190     26.24670     -8.80040
    40.36930     28.90750    -11.08900
    36.89860     25.25720     -9.77340
    52.93310     44.34180    -12.07600
    53.22860     43.87850    -11.99480
    55.58560     48.26350    -15.06370
    39.79110     28.32650     -6.85890
    40.14780     28.51990     -6.23470
    42.13340     42.51670     -8.73110
    42.11880     41.88960     -9.39400
    42.57910     41.80020     -9.47550
    35.28730     27.86250    -11.92430
    47.52370     36.89560    -10.84190
    35.75280     28.97740     -9.74860
    42.91360     33.76470    -11.24420
    35.72190     28.23220    -13.80770
    42.63260     28.07320    -13.07690
    42.22120     37.79900    -10.79020
    42.37520     39.88620     -9.78380
    53.34330     50.53100    -12.59780
    43.13800     38.74330     -8.40660
    42.66840     38.04720     -8.72290
    43.71230     42.22020    -10.05090
    37.12710     19.25490    -13.25670
    54.04540     50.53200     -8.91750
    35.53780     30.29770    -12.75660
    39.34200     34.16610    -12.78820
    59.52880     54.04700    -21.11690
    59.96320     54.30510    -22.23780
    59.65050     54.93570    -20.09180
    50.41420     45.61530    -10.45770
    53.45850     44.11950    -14.10860
    38.86510     29.23100     -9.70040
    38.65150     30.00710    -10.12700
    36.76980     34.45710    -12.06120
    52.33880     49.18170    -12.15110
    59.84340     51.93080     -9.97880
    52.72790     53.25290     -7.06790
    52.15470     38.42500    -10.76880
    39.40110     40.90210     -9.53460
    36.47630     26.76740    -12.25440
    39.47170     32.35270     -7.83520
    49.13010     49.32940    -10.31950
    49.59680     37.17130     -8.03180
    42.75530     30.03980     -7.72420
    60.12700     52.47630    -11.38910
    48.00910     42.82540    -15.32550
    33.77380     26.52760     -8.55200
    33.47690     25.76140     -8.52640
    48.13980     62.62900    -16.83150
    45.66860     42.05550     -7.94310
    50.76990     43.05370    -11.78840
    42.52420     37.87440     -5.77120
    41.73150     38.22390     -6.33720
    42.19370     37.43210     -5.81250
    37.53750     35.57940    -10.89980
    47.49510     43.83070     -8.21540
    42.59120     26.67980     -9.58400
    59.01260     51.52240     -8.65790
    42.18230     33.75670    -11.71630
    35.91500     29.45310    -13.74450
    52.62240     59.43380    -24.33510
    52.06020     59.89710    -22.93630
    42.43180     32.52240     -7.41580
    38.07680     31.82080    -14.85930
    39.10820     31.28010    -14.42200
    38.66770     30.50110    -14.48330
    39.86460     27.77390     -7.10620
    47.70320     45.95270    -14.10210
    38.33250     26.83410     -7.76300
    32.95910     22.22350    -11.00510
    42.48480     32.09160    -14.74700
    39.61860     26.99760     -5.94330
    52.99560     54.49480     -8.31370
    53.58990     54.50910     -7.85230
    53.34570     55.09370     -7.23380
    41.18200     38.92940     -9.94570
    42.51550     29.76150     -8.96530
    41.41930     36.94940     -7.92720
    40.72370     32.85370    -11.02800
    49.31240     57.36660    -24.91240
    50.77620     57.04120    -25.36520
    50.44500     56.72280    -25.19900
    55.10430     56.03850     -8.77580
    31.75200     20.96740    -12.66180
    56.67740     60.55160     -9.56270
    54.86480     59.73460     -8.00220
    43.47200     36.33050     -8.09760
    36.24020     25.94300     -9.14970
    51.32240     45.19080    -10.29560
    35.44590     31.54780    -13.74020
    45.07280     38.72260     -7.24850
    42.40290     27.14730    -11.33240
    40.98180     37.92530    -10.96230
    42.06530     39.57790     -9.09300
    51.79940     46.74770    -11.99000
    52.86470     46.89590    -11.89150
    46.91000     34.96830    -10.59250
    42.76360     39.95040     -6.79170
    42.83240     39.37650     -6.16330
    35.19970     29.32170    -10.45540
    46.83490     37.87160    -15.19710
    57.06300     65.65740    -22.61570
    45.46820     40.85230    -12.40740
    45.28010     41.03300    -12.69030
    57.71160     47.78420    -17.06840
    36.65630     34.05460    -12.12600
    41.17830     32.06140    -12.24380
    30.19360     15.51390    -22.92640
    30.12750     13.82510    -22.58130
    35.70190     27.80680    -10.82640
    47.59560     33.70700     -8.19750
    34.86110     25.91790    -13.95890
    33.81910     26.18360    -20.00950
    33.75330     26.26820    -21.09310
    32.96240     26.56410    -20.26920
    34.29800     26.53040    -20.23200
    51.41240     51.50900     -9.36490
    41.09240     40.21000    -10.34990
    52.61370     42.98950    -13.54670
