    57.63800     47.79720    -16.88520
    56.64770     48.03960    -16.63710
    52.02260     47.01340    -11.15840
    41.90650     29.67240     -7.37420
    41.70240     29.92610     -7.32470
    42.04320     29.77480     -6.99990
    52.55570     41.11970    -13.94420
    55.84660     65.81250    -22.64950
    53.79640     56.09420     -8.67240
    53.98850     55.58840     -8.67880
    55.76680     57.24350    -10.51420
    55.80930     57.23060     -9.65080
    55.83010     57.28760     -9.52180
    55.87980     57.38860     -9.62950
    47.87700     42.60440    -10.23940
    48.33370     42.61810    -10.08250
    47.95070     42.70080    -10.11190
    51.49610     49.93620     -9.04560
    51.47560     49.73240    -10.26010
    51.48900     49.72990     -9.67520
    43.62830     28.38030    -11.01270
    55.62150     64.69590    -22.33910
    55.65760     64.72650    -22.35330
    55.57600     64.27260    -22.16170
    55.61980     64.35480    -21.81090
    43.09470     31.76420     -8.17270
    52.03240     52.16680     -9.14300
    51.86950     52.37270     -7.37770
    55.66620     55.84010    -14.10680
    55.65930     56.38390    -14.46160
    55.74930     56.04850    -14.27910
    42.81280     28.88880    -10.38760
    42.92480     28.72710    -10.20650
    42.70580     28.77600    -10.16850
    42.81560     28.94660    -10.25450
    54.52760     50.24690    -13.29360
    50.87320     43.83210    -11.13710
    42.25670     28.46040    -12.39310
    51.49900     49.60920    -10.54110
    43.68510     35.25390    -14.04260
    43.41170     28.24950     -9.62580
    43.31170     27.87130     -9.31570
    43.13870     28.28030     -9.16570
    60.73120     54.54730    -23.70100
    42.95130     28.96550    -10.01780
    55.68840     64.23520    -23.12010
    49.82650     36.61650    -12.45510
    49.73700     36.59560    -12.39760
    49.62820     36.62780    -11.77420
    59.54220     51.10780    -10.40550
    59.43330     50.70780    -10.54420
    53.30830     54.98830     -8.61170
    51.33390     44.73050    -11.35530
    42.78160     34.10240    -11.08140
    52.57150     41.45510    -13.99270
    52.61570     41.02140    -14.17740
    52.88430     41.84360    -14.39740
    44.16960     35.22680    -13.86860
    44.18520     35.31400    -13.87410
    47.62420     47.50910    -26.54980
    49.93280     36.93830    -12.35840
    51.14630     39.00690    -13.11250
    48.55670     34.15770    -11.53860
    47.85050     50.08830    -12.64320
    48.16060     50.16090    -12.44060
    47.92830     50.57970    -13.03060
    59.85160     52.54080    -10.50670
    48.32700     40.14480    -10.65950
    48.01820     39.04500    -10.59740
    48.12860     39.76340    -10.89290
    50.71740     43.54250    -10.97450
    47.69660     37.78530     -9.34220
    47.68200     37.79820     -9.26050
    47.39060     37.73260    -10.30010
    42.20940     28.95970    -11.22230
    42.11030     28.72930    -11.53900
    42.49680     28.91690    -11.42740
    48.89510     35.42000    -11.66260
    48.47730     35.44120    -11.72940
    48.47320     35.14000    -11.64400
    48.50380     40.24920    -10.53070
    43.25650     34.51280     -9.97920
    53.90850     46.36430    -13.48500
    53.69570     45.63860    -13.64080
    53.81640     45.70540    -13.40500
    53.54510     45.30410    -13.34960
    51.24850     41.03710    -12.43410
    51.21380     41.32830    -12.08030
    42.91500     31.80250    -17.05960
    50.74960     40.84380    -11.88090
    51.29990     41.53280    -11.74720
    47.67550     35.34070    -11.09520
    46.99550     34.16610     -9.91470
    41.72430     29.12070     -7.22520
    41.96510     29.49380     -7.56380
    49.45390     46.16210    -11.32420
    51.76560     52.30880     -6.14280
    52.05810     52.53250     -6.42470
    42.08110     28.43070     -7.49170
    51.91610     52.59250     -7.80130
    51.59970     52.50760     -7.94120
    41.15190     27.01710     -7.92980
    40.72900     27.16060     -8.18190
    53.08660     51.61050     -7.38050
    49.66860     57.84150    -23.36600
    51.28400     38.99360    -13.02170
    41.17370     29.37310    -17.19830
    43.73600     35.67490    -13.63460
    41.37620     28.71030     -8.58010
    49.29960     45.32370    -10.05180
    38.30370     23.94830     -8.91820
    55.72430     56.75850    -14.59510
    55.87710     56.37610    -15.51020
    43.38520     35.18380    -13.89670
    48.97900     36.07840    -11.80560
    49.08120     35.67710    -11.94550
    49.44740     43.51780    -10.21040
    51.24600     38.80510    -13.29680
    55.32970     50.29490    -13.58700
    55.63670     51.39410    -13.11830
    54.78520     49.71150    -13.77100
    49.15650     42.57310    -10.06110
    49.14450     42.34190    -10.60280
    48.83030     42.55700    -10.76300
    43.12270     32.60930    -13.25310
    49.83980     44.26630    -10.38620
    50.28010     40.23790    -11.92030
    50.16420     40.48550    -11.87910
    50.06250     43.50980    -10.04120
    53.30030     40.94150    -15.02380
    52.36640     40.79710    -13.18610
    49.52240     37.42330    -12.56050
    41.63540     29.62380    -16.22510
    41.29010     29.21070    -16.88870
    56.11370     65.20130    -24.32300
    43.83270     34.72650    -14.62230
    51.74360     45.50160    -11.61110
    51.79030     45.42180    -11.81360
    51.45000     52.81230     -8.94470
    43.92690     43.35860    -25.81570
    52.17960     44.94770    -11.98430
    50.39370     37.64540    -12.69830
    50.34480     37.65580    -12.51820
    50.50620     43.33960    -10.69370
    52.70950     43.26080    -12.96090
    43.64950     28.01040    -10.05220
    50.88650     45.01610    -11.26110
    50.68850     44.61200    -11.07210
    49.79440     54.26780    -26.21010
    51.07620     44.35720    -11.58720
    43.35700     31.82370     -8.48220
    44.92470     31.47050    -10.29290
    48.86260     42.31730    -10.19670
    42.35560     28.33120     -7.70150
    42.27760     28.45320     -8.40980
    42.49830     28.47640    -11.70940
    46.74010     32.90750     -6.75240
    46.47000     32.72050     -6.93510
    46.85100     32.76800     -6.92850
    51.66410     53.02510     -8.19060
    40.73140     30.00080     -6.62840
    42.43140     33.48090    -12.24140
    50.20040     43.31620    -11.18090
    53.27200     43.68720    -13.77790
    51.66160     51.57890     -5.51110
    51.53450     42.60210    -12.15950
    41.91460     29.79770    -13.38820
    51.95060     46.46120    -11.22780
    46.09600     59.61560    -16.48390
    45.70820     59.02310    -16.50420
    46.31780     59.10500    -13.12020
    49.35840     44.52770    -10.54100
    52.07490     52.16120     -6.81230
    46.37310     39.37770    -13.85260
    46.91070     39.77430    -14.42960
    46.70280     39.59460    -14.52730
    52.48470     52.55460     -6.68210
    58.47320     47.75900    -11.39820
    58.35270     47.32320    -10.85500
    58.54600     49.00590    -10.80920
    40.05780     28.75620     -8.28520
    40.23850     28.56110     -8.32570
    43.91380     33.59100     -7.82100
    51.72810     48.12610    -10.25650
    52.10740     48.06100    -10.65310
    52.22210     47.67410    -10.58950
    53.53280     51.96650     -7.08870
    53.74620     49.22670    -11.74510
    49.62670     42.46970     -9.27880
    40.25120     26.42010     -8.33950
    42.70280     28.30250    -13.45980
    41.18030     26.76930     -8.29280
    43.92260     34.23660    -11.64330
    43.74810     34.25330    -11.81450
    41.81500     28.67750    -13.85340
    41.90670     29.07120    -13.81650
    51.86490     52.03860     -8.31670
    51.04190     40.25460    -12.42030
    50.96270     40.60780    -12.69470
    43.41110     33.73300     -8.34490
    43.57240     33.75790     -8.53820
    52.55310     51.59670     -7.11970
    41.94070     27.33050     -8.14220
    50.20360     44.23590    -10.54760
    50.28790     44.46430     -9.96080
    50.40810     43.64190    -10.14710
    49.01910     48.51330    -15.90600
    50.21050     49.60490    -15.33280
    48.72820     48.16670    -15.60040
    51.45540     51.21750     -7.18850
    56.32880     65.41420    -22.67640
    51.74280     40.33200    -13.01160
    53.23890     50.98570     -7.53230
    52.92680     51.41840     -7.87720
    48.87210     41.27160    -10.63260
    41.70440     29.17810     -7.91780
    49.18530     41.81330    -10.22890
    43.00190     31.00520     -8.02000
    51.69280     45.43780    -10.70080
    54.29500     49.71630    -11.49200
    40.71700     27.73620     -7.81710
    47.04650     43.26580     -8.80150
    53.70850     52.35310     -8.59350
    53.69690     50.34120    -11.34660
    47.57040     43.54900     -7.57720
    49.26480     41.45800    -10.94100
    42.55190     30.52750     -7.38870
    42.59630     30.60040     -8.09680
    51.65030     44.33350    -11.45880
    50.63400     45.82140    -11.79040
    50.84600     42.42360    -11.45200
    51.81620     46.10990    -10.33540
    49.23480     43.92360    -13.03780
    53.00670     49.77110    -11.73190
    53.42670     49.87940    -11.85500
    49.97600     43.88030    -11.27420
    44.10090     36.21740     -7.96960
    51.97310     41.73660    -12.28600
    59.57630     52.31920     -9.54200
    53.48750     42.70070    -14.91330
    42.30610     28.92800     -8.00590
    45.19750     36.58100     -8.19230
    41.77890     27.60320     -8.46990
    42.25630     26.70410     -9.31170
    44.07740     34.40930     -7.68060
    48.46830     50.40500    -11.10960
    48.58050     49.55190    -11.67830
    48.40730     49.58020    -11.35310
    42.37190     26.24670     -8.80040
    40.36930     28.90750    -11.08900
    52.93310     44.34180    -12.07600
    53.22860     43.87850    -11.99480
    55.58560     48.26350    -15.06370
    39.79110     28.32650     -6.85890
    40.14780     28.51990     -6.23470
    47.52370     36.89560    -10.84190
    42.91360     33.76470    -11.24420
    42.63260     28.07320    -13.07690
    53.34330     50.53100    -12.59780
    54.04540     50.53200     -8.91750
    59.52880     54.04700    -21.11690
    59.96320     54.30510    -22.23780
    59.65050     54.93570    -20.09180
    50.41420     45.61530    -10.45770
    53.45850     44.11950    -14.10860
    52.33880     49.18170    -12.15110
    59.84340     51.93080     -9.97880
    52.72790     53.25290     -7.06790
    52.15470     38.42500    -10.76880
    49.13010     49.32940    -10.31950
    49.59680     37.17130     -8.03180
    42.75530     30.03980     -7.72420
    60.12700     52.47630    -11.38910
    48.00910     42.82540    -15.32550
    48.13980     62.62900    -16.83150
    50.76990     43.05370    -11.78840
    47.49510     43.83070     -8.21540
    42.59120     26.67980     -9.58400
    59.01260     51.52240     -8.65790
    52.62240     59.43380    -24.33510
    52.06020     59.89710    -22.93630
    42.43180     32.52240     -7.41580
    39.86460     27.77390     -7.10620
    47.70320     45.95270    -14.10210
    42.48480     32.09160    -14.74700
    39.61860     26.99760     -5.94330
    52.99560     54.49480     -8.31370
    53.58990     54.50910     -7.85230
    53.34570     55.09370     -7.23380
    42.51550     29.76150     -8.96530
    49.31240     57.36660    -24.91240
    50.77620     57.04120    -25.36520
    50.44500     56.72280    -25.19900
    55.10430     56.03850     -8.77580
    56.67740     60.55160     -9.56270
    54.86480     59.73460     -8.00220
    51.32240     45.19080    -10.29560
    42.40290     27.14730    -11.33240
    51.79940     46.74770    -11.99000
    52.86470     46.89590    -11.89150
    46.91000     34.96830    -10.59250
    46.83490     37.87160    -15.19710
    57.06300     65.65740    -22.61570
    57.71160     47.78420    -17.06840
    47.59560     33.70700     -8.19750
    51.41240     51.50900     -9.36490
    52.61370     42.98950    -13.54670
