date	minute	lat	lon	depth	mag
03-Dec-1988	901	48.092	-71.174	28.7	1.1
04-Dec-1988	811	48.098	-71.185	25	1.4
05-Dec-1988	1190	47.366	-70.386	5.2	0.4
08-Dec-1988	1316	48.091	-71.152	27.4	0
08-Dec-1988	1295	48.099	-71.153	26.4	0
08-Dec-1988	1203	48.103	-71.188	23.1	0
08-Dec-1988	889	48.12	-71.213	28.6	1.3
09-Dec-1988	1051	48.116	-71.17	29.5	1.4
09-Dec-1988	363	48.036	-70.962	20.9	0
09-Dec-1988	355	48.114	-71.19	27.7	0
11-Dec-1988	1340	48.003	-71.236	18.4	1.8
11-Dec-1988	870	48.001	-71.164	26.8	2.8
11-Dec-1988	509	48.089	-71.191	28	1.9
11-Dec-1988	267	48.066	-70.963	22.3	2.1
12-Dec-1988	358	47.444	-70.176	8	0.6
13-Dec-1988	359	47.586	-70.012	9.6	-0.4
16-Dec-1988	1135	48.288	-69.6	18	2.5
17-Dec-1988	170	47.562	-69.996	7.7	0.5
18-Dec-1988	1086	47.224	-70.643	18	2.4
18-Dec-1988	22	48.101	-71.196	26.7	0
22-Dec-1988	17	47.496	-69.969	8.5	1.3
25-Dec-1988	1272	48.088	-71.243	33.7	2.1
01-Jan-1989	492	47.548	-70.378	4.1	0.1
02-Jan-1989	1184	47.655	-70.21	12.4	0
02-Jan-1989	162	47.17	-70.425	9.5	2
03-Jan-1989	530	48.069	-71.162	29.1	1.3
06-Jan-1989	61	47.521	-69.978	11.1	0.4
09-Jan-1989	172	48.105	-71.154	25.6	1.8
10-Jan-1989	454	47.639	-70.164	11.7	0.1
11-Jan-1989	1413	47.734	-70.087	8.7	0.4
11-Jan-1989	120	48.02	-71.151	27.1	2.5
16-Jan-1989	491	48.097	-71.196	27.5	1.7
17-Jan-1989	549	47.491	-70.113	9.1	-0.3
17-Jan-1989	112	47.496	-70.121	7.6	0.3
19-Jan-1989	1407	48.063	-71.011	24.1	1.9
19-Jan-1989	1312	48.063	-71.009	21	1.7
19-Jan-1989	1296	48.063	-71.008	24.8	3.6
20-Jan-1989	1044	48.08	-71.018	23.3	0
22-Jan-1989	1090	47.486	-69.941	14.1	0
22-Jan-1989	1044	48.055	-71.019	24.8	1.6
22-Jan-1989	383	47.753	-70.139	8.2	-0.4
24-Jan-1989	87	48.112	-71.316	26.7	1.3
25-Jan-1989	434	47.658	-69.895	12.6	-0.1
28-Jan-1989	313	47.555	-70.236	13.7	-0.3
31-Jan-1989	879	47.443	-70.671	19.7	3.1
09-Feb-1989	1305	47.782	-69.956	6.5	0.7
15-Feb-1989	1164	47.682	-69.861	12.8	0.4
18-Feb-1989	681	47.475	-70.03	12.3	0.3
24-Feb-1989	1373	47.363	-70.449	12.8	2.6
26-Feb-1989	1075	47.767	-69.755	22.9	1.6
27-Feb-1989	907	47.526	-70.147	18	2
09-Mar-1989	1270	47.765	-69.92	14.3	-0.3
09-Mar-1989	1124	47.819	-69.802	23.9	0.8
09-Mar-1989	581	47.717	-69.857	10.5	4.3
10-Mar-1989	746	47.564	-70.184	19.6	0.2
10-Mar-1989	291	47.717	-69.853	9.8	0.2
10-Mar-1989	209	47.716	-69.854	9.2	1.2
12-Mar-1989	440	47.448	-70.118	19.7	2.8
21-Mar-1989	771	47.564	-70.022	9.8	2
18-Apr-1989	1249	48.115	-71.16	28.8	2.5
23-Apr-1989	1304	47.855	-69.857	23	0.1
23-Apr-1989	1262	47.348	-70.163	8.7	0.4
28-Apr-1989	663	47.308	-70.436	8.9	2.1
09-May-1989	1197	48.122	-71.165	25.3	2.1
09-May-1989	1105	47.454	-70.067	7	0.4
24-May-1989	723	47.381	-70.064	23.4	0.6
24-May-1989	218	47.409	-70.05	7.6	0.5
25-May-1989	1136	47.581	-69.896	16.3	2.3
27-May-1989	346	47.312	-70.636	9.3	-0.1
09-Jun-1989	1027	47.474	-70.126	11.7	0.3
13-Jun-1989	589	47.541	-70.163	18	-0.2
18-Jun-1989	656	47.43	-70.029	8.6	2.1
14-Jul-1989	26	47.41	-70.315	12.4	2.1
01-Aug-1989	1422	47.71	-69.889	12.3	2.5
22-Aug-1989	1235	47.441	-70.347	7.5	0.3
22-Aug-1989	1058	47.306	-70.378	8.2	0.6
27-Aug-1989	692	48.114	-71.066	17.5	1.9
31-Aug-1989	1379	47.854	-69.723	10.4	0.7
31-Aug-1989	1184	47.613	-70.285	22.4	2.6
31-Aug-1989	524	47.46	-70.113	11.4	1.9
04-Sep-1989	1318	47.668	-70.126	9.1	0.3
06-Sep-1989	111	47.408	-70.328	10.6	0.2
14-Sep-1989	323	47.424	-70.381	13.2	0.9
15-Sep-1989	136	47.487	-70.067	14.8	0
17-Sep-1989	861	47.715	-69.733	16.2	2.1
17-Sep-1989	435	47.59	-70.014	9.9	0.1
09-Oct-1989	283	47.389	-70.3	11	-0.4
14-Oct-1989	1418	47.733	-70.187	4.2	1.6
16-Oct-1989	661	47.614	-70.206	16.3	0.3
22-Oct-1989	1063	47.069	-69.534	18	1.7
23-Nov-1989	788	47.542	-70.298	11.3	0.4
25-Nov-1989	33	47.551	-70.247	13.6	-0.2
26-Nov-1989	264	47.674	-70.075	13.3	1.3
11-Dec-1989	296	47.896	-69.96	10	2.2
12-Dec-1989	271	48.076	-71.188	29	1.4
17-Dec-1989	1028	47.519	-70.363	6	1.9
19-Dec-1989	775	48.374	-70.439	18	1.7
26-Dec-1989	272	47.455	-70.453	6.9	0.5
29-Dec-1989	932	47.498	-70.145	6	2.5
31-Dec-1989	154	47.451	-70.343	7.6	0.1
21-Jan-1990	1392	47.45	-70.041	8.9	0.3
21-Jan-1990	871	47.598	-70.239	11.9	-0.5
23-Jan-1990	477	47.483	-70.443	7	-0.1
11-Feb-1990	289	47.403	-70.39	7.6	-0.1
20-Feb-1990	840	47.679	-69.926	9.1	0.1
03-Mar-1990	917	47.699	-70.083	8.4	2
03-Mar-1990	126	47.856	-69.977	20.8	3.6
05-Mar-1990	25	47.654	-69.902	7.6	0.1
12-Mar-1990	980	47.695	-70.086	5.7	0.4
19-Mar-1990	665	47.48	-69.99	7.4	1.8
02-Apr-1990	474	47.393	-70.282	10.3	0.1
08-Apr-1990	1338	47.47	-70.044	9.5	0.5
06-May-1990	124	47.514	-70.377	3.2	0.9
07-May-1990	534	48.041	-71.126	28	-0.1
08-May-1990	731	47.479	-69.977	10.6	0.4
11-May-1990	304	47.611	-70.248	10.1	0.2
22-May-1990	741	47.535	-70.029	7.4	0.5
11-Jun-1990	612	47.646	-69.906	10.7	0.3
12-Jun-1990	946	47.481	-70.114	23.1	0.3
18-Jun-1990	420	47.587	-70.244	12.7	-0.2
25-Jun-1990	231	47.645	-69.856	16.2	0.2
02-Jul-1990	92	47.564	-69.89	15.7	0
16-Jul-1990	706	47.617	-69.971	7.7	2.5
19-Jul-1990	896	47.333	-69.972	18	0.7
26-Jul-1990	486	47.421	-70.456	4.7	-0.3
28-Jul-1990	877	47.609	-69.966	10.5	0.4
31-Jul-1990	910	47.387	-70.249	12	0.6
09-Aug-1990	1204	47.597	-70.228	7.4	0.3
31-Aug-1990	733	47.419	-70.41	6.2	0.6
07-Sep-1990	246	47.791	-69.817	21.9	0.6
12-Sep-1990	552	47.484	-70.038	7.5	-0.3
19-Sep-1990	645	47.811	-70.003	16.7	0
21-Sep-1990	1173	47.578	-70.237	4.1	3.2
26-Sep-1990	1194	47.432	-70.384	4.7	2.1
08-Oct-1990	252	47.274	-70.482	9.8	0.4
12-Oct-1990	574	47.479	-69.999	11.3	-0.1
12-Oct-1990	492	47.547	-69.999	7.5	0
17-Oct-1990	961	47.408	-70.375	17.8	0.5
21-Oct-1990	818	47.398	-70.364	15.8	3.3
26-Oct-1990	1075	47.429	-70.409	6.9	0.2
02-Nov-1990	267	47.397	-70.361	14.9	0.5
04-Nov-1990	188	47.633	-70.238	8	1.5
05-Nov-1990	322	47.648	-70.22	8.7	0.3
06-Nov-1990	690	47.395	-70.151	14.2	3.4
06-Nov-1990	154	47.435	-70.303	11.8	2.2
10-Nov-1990	1439	47.108	-71.092	29.2	2
19-Nov-1990	398	47.251	-70.659	15.2	2.6
13-Dec-1990	230	47.569	-69.906	14.3	0.4
18-Dec-1990	757	47.123	-71.178	20	1.9
18-Dec-1990	430	47.263	-70.336	9.3	3.3
21-Dec-1990	172	47.256	-70.353	8.7	0.6
25-Dec-1990	611	47.994	-69.614	12.1	0.5
16-Jan-1991	103	47.462	-70.063	18.9	0.1
27-Jan-1991	1150	47.682	-70.198	7	0.2
30-Jan-1991	494	47.607	-70.226	17.4	-0.1
01-Feb-1991	354	47.481	-70.38	12.9	0.5
04-Feb-1991	845	47.502	-70.097	13.2	0.1
15-Feb-1991	1225	47.646	-70.127	10.9	0.3
19-Feb-1991	437	47.463	-69.999	11.6	2.5
21-Feb-1991	1022	47.702	-69.883	9.1	0.9
21-Feb-1991	427	47.432	-70.536	20.5	1.7
23-Feb-1991	1428	47.181	-70.367	9.4	0.4
24-Feb-1991	762	47.335	-70.473	12.2	0.6
06-Mar-1991	407	47.647	-69.981	21.2	-0.3
12-Mar-1991	417	47.391	-70.483	10.2	1.9
25-Mar-1991	246	47.617	-69.761	23.6	0.2
26-Mar-1991	798	47.406	-70.503	5.1	1.8
03-Apr-1991	1339	47.812	-70.051	5.5	0.7
14-Apr-1991	308	47.546	-70.03	7.9	0.1
18-Apr-1991	1338	47.604	-70.233	14.3	0.1
26-Apr-1991	59	47.552	-70.023	9.3	0
02-May-1991	762	47.439	-70.136	12.6	0.1
10-May-1991	171	47.582	-70.198	4.6	0.1
23-May-1991	1436	47.544	-70.016	8.6	0.6
07-Jun-1991	560	47.546	-70.521	10.7	0.2
07-Jul-1991	419	47.426	-70.322	10.9	-0.2
23-Jul-1991	63	47.687	-70.103	11.3	1.9
27-Jul-1991	1264	47.345	-70.375	23.3	0.8
27-Jul-1991	159	47.558	-70.095	16.5	2.2
04-Aug-1991	719	47.511	-70.067	13.8	0.1
07-Aug-1991	402	47.614	-70.273	2.9	0
05-Sep-1991	396	47.514	-69.898	23	0.4
10-Sep-1991	360	47.849	-69.774	24.1	-0.2
15-Sep-1991	816	47.246	-70.442	9.2	0.7
18-Sep-1991	1047	47.38	-70.062	24.2	2.1
18-Sep-1991	487	47.471	-70.379	4.9	0
20-Sep-1991	1289	47.51	-70.09	9.3	0.3
20-Sep-1991	699	47.797	-69.834	7.9	0.2
24-Sep-1991	936	47.026	-71.403	18	1.9
30-Sep-1991	1109	47.494	-70.366	6.7	2.3
07-Oct-1991	1404	47.699	-70.037	11.8	0.4
12-Oct-1991	1383	48.302	-71.308	15	3.3
17-Oct-1991	70	47.632	-70.122	13.1	0.1
18-Oct-1991	315	47.347	-69.994	27.5	0.1
22-Oct-1991	299	47.74	-69.723	23.4	0.1
30-Oct-1991	1405	47.783	-69.957	17.2	2.9
02-Nov-1991	174	47.385	-70.441	9.2	0.4
14-Nov-1991	561	47.5	-70.2	18	1.6
14-Nov-1991	287	48.205	-69.588	18	1.6
19-Nov-1991	714	47.433	-70.15	12.8	0.4
23-Nov-1991	160	47.214	-70.575	23.9	1.7
24-Nov-1991	77	47.614	-70.219	13.1	2.7
01-Dec-1991	1405	47.625	-70.029	9.5	0.6
03-Dec-1991	1329	47.638	-69.867	15.4	1.5
15-Dec-1991	1266	47.974	-71.146	27.6	1.5
17-Dec-1991	129	47.573	-70.231	15.6	2.4
29-Dec-1991	373	47.229	-70.429	8.9	1.7
12-Jan-1992	851	47.617	-70.225	13.6	-0.4
13-Jan-1992	544	47.79	-69.819	22.9	0.4
17-Jan-1992	314	47.447	-70.251	12.6	0
17-Jan-1992	16	47.443	-70.392	5	1.5
18-Jan-1992	1243	47.534	-70.408	6.8	-0.1
18-Jan-1992	376	47.626	-70.271	0	-0.3
30-Jan-1992	642	47.539	-70.035	6	2
04-Feb-1992	613	47.418	-70.494	7.5	1.7
11-Feb-1992	756	47.851	-70.205	8.2	1.6
23-Feb-1992	1233	47.526	-70.139	17.3	0.1
26-Feb-1992	378	47.735	-70.144	9.2	-0.2
29-Feb-1992	697	47.564	-69.881	14.5	0.4
03-Mar-1992	1207	47.411	-70.17	8.6	0.3
07-Mar-1992	219	47.785	-69.915	15	-0.1
11-Mar-1992	80	47.718	-69.857	9.4	0.2
13-Mar-1992	346	47.634	-69.895	12	0.3
14-Mar-1992	166	48.057	-69.884	16.1	0.1
15-Mar-1992	1186	47.742	-69.904	18.3	0.6
15-Mar-1992	607	47.5	-70.367	6.8	1.7
15-Mar-1992	565	47.398	-70.408	5.5	0.2
16-Mar-1992	810	47.534	-70.13	17.4	0.2
16-Mar-1992	442	47.248	-70.335	8.6	2
03-Apr-1992	627	47.334	-70.106	18.5	0.4
06-Apr-1992	1046	47.456	-70.087	10.9	2
17-Apr-1992	810	47.605	-69.969	9.4	0.6
18-Apr-1992	384	47.576	-69.967	9.4	-0.2
20-Apr-1992	535	47.433	-70.175	18.9	1.9
30-Apr-1992	758	47.755	-70.016	7.1	1.6
30-Apr-1992	241	47.498	-70.049	11	0.3
01-May-1992	632	47.587	-69.942	11.6	0.3
01-May-1992	37	47.446	-70.407	2.7	3.2
02-May-1992	510	47.63	-70.221	4.4	1.7
04-May-1992	741	47.282	-70.436	5	0.6
05-May-1992	41	47.592	-69.951	11.3	2.3
06-May-1992	261	47.781	-69.964	14.2	0.3
09-May-1992	1105	47.834	-69.811	18	1.8
09-May-1992	296	47.502	-70.021	15.6	0.4
13-May-1992	624	47.41	-70.214	9.9	0
26-May-1992	534	47.594	-69.927	11.6	0.6
23-Jun-1992	1165	47.754	-70.045	8	0.5
28-Jun-1992	750	46.758	-71.475	6.5	3.3
04-Jul-1992	1304	47.745	-70.106	12.4	0.3
04-Jul-1992	880	47.004	-71.218	18	1.8
16-Jul-1992	208	47.792	-69.833	22.1	0.8
28-Jul-1992	607	47.486	-70.042	1.2	2.1
01-Aug-1992	418	47.673	-70.157	12.8	1.7
06-Aug-1992	789	47.439	-70.409	2.8	0.9
12-Aug-1992	374	47.623	-69.841	16.5	0.2
12-Aug-1992	242	47.625	-70.013	0	-0.2
14-Aug-1992	610	47.446	-70.431	7.1	-0.2
16-Aug-1992	1266	47.427	-70.356	7.6	0.2
16-Aug-1992	1131	47.573	-70.041	10.5	0.4
16-Aug-1992	1001	48.002	-70.063	20.5	0.7
17-Aug-1992	775	47.483	-70.091	14.2	0.4
18-Aug-1992	1212	47.691	-70.206	0	0.2
25-Aug-1992	958	47.699	-70.097	11.2	1.5
26-Aug-1992	1322	47.967	-69.872	0	0.4
27-Aug-1992	1339	47.685	-70.187	0	2
28-Aug-1992	1380	46.697	-71.123	6	3.6
30-Aug-1992	531	47.225	-70.363	8.7	1.4
08-Sep-1992	1248	47.489	-70.367	7.3	2
10-Sep-1992	397	47.566	-69.911	14.8	0
12-Sep-1992	123	47.562	-69.988	15	0.5
14-Sep-1992	1238	47.423	-70.421	6	0.8
26-Sep-1992	99	47.477	-70.115	14	0.1
04-Oct-1992	876	47.892	-70.055	18	0.5
11-Oct-1992	1139	47.814	-69.948	20.3	0.2
12-Oct-1992	473	47.475	-70.112	15	0.1
24-Oct-1992	907	47.368	-70.125	15.1	0.6
09-Nov-1992	1077	47.386	-70.249	12.1	0.1
09-Nov-1992	615	47.661	-70.071	16.4	1.5
17-Nov-1992	897	47.6	-69.986	9.2	0.4
23-Nov-1992	653	46.975	-71.164	18	2.4
23-Nov-1992	127	47.415	-70.461	7.2	0.7
24-Nov-1992	890	46.737	-71.184	12	2.8
26-Nov-1992	450	47.424	-70.395	14.4	0.6
30-Nov-1992	1140	47.503	-70.138	12.1	0.4
02-Dec-1992	1226	47.822	-69.996	6.8	2.1
03-Dec-1992	602	47.61	-70.175	11.8	2
07-Dec-1992	967	48.019	-70.149	0	0.9
21-Dec-1992	1103	47.969	-69.463	0	0.9
31-Dec-1992	89	47.716	-70.074	10.8	0.7
02-Jan-1993	1089	47.63	-69.901	12.6	0.3
08-Jan-1993	172	47.597	-70.22	2.7	0.4
09-Jan-1993	1120	47.476	-69.977	13.8	1.6
14-Jan-1993	392	47.62	-70.171	14.5	1.5
19-Jan-1993	1426	47.451	-70.024	11.7	0.4
19-Jan-1993	106	47.451	-70.024	11.7	0.5
21-Jan-1993	63	47.837	-69.98	18.2	0.6
22-Jan-1993	211	47.474	-69.962	14.9	0.4
23-Jan-1993	99	47.518	-70.119	22.4	0.7
26-Jan-1993	400	47.561	-70.026	13	0.2
12-Feb-1993	546	47.775	-70.149	8	2.2
14-Feb-1993	1085	47.544	-70.171	18.4	0.1
16-Feb-1993	522	47.82	-69.969	19.5	0.2
20-Feb-1993	356	47.409	-70.082	17.2	1.7
21-Feb-1993	397	47.816	-69.779	10	0.2
27-Feb-1993	1164	47.619	-70.007	10.3	-0.1
03-Mar-1993	500	47.441	-70.364	5.9	0.4
04-Mar-1993	1322	47.514	-70.362	4.3	3.1
11-Mar-1993	607	47.17	-70.427	16	1.7
11-Mar-1993	44	47.827	-69.756	25.1	0
22-Mar-1993	655	47.667	-69.902	8.6	0.1
26-Mar-1993	46	47.333	-70.212	10	1.6
28-Mar-1993	265	47.692	-70.026	16.4	-0.1
30-Mar-1993	755	47.674	-69.908	10.3	0
30-Mar-1993	135	47.684	-70.104	4.4	1.8
04-Apr-1993	640	47.881	-69.85	20.4	1.5
06-Apr-1993	459	47.499	-70.065	18	0
07-Apr-1993	842	47.677	-69.91	10.7	1.3
12-Apr-1993	263	47.505	-70.363	8.9	0.1
17-Apr-1993	335	47.529	-70.367	7.6	1.8
22-Apr-1993	1330	47.792	-69.832	22.2	1.8
22-Apr-1993	699	48.091	-69.392	28	1.5
13-May-1993	890	47.748	-69.982	14.2	1.4
22-May-1993	281	47.38	-70.254	13.3	1.1
06-Jun-1993	112	47.494	-70.113	10.4	-0.1
15-Jun-1993	331	47.584	-70.261	7.1	1.6
16-Jun-1993	766	47.443	-70.428	5	0.5
01-Jul-1993	67	47.576	-70.373	8.4	1.7
02-Jul-1993	1287	47.408	-71.263	3.5	1.7
05-Jul-1993	1112	47.44	-70.19	6.2	2.3
06-Jul-1993	393	47.695	-70.073	9	0.6
10-Jul-1993	7	47.879	-69.675	10	1.9
15-Jul-1993	650	47.639	-70.1	10	1.9
18-Jul-1993	753	47.602	-70.228	4.8	2.5
27-Jul-1993	302	47.885	-69.867	18.1	0.2
01-Aug-1993	1175	47.535	-70.039	6.7	1.7
01-Aug-1993	117	47.305	-70.386	7.4	1.4
07-Aug-1993	1285	47.666	-69.886	5.5	3.1
08-Aug-1993	334	47.357	-70.138	9.8	0.3
14-Aug-1993	896	47.417	-70.332	9.3	0.1
14-Aug-1993	475	47.417	-70.338	10.3	-0.3
15-Aug-1993	560	47.626	-69.912	11.6	-0.5
18-Aug-1993	903	47.456	-70.104	12.2	2.3
20-Aug-1993	65	47.538	-70.362	6	1.8
23-Aug-1993	571	47.56	-69.942	11.9	2
23-Aug-1993	210	47.672	-69.903	10.5	-0.1
29-Aug-1993	247	47.461	-70.131	20.7	0.2
31-Aug-1993	256	47.629	-69.885	13	0.8
04-Sep-1993	501	47.458	-70.173	14.3	2.3
09-Sep-1993	193	47.637	-70.233	12.6	0.1
26-Sep-1993	136	47.474	-70.026	9.8	-0.4
10-Oct-1993	22	48.124	-69.784	22.3	1.9
13-Oct-1993	103	47.681	-69.878	14	0.4
22-Oct-1993	335	47.935	-69.973	23.2	0.6
10-Nov-1993	809	47.542	-70.039	7.9	0.3
12-Nov-1993	1327	47.652	-70.209	11.3	0.4
15-Nov-1993	608	47.318	-70.392	6.3	0.2
28-Nov-1993	1155	47.684	-70.097	4.9	0.5
01-Dec-1993	767	47.467	-70.158	18	3.5
10-Dec-1993	1115	47.631	-70.166	10.5	-0.1
25-Dec-1993	1265	47.606	-70.268	19.5	0.9
05-Jan-1994	543	47.439	-70.068	14.9	0.4
07-Jan-1994	690	47.505	-69.954	9.2	0.2
10-Jan-1994	1036	47.342	-70.321	6.4	0.5
04-Feb-1994	1330	47.492	-70.361	8.6	0.6
10-Feb-1994	395	47.712	-70.107	9.8	0.2
16-Mar-1994	384	47.584	-69.973	9	0.3
22-Mar-1994	1414	47.526	-69.923	14.9	2
22-Mar-1994	943	47.398	-70.49	10.1	0.7
24-Mar-1994	357	47.321	-70.112	9.9	-0.2
31-Mar-1994	178	47.162	-71.045	0	1.7
12-Apr-1994	1308	47.675	-69.907	15.3	0.3
29-Apr-1994	132	48.255	-71.06	18	2.4
04-May-1994	373	47.673	-70.152	6.9	1.5
17-May-1994	347	47.289	-70.601	15.6	0.7
20-May-1994	373	47.676	-69.905	12.8	0.1
11-Jun-1994	1375	47.449	-70.058	10.4	0.6
14-Jun-1994	1419	47.704	-70.07	10.1	1.4
14-Jun-1994	901	47.467	-70.392	4.5	0
17-Jun-1994	219	47.483	-69.987	11.7	1.4
18-Jun-1994	492	47.388	-70.13	11.1	0.3
21-Jun-1994	470	47.44	-70.05	8	2.4
24-Jun-1994	445	47.444	-70.318	12.1	2.5
11-Jul-1994	1437	47.448	-70.042	14.2	0.5
11-Jul-1994	575	47.562	-70.051	4.9	2.8
17-Jul-1994	1005	47.474	-70.101	13.1	0.2
03-Aug-1994	52	47.58	-69.945	12.1	0.7
03-Aug-1994	15	47.787	-69.858	22.5	0.1
08-Aug-1994	56	47.378	-70.455	10.6	1.8
11-Aug-1994	1387	47.704	-70.089	8.6	0.6
23-Aug-1994	424	47.391	-70.128	16.3	1.9
29-Aug-1994	614	47.497	-70.209	16.1	1.8
01-Sep-1994	284	47.517	-70.387	4.9	0.5
10-Sep-1994	1422	47.527	-69.952	12.6	0.7
11-Sep-1994	1300	47.504	-70.029	8.7	0.1
14-Sep-1994	289	47.519	-70.266	4.3	0.2
24-Sep-1994	841	47.732	-69.997	12.7	0.7
25-Sep-1994	592	47.173	-70.396	9.2	0.9
16-Oct-1994	639	47.387	-70.213	16	0.5
26-Oct-1994	1266	47.501	-70.128	14.9	0
01-Nov-1994	1213	47.655	-69.876	12.8	0.1
08-Nov-1994	472	47.523	-69.896	17.4	-0.5
13-Nov-1994	1066	47.486	-70.367	7	1.9
17-Nov-1994	418	47.219	-70.751	24.1	2.4
23-Nov-1994	574	47.591	-70.291	11.7	0.1
25-Nov-1994	1043	47.483	-69.971	8.2	0.5
01-Dec-1994	782	47.437	-70.314	10.8	3
01-Dec-1994	81	47.459	-70.132	6.9	-0.1
03-Dec-1994	823	47.255	-70.383	4.6	-0.1
13-Dec-1994	197	47.427	-70.053	11.5	0
19-Dec-1994	128	47.629	-69.958	15	-0.6
24-Dec-1994	242	47.232	-70.442	16.4	0
25-Dec-1994	1402	47.401	-70.394	8	0.3
27-Dec-1994	1383	47.685	-70.064	9.7	0.1
04-Jan-1995	838	47.42	-70.324	10.4	1.8
07-Jan-1995	1372	47.534	-70.382	18	1.3
08-Jan-1995	766	47.468	-70.003	14.7	1.6
12-Jan-1995	561	47.587	-69.916	18	2.1
12-Jan-1995	204	47.607	-69.952	11.8	2.4
15-Jan-1995	343	47.752	-69.967	14.9	0.4
16-Jan-1995	34	47.62	-70.178	11.2	-0.5
18-Jan-1995	501	47.498	-70.063	10	-0.3
19-Jan-1995	535	47.45	-70.037	12.4	-0.4
28-Jan-1995	762	47.432	-70.073	7.2	-0.1
30-Jan-1995	185	47.582	-69.999	8.8	1
20-Feb-1995	554	47.391	-70.392	5.2	1.7
21-Feb-1995	25	47.532	-70.102	19.7	-0.7
22-Feb-1995	999	47.463	-70.005	19.3	2
22-Feb-1995	477	47.621	-70.34	18	1.6
23-Feb-1995	1438	47.46	-70.424	18	-0.6
24-Feb-1995	963	47.539	-70.263	11.2	-0.9
27-Feb-1995	546	47.451	-70.026	7.9	0.4
02-Mar-1995	895	47.547	-70.434	18	0.6
02-Mar-1995	476	47.628	-70.226	18	-0.6
02-Mar-1995	342	47.223	-70.765	18	0.8
03-Mar-1995	1414	47.696	-70.075	9.7	-0.4
04-Mar-1995	948	47.431	-70.352	17.3	1.1
04-Mar-1995	652	47.304	-70.435	8.5	2.4
04-Mar-1995	636	47.406	-70.39	7.7	1
04-Mar-1995	330	47.256	-70.44	18	0.6
05-Mar-1995	1031	47.564	-69.995	15.4	-0.1
11-Mar-1995	679	47.528	-70.317	9.4	0.5
11-Mar-1995	641	47.611	-70.84	18	0.4
13-Mar-1995	1230	47.714	-70.194	18	-0.1
13-Mar-1995	13	47.695	-70.12	4.4	-0.4
17-Mar-1995	730	47.723	-70.174	9.1	1
22-Mar-1995	1140	47.6	-70.091	22.8	-0.2
23-Mar-1995	1401	47.365	-70.185	18	-0.4
25-Mar-1995	1234	47.71	-70.001	21.3	1.8
25-Mar-1995	436	47.538	-69.994	14.7	-0.3
26-Mar-1995	652	47.275	-70.447	18	1.1
01-Apr-1995	130	47.544	-70.398	6.3	0.7
02-Apr-1995	328	47.665	-69.886	12.6	0
04-Apr-1995	116	47.586	-69.947	11.4	-0.3
06-Apr-1995	809	47.512	-70.208	10.6	-0.1
09-Apr-1995	233	47.391	-70.465	6.2	0.9
15-Apr-1995	455	47.618	-70.231	18	0
16-Apr-1995	1072	47.46	-70.137	7.9	-0.3
16-Apr-1995	563	47.539	-69.978	11.5	-0.5
20-Apr-1995	408	47.909	-69.757	18	-0.4
23-Apr-1995	1364	47.524	-70.365	6.1	-0.2
25-Apr-1995	735	47.438	-70.437	4.2	0.7
30-Apr-1995	650	47.389	-70.447	5.1	-0.2
01-May-1995	467	47.46	-70.11	8	-0.6
02-May-1995	1194	47.449	-70.377	7.7	0.9
08-May-1995	415	47.659	-70.163	12.4	-0.2
08-May-1995	158	47.8	-69.808	22.3	-0.2
14-May-1995	1302	46.928	-70.9	18	2.4
18-May-1995	944	47.502	-70.044	14.6	2.8
03-Jun-1995	847	47.698	-70.081	12.4	0.3
09-Jun-1995	1330	47.381	-70.43	6.4	1.2
10-Jun-1995	971	47.695	-70.205	4	1
10-Jun-1995	563	47.584	-70.233	6.4	0
11-Jun-1995	1087	47.441	-70.042	11.8	1.8
16-Jun-1995	742	47.394	-70.447	6.4	2
18-Jun-1995	1381	47.561	-70.268	10.6	0.2
22-Jun-1995	717	47.435	-70.388	5	-0.5
23-Jun-1995	216	47.443	-70.134	20.6	-0.4
23-Jun-1995	211	47.368	-70.451	5	-0.5
27-Jun-1995	48	47.469	-70.046	16.7	-0.8
29-Jun-1995	70	47.399	-70.269	16	1.2
30-Jun-1995	421	47.562	-70.238	6.8	-0.9
04-Jul-1995	701	47.6	-70.098	26.6	2.5
15-Jul-1995	1237	47.66	-69.868	13.3	0.2
18-Jul-1995	786	47.571	-69.998	6.6	1.9
19-Jul-1995	593	47.568	-70.001	13.7	-0.2
19-Jul-1995	300	47.638	-70.154	12.6	-0.8
19-Jul-1995	287	47.552	-70.178	18.4	-0.7
19-Jul-1995	80	47.7	-70.122	9	-0.4
24-Jul-1995	1143	47.797	-69.919	23.2	1.6
24-Jul-1995	208	47.566	-69.997	5.1	-0.3
27-Jul-1995	240	47.443	-70.289	18	-0.9
31-Jul-1995	200	47.531	-69.918	9.7	2.1
03-Aug-1995	1055	47.633	-70.076	21.3	0.2
03-Aug-1995	825	47.731	-70.108	10.6	0.8
04-Aug-1995	1086	47.429	-70.192	7.9	-0.1
06-Aug-1995	276	47.555	-70.378	9.4	0.8
07-Aug-1995	724	46.832	-71.11	18	2
10-Aug-1995	1019	47.606	-69.88	15.2	0.4
11-Aug-1995	590	47.603	-70.203	9.6	-0.1
12-Aug-1995	134	47.467	-70.399	18	1
13-Aug-1995	141	47.496	-70.269	16	-0.8
16-Aug-1995	517	47.404	-70.397	6.8	0.9
17-Aug-1995	112	47.42	-70.404	12	2.3
18-Aug-1995	978	47.487	-70.406	4.8	1.6
22-Aug-1995	1076	47.331	-70.399	9.1	1.9
22-Aug-1995	447	47.478	-70.393	18	-0.1
27-Aug-1995	664	47.534	-70.13	20.8	0.8
27-Aug-1995	627	47.468	-70.033	8.3	-0.5
09-Sep-1995	261	47.48	-70.1	14.7	-0.4
11-Sep-1995	850	47.398	-70.481	10	1.7
12-Sep-1995	1345	47.313	-70.192	15.6	1.6
16-Sep-1995	627	47.331	-70.469	11.6	1
18-Sep-1995	969	47.668	-69.903	10.6	2.6
18-Sep-1995	802	47.447	-70.108	1.9	0.6
19-Sep-1995	103	47.585	-70.344	18	-1.3
20-Sep-1995	153	47.5	-70.401	5.1	2.1
22-Sep-1995	207	47.615	-69.856	17.3	-0.2
23-Sep-1995	1253	47.675	-70.153	10.1	1.6
23-Sep-1995	186	48.303	-71.489	18	2.7
05-Oct-1995	866	47.456	-70.057	17.9	-1
05-Oct-1995	758	46.969	-70.894	18	2.5
05-Oct-1995	21	47.472	-70.082	13.9	-0.7
08-Oct-1995	438	47.455	-70.056	18.1	-0.9
09-Oct-1995	7	47.944	-69.912	18	1.2
16-Oct-1995	44	47.581	-70.278	11	-0.2
18-Oct-1995	672	47.616	-69.928	11.6	-0.4
18-Oct-1995	195	47.685	-70.187	6.6	0.7
19-Oct-1995	494	47.484	-70.36	7.1	-1.3
22-Oct-1995	944	47.498	-70.395	18	0.1
23-Oct-1995	214	47.616	-70.192	16.9	0.6
23-Oct-1995	187	47.514	-70.29	14.3	-0.8
26-Oct-1995	1181	47.419	-70.42	5.3	1.1
26-Oct-1995	1171	47.419	-70.42	5.3	2
26-Oct-1995	430	47.754	-70.11	4.9	1.9
28-Oct-1995	1234	47.624	-70.125	12.2	-0.4
03-Nov-1995	950	47.525	-69.904	11.9	0.2
04-Nov-1995	857	47.616	-70.214	18	-1
05-Nov-1995	53	47.834	-70.015	21.3	1.9
08-Nov-1995	1006	47.605	-70.183	10.6	-0.4
09-Nov-1995	1254	47.823	-69.953	18.9	2.1
14-Nov-1995	814	47.648	-70.234	6.3	-0.5
14-Nov-1995	76	47.624	-70.13	8.3	-0.5
17-Nov-1995	715	47.322	-70.264	24.1	-0.2
17-Nov-1995	218	47.37	-70.333	13.6	1.6
18-Nov-1995	569	47.605	-70.319	18	0.4
19-Nov-1995	1303	47.696	-70.026	18.3	1.3
20-Nov-1995	1271	47.492	-70.402	5.4	1
26-Nov-1995	702	47.454	-70.309	7.3	0
02-Dec-1995	763	47.465	-70.456	6.6	-0.3
02-Dec-1995	381	47.504	-70.389	5	-1.2
03-Dec-1995	191	47.237	-70.437	18	0.5
04-Dec-1995	626	47.541	-70.366	5	-0.2
05-Dec-1995	1246	47.443	-70.267	9.2	-1.2
05-Dec-1995	466	47.515	-70.365	4.9	0.9
05-Dec-1995	156	47.641	-70.146	14.7	-0.2
06-Dec-1995	568	47.595	-70.243	10.8	-1
06-Dec-1995	89	47.546	-70.087	15	0.9
07-Dec-1995	59	47.679	-70.114	18	-1.4
14-Dec-1995	334	47.504	-70.416	8.5	-1.3
15-Dec-1995	980	47.517	-70.362	7.8	-1.3
17-Dec-1995	1100	47.44	-70.352	11.7	-1.3
17-Dec-1995	644	47.733	-70.182	7.8	0.8
17-Dec-1995	412	47.491	-70.16	17	-1.7
18-Dec-1995	930	47.423	-70.447	4.7	1.1
23-Dec-1995	985	47.628	-70.129	14	-0.4
23-Dec-1995	970	47.401	-70.392	7.3	-1.6
25-Dec-1995	539	47.463	-70.403	5.9	0.5
26-Dec-1995	1323	47.416	-70.413	6.8	0.9
26-Dec-1995	248	47.469	-70.37	21.6	1.2
26-Dec-1995	121	47.712	-69.817	11.1	1.2
27-Dec-1995	1184	47.593	-70.247	12.1	-1.1
31-Dec-1995	471	47.812	-70.02	8.9	1.4
02-Jan-1996	371	47.638	-70.204	11.6	0.8
04-Jan-1996	1229	47.455	-70.023	11.4	-0.2
04-Jan-1996	510	47.438	-70.028	11.4	-0.3
05-Jan-1996	280	47.602	-70.225	5.8	2
05-Jan-1996	265	47.6	-70.226	6.9	1.5
09-Jan-1996	1304	47.425	-70.029	10.8	1.4
11-Jan-1996	1198	47.453	-70.357	17.9	-0.3
12-Jan-1996	303	47.543	-70.184	8	1.1
13-Jan-1996	452	47.416	-70.441	4.8	1.9
13-Jan-1996	282	47.389	-70.251	13.7	-0.6
17-Jan-1996	1331	47.528	-70.183	13.4	-0.9
20-Jan-1996	1394	47.608	-69.966	6.6	-0.6
21-Jan-1996	1235	47.395	-70.399	12	-0.1
23-Jan-1996	1134	47.443	-70.429	4.4	1.2
24-Jan-1996	1040	47.856	-69.93	24.8	-1
25-Jan-1996	102	47.627	-70.187	16	1
27-Jan-1996	339	47.972	-69.796	8.5	-0.3
29-Jan-1996	1393	47.539	-70.307	8.3	-0.1
29-Jan-1996	365	47.431	-70.421	3.6	1.1
30-Jan-1996	1264	47.466	-70.125	13.5	-0.6
01-Feb-1996	332	47.56	-70.278	9.3	0
04-Feb-1996	820	47.408	-70.386	8.7	0.9
07-Feb-1996	1132	47.465	-70.219	17.7	-1.2
07-Feb-1996	346	47.76	-70.127	9.1	1.7
08-Feb-1996	635	47.236	-70.299	13.2	1.4
12-Feb-1996	1370	47.494	-70.032	15	-1.2
13-Feb-1996	1121	47.427	-70.394	15.9	-0.8
16-Feb-1996	1167	47.706	-70.004	12.7	0.3
16-Feb-1996	643	47.514	-70.044	13.7	-0.9
19-Feb-1996	884	47.61	-70.252	9.1	-1.1
19-Feb-1996	84	48.237	-69.404	18	1.3
26-Feb-1996	457	47.615	-70.213	11.2	-0.1
26-Feb-1996	121	47.699	-70.106	10.3	2.8
05-Mar-1996	1023	47.523	-70.54	10.2	-0.5
05-Mar-1996	769	47.558	-70.032	9.2	-0.6
05-Mar-1996	500	47.733	-69.834	9.8	-0.3
06-Mar-1996	1077	46.749	-71.369	18	2
07-Mar-1996	616	47.576	-70.38	21.7	-1.1
08-Mar-1996	880	47.27	-70.453	26.7	-0.6
11-Mar-1996	1097	47.451	-70.451	10	0
12-Mar-1996	647	47.546	-70.276	15.2	-0.4
14-Mar-1996	536	47.412	-70.276	15.8	-0.5
14-Mar-1996	165	47.472	-69.971	13.1	-0.3
22-Mar-1996	309	47.59	-70.327	1.5	1.1
28-Mar-1996	494	47.606	-70.01	10.4	0.9
29-Mar-1996	1193	47.478	-70.389	5.1	0
03-Apr-1996	274	47.617	-70.169	11.3	-0.5
03-Apr-1996	83	47.499	-70.395	5.3	1.4
06-Apr-1996	69	47.556	-70.239	3.3	-1.1
08-Apr-1996	1356	47.559	-70.215	12	-0.1
12-Apr-1996	605	47.666	-69.962	23	-1.3
13-Apr-1996	1353	47.534	-70.347	6.6	0.8
13-Apr-1996	177	47.475	-69.971	9.4	1
14-Apr-1996	1346	47.632	-70.233	4.9	1.3
14-Apr-1996	429	47.597	-70.193	1.1	1.3
16-Apr-1996	1061	47.473	-70.145	11.1	1.5
18-Apr-1996	174	47.675	-70.033	24.1	0.9
23-Apr-1996	583	47.384	-70.218	13.9	-0.7
25-Apr-1996	134	47.454	-70.385	9.4	0.9
27-Apr-1996	94	47.431	-70.344	12.7	1.2
29-Apr-1996	1352	47.449	-70.141	8.7	1.1
30-Apr-1996	770	47.62	-70.311	21.5	2.6
03-May-1996	656	47.318	-70.476	5.4	-0.6
05-May-1996	1226	47.623	-70.237	10.8	-0.2
05-May-1996	802	47.434	-70.44	14.4	2
05-May-1996	64	47.572	-70.327	9.5	-1.4
06-May-1996	955	47.546	-70.014	9.3	-0.7
06-May-1996	256	47.557	-70.448	11.8	1.1
07-May-1996	1339	47.468	-70.41	4.8	1.1
10-May-1996	781	47.532	-70.391	2.1	1.4
10-May-1996	318	47.641	-70.242	11.7	-1
10-May-1996	70	47.394	-70.259	11.3	-0.5
14-May-1996	38	47.537	-70.013	10.4	-0.7
17-May-1996	1346	47.619	-70.358	7.2	-0.4
18-May-1996	496	47.421	-70.314	9.8	0.7
18-May-1996	305	47.469	-70.389	5.8	1.2
19-May-1996	678	47.634	-70.294	18	-0.9
22-May-1996	625	47.508	-70.029	12.2	-0.6
26-May-1996	1001	47.562	-70.277	10.6	2
28-May-1996	62	47.517	-70.22	13.9	-0.9
28-May-1996	8	47.48	-70.344	4	-1
30-May-1996	1367	47.566	-70.316	18	-1.2
30-May-1996	516	47.463	-70.382	5.5	0.5
31-May-1996	813	47.429	-70.402	4.5	0.3
01-Jun-1996	121	47.384	-70.256	12.2	-0.1
03-Jun-1996	504	47.621	-69.981	11.8	-0.3
03-Jun-1996	372	47.435	-70.176	19.3	-1.6
04-Jun-1996	1166	47.431	-70.254	11.5	-0.5
07-Jun-1996	309	47.533	-70.162	18	-0.7
09-Jun-1996	1211	47.401	-70.379	5.8	1.4
10-Jun-1996	159	48.354	-70.558	18	1.8
12-Jun-1996	464	47.548	-69.977	8.8	-0.8
13-Jun-1996	716	47.514	-70.14	7	-0.9
18-Jun-1996	104	47.417	-70.436	4.6	0.8
19-Jun-1996	922	47.557	-70.196	21.8	1.5
20-Jun-1996	378	47.353	-70.611	10	-0.4
21-Jun-1996	109	47.462	-70.292	10.9	-0.7
22-Jun-1996	986	47.464	-70.126	13.3	-0.9
25-Jun-1996	66	47.467	-70.051	7.6	-0.6
27-Jun-1996	789	47.365	-70.354	17.3	1.5
27-Jun-1996	143	47.611	-70.138	8.9	-0.9
02-Jul-1996	1439	47.379	-70.14	13	1
02-Jul-1996	888	47.508	-70.037	12.8	-0.3
02-Jul-1996	288	47.397	-70.312	12.9	-0.8
02-Jul-1996	206	47.364	-70.353	17.4	-1
04-Jul-1996	747	47.62	-70.135	5.3	2
06-Jul-1996	707	47.425	-70.353	9.2	-0.6
07-Jul-1996	110	47.699	-70.046	12.9	-0.1
09-Jul-1996	68	47.676	-70.08	17.1	0.1
10-Jul-1996	871	47.547	-70.284	11.8	0.1
12-Jul-1996	176	47.503	-70.011	9.6	-1.2
13-Jul-1996	1266	47.489	-70.076	9.5	1.4
18-Jul-1996	467	47.504	-70.033	10.8	-0.9
20-Jul-1996	1009	47.383	-70.252	13.9	0.2
22-Jul-1996	1209	47.5	-70.029	12	1.1
23-Jul-1996	1325	47.62	-70.114	9.7	-0.8
24-Jul-1996	345	47.387	-70.457	10.6	-0.1
29-Jul-1996	529	47.651	-69.998	28.7	0.9
01-Aug-1996	299	47.387	-70.148	14.1	-1
02-Aug-1996	141	47.459	-70.386	11.9	-0.4
03-Aug-1996	1107	47.674	-70.143	9.8	1.9
03-Aug-1996	119	47.371	-70.134	13.2	0.9
04-Aug-1996	558	47.676	-70.146	9.4	0.9
04-Aug-1996	532	47.65	-70.23	16	-1.1
11-Aug-1996	464	47.542	-70.174	13.4	-1
13-Aug-1996	1357	47.547	-70.296	11.7	1.2
13-Aug-1996	602	47.462	-70.114	9.9	1.1
20-Aug-1996	238	47.654	-70.362	6.4	-1.9
22-Aug-1996	329	47.544	-70.678	13.2	-0.9
25-Aug-1996	360	47.475	-70.414	7.9	-0.6
29-Aug-1996	724	47.502	-70.286	11.1	-0.6
30-Aug-1996	400	47.462	-69.973	9.9	1.5
31-Aug-1996	1250	47.606	-70.025	8.7	0.9
31-Aug-1996	600	47.579	-70.388	17.8	0.8
02-Sep-1996	198	47.448	-70.362	6.3	-0.9
05-Sep-1996	1361	47.427	-70.013	12.6	-0.1
05-Sep-1996	346	47.425	-70.45	3	1.9
06-Sep-1996	411	47.574	-69.94	11.5	-0.7
06-Sep-1996	113	47.465	-69.996	11.7	-0.3
09-Sep-1996	83	47.517	-70.339	18	-1
10-Sep-1996	821	47.169	-70.457	9.6	1.6
14-Sep-1996	1112	47.462	-70.079	11.7	-0.8
15-Sep-1996	871	47.618	-70.156	11.8	-0.5
16-Sep-1996	881	47.413	-70.405	6.4	-0.3
22-Sep-1996	469	47.377	-70.138	13.1	-1.1
23-Sep-1996	1301	47.367	-70.109	13.6	-0.6
25-Sep-1996	1146	47.657	-70.224	13.6	1
25-Sep-1996	798	47.509	-69.931	13.6	1.2
25-Sep-1996	514	47.853	-69.75	22.4	2.2
26-Sep-1996	560	47.432	-70.181	14.1	-0.5
26-Sep-1996	90	47.431	-70.49	7.5	1.1
27-Sep-1996	144	47.824	-69.938	19.8	1.2
27-Sep-1996	44	47.697	-70.088	5.6	1.9
29-Sep-1996	714	47.416	-70.313	9.6	-0.8
29-Sep-1996	434	47.659	-69.954	16.3	-0.6
01-Oct-1996	49	47.414	-70.332	11.7	-0.6
03-Oct-1996	632	47.544	-70.24	13.1	1.3
07-Oct-1996	590	47.429	-70.332	11.7	-0.4
08-Oct-1996	220	47.536	-70.292	12.2	-1
09-Oct-1996	12	47.46	-70.036	11.4	-0.8
11-Oct-1996	1054	47.497	-70.32	9.1	-0.4
12-Oct-1996	353	47.413	-70.417	5.9	1.1
13-Oct-1996	1108	47.653	-70.214	18	-1.3
13-Oct-1996	1071	47.438	-70.43	5.4	-0.7
14-Oct-1996	1303	47.594	-70.114	23.3	-0.3
17-Oct-1996	1340	47.592	-70.375	8.3	-1
19-Oct-1996	930	47.678	-69.853	14.1	-1
20-Oct-1996	701	47.485	-69.974	12.9	0.9
21-Oct-1996	987	47.426	-70.334	10	-0.2
23-Oct-1996	541	47.504	-70.346	8.5	-0.8
23-Oct-1996	125	47.416	-70.399	6.5	1.7
25-Oct-1996	1122	47.421	-70.386	5.5	1.3
25-Oct-1996	587	47.428	-70.389	4.1	2.2
25-Oct-1996	256	47.816	-69.956	20	1.2
25-Oct-1996	231	47.371	-70.307	7.5	-1
27-Oct-1996	1346	47.386	-70.319	2.5	-0.5
27-Oct-1996	547	47.724	-70.187	5.2	1.8
27-Oct-1996	407	47.55	-70.355	9.9	-1
28-Oct-1996	536	47.419	-70.389	3.9	1.3
01-Nov-1996	273	47.504	-70.053	14.6	-0.9
06-Nov-1996	119	47.765	-70.189	16	-0.6
09-Nov-1996	697	47.491	-70.162	15.8	-0.5
09-Nov-1996	61	47.489	-70.34	6.1	0
10-Nov-1996	37	47.498	-70.044	17.7	-0.6
11-Nov-1996	1340	47.397	-70.345	7.4	-0.8
13-Nov-1996	1263	47.419	-70.439	5	-1
15-Nov-1996	1409	47.599	-70.245	12.3	-0.3
18-Nov-1996	390	47.412	-70.338	9.5	1.1
20-Nov-1996	1260	47.494	-70.022	15.1	-0.3
23-Nov-1996	582	47.31	-70.474	19.9	-0.4
24-Nov-1996	1118	47.5	-70	10	0.6
24-Nov-1996	346	47.5	-70	10	0.4
25-Nov-1996	53	48.16	-69.631	18	1.6
27-Nov-1996	1342	47.46	-70.405	5.5	1
29-Nov-1996	1130	47.556	-70.299	13.1	1.9
29-Nov-1996	799	47.556	-70.248	14.1	-0.5
03-Dec-1996	671	47.63	-69.898	12.6	-0.5
04-Dec-1996	58	47.635	-70.222	10	0.9
05-Dec-1996	1403	47.455	-70.06	11	-0.7
06-Dec-1996	519	47.473	-70.144	11.9	-0.6
08-Dec-1996	939	47.603	-70.303	10	-0.3
08-Dec-1996	386	47.633	-70.259	5.3	-1.2
12-Dec-1996	403	47.496	-69.958	12.7	0.6
13-Dec-1996	1399	47.527	-70.04	24	-0.2
14-Dec-1996	840	47.392	-70.248	10.4	-1.1
18-Dec-1996	1090	47.737	-70.01	13.2	-0.3
20-Dec-1996	96	47.597	-70.169	11.6	-0.8
21-Dec-1996	1092	47.693	-70.115	9.3	-0.6
28-Dec-1996	1220	47.631	-70.105	19.6	0.1
28-Dec-1996	1091	47.824	-69.794	21.4	-0.5
28-Dec-1996	1056	47.804	-69.819	17.7	2.2
28-Dec-1996	1024	47.826	-69.797	21.8	-0.2
30-Dec-1996	166	47.798	-69.812	21.6	-0.2
31-Dec-1996	878	47.427	-70.448	3.7	0.2
02-Jan-1997	26	47.53	-70.429	12.4	-1.1
04-Jan-1997	1193	47.433	-70.439	12.8	-0.9
05-Jan-1997	180	46.926	-70.893	18	1.1
06-Jan-1997	406	47.433	-70.412	14.8	1.4
06-Jan-1997	6	47.487	-70.101	14.9	-0.3
08-Jan-1997	137	47.607	-70.154	12.3	-0.9
10-Jan-1997	1402	47.535	-70.298	9	-1.3
11-Jan-1997	1327	47.384	-70.471	9.7	0.6
12-Jan-1997	323	47.436	-70.091	5.8	-0.7
13-Jan-1997	1291	47.513	-70.22	17.6	1.3
18-Jan-1997	109	47.37	-70.144	18.6	-0.9
20-Jan-1997	1313	47.576	-69.891	15.8	-0.7
22-Jan-1997	717	47.633	-70.183	12.7	0
23-Jan-1997	104	47.424	-70.331	10.8	-0.7
25-Jan-1997	1098	47.691	-70.192	9.2	1.4
25-Jan-1997	1089	47.584	-70.186	5.9	-0.5
26-Jan-1997	1197	47.735	-70.107	11	0.3
26-Jan-1997	898	47.571	-69.965	12.2	-0.3
28-Jan-1997	546	47.423	-70.344	18.2	-0.7
29-Jan-1997	664	47.606	-69.911	13	-0.9
30-Jan-1997	1310	47.53	-70.07	10.4	-0.8
03-Feb-1997	280	47.691	-70.136	6.4	1.9
04-Feb-1997	278	47.414	-70.484	11.7	0.2
11-Feb-1997	734	47.448	-70.377	5	1
12-Feb-1997	341	47.429	-70.417	7.5	-0.2
13-Feb-1997	1219	48.131	-69.294	18	1.9
14-Feb-1997	512	47.554	-70.298	9	-0.3
15-Feb-1997	1347	47.695	-70.284	18	-1.7
16-Feb-1997	670	47.581	-70.101	1.5	-0.6
17-Feb-1997	1187	47.807	-69.771	23.4	1.7
19-Feb-1997	1256	47.809	-69.764	23.9	-1
19-Feb-1997	56	47.486	-70.373	11.3	-0.5
20-Feb-1997	1282	47.334	-70.473	11.8	-0.1
22-Feb-1997	498	47.543	-70.296	8.7	-1.1
25-Feb-1997	639	47.415	-70.228	9	-0.9
26-Feb-1997	1303	47.552	-70.302	10.3	-0.3
02-Mar-1997	244	47.426	-70.012	13.6	1.4
03-Mar-1997	573	47.707	-70.036	7.3	1.3
03-Mar-1997	190	47.303	-70.438	7.4	-0.1
04-Mar-1997	894	47.68	-70.063	11.1	-0.8
09-Mar-1997	415	47.823	-69.795	20.9	-0.7
11-Mar-1997	951	47.633	-70.232	14.2	1.7
20-Mar-1997	954	47.408	-70.374	16.7	-0.1
20-Mar-1997	563	47.215	-70.688	18	1
24-Mar-1997	1097	47.464	-70.055	17.8	-0.6
29-Mar-1997	413	47.79	-69.817	21.8	1.2
01-Apr-1997	723	47.565	-70.002	13.8	1.6
05-Apr-1997	808	47.348	-70.484	13.6	1.8
05-Apr-1997	721	47.499	-69.954	13.3	1.3
09-Apr-1997	164	47.379	-70.465	11.4	2.1
12-Apr-1997	1397	48.17	-71.109	18	0.8
12-Apr-1997	1061	47.419	-70.404	6.3	0.8
12-Apr-1997	986	47.421	-70.406	6.3	0.7
14-Apr-1997	422	47.629	-70.18	17.2	1.9
15-Apr-1997	383	47.826	-69.994	18.6	1
22-Apr-1997	1437	47.611	-70.207	15.1	1
22-Apr-1997	1386	47.683	-70.188	5.2	2.2
22-Apr-1997	660	47.606	-70.216	15.1	2.4
24-Apr-1997	1062	47.564	-70.277	8	-0.9
24-Apr-1997	204	47.583	-69.944	12.6	-0.8
29-Apr-1997	999	47.594	-70.252	15.1	1.4
30-Apr-1997	94	47.637	-70.151	5.9	1.2
07-May-1997	1093	47.677	-70.188	7.4	0.5
07-May-1997	978	47.664	-70.203	13	-0.5
07-May-1997	106	47.627	-70.121	9.2	-1.5
08-May-1997	1340	47.717	-70.071	7.3	1
09-May-1997	546	47.562	-69.997	8.8	1.3
09-May-1997	262	47.648	-69.866	14.6	2
11-May-1997	1183	47.548	-70.259	16	-1.4
19-May-1997	447	47.551	-70.039	10	-1
19-May-1997	143	47.525	-70.038	12	-0.7
21-May-1997	1095	47.447	-70.169	10	1.1
22-May-1997	1329	47.824	-69.802	23.2	-0.7
23-May-1997	1312	47.449	-70.371	3.3	1.3
23-May-1997	571	47.498	-70.377	7	0.7
24-May-1997	1227	47.659	-70.033	22.5	1.3
29-May-1997	15	47.68	-69.797	11.2	1.2
30-May-1997	496	47.6	-70.261	5.2	-0.4
31-May-1997	1026	47.437	-70.138	19.9	1.1
01-Jun-1997	1143	47.625	-70.104	19.7	1.9
03-Jun-1997	881	47.575	-70.075	10.7	0.3
06-Jun-1997	1256	47.555	-70.401	0	0.9
08-Jun-1997	525	47.571	-70.238	5.4	-1.5
18-Jun-1997	1290	47.688	-70.194	5.4	2.8
22-Jun-1997	1111	47.57	-69.893	16	-0.5
10-Jul-1997	598	47.78	-69.898	20.6	1.7
12-Jul-1997	500	47.538	-70.031	6.8	1.5
17-Jul-1997	284	47.765	-69.956	17.3	-0.6
18-Jul-1997	1354	47.673	-69.903	9.4	2
19-Jul-1997	1015	47.726	-69.939	21.1	1.8
19-Jul-1997	817	47.741	-70.121	9.9	1.4
25-Jul-1997	545	48.149	-71.097	22.9	1.7
27-Jul-1997	1167	47.612	-69.943	14.5	1.4
30-Jul-1997	1176	47.571	-70.047	12.4	1.6
01-Aug-1997	90	47.482	-70.025	8.3	-0.4
06-Aug-1997	1354	47.703	-70.116	11.5	1.6
06-Aug-1997	618	47.614	-69.927	10.6	1.2
13-Aug-1997	1404	47.572	-70.289	10.8	1.1
14-Aug-1997	565	47.605	-70.228	5.7	-0.7
17-Aug-1997	54	47.446	-70.023	14.3	1.1
19-Aug-1997	805	47.765	-70.163	14.2	1.3
24-Aug-1997	1079	47.557	-70.06	8.1	1.2
02-Sep-1997	1152	47.43	-70.171	14	1.3
03-Sep-1997	1386	47.534	-69.887	13	2.4
03-Sep-1997	819	47.546	-70.286	10.5	1.2
04-Sep-1997	438	47.537	-69.888	13.5	1.5
09-Sep-1997	1100	47.367	-70.406	7.9	2.5
10-Sep-1997	83	47.556	-70.351	4.7	2
24-Sep-1997	1033	47.749	-69.906	22.8	2.2
24-Sep-1997	845	47.612	-70.279	13.6	1.2
24-Sep-1997	177	47.534	-70.403	9.3	1.3
28-Sep-1997	814	46.919	-71.368	18	2.6
06-Oct-1997	721	47.492	-70.363	6.6	1.1
08-Oct-1997	508	47.436	-70.399	7.7	1.8
17-Oct-1997	560	47.525	-70.37	5	1.8
20-Oct-1997	357	47.736	-70.094	2.3	1
21-Oct-1997	1039	47.402	-70.463	10.1	2.1
23-Oct-1997	840	47.607	-70.218	5.3	0
28-Oct-1997	914	47.668	-69.909	9.4	1.5
28-Oct-1997	705	47.668	-69.906	7.6	3.2
29-Oct-1997	805	47.668	-69.91	8.2	1.3
30-Oct-1997	1065	47.822	-69.811	23.4	1.2
30-Oct-1997	589	47.566	-70.282	10.9	1.5
31-Oct-1997	763	47.769	-69.951	10.4	1.4
31-Oct-1997	619	47.669	-69.911	8.6	-1
04-Nov-1997	106	47.597	-69.963	9.8	-0.4
06-Nov-1997	1213	46.765	-71.367	18	1.8
06-Nov-1997	1132	46.746	-71.377	18	2.2
06-Nov-1997	941	46.778	-71.393	18	2.2
06-Nov-1997	867	46.791	-71.383	18	1.7
06-Nov-1997	802	46.788	-71.419	18	1.8
06-Nov-1997	542	46.787	-71.395	18	2.5
06-Nov-1997	316	46.795	-71.384	18	2.3
06-Nov-1997	233	46.789	-71.388	18	1.6
06-Nov-1997	229	46.775	-71.382	18	1.7
06-Nov-1997	185	46.781	-71.372	24	2.9
06-Nov-1997	175	46.795	-71.404	24	2.8
06-Nov-1997	154	46.801	-71.424	22.5	5.1
07-Nov-1997	692	46.828	-71.383	21.3	2.5
08-Nov-1997	938	46.776	-71.357	24	2
08-Nov-1997	889	46.78	-71.372	22.9	2.9
08-Nov-1997	207	46.792	-71.391	25.3	1.9
09-Nov-1997	74	46.776	-71.418	21.7	1.3
11-Nov-1997	1022	47.413	-70.382	8.6	1.6
12-Nov-1997	905	47.759	-70.049	4.9	1.9
15-Nov-1997	1257	47.437	-70.398	7.7	1.2
17-Nov-1997	355	46.78	-71.42	22	1.2
18-Nov-1997	1365	47.424	-70.432	5.5	2.4
23-Nov-1997	482	47.707	-70.016	17.3	-0.5
29-Nov-1997	1136	47.648	-70.177	16.1	1.3
03-Dec-1997	112	47.832	-69.824	24.6	1.5
07-Dec-1997	898	47.078	-71.026	18	2.2
10-Dec-1997	498	47.473	-69.982	11.1	2.2
19-Dec-1997	313	47.474	-70.351	9.9	-0.3
20-Dec-1997	102	47.44	-69.968	25.5	-0.2
21-Dec-1997	1179	47.416	-70.402	6.4	1.2
23-Dec-1997	1128	47.511	-70.131	4.8	-0.3
25-Dec-1997	1104	47.53	-70.364	4.6	1.2
28-Dec-1997	1191	47.413	-69.536	18	0.1
28-Dec-1997	1187	47.413	-69.536	18	1.9
29-Dec-1997	313	47.423	-70.385	13.9	-0.1
05-Jan-1998	705	47.594	-69.932	12	1
08-Jan-1998	1048	47.41	-70.379	7.4	1.3
10-Jan-1998	111	48.194	-70.908	18	3.6
12-Jan-1998	169	47.664	-69.899	7.9	1.3
13-Jan-1998	792	47.833	-69.957	20.6	1.2
17-Jan-1998	704	47.451	-70.039	11.5	-0.7
19-Jan-1998	1082	47.514	-70.36	3.4	0.8
21-Jan-1998	1389	47.471	-70.216	11	1.5
22-Jan-1998	660	47.001	-70.57	18	1.8
23-Jan-1998	1320	47.527	-70.016	12.4	-0.2
23-Jan-1998	621	47.53	-70.302	10.1	-0.7
25-Jan-1998	1387	47.579	-70.308	11.1	-0.4
29-Jan-1998	1356	47.555	-70.242	10.1	-1.8
29-Jan-1998	932	47.567	-70.458	15.4	1.3
30-Jan-1998	424	47.613	-70.219	13.1	1.2
03-Feb-1998	157	47.429	-70.439	12.8	-0.4
05-Feb-1998	704	47.471	-69.98	8.4	1.2
05-Feb-1998	702	47.47	-69.978	8.7	1.1
05-Feb-1998	438	47.974	-70.644	18	0.9
12-Feb-1998	1096	47.438	-70.391	5.9	-0.3
12-Feb-1998	201	47.425	-70.458	3.9	2.2
13-Feb-1998	253	47.504	-70.364	7.8	1.2
13-Feb-1998	139	47.213	-70.598	26.3	1.1
14-Feb-1998	735	47.479	-70.102	16	1
16-Feb-1998	1031	47.353	-70.398	24.3	1.3
16-Feb-1998	704	47.36	-70.39	25.3	-1.2
16-Feb-1998	506	47.354	-70.387	24.5	1.1
16-Feb-1998	500	47.354	-70.386	23.6	0.9
16-Feb-1998	459	47.352	-70.39	23.2	1.1
16-Feb-1998	404	47.358	-70.389	23.8	1
16-Feb-1998	340	47.358	-70.386	25.3	3
17-Feb-1998	1326	47.535	-70.34	18	-0.3
17-Feb-1998	187	47.36	-70.39	25.3	-1.4
17-Feb-1998	183	47.368	-70.402	7.1	2.2
19-Feb-1998	1373	47.369	-70.395	5.5	1.7
19-Feb-1998	352	47.58	-70.321	10	-0.4
20-Feb-1998	300	47.359	-70.384	24.9	1.8
21-Feb-1998	85	47.538	-70.357	10	-1.2
25-Feb-1998	1026	48.259	-69.398	18	2.5
28-Feb-1998	926	47.618	-70.132	12.8	1.2
28-Feb-1998	137	47.534	-69.977	10.1	-0.4
05-Mar-1998	1414	47.446	-70.113	15.5	-0.5
05-Mar-1998	189	47.503	-70.397	2.2	2.1
07-Mar-1998	693	47.497	-70.392	1.2	1.2
08-Mar-1998	1030	47.483	-70.188	12.9	-0.4
09-Mar-1998	339	47.641	-69.957	17.1	1.3
10-Mar-1998	808	47.678	-69.909	10.4	1
13-Mar-1998	724	48.21	-69.302	18	1.9
13-Mar-1998	720	48.204	-69.29	18	1.9
15-Mar-1998	102	47.357	-70.332	13.5	0.9
22-Mar-1998	342	47.264	-70.283	11	1.5
24-Mar-1998	642	47.464	-69.988	11.1	-0.5
27-Mar-1998	1249	47.428	-70.198	14.4	-0.1
29-Mar-1998	725	47.46	-70.058	12.4	-0.2
30-Mar-1998	305	47.539	-70.296	11.1	-0.3
03-Apr-1998	1149	47.768	-69.869	23.6	1.2
03-Apr-1998	967	47.475	-70.145	20.6	1.2
05-Apr-1998	572	47.441	-70.432	14.6	1.3
12-Apr-1998	833	47.414	-70.418	2	1.1
12-Apr-1998	91	47.528	-70.384	2.2	1.1
13-Apr-1998	339	47.273	-70.45	14.3	0.8
17-Apr-1998	200	47.544	-70.259	13.1	0
19-Apr-1998	1143	47.54	-70.28	13.7	1.4
28-Apr-1998	465	47.399	-70.188	15.5	0.9
29-Apr-1998	1063	47.465	-70.112	10.6	1.2
01-May-1998	694	47.413	-70.382	14.7	1.5
01-May-1998	539	47.382	-70.483	9	0.9
02-May-1998	230	47.296	-70.558	18	0.1
03-May-1998	1273	47.441	-70.402	18	-0.4
03-May-1998	1041	47.561	-70.332	18	-0.7
03-May-1998	464	47.612	-70.238	5.8	-0.4
08-May-1998	913	47.5	-69.936	14.8	-0.2
08-May-1998	558	47.638	-70.202	11.8	1.3
08-May-1998	356	47.436	-70.339	10	-0.8
09-May-1998	44	47.422	-70.227	7.6	-0.7
11-May-1998	277	47.458	-70.429	8.2	1.7
14-May-1998	370	47.501	-70.074	7.7	-0.7
19-May-1998	818	47.544	-69.994	11	2
19-May-1998	76	47.347	-70.382	6.8	2.4
29-May-1998	1306	47.409	-70.481	9.1	1.3
29-May-1998	10	47.596	-69.939	11.7	-0.3
30-May-1998	594	47.624	-70.213	18	-0.2
31-May-1998	150	47.666	-69.972	23.4	-0.7
02-Jun-1998	1077	47.432	-70.42	11.2	1.4
04-Jun-1998	134	47.632	-70.274	16.9	-0.5
07-Jun-1998	712	46.58	-69.282	18	1.9
15-Jun-1998	531	47.756	-70.134	8.3	-0.7
16-Jun-1998	573	47.488	-69.977	13	2
20-Jun-1998	784	47.611	-69.918	12.6	1.2
23-Jun-1998	1059	47.73	-69.922	24	2.2
03-Jul-1998	1433	47.182	-70.728	18	1.5
07-Jul-1998	241	47.426	-70.05	11.2	-0.2
14-Jul-1998	920	47.452	-70.179	13.8	-0.3
16-Jul-1998	1176	47.667	-70.155	8.4	1.5
18-Jul-1998	1331	47.458	-70.162	24.8	-0.4
19-Jul-1998	501	46.885	-70.865	18	1.8
21-Jul-1998	1036	47.703	-70.096	6	1.6
21-Jul-1998	606	47.706	-70.101	5.8	1.4
26-Jul-1998	633	47.645	-70.173	9.4	0.9
26-Jul-1998	237	47.429	-70.429	4.4	-0.1
30-Jul-1998	1339	47.395	-70.379	19.9	1.4
31-Jul-1998	1308	47.317	-70.428	7.8	2
01-Aug-1998	1337	47.457	-70.408	4	1.8
02-Aug-1998	256	47.448	-70.442	4	1.1
06-Aug-1998	169	47.443	-70.068	13.8	1.2
06-Aug-1998	144	47.707	-70.09	12.1	-0.2
08-Aug-1998	923	47.723	-70.055	18	1.2
08-Aug-1998	112	47.692	-70.093	6.4	1.7
09-Aug-1998	962	47.28	-70.59	18	1.7
13-Aug-1998	1323	47.511	-70.023	13.8	1.1
13-Aug-1998	616	47.402	-70.312	11.8	-0.8
15-Aug-1998	284	47.245	-70.466	7.8	-0.5
19-Aug-1998	961	47.413	-70.376	16.7	-0.2
19-Aug-1998	768	47.596	-70.191	0	1.6
22-Aug-1998	1146	47.736	-69.906	21.2	-0.5
22-Aug-1998	764	47.672	-69.806	10.9	-0.8
22-Aug-1998	348	47.463	-70.001	11.7	-0.9
24-Aug-1998	66	47.754	-70.185	3.2	1.4
25-Aug-1998	1062	47.508	-69.975	13.3	-0.3
25-Aug-1998	768	47.46	-70.151	16.6	-0.4
29-Aug-1998	1116	47.42	-70.433	5.5	2.1
30-Aug-1998	669	47.449	-70.355	7.8	0.9
31-Aug-1998	251	47.529	-70.368	8.4	-0.7
02-Sep-1998	444	48.192	-69.294	18	1.8
02-Sep-1998	415	48.173	-69.286	18	2.2
05-Sep-1998	1402	48.258	-69.666	18	1.5
06-Sep-1998	810	47.398	-70.518	0	1.7
14-Sep-1998	311	47.615	-70.205	13.2	1.2
15-Sep-1998	470	47.329	-70.404	5.6	1.9
21-Sep-1998	897	47.231	-70.474	11.8	1.8
21-Sep-1998	747	47.587	-70.224	4.9	-0.5
22-Sep-1998	1281	47.733	-70.036	5.8	2.2
28-Sep-1998	962	47.52	-69.967	11.9	-0.7
30-Sep-1998	522	47.562	-70.39	9.5	0.7
04-Oct-1998	1312	47.686	-69.869	12.6	1.1
04-Oct-1998	1268	47.39	-70.443	11	1.9
04-Oct-1998	900	47.495	-70.099	21.7	1
08-Oct-1998	169	47.431	-70.097	18	-0.2
13-Oct-1998	786	47.727	-69.846	11.8	1.3
14-Oct-1998	659	47.452	-70.387	11.3	1
17-Oct-1998	970	47.678	-70.195	10	-0.7
17-Oct-1998	821	47.597	-70.291	18	-0.9
21-Oct-1998	464	47.558	-70.284	9.8	2.6
26-Oct-1998	1184	47.577	-70.239	6.4	0.8
05-Nov-1998	279	47.109	-70.967	18	1.6
12-Nov-1998	119	47.52	-70.3	18	-0.6
15-Nov-1998	432	47.606	-70.233	11.3	0.7
15-Nov-1998	164	47.581	-70.236	3	-0.6
17-Nov-1998	19	47.414	-70.331	10.8	1.3
20-Nov-1998	1378	47.649	-70.158	8.7	1
20-Nov-1998	808	47.646	-70.354	18	1.4
22-Nov-1998	772	47.557	-70.314	10.9	-1
22-Nov-1998	771	47.557	-70.314	10.9	-1.5
28-Nov-1998	796	47.128	-70.416	18	1.1
28-Nov-1998	510	47.387	-70.342	10.6	-0.6
29-Nov-1998	583	47.569	-70.264	7.1	-0.7
30-Nov-1998	1084	47.53	-69.881	14	-0.2
30-Nov-1998	477	47.556	-70.25	14.6	-0.6
30-Nov-1998	459	47.548	-70.085	19.3	-0.9
04-Dec-1998	541	47.483	-70.37	16.9	-0.7
09-Dec-1998	852	47.582	-69.993	8.5	-0.4
20-Dec-1998	723	47.68	-70.183	4.5	1.6
20-Dec-1998	423	47.536	-70.379	5.6	-0.9
22-Dec-1998	1404	47.628	-70.19	11.5	-0.6
23-Dec-1998	1164	47.575	-69.987	18	-0.4
23-Dec-1998	989	47.532	-70.342	18	-1.1
24-Dec-1998	1396	47.543	-70.293	18	-0.8
25-Dec-1998	1006	47.35	-70.306	9.7	2.4
27-Dec-1998	1025	47.569	-70.29	9	-0.3
28-Dec-1998	1140	47.597	-70.183	10	-0.8
30-Dec-1998	221	47.694	-70.068	9.2	0
05-Jan-1999	1013	47.484	-70.08	13.6	-0.5
08-Jan-1999	661	47.428	-69.998	13.9	-0.3
10-Jan-1999	129	47.478	-70.095	12.5	-1
12-Jan-1999	1376	47.435	-70.411	6.3	-0.2
15-Jan-1999	586	47.441	-70.404	6.2	-0.6
16-Jan-1999	366	47.425	-70.236	13.5	1.2
16-Jan-1999	316	47.612	-70.246	6.5	1.4
18-Jan-1999	653	47.409	-70.049	11	-0.7
23-Jan-1999	1029	47.613	-70.232	5.8	-1
25-Jan-1999	342	47.393	-70.389	13.1	1.8
31-Jan-1999	1009	47.708	-69.805	10.8	-1.1
31-Jan-1999	8	46.914	-70.155	18	1.2
02-Feb-1999	278	47.35	-70.445	13	1.6
03-Feb-1999	625	47.637	-70.177	14.9	-0.4
12-Feb-1999	1432	47.466	-70.061	16.4	-0.8
12-Feb-1999	1142	47.525	-70.517	16.2	0.9
12-Feb-1999	768	47.168	-70.886	18	1.4
12-Feb-1999	764	47.151	-70.893	18	2
14-Feb-1999	1334	47.525	-70.031	14.9	-0.6
16-Feb-1999	446	47.554	-70.237	9.6	-0.5
18-Feb-1999	1257	47.446	-70.065	7.8	-0.3
18-Feb-1999	656	47.487	-70.36	18	-0.9
18-Feb-1999	321	47.502	-69.963	12.6	1
19-Feb-1999	1040	47.349	-70.31	9.9	1.6
19-Feb-1999	125	47.705	-70.078	13.3	1.2
20-Feb-1999	386	47.439	-70.41	7.2	-0.4
23-Feb-1999	70	48.018	-70.674	18	2.7
24-Feb-1999	1410	47.606	-70.253	18	-0.8
27-Feb-1999	0	47.19	-70.282	5.7	1.6
01-Mar-1999	1236	47.462	-70.384	5	0
03-Mar-1999	303	46.878	-71.26	18	1.8
05-Mar-1999	1167	47.283	-70.279	20.5	1.2
07-Mar-1999	1191	47.596	-70.208	13.7	-0.6
07-Mar-1999	62	48.329	-69.507	18	1.1
08-Mar-1999	518	47.346	-70.378	6.7	0.9
09-Mar-1999	295	47.453	-70.125	10.1	-0.8
14-Mar-1999	14	47.28	-70.423	7.8	0.9
22-Mar-1999	184	47.419	-70.391	20.3	0.8
23-Mar-1999	1358	47.484	-69.976	11.9	-0.5
24-Mar-1999	788	47.399	-70.231	8.7	0.7
24-Mar-1999	251	47.696	-70.09	9.1	0.5
25-Mar-1999	676	47.412	-70.446	18	0
08-Apr-1999	1331	47.401	-70.504	10.2	1.5
10-Apr-1999	188	47.499	-70.078	10.7	-0.6
11-Apr-1999	46	47.718	-70.254	18	1
18-Apr-1999	1221	47.436	-70.469	9.2	2.5
22-Apr-1999	1161	47.127	-70.484	18	1.4
24-Apr-1999	261	47.489	-70.079	14	-0.6
03-May-1999	834	47.587	-70.272	4.6	1.6
05-May-1999	1112	47.317	-70.384	11.6	1.3
06-May-1999	129	47.52	-70.293	10.9	1
12-May-1999	1027	47.57	-70.513	18	-0.2
14-May-1999	1275	47.637	-70.224	10	1.4
14-May-1999	564	47.407	-70.481	11.2	1.7
16-May-1999	22	47.659	-70.228	7.9	2.1
23-May-1999	11	47.355	-70.002	23.5	1.2
28-May-1999	650	47.55	-70.076	15.3	1.4
29-May-1999	150	47.548	-70.356	4.2	1
03-Jun-1999	489	47.042	-70.664	18	1.5
05-Jun-1999	1349	47.718	-69.854	12.4	0
06-Jun-1999	603	47.484	-70.409	5.6	-0.1
07-Jun-1999	245	47.424	-70.095	6.3	-0.1
08-Jun-1999	384	47.366	-70.339	9.7	1.2
10-Jun-1999	162	47.447	-70.385	7	1
11-Jun-1999	222	47.791	-69.821	18.4	-0.2
15-Jun-1999	1124	47.396	-70.466	16.5	0
16-Jun-1999	1254	47.398	-70.468	18	0.4
18-Jun-1999	1056	47.544	-70.261	6.2	-0.5
19-Jun-1999	811	47.372	-70.298	10.3	-0.2
19-Jun-1999	324	47.524	-70.359	11.2	-0.5
23-Jun-1999	1018	47.694	-70.1	10.4	0.2
23-Jun-1999	17	47.56	-70.312	10.4	-0.4
26-Jun-1999	174	47.73	-70.052	4.5	1.7
27-Jun-1999	848	47.511	-70.365	6	0.4
30-Jun-1999	903	47.363	-70.389	18	0.3
01-Jul-1999	42	47.48	-70.21	12.6	-0.2
03-Jul-1999	797	47.037	-70.945	18	1.8
04-Jul-1999	1363	47.49	-70.151	20.4	-0.8
05-Jul-1999	358	47.576	-70.248	1.2	-0.2
12-Jul-1999	700	47.383	-70.457	18	0.8
16-Jul-1999	1334	47.736	-70.213	7.8	0.2
18-Jul-1999	147	47.486	-70.4	4.7	1.1
21-Jul-1999	578	47.597	-69.998	0.6	1.7
30-Jul-1999	868	47.671	-69.912	8.5	-0.2
30-Jul-1999	152	47.644	-69.891	12	0
01-Aug-1999	71	47.6	-70.238	12	-0.3
02-Aug-1999	168	47.583	-69.983	8.7	-0.3
13-Aug-1999	303	47.448	-70.02	11.4	2.1
15-Aug-1999	1138	47.406	-70.384	9.2	-0.6
19-Aug-1999	1197	47.725	-70.119	7.3	-0.3
21-Aug-1999	24	47.596	-70.272	6.3	1.3
24-Aug-1999	440	47.623	-70.232	9.1	1.3
01-Sep-1999	1022	47.587	-70.248	6.4	-0.4
02-Sep-1999	1080	47.466	-70.402	7.7	1.5
04-Sep-1999	971	47.395	-70.19	8.5	-0.9
05-Sep-1999	1403	47.498	-70.088	14.6	0.1
08-Sep-1999	898	47.435	-70.213	12.6	1.3
11-Sep-1999	127	47.625	-70.162	6.9	0
17-Sep-1999	479	47.618	-70.16	9.2	-1
18-Sep-1999	969	47.515	-70.036	12.2	2.7
19-Sep-1999	127	47.482	-70.433	11.2	0.7
21-Sep-1999	249	48.195	-69.467	18	1.8
21-Sep-1999	28	47.5	-70.221	10.9	-0.4
28-Sep-1999	184	47.509	-70.023	15.1	-0.5
02-Oct-1999	1075	47.694	-70.074	5.3	1.4
05-Oct-1999	119	47.34	-70.371	7.7	1.3
13-Oct-1999	694	47.626	-70.293	11.8	1
15-Oct-1999	853	47.41	-70.451	5.3	1.8
15-Oct-1999	472	47.481	-70.376	2.6	1.2
17-Oct-1999	990	47.466	-70.03	17.1	1.2
20-Oct-1999	321	47.766	-70.105	18	-1
21-Oct-1999	628	47.629	-69.898	14.4	0.1
21-Oct-1999	135	47.42	-70.333	10.6	-0.5
23-Oct-1999	5	47.591	-70.237	12.6	-0.2
24-Oct-1999	608	47.706	-69.804	10.7	1.3
31-Oct-1999	380	47.415	-70.451	9	1.7
05-Nov-1999	392	47.467	-69.99	12.8	0.5
08-Nov-1999	85	47.599	-70.229	6.1	-0.2
15-Nov-1999	11	47.631	-70.24	13.5	-0.3
20-Nov-1999	1057	47.408	-70.152	9.6	1
20-Nov-1999	869	47.504	-70.042	12.1	0.5
20-Nov-1999	287	47.428	-70.449	3	1.5
22-Nov-1999	1108	47.839	-69.972	20.4	1.3
25-Nov-1999	1372	47.615	-70.149	13.7	1.8
27-Nov-1999	397	47.437	-70.151	14.5	-0.3
28-Nov-1999	519	47.482	-70.363	6.5	2
28-Nov-1999	346	47.6	-69.984	10.8	-0.9
30-Nov-1999	662	47.452	-70.029	14.3	-0.5
30-Nov-1999	333	47.44	-70.162	23	0.2
09-Dec-1999	449	47.582	-70.214	7.6	1.4
10-Dec-1999	1325	47.547	-70.063	10.2	1.5
10-Dec-1999	144	47.441	-70.106	7.8	2.1
11-Dec-1999	1326	47.757	-69.503	10	0.8
13-Dec-1999	624	47.591	-69.978	9.7	0.1
14-Dec-1999	750	47.797	-69.951	17.1	1.7
15-Dec-1999	820	47.494	-70.403	18	-0.4
20-Dec-1999	699	47.386	-70.254	13.4	1.9
23-Dec-1999	576	47.683	-69.809	20.7	1.8
27-Dec-1999	249	47.468	-70.126	19.7	1.3
27-Dec-1999	122	47.619	-70.231	13.7	0.9
31-Dec-1999	63	47.576	-70.331	6.7	-0.1
