    43.52780     41.16102     -9.69936
    28.78920     42.20030     -7.79720
    39.09470     36.69140     -8.59910
    39.33701     32.37408     -8.74774
    40.11973     32.32213    -14.22796
    43.52786     41.16106     -9.69952
    55.82150     57.28757     -9.82909
    33.30580     17.84170    -15.31120
    52.60249     41.26700    -13.96512
    40.41127     32.72496    -14.67059
    37.71450     27.26970     -8.92110
    43.69151     36.36326     -8.30216
    41.91831     29.16167     -7.69653
    41.49530     50.84940    -19.94120
    42.51180     40.97500    -13.80150
    51.81275     40.20795    -12.32767
    35.83890     21.28830    -22.06900
    53.36525     43.90334    -13.94325
    31.42610     37.57310    -15.99920
    50.62280     64.47660    -16.25290
    19.53930     28.14290     -8.12240
    46.66219     39.58219    -14.26982
    42.06921     37.17520    -11.33812
    49.00420     42.72730    -15.12510
    40.37574     55.17632    -10.03498
    33.85020     20.85440    -17.85220
    40.37555     55.17635    -10.03533
    19.53930     28.14290     -8.12240
    42.59050     28.68095    -11.30124
    22.41520     22.65730     -9.38360
    39.49305     27.73295    -14.62363
    26.56005     20.75303    -12.18367
    35.30936     36.94978    -14.41857
    35.30959     36.94990    -14.41875
    38.07680     31.82080    -14.85930
    33.05725     46.21286     -9.40323
    42.61540     39.20370    -12.64280
    49.09035     41.69788    -10.53758
    25.44910     20.89684    -10.32309
    53.40098     50.12682    -11.84226
    39.66380     39.17040     -8.58565
    32.26050     23.49600     -7.53170
    33.05711     46.21268     -9.40416
    41.85980     27.46685     -8.30605
    40.86747     27.33781     -8.05090
    47.52370     36.89560    -10.84190
    56.20380     62.35240    -17.98270
    42.24585     39.75414     -9.86710
    28.37070     40.67040    -13.65690
    48.31980     40.05247    -10.69436
    26.31770     38.56500    -12.74050
    34.88110     31.81330    -15.48400
    30.24739     19.45457    -12.68566
    31.37923     43.73590     -9.54624
    49.61920     48.86400     -8.04130
    39.20535     31.52769    -14.60840
    34.02055     20.85015    -11.82779
    34.93250     18.55510     -9.84340
    46.50560     40.92520    -10.37440
    25.44910     20.89686    -10.32311
    40.14815     28.65865     -8.30545
    40.14815     28.65865     -8.30545
    28.55040     22.23620    -13.10380
    43.92220     52.07090    -24.33980
    32.46250     22.66190    -12.75660
    20.07085     22.55130     -9.77514
    49.59680     37.17130     -8.03180
    48.31980     40.05247    -10.69437
    30.44380     29.95390     -7.83580
    43.52785     41.16105     -9.69947
    44.85030     47.70500     -5.77110
    57.31856     65.58676    -23.57952
    42.70172     34.74817    -11.92587
    34.92636     36.01137    -17.26195
    42.67205     30.32806     -8.02374
    42.67204     30.32801     -8.02378
    37.74590     26.71980    -18.65540
    40.37840     31.45620    -12.25050
    52.01919     47.95374    -10.49969
    63.40510     57.52930    -24.39110
    52.25920     46.10750     -8.11370
    41.30010     36.23470    -22.85650
    50.36925     37.65060    -12.60825
    36.58307     24.37235     -8.96479
    42.35348     33.67825    -12.22741
    42.35402     33.67895    -12.22625
    46.03621     43.24440     -7.51133
    35.58291     27.93426    -11.77987
    51.80630     41.86690    -12.68771
    55.32970     50.29490    -13.58700
    32.36700     22.73850     -9.41360
    41.91020     56.49160    -10.16880
    55.63266     64.45699    -22.35704
    55.63266     64.45701    -22.35702
    55.63266     64.45701    -22.35702
    21.32014     23.72294    -10.88481
    36.53060     30.71140    -12.32960
    55.63266     64.45700    -22.35702
    33.30460     20.18143    -12.79827
    33.30460     20.18144    -12.79827
    33.30460     20.18143    -12.79827
    53.74620     49.22670    -11.74510
    50.59790     64.47784    -23.91900
    38.46590     36.20860     -7.86160
    30.65410     37.20860    -13.55440
    45.45240     34.36470     -9.65390
    42.62538     37.81039     -7.08393
    42.57443     28.64729    -11.45809
    37.76880     28.98520    -14.37940
    25.26470     35.40590     -8.72060
    57.31855     65.58677    -23.57947
    18.84880     25.10670     -7.24980
    24.24019     33.24880    -13.86580
    39.18560     26.66160    -12.13460
    55.82150     57.28757     -9.82907
    18.74560     28.38570     -6.94130
    55.82150     57.28758     -9.82907
    55.82150     57.28758     -9.82907
    52.44921     51.55798     -9.74998
    47.70320     45.95270    -14.10210
    40.30973     33.38449    -11.23536
    32.73970     25.93380    -17.92810
    36.69737     48.02453     -9.76207
    33.55111     38.16496    -17.83429
    21.32606     23.73145    -10.89412
    51.38712     44.98125    -11.22679
    20.06460     22.85260     -7.47730
    45.92040     43.20189     -7.52955
    29.03240     25.43170    -13.00510
    32.90660     31.78430     -6.87190
    26.56011     20.75306    -12.18353
    29.45460     41.52220    -10.40850
    50.39909     40.49150    -11.94904
    30.26400     41.81480     -9.64650
    48.79859     35.54792    -11.75861
    32.63038     45.13327    -13.61280
    59.83550     52.32698    -10.31276
    34.02055     20.85015    -11.82781
    31.37230     43.77000     -9.54645
    46.20570     32.72890    -11.25580
    50.52410     45.71835    -11.12407
    52.60248     41.26698    -13.96512
    33.95680     26.32740    -20.44486
    57.78140     45.95380    -19.94950
    58.41295     47.54111    -11.12661
    53.06875     51.52951     -7.41661
    18.67370     24.49300    -17.50850
    42.63518     37.79967     -7.13433
    32.58410     28.10750    -21.45320
    37.33948     32.57019    -11.45525
    34.17950     22.68200    -16.91630
    43.25650     34.51280     -9.97920
    53.06891     51.52964     -7.41652
    31.43276     43.65847     -9.51082
    42.09471     28.83398     -7.79502
    48.21850     44.87510    -16.80700
    33.55091     44.60928    -12.39936
    17.96460     27.93040     -7.57048
    36.89860     25.25720     -9.77340
    36.09120     31.10600    -21.94950
    42.24462     42.06217     -9.20815
    45.20252     42.93424     -7.64261
    51.48993     49.75192     -9.88052
    34.83690     45.78289     -9.19505
    53.32421     54.76912     -8.02649
    42.40646     26.54354     -9.23204
    50.36925     37.65060    -12.60825
    31.36188     43.78761     -9.55295
    33.31830     15.36970    -29.73350
    34.83693     45.78291     -9.19508
    39.27300     33.66610    -10.49120
    49.31240     57.36660    -24.91240
    35.35862     20.11317    -13.69853
    35.35865     20.11311    -13.69856
    39.18971     29.27320     -9.74095
    43.71230     42.22020    -10.05090
    39.91561     28.22254     -6.74982
    38.50660     34.28780    -14.59280
    48.13980     62.62900    -16.83150
    29.77360     43.37425    -13.04188
    43.41402     28.18185     -9.84910
    43.79335     35.23043    -13.94109
    25.60840     22.64295    -13.36746
    58.02680     56.46750    -10.19170
    41.92380     46.97900    -10.85520
    56.69980     52.80560     -9.72560
    42.68962     30.43502     -7.94351
    50.61060     56.88200    -25.28210
    45.73895     42.08885     -7.66979
    21.28390     23.67090    -10.82787
    33.59720     24.69260     -9.42220
    31.45530     35.89290    -12.17470
    41.97144     29.06274     -7.72639
    52.44918     51.55803     -9.74991
    36.71305     34.25586    -12.09360
    40.78049     54.33600     -8.58469
    23.36830     32.83080    -13.76790
    33.77210     36.87920    -15.91220
    20.96570     25.33730    -10.77470
    39.73131     54.15835    -10.51649
    37.70369     49.41114    -13.16846
    35.70460     28.08408    -12.56119
    48.89590     49.17800     -6.85120
    35.36229     36.97956    -14.45919
    25.56560     24.15150    -16.35860
    45.20165     42.93375     -7.64283
    31.18540     46.23060    -15.59000
    19.58385     27.42150    -14.39125
    46.46720     44.59930    -16.69510
    38.66770     30.50110    -14.48330
    23.59260     34.84070    -14.41390
    30.94220     23.06340    -14.43650
    35.86460     50.13430     -8.09360
    46.76820     37.76060    -12.27300
    51.51863     45.12252    -11.26142
    56.08769     65.61336    -22.66295
    33.16640     41.19940     -6.84530
    31.68130     13.26550    -28.55530
    42.43180     32.52240     -7.41580
    36.90690     24.60850    -16.54050
    31.66595     21.75290    -11.38985
    23.14941     37.08665     -9.32729
    47.58974     37.77203     -9.63426
    34.53310     31.05616    -10.45259
    55.90230     62.32160    -24.12560
    26.52510     20.73969    -12.25056
    26.74790     20.87526    -11.64874
    42.59205     28.68389    -11.28732
    40.78051     54.33600     -8.58471
    34.83691     45.78291     -9.19506
    44.75430     36.00940    -12.21760
    26.67570     23.94420    -17.96450
    33.55112     38.16496    -17.83427
    37.94370     29.57725     -8.72509
    30.78750     42.64885     -9.60571
    46.23380     38.35080    -14.62660
    24.24021     33.24880    -13.86580
    42.57457     28.64731    -11.45774
    37.90825     41.26975    -18.39854
    52.01920     47.95374    -10.49970
    34.26211     48.33160    -11.42757
    31.13532     42.58922    -13.53930
    41.41930     36.94940     -7.92720
    17.06623     27.42286     -5.46592
    43.79327     35.23042    -13.94102
    49.74586     36.85889    -12.31786
    49.74585     36.85888    -12.31785
    35.00851     36.78059    -14.18753
    31.45920     45.83530    -14.20260
    36.05690     31.93960    -12.23170
    35.35866     20.11310    -13.69855
    41.73940     31.51360    -13.10320
    46.33920     54.49780     -6.72030
    49.49337     45.78276    -10.39579
    45.07280     38.72260     -7.24850
    40.71210     29.26760    -14.61570
    35.35867     20.11311    -13.69849
    17.98492     26.06363     -6.14647
    60.87450     54.62135    -24.10429
    35.35866     20.11308    -13.69856
    33.05701     46.21287     -9.40320
    27.21540     11.38560     -5.57460
    21.58518     22.68922    -11.48124
    21.58519     22.68920    -11.48117
    45.52021     43.05263     -7.59258
    42.24465     42.06211     -9.20821
    35.35868     20.11307    -13.69854
    31.37305     43.76931     -9.54591
    17.86890     33.31230     -3.54400
    29.28827     33.61596    -11.60019
    34.27820     23.30980    -10.11930
    46.91680     37.05580     -7.52600
    39.40695     53.41590    -11.58526
    51.33979     44.93055    -11.21403
    53.40105     50.12695    -11.84233
    34.43110     43.09450    -20.58980
    22.03117     25.95604    -11.71337
    27.03911     38.67275    -12.24601
    20.07085     22.55130     -9.77516
    36.27729     25.57643     -8.46859
    27.38862     38.81198    -12.01677
    36.27724     25.57638     -8.46861
    29.59280     44.43680    -13.51140
    41.55989     30.76965    -14.76950
    33.05648     46.21318     -9.40174
    35.35862     20.11314    -13.69857
    42.24585     39.75408     -9.86708
    39.73133     54.15835    -10.51658
    58.41295     47.54109    -11.12659
    20.78460     29.74560     -9.72620
    43.24610     44.68840    -18.05850
    56.67740     60.55160     -9.56270
    43.04610     32.84234    -13.67749
    50.83558     40.79180    -12.12299
    40.80250     34.22312    -10.29481
    23.84950     21.80500    -18.29680
    50.15874     43.72227    -10.67342
    33.24311     32.65475     -7.69534
    35.37246     20.09861    -13.68346
    37.04391     27.16405    -22.02834
    35.85940     46.71233     -9.35915
    37.25860     26.01720     -9.38420
    40.86757     27.33771     -8.05073
    41.79730     32.87170     -6.98840
    31.45258     34.22655    -16.14318
    42.06924     37.17531    -11.33798
    54.65640     49.97921    -13.53229
    26.56103     20.75363    -12.18098
    49.47780     46.84670     -7.65100
    30.98020     30.79970    -11.61570
    26.50996     20.73055    -12.29094
    53.06879     51.52947     -7.41664
    45.29010     42.96704     -7.62877
    28.35230     25.00350    -14.08856
    37.08391     30.71460    -18.53324
    33.66425     26.68600     -8.82134
    30.84520     37.29310    -22.59600
    18.32047     31.36833     -8.71543
    40.54860     38.45990    -19.46670
    26.63827     38.59086    -12.53164
    36.07480     27.07360    -21.39060
    51.07732     40.99419    -12.19620
    30.13360     42.60420     -4.39510
    49.26380     42.70740    -13.37530
    41.36640     29.40253    -16.77071
    23.70370     37.25600     -7.08850
    45.26319     46.33176    -26.61549
    40.71825     31.38740     -7.66555
    54.87141     47.02025    -13.75204
    42.57462     28.64742    -11.45727
    59.83553     52.32701    -10.31288
    26.49494     20.72139    -12.33173
    36.68333     29.53330     -9.29800
    33.53690     47.00590    -14.03660
    44.09870     36.57199    -12.42014
    49.74585     36.85889    -12.31784
    26.49516     20.72152    -12.33112
    52.05830     52.08280    -12.49850
    46.03658     43.24393     -7.51198
    51.85181     52.44112     -7.95437
    51.86302     52.43873     -7.87009
    42.63516     37.79963     -7.13428
    51.26340     51.00244     -7.37895
    41.37620     26.79190    -13.86710
    51.86300     52.43873     -7.87014
    42.63518     37.79964     -7.13439
    45.47530     58.13070    -13.98000
    51.81275     40.20795    -12.32763
    39.66380     39.17040     -8.58565
    51.07440     64.27430    -26.02480
    45.68870     59.75300     -9.77230
    23.14940     37.08664     -9.32727
    33.66425     26.68600     -8.82136
    43.59060     41.33300    -13.38000
    48.00910     42.82540    -15.32550
    40.86751     27.33794     -8.05046
    50.70502     42.90931    -11.39534
    46.53930     48.89540    -29.01360
    51.22543     38.93520    -13.14367
    42.09453     28.83437     -7.79489
    34.53310     31.05616    -10.45256
    34.39270     46.57750    -10.45350
    41.93275     54.28081    -10.55116
    41.99400     25.30230    -10.42310
    26.76010     18.81160     -7.32450
    35.57720     29.23169    -10.18429
    57.67480     47.79070    -16.97680
    33.95679     26.32740    -20.44488
    39.61860     26.99760     -5.94330
    28.66000     27.01520    -12.69600
    22.88430     22.91870    -12.47076
    17.48375     26.19805     -8.60880
    49.09034     41.69826    -10.53740
    42.09576     37.26312    -11.22641
    51.66160     51.57890     -5.51110
    34.53310     31.05616    -10.45257
    25.31040     35.08090     -6.68600
    27.40665     38.83008    -12.02429
    32.45092     24.86527    -10.77924
    54.86480     59.73460     -8.00220
    29.32175     20.42540    -13.19609
    50.52339     40.57766    -11.99816
    29.78310     42.14760     -6.74570
    59.01260     51.52240     -8.65790
    50.70795     42.90344    -11.40049
    51.86299     52.43870     -7.87032
    51.85620     52.44045     -7.91939
    42.63068     37.80599     -7.11210
    32.68920     27.41650    -10.43760
    41.06950     48.15990    -22.65070
    51.86304     52.43872     -7.86992
    51.87112     52.43710     -7.80774
    26.77149     38.60942    -12.44385
    56.15560     63.33370    -20.96360
    43.79335     35.23045    -13.94107
    32.50790     42.61110    -11.27794
    45.90210     59.31936    -16.49405
    40.73140     30.00080     -6.62840
    28.72240     33.36090    -21.77620
    34.26209     48.33160    -11.42758
    21.24860     23.62020    -10.77247
    26.77680     26.24690     -8.44700
    38.43990     52.98980    -10.40000
    38.39795     31.46040     -7.61075
    37.70367     49.41119    -13.16877
    54.61300     43.71910    -15.58420
    35.97220     35.29770     -7.24670
    48.74362     48.21519    -15.21235
    35.36010     36.97832    -14.45753
    28.98721     39.64765    -11.24101
    36.55730     20.97570    -22.42480
    51.78648     52.45329     -8.46239
    41.93488     29.05361     -7.76982
    50.92667     40.86096    -12.15513
    42.48480     32.09160    -14.74700
    57.31857     65.58676    -23.57953
    29.98150     19.03190    -22.11260
    39.93560     36.78020    -12.50270
    26.80497     38.47399     -9.85529
    42.56000     53.62470    -10.79050
    35.70473     28.08333    -12.56072
    35.35866     20.11310    -13.69855
    29.32176     20.42542    -13.19606
    42.73020     57.07150    -10.18100
    19.91424     23.62081     -9.35138
    35.38936     20.08015    -13.66569
    23.80010     35.67085    -11.88790
    42.48891     28.46740    -12.29554
    59.45470     56.11050    -10.11790
    23.52800     19.46980    -17.71530
    40.90396     38.50175     -9.39804
    52.66160     43.12515    -13.25379
    19.91454     23.62089     -9.35141
    48.74357     48.21513    -15.21214
    36.34840     28.48200     -9.93870
    48.18280     45.75510     -8.67390
    32.96240     26.56410    -20.26920
    49.49339     45.78288    -10.39598
    31.87280     20.59970    -17.55220
    41.84140     25.26080    -20.14920
    44.15820     51.70280    -22.33160
    33.35790     36.18270    -17.70980
    41.57177     28.95585     -8.20729
    18.95075     30.93045     -9.68459
    20.02410     22.10390     -7.02840
    23.85310     18.00990    -15.17350
    42.66713     30.29797     -8.04648
    29.19120     22.91110    -11.09790
    51.25734     44.84113    -11.19291
    29.25145     42.74745    -15.51096
    50.03530     44.92620    -13.30080
    16.24830     26.70990     -7.07820
    53.32421     54.76913     -8.02649
    53.32422     54.76912     -8.02647
    22.21750     20.82420     -9.62620
    37.82130     32.74550    -20.33430
    40.73700     52.99160    -11.98560
    36.68333     29.53330     -9.29799
    38.33250     26.83410     -7.76300
    28.98739     39.64782    -11.24087
    52.60259     41.26727    -13.96533
    26.56006     20.75302    -12.18369
    37.08389     30.71460    -18.53326
    26.52491     20.73953    -12.25129
    32.88900     42.85680    -13.01050
    45.37294     40.84255    -13.05097
    45.26320     46.33177    -26.61550
    43.33410     56.46680    -13.13940
    34.97370     17.34560     -5.57550
    33.56113     44.61380    -12.41384
    24.61870     19.79740    -14.35230
    36.50520     29.28750    -14.72760
    43.69149     36.36327     -8.30217
    21.25568     23.63040    -10.78365
    31.65755     26.52636    -10.96594
    47.66836     43.73756     -8.21232
    36.58308     24.37235     -8.96476
    36.58307     24.37235     -8.96477
    31.29430     30.16740     -7.57300
    20.78430     28.26350     -8.84910
    51.41240     51.50900     -9.36490
    36.03765     21.12993    -15.45672
    31.37146     43.88841     -9.52566
    21.58520     22.68920    -11.48117
    55.73549     56.28645    -14.59108
    55.73549     56.28648    -14.59110
    53.89245     55.84131     -8.67560
    39.33701     32.37408     -8.74769
    35.81150     20.08065    -17.40828
    56.64770     48.03960    -16.63710
    35.67262     28.04261    -12.35303
    28.68840     20.99970    -11.78360
    54.20535     53.17061    -11.72899
    27.50250     26.71570    -23.59695
    39.33704     32.37408     -8.74767
    27.50250     26.71570    -23.59695
    48.97380     42.12765    -10.21725
    39.88480     44.21870    -21.71450
    55.73549     56.28650    -14.59112
    42.06919     37.17513    -11.33824
    25.96771     20.52861    -13.31065
    37.36670     29.74390    -10.95959
    17.47130     26.22080    -16.68800
    42.66308     34.60158    -11.87060
    42.66308     34.60161    -11.87061
    23.14947     37.08662     -9.32747
    53.61040     52.49005     -8.41520
    37.91520     46.93580    -17.84970
    48.11819     50.29079    -12.29684
    50.12901     43.77288    -10.65851
    23.18780     21.37000    -10.45080
    43.52783     41.16104     -9.69943
    53.74996     45.74763    -13.46444
    21.08920     24.26700     -8.87600
    49.30095     34.96441     -9.37269
    21.34378     23.75686    -10.92186
    16.70280     28.13760     -8.25010
    35.37244     20.09862    -13.68345
    23.80010     35.67085    -11.88790
    38.88730     32.82940    -13.76680
    30.22980     15.70690    -15.74770
    43.41402     28.18184     -9.84911
    36.03765     21.12993    -15.45674
    35.16500     31.33740    -20.25100
    21.86010     30.31000    -12.24100
    48.79856     35.54787    -11.75860
    53.40104     50.12691    -11.84229
    45.79350     49.08670    -22.09160
    47.66837     43.73756     -8.21235
    31.36455     44.43154     -9.43293
    34.82790     33.64310     -7.66290
    23.13100     35.61900     -9.25200
    29.77360     43.37425    -13.04192
    43.37440     57.70320     -9.08090
    40.30490     24.11620     -6.60510
    46.73820     44.13290    -14.70880
    59.83556     52.32703    -10.31301
    51.89429     46.54898    -11.24176
    42.18690     38.59910    -13.81000
    50.04854     43.86524    -10.58750
    38.30370     23.94830     -8.91820
    52.33880     49.18170    -12.15110
    36.03765     21.12993    -15.45677
    32.35380     44.35800    -12.54240
    33.52911     26.09863    -11.01834
    31.62260     37.76740    -24.24120
    31.65670     26.49830    -13.11930
    41.31760     52.31690    -14.82860
    39.96140     37.24210     -9.47670
    53.40102     50.12688    -11.84228
    49.89046     57.92050    -23.95171
    17.98498     26.06348     -6.14644
    51.97980     66.01210    -13.33990
    18.46230     24.44990     -8.45210
    31.13527     42.58921    -13.53933
    27.63138     38.85461    -11.75972
    50.97420     64.75490    -13.94920
    52.62240     59.43380    -24.33510
    55.63266     64.45700    -22.35701
    39.75890     31.97410    -11.77980
    45.19670     37.90309    -13.15869
    26.29670     37.49390     -9.91120
    41.41570     53.02850     -7.48610
    45.56780     26.47630    -13.16380
    39.40110     40.90210     -9.53460
    30.33820     37.81790    -19.32930
    32.82340     36.71140     -9.76700
    40.38109     55.17555    -10.02476
    42.67205     30.32806     -8.02376
    39.18969     29.27320     -9.74095
    45.87200     42.71960    -10.18740
    48.88128     42.30208    -10.06170
    47.04021     45.06745     -9.21079
    26.49516     20.72153    -12.33112
    41.30960     24.86390    -11.86560
    29.85373     36.31195    -13.46556
    32.89455     22.17810    -10.47474
    48.40008     42.57116     -9.61187
    22.03117     25.95600    -11.71340
    33.04490     37.15200    -15.08230
    30.66160     41.06190    -14.08760
    37.81780     32.79150     -8.25670
    18.32047     31.36834     -8.71545
    30.75430     38.13270    -23.40750
    40.25120     26.42010     -8.33950
    44.09870     36.57201    -12.42016
    41.88451     29.29582     -7.61852
    41.91756     29.07971     -7.76520
    17.06623     27.42287     -5.46595
    18.40350     23.62630     -6.44820
    26.87491     38.63477    -12.36400
    35.57030     35.98860    -13.81830
    45.19750     36.58100     -8.19230
    47.04650     43.26580     -8.80150
    59.83552     52.32698    -10.31283
    39.33703     32.37408     -8.74766
    31.36446     44.43137     -9.43304
    19.30420     23.76400     -5.94350
    23.15820     21.42410     -5.53430
    30.78750     42.64885     -9.60569
    51.25297     44.83707    -11.19151
    51.61442     45.22476    -11.28808
    23.59760     29.32030    -13.29600
    42.66310     34.60135    -11.87056
    48.40003     42.57114     -9.61215
    34.92637     36.01136    -17.26193
    24.86780     14.60160     -8.73950
    41.55991     30.76965    -14.76950
    51.58275     58.18760    -19.00191
    41.77703     28.86573    -14.29296
    36.03765     21.12992    -15.45675
    23.18240     23.62950    -12.90730
    33.52910     26.09863    -11.01834
    29.57350     28.33810    -19.65320
    48.79140     41.78940    -15.56950
    39.40695     53.41590    -11.58524
    49.79440     54.26780    -26.21010
    51.48993     49.75193     -9.88048
    51.48992     49.75192     -9.88051
    51.48992     49.75192     -9.88049
    43.92220     35.09830     -8.69060
    64.62510     57.33450    -26.74960
    41.36641     29.40254    -16.77069
    40.35261     32.64394    -14.58159
    37.48920     37.95930    -10.00680
    30.24730      9.53290    -16.80930
    40.86766     27.33744     -8.05092
    42.79800     39.66346     -6.47751
    36.03765     21.12993    -15.45674
    43.91020     33.15360    -16.14580
    41.15710     25.76320    -17.02690
    30.90720     34.38270    -13.68510
    30.33191     32.13279    -16.13088
    56.27390     53.54740    -12.86100
    33.58380     46.17160    -13.62680
    16.49600     29.29630    -16.03870
    42.65107     34.55751    -11.86477
    53.74992     45.74752    -13.46444
    48.07140     39.97764    -14.69826
    33.52910     26.09864    -11.01835
    51.89853     52.43087     -7.60401
    40.34449     33.20273    -11.21233
    53.32422     54.76914     -8.02645
    29.65260     35.21490    -15.62790
    33.52909     26.09866    -11.01836
    56.08771     65.61334    -22.66295
    48.49390     49.56605    -11.51570
    47.53370     33.91249     -7.81481
    40.12900     23.35350    -20.44900
    22.88430     22.91870    -12.47074
    25.35550     39.39550    -15.87860
    23.45720     25.47900    -13.28050
    30.19360     15.51390    -22.92640
    28.38260     18.26430    -13.36990
    37.71175     21.22870    -17.09985
    19.91448     23.62087     -9.35139
    47.86551     35.18055     -7.48949
    26.75160     38.22064    -12.27684
    52.43970     64.98020    -23.98260
    32.50790     42.61110    -11.27796
    41.98760     42.60780    -23.76900
    45.37294     40.84263    -13.05058
    26.80431     38.47474     -9.84202
    45.37294     40.84263    -13.05059
    33.00160     37.30590    -17.48690
    45.03790     49.15630    -27.34960
    33.87230     31.44090    -13.88690
    41.92280     30.94300    -16.50350
    26.56007     20.75303    -12.18366
    31.37124     43.89009     -9.52555
    30.33190     32.13280    -16.13087
    40.92580     27.62060    -20.48360
    43.13800     38.74330     -8.40660
    37.77550     45.24520    -21.96600
    37.74650     30.73250    -21.58330
    49.01080     57.13290    -22.80250
    42.88980     26.81090    -14.48280
    52.01921     47.95373    -10.49970
    31.68517     35.87852    -15.42709
    31.68518     35.87852    -15.42707
    36.05150     36.83580    -16.65510
    43.61940     55.57070    -14.36970
    41.73150     38.22390     -6.33720
    45.54160     35.85340    -10.33930
    40.39922     32.70833    -14.65233
    42.49282     37.82981     -6.33738
    42.57113     28.64118    -11.48722
    37.49091     32.64775    -12.28729
    42.35708     33.68270    -12.21967
    46.61505     46.32646     -6.55380
    47.58974     37.77203     -9.63426
    40.39922     32.70832    -14.65234
    40.35264     32.64397    -14.58162
    50.32038     43.52464    -10.86332
    32.02910     31.05970     -8.60630
    31.45264     34.22656    -16.14312
    34.51110     24.52160    -19.07710
    53.08085     44.11016    -12.03540
    44.85100     42.72200     -5.11700
    55.23120     49.96620     -3.99030
    32.45150     26.30710     -7.97960
    39.20535     31.52771    -14.60840
    35.52570     18.40320    -14.43749
    48.11806     50.29078    -12.29720
    39.73131     54.15835    -10.51646
    35.16160     27.68090    -14.81930
    48.11809     50.29078    -12.29715
    33.38660     39.33160    -21.26650
    48.73470     61.40290    -11.50270
    35.90560     30.36360    -10.71670
    18.32047     31.36833     -8.71542
    44.07740     34.40930     -7.68060
    49.49338     45.78282    -10.39588
    41.85980     27.46685     -8.30605
    45.90210     59.31934    -16.49405
    27.69900     39.58950     -6.07220
    53.74992     45.74753    -13.46444
    36.85830     28.50460    -18.88580
    34.05280     30.90560     -8.18960
    28.71736     37.84390    -15.29965
    40.92780     36.06200     -8.53970
    33.55113     38.16497    -17.83431
    37.70367     49.41122    -13.16900
    36.14400     37.72220     -9.44070
    16.01460     27.88150    -21.06910
    30.77680     27.94290    -10.40010
    40.80257     34.22320    -10.29474
    39.91562     28.22257     -6.74978
    17.98491     26.06337     -6.14585
    50.39170     58.06940    -21.00940
    42.24585     39.75421     -9.86712
    41.02310     53.09650    -10.14700
    36.03760     21.12982    -15.45703
    25.52350     14.22830    -15.46170
    23.25280     28.10120     -9.25690
    31.13508     42.58917    -13.53942
    48.55670     34.15770    -11.53860
    32.99440     14.82930    -12.25890
    40.43020     35.66650    -12.96410
    50.27605     43.60607    -10.78590
    41.44500     25.02200     -7.22820
    36.03767     21.12998    -15.45644
    41.89600     44.71240    -16.53980
    40.36354     33.08665    -11.20751
    34.90501     46.92560    -12.23934
    47.47770     44.19900    -13.70570
    46.66221     39.58220    -14.26984
    25.50420     38.24396     -6.58720
    35.38584     36.99284    -14.47723
    30.05950     34.30720    -13.66450
    49.86885     43.60457    -10.36543
    47.66838     43.73757     -8.21238
    37.73580     28.16890    -15.18040
    37.53750     35.57940    -10.89980
    34.92637     36.01136    -17.26193
    42.66850     34.61890    -11.86653
    37.84261     31.36444    -11.02968
    43.83535     34.24495    -11.72890
    39.67990     45.18180    -19.60970
    25.58180     33.56560    -13.92480
    26.31520     38.56455    -12.74134
    53.06880     51.52953     -7.41660
    22.64780     24.30780     -8.40420
    43.63243     33.69397     -8.23470
    52.72790     53.25290     -7.06790
    48.93083     42.16566    -10.17042
    33.96579     44.16235    -10.00205
    55.63670     51.39410    -13.11830
    39.33702     32.37408     -8.74771
    20.84940     19.39410    -12.48970
    37.12710     19.25490    -13.25670
    38.39795     31.46040     -7.61075
    21.58518     22.68922    -11.48124
    39.41130     29.35850    -24.47000
    29.23350     19.06460    -10.50650
    43.63243     33.69397     -8.23471
    51.12380     41.97430    -14.62060
    43.79334     35.23040    -13.94112
    40.36396     55.17806    -10.05743
    30.85250     26.72530     -8.67040
    39.91560     28.22251     -6.74985
    39.12410     54.15180    -12.24050
    40.36550     34.36050    -14.79840
    20.01277     24.73837    -10.82246
    41.89389     29.25150     -7.64603
    36.03765     21.12994    -15.45677
    36.03765     21.12993    -15.45671
    49.13010     49.32940    -10.31950
    43.94640     28.53020    -14.08800
    28.98649     39.64692    -11.24155
    53.81820     51.38760     -9.57130
    23.59609     24.41783    -13.95214
    44.78650     33.24100    -14.99930
    53.29760     56.71430    -24.11930
    48.07140     39.97766    -14.69824
    41.77703     28.86573    -14.29299
    42.24585     39.75411     -9.86706
    53.06879     51.52952     -7.41662
    49.85750     46.81460    -14.13820
    26.61713     20.78582    -12.03617
    35.57721     29.23170    -10.18430
    52.17710     64.52120    -13.20430
    63.63890     59.54110    -21.47440
    43.87240     46.62340    -23.87660
    28.69250     38.77950    -13.45680
    41.91460     29.79770    -13.38820
    33.34674     47.42600    -11.88915
    51.89431     46.54914    -11.24193
    35.80220     28.99540    -18.40000
    50.21050     49.60490    -15.33280
    37.90825     41.26975    -18.39856
    37.36670     29.74390    -10.95961
    35.25894     30.82466    -13.00311
    49.22880     39.52600    -14.66970
    36.27728     25.57644     -8.46862
    35.25970     30.82198    -13.00191
    41.07930     38.99670    -13.70690
    18.08720     28.36950    -18.64750
    52.98925     48.05920    -12.47801
    48.79855     35.54787    -11.75860
    40.36930     28.90750    -11.08900
    48.11807     50.29079    -12.29721
    27.38633     38.81167    -12.01934
    57.84320     56.62030     -7.86500
    26.68528     38.60221    -12.50073
    59.59970     51.27030    -15.21760
    36.63240     51.07660     -5.95940
    42.02413     28.94824     -7.76956
    17.06618     27.42281     -5.46596
    32.89455     22.17810    -10.47476
    35.58510     32.54980     -7.27980
    38.44290     46.34840    -21.20660
    39.34200     34.16610    -12.78820
    23.14940     37.08666     -9.32726
    39.81800     33.21350    -19.45400
    35.21890     16.95400    -12.52680
    38.42350     27.61940    -15.55980
    48.79857     35.54788    -11.75860
    38.27440     28.36460    -17.94510
    33.90460     29.79770    -20.04260
    22.59080     34.26580    -11.52790
    35.24417     30.87806    -13.02802
    58.10880     48.58530     -9.03170
    51.89425     46.54871    -11.24150
    43.22585     31.79395     -8.32745
    22.37170     22.43420    -14.22210
    32.37460     46.64870    -12.03440
    42.40647     26.54354     -9.23204
    37.84260     31.36443    -11.02967
    40.71825     31.38740     -7.66555
    42.91500     31.80250    -17.05960
    41.93276     54.28080    -10.55120
    40.60200     44.28370    -25.14600
    43.63244     33.69396     -8.23469
    32.83460     26.90890     -6.82700
    42.32370     32.06870    -11.35800
    43.41330     36.47810    -13.21160
    24.95080     36.45080    -12.90720
    42.40647     26.54353     -9.23202
    33.52157     26.11422    -11.02974
    29.32176     20.42545    -13.19604
    33.55109     38.16496    -17.83423
    28.89630     24.24160    -22.32350
    49.30095     34.96439     -9.37271
    43.04610     32.84236    -13.67751
    26.52519     20.73980    -12.25007
    29.87625     36.31104    -13.45179
    55.73550     56.28648    -14.59113
    23.14942     37.08664     -9.32732
    32.45147     24.86406    -10.78093
    47.11350     57.17400    -19.60400
    36.69737     48.02457     -9.76203
    16.29530     25.38540    -13.04020
    52.06020     59.89710    -22.93630
    14.74470     26.86100    -13.31690
    41.28810     33.63060    -11.38810
    51.87612     52.43606     -7.76981
    54.22000     47.13320    -12.60330
    34.09500     14.30000     -5.67740
    37.33940     29.20870    -21.84140
    35.31170     42.41710    -24.22580
    40.36352     33.08658    -11.20759
    30.12750     13.82510    -22.58130
    49.41710     57.60880    -20.40500
    60.87450     54.62135    -24.10431
    52.17110     48.81070     -7.24050
    22.40970     21.39250    -11.10800
    45.74936     37.36355     -9.68386
    51.80630     41.86690    -12.68769
    40.91060     34.23550    -16.75230
    21.87920     21.46820    -19.03910
    45.26320     46.33177    -26.61551
    50.96330     47.55530     -7.77730
    25.71450     39.31980     -9.21900
    44.92470     31.47050    -10.29290
    35.52570     18.40320    -14.43751
    50.59790     64.47786    -23.91900
    46.61505     46.32644     -6.55380
    43.92690     43.35860    -25.81570
    43.22585     31.79395     -8.32745
    58.74370     56.50450    -10.61200
    48.36072     42.59186     -9.57102
    28.98709     39.64752    -11.24109
    50.68390     59.11995    -23.82776
    30.24747     19.45457    -12.68560
    45.71320     39.84784     -6.73360
    50.79470     40.76851    -12.10360
    48.71698     42.39461     -9.90819
    48.75574     42.29709     -9.98740
    36.27726     25.57640     -8.46859
    41.36640     29.40253    -16.77070
    25.08210     22.76080    -15.26680
    28.78740     41.21090     -5.31540
    42.48880     28.46691    -12.29763
    42.65922     37.78931     -7.26661
    49.74584     36.85895    -12.31788
    39.87120     35.15080    -13.55630
    55.58560     48.26350    -15.06370
    33.55978     26.03503    -10.97192
    38.24085     31.40646    -19.52726
    24.88740     35.81880    -12.08690
    36.51050     41.11700    -17.67680
    27.37580     19.40650    -13.56040
    43.61260     47.63450    -22.50900
    51.38935     44.98361    -11.22730
    57.58050     64.72880    -20.73380
    20.01277     24.73837    -10.82249
    37.94370     29.57725     -8.72511
    20.01276     24.73836    -10.82246
    29.97352     36.30704    -13.39224
    27.60050     32.67590    -17.18070
    48.56113     42.47808     -9.76855
    35.69623     28.06999    -12.50225
    47.62420     47.50910    -26.54980
    40.44520     32.57379    -11.19398
    32.49140     46.06630    -14.73250
    17.48375     26.19805     -8.60880
    44.50210     40.32560    -13.21834
    36.28260     48.65140    -11.37600
    38.92830     32.46170    -20.73760
    32.75480     44.79920     -8.86670
    41.09240     40.21000    -10.34990
    25.31085     21.19165    -12.82056
    31.65530     31.13650    -12.12480
    36.69930     22.92220     -7.11420
    55.24880     46.48730    -15.04450
    32.63037     45.13328    -13.61282
    35.70552     28.08551    -12.56744
    48.01820     39.04500    -10.59740
    48.31980     40.05246    -10.69437
    35.91500     29.45310    -13.74450
    45.81940     50.76700     -8.41320
    42.59294     28.68516    -11.28059
    39.94450     33.59470    -15.11710
    21.41147     23.85415    -11.02833
    40.86755     27.33774     -8.05074
    44.50210     40.32560    -13.21836
    37.46538     32.63467    -12.14701
    36.66890     25.06560    -12.30700
    49.71470     61.23100    -21.37650
    25.45570     37.62070    -12.37960
    33.55110     38.16496    -17.83424
    27.44998     38.83377    -11.97133
    28.60700     35.49150    -11.00160
    39.62240     33.09510    -16.80600
    35.74300     31.87480     -8.37430
    35.20723     20.27203    -13.86431
    30.12240     27.94340     -5.97000
    31.22390     22.78460     -7.89610
    29.63310     27.52730    -12.52930
    35.81151     20.08060    -17.40846
    34.06720     18.10510    -11.82880
    52.66160     43.12515    -13.25381
    15.16285     27.79380    -12.49559
    29.28826     33.61589    -11.60012
    31.75200     20.96740    -12.66180
    28.34960     22.73430    -11.34640
    36.71305     34.25584    -12.09360
    51.51699     45.12071    -11.26103
    34.71603     45.18482    -13.17699
    38.94700     35.32140     -8.27030
    29.85373     36.31196    -13.46560
    31.66595     21.75290    -11.38985
    31.68514     35.87851    -15.42713
    24.65100     21.18370    -14.69410
    29.28826     33.61599    -11.60023
    28.01250     36.51400    -17.31020
    25.43800     39.56780    -13.07590
    53.30030     40.94150    -15.02380
    46.68703     32.79867     -6.87200
    46.68703     32.79866     -6.87200
    46.68704     32.79867     -6.87200
    25.84970     37.40030     -8.33290
    46.00440     61.43460    -21.12490
    53.61040     52.49005     -8.41520
    29.25145     42.74745    -15.51094
    36.17300     48.72740     -8.15300
    46.99550     34.16610     -9.91470
    50.26458     43.55512    -10.80349
    18.17360     26.44880    -13.23670
    35.48920     49.55510     -6.83640
    53.08085     44.11014    -12.03540
    53.89245     55.84129     -8.67560
    54.29500     49.71630    -11.49200
    36.11270     45.26220    -17.48320
    44.42800     43.26040    -10.56210
    18.22420     26.13560    -10.30060
    45.27520     43.31500    -11.30130
    29.87623     36.31102    -13.45182
    37.49092     32.64774    -12.28736
    35.62578     27.98489    -12.05227
    43.41404     28.18185     -9.84918
    27.78770     28.79800    -19.31580
    54.20535     53.17059    -11.72901
    33.41670     41.00530    -19.54690
    47.67550     35.34070    -11.09520
    35.40960     36.15610     -7.26410
    52.60242     41.26681    -13.96498
    26.68599     38.56521    -12.48159
    23.59610     24.41784    -13.95213
    35.15930     33.41870    -13.77510
    29.87627     36.31102    -13.45178
    39.22560     43.62550    -27.10760
    45.74934     37.36355     -9.68384
    42.64220     57.91170    -11.87480
    58.27590     48.50580    -21.62960
    15.16285     27.79380    -12.49561
    46.06603     43.25471     -7.50688
    31.45266     34.22656    -16.14316
    49.95856     44.08785    -10.55564
    41.31240     33.17750     -8.21680
    34.83692     45.78289     -9.19505
    41.93487     29.05361     -7.76985
    31.13527     42.58921    -13.53931
    42.35424     33.67914    -12.22579
    36.03765     21.12992    -15.45671
    35.67356     28.04471    -12.36033
    35.30665     36.94824    -14.41652
    45.42410     53.69910    -18.28400
    33.57340     31.86200    -10.78330
    36.47630     26.76740    -12.25440
    34.90499     46.92560    -12.23936
    51.89434     46.54931    -11.24205
    35.54890     23.84040    -10.64570
    23.16380     34.64120    -10.43160
    22.03116     25.95602    -11.71340
    43.80180     33.95610    -13.87500
    25.37660     34.78060     -9.73300
    33.47690     25.76140     -8.52640
    59.74599     54.17605    -21.67734
    59.74601     54.17605    -21.67736
    42.59205     28.68389    -11.28731
    42.60289     28.70462    -11.18899
    42.35425     33.67919    -12.22573
    18.13660     24.28790    -14.47240
    20.10430     22.30070    -18.06400
    31.65200     37.81280    -17.97280
    41.96370     34.84260    -13.72640
    37.71175     21.22870    -17.09985
    23.89830     23.17180    -12.25690
    51.49896     45.10145    -11.25612
    28.98773     39.64819    -11.24064
    32.63037     45.13327    -13.61279
    32.63037     45.13328    -13.61279
    33.55096     38.16494    -17.83392
    33.98590     27.81760    -10.62090
    35.85943     46.71229     -9.35932
    23.98760     27.03520    -18.04650
    22.81875     35.75210    -11.43504
    50.26133     43.56048    -10.79903
    37.84260     31.36443    -11.02966
    42.87491     34.82050     -7.71516
    42.59285     28.68525    -11.28074
    51.26340     51.00246     -7.37895
    43.55830     40.48090     -4.81850
    16.72220     26.36500     -9.86960
    43.79337     35.23043    -13.94109
    33.94190     48.43720     -9.26220
    25.31085     21.19165    -12.82054
    23.14941     37.08664     -9.32732
    29.99220     36.15260    -15.69850
    36.78370     30.24430     -7.26690
    27.46950     21.05010    -13.79130
    22.11080     35.81240    -10.03390
    34.34260     25.38720     -8.32890
    47.86549     35.18055     -7.48951
    34.60750     38.02690    -21.63930
    18.95075     30.93045     -9.68461
    43.83535     34.24495    -11.72890
    63.63940     57.09060    -22.95500
    37.89980     44.14495    -23.53815
    28.79540     42.26900     -5.23270
    54.95650     45.64500     -8.92050
    40.02920     31.29820     -9.37230
    47.58973     37.77203     -9.63428
    33.24309     32.65475     -7.69536
    29.83503     36.31273    -13.47708
    35.09180     33.91190    -18.83450
    27.38878     38.81202    -12.01655
    47.53370     33.91251     -7.81479
    38.81100     22.74720    -10.33140
    37.46505     32.63450    -12.14517
    41.17830     32.06140    -12.24380
    48.03750     49.49930    -22.54640
    39.49305     27.73295    -14.62367
    40.33326     33.26086    -11.22003
    37.04389     27.16405    -22.02836
    19.53190     29.85280     -9.96690
    34.69810     33.59550    -16.31990
    35.81151     20.08091    -17.40775
    51.19771     44.77861    -11.17656
    42.57248     34.32756    -11.97212
    31.13532     42.58921    -13.53929
    35.19043     31.07281    -13.11911
    49.81376     44.30658    -10.50884
    34.34070     45.23720    -10.94800
    32.04260     44.71850     -5.76230
    32.26410     14.60940     -8.98340
    49.02609     44.18376    -12.72569
    46.91000     34.96830    -10.59250
    56.11370     65.20130    -24.32300
    54.04540     50.53200     -8.91750
    36.69736     48.02458     -9.76202
    25.23250     22.06810    -12.32240
    34.71599     45.18481    -13.17698
    48.69890     45.74370    -18.25660
    27.16220     41.81880     -6.56650
    39.99460     35.01500    -10.09830
    45.15276     42.91467     -7.65054
    18.70050     31.93540     -7.73090
    22.41080     34.20410    -13.61540
    36.68334     29.53330     -9.29801
    18.52950     28.89560     -9.05130
    24.61980     38.97760    -13.19020
    26.48520     20.71644    -12.35469
    35.85943     46.71236     -9.35934
    48.79853     35.54783    -11.75859
    40.90410     38.50198     -9.39821
    22.81875     35.75210    -11.43506
    35.60650     34.44040     -8.91420
    28.71734     37.84390    -15.29965
    34.95460     29.07880    -16.89440
    38.19730     27.22970    -12.56530
    18.82420     23.49530    -13.60770
    22.09320     20.36050    -13.91980
    50.86240     63.58390    -10.17290
    43.41401     28.18183     -9.84908
    28.47760     34.78550    -12.31300
    36.58308     24.37235     -8.96477
    26.74941     20.87571    -11.64738
    58.57975     48.98165    -10.47176
    45.71320     39.84786     -6.73360
    39.32370     35.12960    -22.01330
    25.71730     24.01840    -14.62910
    47.04019     45.06745     -9.21081
    34.02740     43.03405    -17.38534
    23.89290     30.19230    -17.38090
    31.37138     43.77103     -9.54716
    46.66220     39.58220    -14.26984
    55.73549     56.28647    -14.59110
    59.65050     54.93570    -20.09180
    58.57975     48.98165    -10.47174
    56.12880     66.11570    -20.89740
    51.22543     38.93520    -13.14367
    43.69148     36.36328     -8.30220
    41.24120     51.32250    -16.82890
    40.14180     50.56540    -15.18710
    46.31780     59.10500    -13.12020
    19.91451     23.62088     -9.35141
    19.91451     23.62088     -9.35138
    37.70367     49.41118    -13.16868
    49.62000     41.68430    -14.51880
    26.80500     38.47396     -9.85628
    29.11120     15.29010    -10.75820
    51.22543     38.93520    -13.14366
    31.45269     34.22657    -16.14302
    46.04730     45.19440     -7.92790
    48.74360     48.21516    -15.21228
    50.08300     56.19730     -9.08960
    34.02740     43.03405    -17.38536
    42.65302     37.79583     -7.23427
    48.49390     49.56605    -11.51570
    19.44520     22.35050     -8.15680
    31.65755     26.52634    -10.96596
    24.11910     31.65590    -14.19770
    48.40005     42.57115     -9.61201
    51.58275     58.18760    -19.00189
    29.89900     39.27480    -15.11640
    34.53310     31.05616    -10.45257
    34.71603     45.18483    -13.17701
    38.65150     30.00710    -10.12700
    34.26210     48.33160    -11.42755
    21.28385     23.67090    -10.82803
    50.82847     40.79190    -12.11697
    40.98180     37.92530    -10.96230
    18.66220     28.18290    -10.38880
    41.27025     35.32916    -11.76685
    25.60840     22.64295    -13.36744
    54.00120     64.80940    -19.34930
    50.52410     45.71835    -11.12403
    38.24085     31.40644    -19.52724
    30.50810     19.00410     -7.59800
    40.90418     38.50210     -9.39831
    42.35348     33.67826    -12.22741
    50.68390     59.11995    -23.82774
    26.68599     38.56542    -12.48282
    32.45091     24.86528    -10.77922
    19.91350     26.11470     -7.88740
    50.15814     43.72298    -10.67262
    25.50420     38.24394     -6.58720
    51.07740     53.31000    -15.06350
    41.27025     35.32914    -11.76685
    56.56050     60.99320    -19.21710
    37.85840     28.20460    -11.24300
    41.93273     54.28080    -10.55109
    45.03290     31.48270    -15.08140
    52.15470     38.42500    -10.76880
    33.34676     47.42600    -11.88915
    58.97410     64.07940    -21.15830
    37.89980     44.14495    -23.53815
    37.59620     40.27070    -19.39160
    50.61060     56.88200    -25.28210
    45.19670     37.90311    -13.15871
    27.23190     17.19050    -14.70600
    53.36525     43.90336    -13.94325
    45.85810     52.15090    -21.02200
    37.25960     27.95640    -22.01910
    19.13160     31.02490     -7.01662
    32.05500     23.83890    -10.58500
    42.87489     34.82050     -7.71514
    17.98494     26.06352     -6.14630
    54.65640     49.97919    -13.53231
    43.14430     38.52590    -12.33230
    16.96380     23.96540    -10.14870
    42.24468     42.06209     -9.20824
    26.80230     12.92620     -8.95300
    49.74586     36.85890    -12.31786
    34.81330     49.53270     -5.64460
    40.86751     27.33784     -8.05069
    32.99360     28.94420    -10.75110
    50.12933     43.77206    -10.65890
    32.45053     24.86611    -10.77807
    43.41399     28.18186     -9.84908
    41.77704     28.86574    -14.29295
    15.83380     25.39500     -6.60680
    51.33430     57.48930    -23.73610
    37.49092     32.64773    -12.28735
    33.56119     44.61382    -12.41395
    31.37430     43.76842     -9.54497
    46.83490     37.87160    -15.19710
    35.24371     30.87964    -13.02872
    45.13994     42.90927     -7.65246
    42.68195     37.76350     -7.38258
    38.78060     41.50510    -18.19780
    36.03765     21.12993    -15.45677
    51.91606     52.42661     -7.47707
    20.62090     25.06050    -19.23630
    33.56510     44.61557    -12.41939
    53.48750     42.70070    -14.91330
    33.55110     38.16496    -17.83426
    64.60260     55.96750    -25.49600
    57.67480     47.79070    -16.97680
    26.68590     38.56504    -12.48213
    55.10430     56.03850     -8.77580
    33.95681     26.32741    -20.44486
    21.58517     22.68927    -11.48138
    22.82200     26.60730    -12.68810
    19.21470     27.23210     -6.58750
    19.58385     27.42150    -14.39125
    28.08980     24.34570    -15.65960
    34.87390     32.59390     -6.96700
    25.12850     32.76800    -17.31850
    21.58517     22.68925    -11.48130
    54.87139     47.02025    -13.75206
    48.74850     56.08120    -23.80340
    34.86110     25.91790    -13.95890
    49.30620     64.84760    -26.27330
    31.26960     42.03460    -10.31950
    23.59610     24.41784    -13.95213
    60.42100     50.59010    -20.36510
    51.82601     52.44667     -8.14972
    35.57719     29.23170    -10.18431
    19.07150     25.24200     -9.09370
    52.86470     46.89590    -11.89150
    40.02470     24.98110    -13.12710
    21.48833     23.96474    -11.14951
    49.89044     57.92050    -23.95169
    58.90550     50.36640    -17.29480
    43.05960     37.79990    -12.10010
    24.61480     34.10060    -14.12640
    25.89790     32.00640    -13.19250
    31.33950     24.58480     -7.06100
    59.48775     50.90781    -10.47485
    52.60248     41.26698    -13.96511
    42.05563     37.13025    -11.39525
    42.40290     27.14730    -11.33240
    31.37160     34.32400     -9.00520
    50.19370     62.41980    -26.10540
    40.54080     41.92350    -11.80240
    47.95640     38.70150    -15.20240
    18.09360     27.16690     -5.57140
    30.33190     32.13280    -16.13087
    52.98925     48.05920    -12.47799
    19.13160     31.02490     -7.01658
    50.92669     40.86105    -12.15509
    34.53309     31.05617    -10.45254
    35.85942     46.71230     -9.35924
    33.96581     44.16235    -10.00205
    44.37590     30.46530    -13.50520
    29.32176     20.42543    -13.19607
    43.79337     35.23044    -13.94108
    28.35230     25.00350    -14.08854
    49.83630     62.97820    -21.28470
    59.48775     50.90779    -10.47485
    38.40650     49.43370    -10.64190
    49.02611     44.18374    -12.72571
    41.00810     31.56480    -19.21380
    30.24748     19.45457    -12.68562
    53.74990     45.74747    -13.46444
    17.96460     27.93040     -7.57052
    39.77640     26.12720    -22.34250
    37.56120     24.48320     -6.56660
    40.80256     34.22320    -10.29473
    51.53450     42.60210    -12.15950
    30.33190     32.13280    -16.13087
    45.73895     42.08885     -7.66981
    42.79800     39.66344     -6.47749
    49.14177     42.37416    -10.11810
    39.82010     45.91080    -17.82930
