    43.49754     41.13871     -9.63129
    28.78920     42.20030     -7.79720
    39.09470     36.69140     -8.59910
    39.33016     32.37316     -8.78429
    40.11973     32.32213    -14.22796
    43.55204     41.17522     -9.75857
    55.82034     57.28664     -9.84366
    33.30580     17.84170    -15.31120
    52.60216     41.26968    -13.96692
    40.51842     32.86075    -14.80438
    37.71450     27.26970     -8.92110
    43.70348     36.35709     -8.28584
    41.87125     29.45802     -7.49388
    41.49530     50.84940    -19.94120
    42.51180     40.97500    -13.80150
    51.81126     40.21059    -12.34221
    35.83890     21.28830    -22.06900
    53.36326     43.89875    -13.93973
    31.42610     37.57310    -15.99920
    50.62280     64.47660    -16.25290
    19.54066     28.14302     -8.12062
    46.65605     39.57785    -14.26095
    42.01370     36.99711    -11.55713
    49.00420     42.72730    -15.12510
    40.51110     55.14810     -9.78989
    33.85020     20.85440    -17.85220
    40.35435     55.17181    -10.08343
    19.53794     28.14278     -8.12418
    42.57839     28.76123    -11.03935
    22.41520     22.65730     -9.38360
    39.49279     27.73285    -14.60618
    26.54310     20.71858    -12.31774
    35.42858     37.01451    -14.51589
    35.48940     37.04121    -14.56205
    38.07680     31.82080    -14.85930
    33.19899     46.22866     -9.30377
    42.61540     39.20370    -12.64280
    49.08981     41.61298    -10.57500
    25.44999     20.89055    -10.31713
    53.36733     50.06967    -11.81786
    39.66300     39.17096     -8.58671
    32.26050     23.49600     -7.53170
    33.05068     46.15140     -9.71010
    41.85808     27.46975     -8.30954
    40.80863     27.38753     -8.19053
    47.52370     36.89560    -10.84190
    56.20380     62.35240    -17.98270
    42.24805     39.76010     -9.87040
    28.37070     40.67040    -13.65690
    48.32372     40.05665    -10.69088
    26.32285     38.58449    -12.78954
    34.88110     31.81330    -15.48400
    30.20088     19.45312    -12.71451
    31.48735     43.56050     -9.43789
    49.61920     48.86400     -8.04130
    39.20328     31.52243    -14.60443
    34.02205     20.85144    -11.81633
    34.93250     18.55510     -9.84340
    46.50560     40.92520    -10.37440
    25.44821     20.90315    -10.32907
    40.14623     28.66073     -8.30502
    40.15007     28.65657     -8.30588
    28.55040     22.23620    -13.10380
    43.92220     52.07090    -24.33980
    32.46250     22.66190    -12.75660
    20.06818     22.54869     -9.76972
    49.59680     37.17130     -8.03180
    48.31995     40.05443    -10.69362
    30.44380     29.95390     -7.83580
    43.53753     41.16822     -9.72186
    44.85030     47.70500     -5.77110
    57.31870     65.58781    -23.58963
    42.78825     34.97302    -12.32513
    34.92413     36.01535    -17.27288
    42.68148     30.40266     -7.94804
    42.67630     30.35957     -7.97856
    37.74590     26.71980    -18.65540
    40.37840     31.45620    -12.25050
    52.01300     47.95740    -10.49452
    63.40510     57.52930    -24.39110
    52.25920     46.10750     -8.11370
    41.30010     36.23470    -22.85650
    50.36977     37.65049    -12.61017
    36.58056     24.37626     -8.98145
    42.25999     33.57461    -12.42760
    42.26299     33.58234    -12.42757
    46.09473     43.39650     -7.33443
    35.48342     27.90470    -11.26371
    51.80275     41.86967    -12.69625
    55.32970     50.29490    -13.58700
    32.36700     22.73850     -9.41360
    41.91020     56.49160    -10.16880
    55.63385     64.45228    -22.37326
    55.63242     64.46209    -22.35664
    55.63319     64.46274    -22.35694
    21.18361     23.51367    -10.64394
    36.53060     30.71140    -12.32960
    55.63145     64.45307    -22.35286
    33.30778     20.17780    -12.79815
    33.30052     20.18382    -12.79858
    33.30550     20.18268    -12.79808
    53.74620     49.22670    -11.74510
    50.60042     64.47217    -23.91935
    38.46590     36.20860     -7.86160
    30.65410     37.20860    -13.55440
    45.45240     34.36470     -9.65390
    42.56294     37.90336     -6.67226
    42.48777     28.68524    -11.45973
    37.76880     28.98520    -14.37940
    25.26470     35.40590     -8.72060
    57.30885     65.59053    -23.55245
    18.84880     25.10670     -7.24980
    24.23333     33.25157    -13.86168
    39.18560     26.66160    -12.13460
    55.82124     57.28636     -9.82528
    18.74560     28.38570     -6.94130
    55.82168     57.28758     -9.82253
    55.82274     57.28973     -9.82483
    52.46073     51.53926     -9.77677
    47.70320     45.95270    -14.10210
    40.19975     33.68911    -11.44494
    32.73970     25.93380    -17.92810
    36.70145     48.00224     -9.78846
    33.56770     38.16841    -17.88828
    21.23371     23.55426    -10.64026
    51.12182     44.68347    -11.15286
    20.06460     22.85260     -7.47730
    45.72076     43.25546     -7.48056
    29.03240     25.43170    -13.00510
    32.90660     31.78430     -6.87190
    26.59239     20.74582    -12.20413
    29.45460     41.52220    -10.40850
    50.27469     40.40596    -11.89831
    30.26400     41.81480     -9.64650
    48.82711     35.58661    -11.76670
    32.63703     45.12981    -13.61234
    59.81117     52.31024    -10.22270
    34.01905     20.84886    -11.83927
    31.16648     43.82788     -9.70800
    46.20570     32.72890    -11.25580
    50.52644     45.72054    -11.13823
    52.59864     41.25144    -13.96042
    33.95387     26.32434    -20.43560
    57.78140     45.95380    -19.94950
    58.41423     47.54574    -11.13238
    53.01810     51.50988     -7.42883
    18.67370     24.49300    -17.50850
    42.67493     37.90217     -7.36810
    32.58410     28.10750    -21.45320
    37.30894     32.55412    -11.29628
    34.17950     22.68200    -16.91630
    43.25650     34.51280     -9.97920
    53.15431     51.61832     -7.35286
    31.62697     43.48630     -9.36656
    42.19389     28.64551     -7.85048
    48.21850     44.87510    -16.80700
    33.37286     44.53053    -12.14637
    17.96534     27.92885     -7.55452
    36.89860     25.25720     -9.77340
    36.09120     31.10600    -21.94950
    42.22117     42.10101     -9.16778
    45.32839     43.07304     -7.63967
    51.49012     49.74889     -9.89456
    34.82679     45.77719     -9.18912
    53.31632     54.75967     -8.04061
    42.40327     26.54695     -9.23373
    50.36873     37.65071    -12.60633
    31.16798     43.83283     -9.73716
    33.31830     15.36970    -29.73350
    34.84616     45.78965     -9.20867
    39.27300     33.66610    -10.49120
    49.31240     57.36660    -24.91240
    35.36926     20.13631    -13.63801
    35.39207     20.09039    -13.66411
    39.19661     29.27410     -9.74181
    43.71230     42.22020    -10.05090
    39.91398     28.22390     -6.75124
    38.50660     34.28780    -14.59280
    48.13980     62.62900    -16.83150
    29.77741     43.37269    -13.02821
    43.41509     28.18113     -9.84186
    43.79719     35.23203    -13.95137
    25.60485     22.64546    -13.37375
    58.02680     56.46750    -10.19170
    41.92380     46.97900    -10.85520
    56.69980     52.80560     -9.72560
    42.71301     30.55814     -7.87211
    50.61413     56.88539    -25.28387
    45.74045     42.08956     -7.66398
    21.13773     23.46317    -10.58373
    33.59720     24.69260     -9.42220
    31.45530     35.89290    -12.17470
    42.05482     28.94180     -7.74967
    52.43765     51.57674     -9.72312
    36.71426     34.26013    -12.09291
    40.77450     54.33595     -8.57838
    23.36830     32.83080    -13.76790
    33.77210     36.87920    -15.91220
    20.96570     25.33730    -10.77470
    39.72948     54.15845    -10.50264
    37.71309     49.37723    -12.94081
    35.73957     28.41946    -13.18965
    48.89590     49.17800     -6.85120
    35.59814     37.11195    -14.63051
    25.56560     24.15150    -16.35860
    45.13423     42.92414     -7.70050
    31.18540     46.23060    -15.59000
    19.58124     27.42473    -14.39522
    46.46720     44.59930    -16.69510
    38.66770     30.50110    -14.48330
    23.59260     34.84070    -14.41390
    30.94220     23.06340    -14.43650
    35.86460     50.13430     -8.09360
    46.76820     37.76060    -12.27300
    51.71278     45.35969    -11.28460
    56.08257     65.61759    -22.66266
    33.16640     41.19940     -6.84530
    31.68130     13.26550    -28.55530
    42.43180     32.52240     -7.41580
    36.90690     24.60850    -16.54050
    31.66766     21.75033    -11.38840
    23.14225     37.09052     -9.29875
    47.59201     37.77232     -9.62805
    34.53801     31.05505    -10.47282
    55.90230     62.32160    -24.12560
    26.48330     20.67489    -12.50084
    26.68857     20.96965    -11.16352
    42.65521     28.80190    -10.76723
    40.78650     54.33605     -8.59102
    34.83352     45.78844     -9.19556
    44.75430     36.00940    -12.21760
    26.67570     23.94420    -17.96450
    33.57272     38.16318    -17.87046
    37.94445     29.57855     -8.71485
    30.78679     42.64679     -9.61173
    46.23380     38.35080    -14.62660
    24.24707     33.24603    -13.86992
    42.56264     28.67040    -11.39053
    37.91172     41.26738    -18.39233
    52.02108     47.95602    -10.50297
    34.26810     48.32941    -11.43073
    31.18656     42.60314    -13.51619
    41.41930     36.94940     -7.92720
    17.08092     27.43361     -5.44614
    43.73547     35.22046    -13.89435
    49.74901     36.84532    -12.31710
    49.74710     36.84488    -12.31588
    34.87714     36.70806    -14.07436
    31.45920     45.83530    -14.20260
    36.05690     31.93960    -12.23170
    35.39762     20.07794    -13.65392
    41.73940     31.51360    -13.10320
    46.33920     54.49780     -6.72030
    49.48290     45.72973    -10.31761
    45.07280     38.72260     -7.24850
    40.71210     29.26760    -14.61570
    35.40610     20.08859    -13.60283
    17.97101     26.16267     -6.30528
    60.87145     54.61977    -24.09571
    35.40032     20.06361    -13.66298
    33.06358     46.21382     -9.39595
    27.21540     11.38560     -5.57460
    21.58648     22.68349    -11.47729
    21.59197     22.66728    -11.41211
    45.31016     43.04685     -7.65506
    42.24728     42.05363     -9.21710
    35.41470     20.05112    -13.64958
    31.31353     43.71625     -9.60698
    17.86890     33.31230     -3.54400
    29.29064     33.62519    -11.60825
    34.27820     23.30980    -10.11930
    46.91680     37.05580     -7.52600
    39.40537     53.41611    -11.59366
    51.10293     44.69704    -11.14342
    53.42305     50.17667    -11.87435
    34.43110     43.09450    -20.58980
    22.03553     25.96917    -11.69651
    27.05797     38.65583    -12.22337
    20.07352     22.55391     -9.78058
    36.29306     25.59036     -8.45755
    27.46487     38.86345    -12.01114
    36.25705     25.54941     -8.47174
    29.59280     44.43680    -13.51140
    41.55524     30.77024    -14.77239
    32.94166     46.26240     -9.17604
    35.36634     20.11061    -13.67569
    42.24624     39.70711     -9.86033
    39.74248     54.16071    -10.57343
    58.41167     47.53646    -11.12082
    20.78460     29.74560     -9.72620
    43.24610     44.68840    -18.05850
    56.67740     60.55160     -9.56270
    43.04773     32.83739    -13.66847
    50.95707     40.73941    -12.25858
    40.76635     34.17545    -10.33821
    23.84950     21.80500    -18.29680
    50.31260     43.65064    -10.73890
    33.24827     32.65254     -7.68652
    35.45034     20.02307    -13.61928
    37.04862     27.16152    -22.02371
    35.83868     46.72188     -9.26338
    37.25860     26.01720     -9.38420
    40.88650     27.30386     -8.05189
    41.79730     32.87170     -6.98840
    31.40084     34.22064    -16.19699
    42.04450     37.09072    -11.44236
    54.65366     49.98490    -13.52722
    26.70255     20.79366    -11.95118
    49.47780     46.84670     -7.65100
    30.98020     30.79970    -11.61570
    26.44914     20.65509    -12.58124
    53.05270     51.47906     -7.44964
    45.24469     43.00496     -7.65851
    28.35414     25.00498    -14.09481
    37.08931     30.71089    -18.52571
    33.66658     26.68263     -8.81562
    30.84520     37.29310    -22.59600
    18.32208     31.36686     -8.71606
    40.54860     38.45990    -19.46670
    26.55462     38.64655    -12.75688
    36.07480     27.07360    -21.39060
    51.23663     41.21607    -12.19377
    30.13360     42.60420     -4.39510
    49.26380     42.70740    -13.37530
    41.36230     29.40191    -16.77980
    23.70370     37.25600     -7.08850
    45.25837     46.32461    -26.60987
    40.71757     31.38787     -7.66405
    54.87738     47.02013    -13.74460
    42.60058     28.76238    -10.99971
    59.83759     52.33248    -10.32365
    26.43721     20.65244    -12.61240
    36.68432     29.52984     -9.30009
    33.53690     47.00590    -14.03660
    44.09678     36.56698    -12.40975
    49.74479     36.84557    -12.30261
    26.44774     20.65118    -12.59050
    52.05830     52.08280    -12.49850
    46.21415     42.99617     -7.87904
    51.89395     52.30126     -8.60216
    51.86605     52.45420     -7.76132
    42.65617     37.86828     -7.32082
    51.25931     50.99787     -7.38300
    41.37620     26.79190    -13.86710
    51.85047     52.45435     -7.80167
    42.67577     37.87782     -7.41758
    45.47530     58.13070    -13.98000
    51.81424     40.20531    -12.31309
    39.66460     39.16984     -8.58459
    51.07440     64.27430    -26.02480
    45.68870     59.75300     -9.77230
    23.13213     37.08873     -9.28526
    33.66192     26.68937     -8.82708
    43.59060     41.33300    -13.38000
    48.00910     42.82540    -15.32550
    40.86374     27.44288     -7.84098
    50.56456     43.24525    -11.12555
    46.53930     48.89540    -29.01360
    51.22375     38.93673    -13.14300
    42.19223     28.64811     -7.86556
    34.53633     31.05380    -10.44854
    34.39270     46.57750    -10.45350
    41.93630     54.28369    -10.55928
    41.99400     25.30230    -10.42310
    26.76010     18.81160     -7.32450
    35.58094     29.22629    -10.17503
    57.67402     47.79084    -16.97485
    33.95247     26.32614    -20.45867
    39.61860     26.99760     -5.94330
    28.66000     27.01520    -12.69600
    22.88186     22.91907    -12.47775
    17.48504     26.19862     -8.61183
    49.09445     41.69377    -10.54600
    42.12348     37.35493    -11.10974
    51.66160     51.57890     -5.51110
    34.53129     31.05458    -10.45704
    25.31040     35.08090     -6.68600
    27.20858     38.97551    -12.58152
    32.46622     24.83644    -10.81727
    54.86480     59.73460     -8.00220
    29.31674     20.40295    -13.21773
    50.27827     40.41676    -11.89722
    29.78310     42.14760     -6.74570
    59.01260     51.52240     -8.65790
    50.77531     42.76840    -11.51883
    51.84264     52.43097     -7.95984
    51.75942     52.55648     -8.10265
    42.63264     37.93166     -7.17018
    32.68920     27.41650    -10.43760
    41.06950     48.15990    -22.65070
    51.88533     52.44257     -7.62047
    51.93751     52.40825     -7.32915
    26.85109     38.77821    -12.72947
    56.15560     63.33370    -20.96360
    43.79859     35.24951    -13.93225
    32.51109     42.60823    -11.26823
    45.90623     59.32566    -16.49383
    40.73140     30.00080     -6.62840
    28.72240     33.36090    -21.77620
    34.25468     48.33019    -11.43770
    21.14541     23.45318    -10.56305
    26.77680     26.24690     -8.44700
    38.43990     52.98980    -10.40000
    38.39435     31.46009     -7.61030
    37.70132     49.42147    -13.20329
    54.61300     43.71910    -15.58420
    35.97220     35.29770     -7.24670
    48.76535     48.23705    -15.28919
    35.59189     37.11185    -14.62967
    28.97770     39.63573    -11.24392
    36.55730     20.97570    -22.42480
    51.74610     52.44449     -8.86225
    41.85913     29.31342     -7.61681
    51.06064     40.94239    -12.21443
    42.48480     32.09160    -14.74700
    57.32812     65.58195    -23.59644
    29.98150     19.03190    -22.11260
    39.93560     36.78020    -12.50270
    26.82814     38.45284    -10.11135
    42.56000     53.62470    -10.79050
    35.77211     28.19081    -13.03471
    35.39806     20.07857    -13.65688
    29.32129     20.42371    -13.19031
    42.73020     57.07150    -10.18100
    19.75703     23.58094     -9.34176
    35.45952     19.93556    -13.64933
    23.79778     35.66952    -11.88659
    42.49134     28.39816    -12.54345
    59.45470     56.11050    -10.11790
    23.52800     19.46980    -17.71530
    40.84571     38.40479     -9.32597
    52.66262     43.12804    -13.24757
    19.98042     23.64105     -9.36271
    48.71758     48.18941    -15.11446
    36.34840     28.48200     -9.93870
    48.18280     45.75510     -8.67390
    32.96240     26.56410    -20.26920
    49.50234     45.83539    -10.47795
    31.87280     20.59970    -17.55220
    41.84140     25.26080    -20.14920
    44.15820     51.70280    -22.33160
    33.35790     36.18270    -17.70980
    41.57177     28.95585     -8.20729
    18.95036     30.92753     -9.67705
    20.02410     22.10390     -7.02840
    23.85310     18.00990    -15.17350
    42.62466     30.03276     -8.25510
    29.19120     22.91110    -11.09790
    51.17520     44.58220    -11.26472
    29.25109     42.74413    -15.51570
    50.03530     44.92620    -13.30080
    16.24830     26.70990     -7.07820
    53.32338     54.77388     -8.03812
    53.32938     54.76367     -8.02196
    22.21750     20.82420     -9.62620
    37.82130     32.74550    -20.33430
    40.73700     52.99160    -11.98560
    36.67851     29.53590     -9.28886
    38.33250     26.83410     -7.76300
    29.13184     39.78375    -11.12822
    52.64877     41.39258    -14.05655
    26.55224     20.71167    -12.33970
    37.07849     30.71831    -18.54079
    26.47386     20.66546    -12.54378
    32.88900     42.85680    -13.01050
    45.37242     40.79963    -13.26630
    45.26605     46.33369    -26.61576
    43.33410     56.46680    -13.13940
    34.97370     17.34560     -5.57550
    33.64803     44.65181    -12.55260
    24.61870     19.79740    -14.35230
    36.50520     29.28750    -14.72760
    43.68769     36.36270     -8.29863
    21.13162     23.45717    -10.60321
    31.66103     26.53074    -10.95837
    47.66161     43.73190     -8.18794
    36.58574     24.37171     -8.95487
    36.58076     24.37262     -8.96027
    31.29430     30.16740     -7.57300
    20.78430     28.26350     -8.84910
    51.41240     51.50900     -9.36490
    36.04001     21.13922    -15.43370
    31.32727     43.75951     -9.59636
    21.59545     22.66931    -11.41263
    55.73221     56.26455    -14.56747
    55.73374     56.28826    -14.58754
    53.89041     55.84668     -8.67553
    39.32619     32.37388     -8.74178
    35.80585     20.02309    -17.50575
    56.64770     48.03960    -16.63710
    35.58972     27.88049    -11.77462
    28.68840     20.99970    -11.78360
    54.20356     53.17704    -11.72471
    27.50068     26.71361    -23.59550
    39.35023     32.37472     -8.73287
    27.50432     26.71779    -23.59840
    49.07484     42.08729    -10.33715
    39.88480     44.21870    -21.71450
    55.73689     56.30657    -14.60282
    41.99817     36.93207    -11.65878
    25.96771     20.52861    -13.31065
    37.36617     29.74721    -10.95471
    17.47130     26.22080    -16.68800
    42.65596     34.68315    -11.71548
    42.65252     34.70379    -11.72544
    23.19255     37.07171     -9.45572
    53.61249     52.48713     -8.41900
    37.91520     46.93580    -17.84970
    48.19468     50.29368    -12.08161
    50.22247     44.01899    -10.64188
    23.18780     21.37000    -10.45080
    43.52423     41.16203     -9.68606
    53.77800     45.82726    -13.46481
    21.08920     24.26700     -8.87600
    49.29868     34.96939     -9.36735
    21.55124     24.02657    -11.18057
    16.70280     28.13760     -8.25010
    35.42886     20.03264    -13.61009
    23.80242     35.67218    -11.88921
    38.88730     32.82940    -13.76680
    30.22980     15.70690    -15.74770
    43.42015     28.17604     -9.85093
    36.04073     21.13575    -15.45670
    35.16500     31.33740    -20.25100
    21.86010     30.31000    -12.24100
    48.79930     35.54502    -11.75619
    53.41544     50.14475    -11.83929
    45.79350     49.08670    -22.09160
    47.66537     43.73918     -8.21240
    31.39872     44.50305     -9.38460
    34.82790     33.64310     -7.66290
    23.13100     35.61900     -9.25200
    29.76979     43.37581    -13.05559
    43.37440     57.70320     -9.08090
    40.30490     24.11620     -6.60510
    46.73820     44.13290    -14.70880
    59.86512     52.35263    -10.42797
    51.89187     46.52642    -11.21687
    42.18690     38.59910    -13.81000
    50.01908     44.12456    -10.53507
    38.30370     23.94830     -8.91820
    52.33880     49.18170    -12.15110
    36.03914     21.13405    -15.47420
    32.35380     44.35800    -12.54240
    33.57890     25.99755    -10.94540
    31.62260     37.76740    -24.24120
    31.65670     26.49830    -13.11930
    41.31760     52.31690    -14.82860
    39.96140     37.24210     -9.47670
    53.39826     50.11646    -11.83765
    49.89517     57.92218    -23.96417
    18.02460     26.04035     -6.28409
    51.97980     66.01210    -13.33990
    18.46230     24.44990     -8.45210
    31.14515     42.59004    -13.54341
    27.74614     38.83916    -11.60995
    50.97420     64.75490    -13.94920
    52.62240     59.43380    -24.33510
    55.63239     64.45482    -22.34539
    39.75890     31.97410    -11.77980
    45.19922     37.89853    -13.14991
    26.29670     37.49390     -9.91120
    41.41570     53.02850     -7.48610
    45.56780     26.47630    -13.16380
    39.40110     40.90210     -9.53460
    30.33820     37.81790    -19.32930
    32.82340     36.71140     -9.76700
    40.62804     55.15271     -9.53574
    42.68243     30.40422     -7.96311
    39.18279     29.27230     -9.74009
    45.87200     42.71960    -10.18740
    49.07561     42.35024    -10.19464
    47.04469     45.06690     -9.20344
    26.45343     20.65618    -12.59023
    41.30960     24.86390    -11.86560
    29.68771     36.31346    -13.54703
    32.89318     22.17713    -10.46346
    48.25490     42.62854     -9.53633
    22.03019     25.94070    -11.72244
    33.04490     37.15200    -15.08230
    30.66160     41.06190    -14.08760
    37.81780     32.79150     -8.25670
    18.31941     31.37352     -8.72833
    30.75430     38.13270    -23.40750
    40.25120     26.42010     -8.33950
    44.10062     36.57702    -12.43055
    41.87152     29.48331     -7.48105
    41.86863     29.33323     -7.60979
    17.07823     27.44041     -5.47144
    18.40350     23.62630     -6.44820
    26.80580     38.54305    -12.38182
    35.57030     35.98860    -13.81830
    45.19750     36.58100     -8.19230
    47.04650     43.26580     -8.80150
    59.82824     52.31267    -10.27717
    39.34091     32.37388     -8.71910
    31.33029     44.35986     -9.48138
    19.30420     23.76400     -5.94350
    23.15820     21.42410     -5.53430
    30.78821     42.65091     -9.59967
    51.06538     44.57803    -11.19623
    51.82488     45.33589    -11.50607
    23.59760     29.32030    -13.29600
    42.67859     34.62689    -11.73103
    48.21655     42.61744     -9.77301
    34.92835     36.00894    -17.25625
    24.86780     14.60160     -8.73950
    41.56456     30.76906    -14.76661
    51.58092     58.18382    -19.01278
    41.77784     28.86173    -14.28361
    36.04020     21.13288    -15.45971
    23.18240     23.62950    -12.90730
    33.57773     25.99893    -10.94505
    29.57350     28.33810    -19.65320
    48.79140     41.78940    -15.56950
    39.40853     53.41569    -11.57684
    49.79440     54.26780    -26.21010
    51.49006     49.75585     -9.86273
    51.48962     49.75151     -9.88858
    51.48991     49.75146     -9.87613
    43.92220     35.09830     -8.69060
    64.62510     57.33450    -26.74960
    41.37213     29.40724    -16.75909
    40.41140     32.73367    -14.68709
    37.48920     37.95930    -10.00680
    30.24730      9.53290    -16.80930
    40.94655     27.15425     -8.11801
    42.79727     39.66956     -6.48419
    36.03917     21.13700    -15.45616
    43.91020     33.15360    -16.14580
    41.15710     25.76320    -17.02690
    30.90720     34.38270    -13.68510
    30.33991     32.12842    -16.13606
    56.27390     53.54740    -12.86100
    33.58380     46.17160    -13.62680
    16.49600     29.29630    -16.03870
    42.66418     34.39826    -11.54959
    53.74407     45.73226    -13.46776
    48.06789     39.97157    -14.70548
    33.57607     26.01263    -10.95117
    51.96177     52.40940     -7.10768
    40.35462     33.35645    -11.10585
    53.32779     54.77930     -8.00522
    29.65260     35.21490    -15.62790
    33.56667     26.02520    -10.95972
    56.09283     65.60911    -22.66324
    48.49574     49.56575    -11.51916
    47.53502     33.90813     -7.82295
    40.12900     23.35350    -20.44900
    22.88674     22.91833    -12.46375
    25.35550     39.39550    -15.87860
    23.45720     25.47900    -13.28050
    30.19360     15.51390    -22.92640
    28.38260     18.26430    -13.36990
    37.70836     21.23201    -17.09890
    19.93255     23.62360     -9.34820
    47.87122     35.17938     -7.48156
    26.75160     38.22064    -12.27684
    52.43970     64.98020    -23.98260
    32.50471     42.61397    -11.28767
    41.98760     42.60780    -23.76900
    45.37520     40.86217    -12.93991
    26.78937     38.49167     -9.54105
    45.37120     40.86602    -12.94593
    33.00160     37.30590    -17.48690
    45.03790     49.15630    -27.34960
    33.87230     31.44090    -13.88690
    41.92280     30.94300    -16.50350
    26.55420     20.71735    -12.30963
    31.24782     43.97058     -9.62153
    30.32796     32.13507    -16.13050
    40.92580     27.62060    -20.48360
    43.13800     38.74330     -8.40660
    37.77550     45.24520    -21.96600
    37.74650     30.73250    -21.58330
    49.01080     57.13290    -22.80250
    42.88980     26.81090    -14.48280
    52.02352     47.94778    -10.50161
    31.68982     35.88027    -15.42096
    31.70145     35.88224    -15.40374
    36.05150     36.83580    -16.65510
    43.61940     55.57070    -14.36970
    41.73150     38.22390     -6.33720
    45.54160     35.85340    -10.33930
    40.49014     32.83732    -14.79316
    42.46147     37.79692     -6.18762
    42.46328     28.55572    -11.99165
    37.57319     32.70001    -12.73555
    42.65567     33.99615    -11.58396
    46.61496     46.33107     -6.55283
    47.59170     37.77259     -9.62631
    40.49248     32.83622    -14.80074
    40.43722     32.76220    -14.71314
    50.41013     43.54722    -10.85148
    32.02910     31.05970     -8.60630
    31.45285     34.22810    -16.14490
    34.51110     24.52160    -19.07710
    53.07770     44.11508    -12.03626
    44.85100     42.72200     -5.11700
    55.23120     49.96620     -3.99030
    32.45150     26.30710     -7.97960
    39.20742     31.53297    -14.61237
    35.52687     18.40414    -14.43175
    48.08565     50.28510    -12.38048
    39.72199     54.15590    -10.47346
    35.16160     27.68090    -14.81930
    48.10476     50.28880    -12.33759
    33.38660     39.33160    -21.26650
    48.73470     61.40290    -11.50270
    35.90560     30.36360    -10.71670
    18.31991     31.36462     -8.70191
    44.07740     34.40930     -7.68060
    49.49489     45.78334    -10.39210
    41.86152     27.46395     -8.30256
    45.89797     59.31304    -16.49427
    27.69900     39.58950     -6.07220
    53.74856     45.74070    -13.46291
    36.85830     28.50460    -18.88580
    34.05280     30.90560     -8.18960
    28.72365     37.84274    -15.30358
    40.92780     36.06200     -8.53970
    33.58595     38.17216    -17.90772
    37.70019     49.43980    -13.39877
    36.14400     37.72220     -9.44070
    16.01460     27.88150    -21.06910
    30.77680     27.94290    -10.40010
    40.82424     34.24666    -10.27391
    39.92629     28.24784     -6.71875
    17.95554     25.99908     -5.86233
    50.39170     58.06940    -21.00940
    42.24710     39.81370     -9.89341
    41.02310     53.09650    -10.14700
    36.00140     21.04609    -15.67046
    25.52350     14.22830    -15.46170
    23.25280     28.10120     -9.25690
    31.03620     42.57010    -13.58899
    48.55670     34.15770    -11.53860
    32.99440     14.82930    -12.25890
    40.43020     35.66650    -12.96410
    50.52887     43.69217    -10.91680
    41.44500     25.02200     -7.22820
    36.04764     21.15093    -15.27551
    41.89600     44.71240    -16.53980
    40.44123     32.87686    -11.07493
    34.90980     46.92673    -12.23306
    47.47770     44.19900    -13.70570
    46.66749     39.58629    -14.27323
    25.50482     38.24919     -6.58887
    35.59531     37.12042    -14.63843
    30.05950     34.30720    -13.66450
    49.86885     43.60457    -10.36543
    47.67813     43.74161     -8.23670
    37.73580     28.16890    -15.18040
    37.53750     35.57940    -10.89980
    34.92662     36.00981    -17.25667
    42.69789     34.83223    -11.88425
    37.84686     31.36992    -11.03740
    43.83721     34.24477    -11.72708
    39.67990     45.18180    -19.60970
    25.58180     33.56560    -13.92480
    26.10068     38.50340    -12.74992
    53.06316     51.52420     -7.41921
    22.64780     24.30780     -8.40420
    43.62772     33.69480     -8.23705
    52.72790     53.25290     -7.06790
    49.07596     42.26929    -10.25031
    33.96131     44.16040    -10.00515
    55.63670     51.39410    -13.11830
    39.33762     32.37476     -8.76042
    20.84940     19.39410    -12.48970
    37.12710     19.25490    -13.25670
    38.40155     31.46071     -7.61120
    21.58498     22.68712    -11.47060
    39.41130     29.35850    -24.47000
    29.23350     19.06460    -10.50650
    43.63116     33.69533     -8.24116
    51.12380     41.97430    -14.62060
    43.79338     35.20864    -13.97443
    40.16624     55.21243    -10.42908
    30.85250     26.72530     -8.67040
    39.90656     28.19588     -6.77946
    39.12410     54.15180    -12.24050
    40.36550     34.36050    -14.79840
    20.01715     24.74202    -10.81352
    41.87789     29.47239     -7.47616
    36.04474     21.14498    -15.48108
    36.03959     21.13544    -15.42370
    49.13010     49.32940    -10.31950
    43.94640     28.53020    -14.08800
    28.82359     39.48681    -11.37265
    53.81820     51.38760     -9.57130
    23.58972     24.41303    -13.95857
    44.78650     33.24100    -14.99930
    53.29760     56.71430    -24.11930
    48.07491     39.98373    -14.69102
    41.77346     28.86537    -14.31247
    42.24201     39.73564     -9.84422
    53.05576     51.51623     -7.43246
    49.85750     46.81460    -14.13820
    26.76361     20.88246    -11.61043
    35.58150     29.23520    -10.18780
    52.17710     64.52120    -13.20430
    63.63890     59.54110    -21.47440
    43.87240     46.62340    -23.87660
    28.69250     38.77950    -13.45680
    41.91460     29.79770    -13.38820
    33.34084     47.42785    -11.88751
    51.90861     46.66058    -11.36126
    35.80220     28.99540    -18.40000
    50.21050     49.60490    -15.33280
    37.90478     41.27212    -18.40477
    37.36723     29.74059    -10.96449
    35.33779     30.55493    -12.87928
    49.22880     39.52600    -14.66970
    36.28803     25.60065     -8.48672
    35.34277     30.54733    -12.89583
    41.07930     38.99670    -13.70690
    18.08720     28.36950    -18.64750
    52.99221     48.05506    -12.48786
    48.78870     35.54093    -11.75719
    40.36930     28.90750    -11.08900
    48.08731     50.29556    -12.38872
    27.18821     38.90872    -12.46550
    57.84320     56.62030     -7.86500
    26.80121     38.70997    -12.64609
    59.59970     51.27030    -15.21760
    36.63240     51.07660     -5.95940
    42.18805     28.64763     -7.84601
    17.03949     27.39451     -5.48023
    32.89592     22.17907    -10.48604
    35.58510     32.54980     -7.27980
    38.44290     46.34840    -21.20660
    39.34200     34.16610    -12.78820
    23.13331     37.09934     -9.27782
    39.81800     33.21350    -19.45400
    35.21890     16.95400    -12.52680
    38.42350     27.61940    -15.55980
    48.80591     35.55403    -11.76319
    38.27440     28.36460    -17.94510
    33.90460     29.79770    -20.04260
    22.59080     34.26580    -11.52790
    35.24687     30.82914    -12.98190
    58.10880     48.58530     -9.03170
    51.85583     46.29266    -10.99772
    43.22306     31.79332     -8.32416
    22.37170     22.43420    -14.22210
    32.37460     46.64870    -12.03440
    42.41040     26.54643     -9.23953
    37.84068     31.35814    -11.02937
    40.71893     31.38693     -7.66705
    42.91500     31.80250    -17.05960
    41.94348     54.28171    -10.59169
    40.60200     44.28370    -25.14600
    43.63842     33.69177     -8.22589
    32.83460     26.90890     -6.82700
    42.32370     32.06870    -11.35800
    43.41330     36.47810    -13.21160
    24.95080     36.45080    -12.90720
    42.40573     26.53721     -9.22285
    33.37306     26.41872    -11.25363
    29.32695     20.44736    -13.17688
    33.55187     38.16543    -17.83932
    28.89630     24.24160    -22.32350
    49.30322     34.95941     -9.37805
    43.04447     32.84731    -13.68653
    26.49286     20.68213    -12.46885
    29.76945     36.32145    -13.50246
    55.73897     56.29189    -14.61403
    23.15033     37.08134     -9.32322
    32.51844     24.71504    -10.99079
    47.11350     57.17400    -19.60400
    36.69797     48.02856     -9.75461
    16.29530     25.38540    -13.04020
    52.06020     59.89710    -22.93630
    14.74470     26.86100    -13.31690
    41.28810     33.63060    -11.38810
    51.94980     52.42637     -7.21268
    54.22000     47.13320    -12.60330
    34.09500     14.30000     -5.67740
    37.33940     29.20870    -21.84140
    35.31170     42.41710    -24.22580
    40.42358     32.81021    -11.13763
    30.12750     13.82510    -22.58130
    49.41710     57.60880    -20.40500
    60.87755     54.62293    -24.11289
    52.17110     48.81070     -7.24050
    22.40970     21.39250    -11.10800
    45.75524     37.36597     -9.69008
    51.80985     41.86413    -12.67915
    40.91060     34.23550    -16.75230
    21.87920     21.46820    -19.03910
    45.26518     46.33700    -26.62087
    50.96330     47.55530     -7.77730
    25.71450     39.31980     -9.21900
    44.92470     31.47050    -10.29290
    35.52453     18.40226    -14.44325
    50.59538     64.48353    -23.91865
    46.61514     46.32183     -6.55477
    43.92690     43.35860    -25.81570
    43.22864     31.79458     -8.33074
    58.74370     56.50450    -10.61200
    48.31104     42.65613     -9.04222
    28.87483     39.53188    -11.31448
    50.68662     59.11768    -23.83849
    30.26833     19.45692    -12.65903
    45.71463     39.84253     -6.73554
    50.80449     40.73409    -12.13137
    48.95782     42.38180    -10.18870
    48.97154     42.36541    -10.16773
    36.27092     25.56521     -8.45840
    41.36478     29.39845    -16.77321
    25.08210     22.76080    -15.26680
    28.78740     41.21090     -5.31540
    42.49311     28.40134    -12.56251
    42.69283     37.88824     -7.60592
    49.73887     36.90154    -12.33648
    39.87120     35.15080    -13.55630
    55.58560     48.26350    -15.06370
    33.61360     25.91100    -10.88733
    38.23765     31.41158    -19.53501
    24.88740     35.81880    -12.08690
    36.51050     41.11700    -17.67680
    27.37580     19.40650    -13.56040
    43.61260     47.63450    -22.50900
    51.42868     45.10516    -11.12654
    57.58050     64.72880    -20.73380
    20.01413     24.74044    -10.83795
    37.94295     29.57595     -8.73535
    20.00702     24.73264    -10.81593
    30.22946     36.29658    -13.23561
    27.60050     32.67590    -17.18070
    48.44268     42.56335     -9.79330
    35.83562     27.80064    -12.74868
    47.62420     47.50910    -26.54980
    40.45487     32.46806    -11.21918
    32.49140     46.06630    -14.73250
    17.48246     26.19748     -8.60577
    44.50356     40.32523    -13.20817
    36.28260     48.65140    -11.37600
    38.92830     32.46170    -20.73760
    32.75480     44.79920     -8.86670
    41.09240     40.21000    -10.34990
    25.30922     21.19267    -12.82860
    31.65530     31.13650    -12.12480
    36.69930     22.92220     -7.11420
    55.24880     46.48730    -15.04450
    32.62776     45.13481    -13.62601
    35.74633     28.42007    -13.18581
    48.01820     39.04500    -10.59740
    48.31573     40.04631    -10.69859
    35.91500     29.45310    -13.74450
    45.81940     50.76700     -8.41320
    42.75618     28.73792    -10.57887
    39.94450     33.59470    -15.11710
    21.62608     24.17710    -11.40578
    40.86869     27.32779     -8.05787
    44.50064     40.32597    -13.22853
    37.47854     32.64854    -12.22238
    36.66890     25.06560    -12.30700
    49.71470     61.23100    -21.37650
    25.45570     37.62070    -12.37960
    33.55701     38.16227    -17.84978
    27.69856     38.84893    -11.64419
    28.60700     35.49150    -11.00160
    39.62240     33.09510    -16.80600
    35.74300     31.87480     -8.37430
    35.20723     20.27203    -13.86431
    30.12240     27.94340     -5.97000
    31.22390     22.78460     -7.89610
    29.63310     27.52730    -12.52930
    35.81607     19.98181    -17.65652
    34.06720     18.10510    -11.82880
    52.66058     43.12226    -13.26003
    15.16112     27.79016    -12.48582
    29.28591     33.56693    -11.54958
    31.75200     20.96740    -12.66180
    28.34960     22.73430    -11.34640
    36.71184     34.25157    -12.09429
    51.71787     45.32263    -11.33570
    34.72569     45.18437    -13.17033
    38.94700     35.32140     -8.27030
    29.68916     36.32255    -13.57406
    31.66424     21.75547    -11.39130
    31.66421     35.87304    -15.45658
    24.65100     21.18370    -14.69410
    29.28824     33.65572    -11.64273
    28.01250     36.51400    -17.31020
    25.43800     39.56780    -13.07590
    53.30030     40.94150    -15.02380
    46.68816     32.80098     -6.86945
    46.68241     32.79700     -6.87334
    46.69052     32.79801     -6.87320
    25.84970     37.40030     -8.33290
    46.00440     61.43460    -21.12490
    53.60831     52.49297     -8.41140
    29.25181     42.75077    -15.50620
    36.17300     48.72740     -8.15300
    46.99550     34.16610     -9.91470
    50.40448     43.47704    -10.87125
    18.17360     26.44880    -13.23670
    35.48920     49.55510     -6.83640
    53.08400     44.10522    -12.03454
    53.89449     55.83592     -8.67567
    54.29500     49.71630    -11.49200
    36.11270     45.26220    -17.48320
    44.42800     43.26040    -10.56210
    18.22420     26.13560    -10.30060
    45.27520     43.31500    -11.30130
    29.75447     36.31027    -13.52990
    37.58011     32.68829    -12.79457
    35.49144     27.89931    -11.27067
    43.43214     28.18796     -9.90667
    27.78770     28.79800    -19.31580
    54.20714     53.16416    -11.73329
    33.41670     41.00530    -19.54690
    47.67550     35.34070    -11.09520
    35.40960     36.15610     -7.26410
    52.56343     41.16234    -13.88064
    26.66718     38.51894    -12.42909
    23.60000     24.41925    -13.94749
    35.15930     33.41870    -13.77510
    29.78261     36.30853    -13.49411
    39.22560     43.62550    -27.10760
    45.74346     37.36113     -9.67762
    42.64220     57.91170    -11.87480
    58.27590     48.50580    -21.62960
    15.16458     27.79744    -12.50538
    46.26770     43.43050     -7.28680
    31.46180     34.22738    -16.17639
    50.19946     44.32548    -10.60681
    41.31240     33.17750     -8.21680
    34.84119     45.77632     -9.18689
    41.85557     29.31138     -7.63708
    31.14047     42.59071    -13.52870
    42.34845     33.63835    -12.24916
    36.04066     21.13220    -15.42416
    35.74097     28.00076    -12.65576
    34.90822     36.72511    -14.12230
    45.42410     53.69910    -18.28400
    33.57340     31.86200    -10.78330
    36.47630     26.76740    -12.25440
    34.90020     46.92447    -12.24564
    51.91336     46.66624    -11.34356
    35.54890     23.84040    -10.64570
    23.16380     34.64120    -10.43160
    22.02779     25.95819    -11.72123
    43.80180     33.95610    -13.87500
    25.37660     34.78060     -9.73300
    33.47690     25.76140     -8.52640
    59.74138     54.17330    -21.66542
    59.75062     54.17880    -21.68928
    42.65293     28.79950    -10.76256
    42.70798     28.82468    -10.59301
    42.35764     33.67585    -12.20188
    18.13660     24.28790    -14.47240
    20.10430     22.30070    -18.06400
    31.65200     37.81280    -17.97280
    41.96370     34.84260    -13.72640
    37.71514     21.22539    -17.10080
    23.89830     23.17180    -12.25690
    51.70555     45.36540    -11.24538
    29.13887     39.81262    -11.14012
    32.62735     45.13174    -13.60650
    32.62935     45.13674    -13.60635
    33.47138     38.15559    -17.64024
    33.98590     27.81760    -10.62090
    35.86932     46.68535     -9.40851
    23.98760     27.03520    -18.04650
    22.81554     35.75008    -11.42834
    50.33544     43.54229    -10.80149
    37.84026     31.36524    -11.02223
    42.88000     34.81665     -7.72359
    42.67606     28.80943    -10.70707
    51.26749     51.00703     -7.37490
    43.55830     40.48090     -4.81850
    16.72220     26.36500     -9.86960
    43.81716     35.23284    -13.94962
    33.94190     48.43720     -9.26220
    25.31248     21.19063    -12.81250
    23.14593     37.08822     -9.32315
    29.99220     36.15260    -15.69850
    36.78370     30.24430     -7.26690
    27.46950     21.05010    -13.79130
    22.11080     35.81240    -10.03390
    34.34260     25.38720     -8.32890
    47.85978     35.18172     -7.49744
    34.60750     38.02690    -21.63930
    18.95114     30.93337     -9.69215
    43.83349     34.24513    -11.73072
    63.63940     57.09060    -22.95500
    37.89880     44.14197    -23.53658
    28.79540     42.26900     -5.23270
    54.95650     45.64500     -8.92050
    40.02920     31.29820     -9.37230
    47.58549     37.77119     -9.64844
    33.23793     32.65696     -7.70418
    29.67913     36.32654    -13.61108
    35.09180     33.91190    -18.83450
    27.59413     38.89085    -11.82850
    47.53238     33.91687     -7.80665
    38.81100     22.74720    -10.33140
    37.35889     32.57956    -11.54934
    41.17830     32.06140    -12.24380
    48.03750     49.49930    -22.54640
    39.49331     27.73305    -14.64112
    40.27514     33.57438    -11.24713
    37.03918     27.16658    -22.03299
    19.53190     29.85280     -9.96690
    34.69810     33.59550    -16.31990
    35.81261     20.23726    -17.06222
    50.87557     44.54521    -11.03968
    42.60647     34.42874    -11.68079
    31.18762     42.59598    -13.50922
    35.16094     31.25104    -13.23648
    49.81376     44.30658    -10.50884
    34.34070     45.23720    -10.94800
    32.04260     44.71850     -5.76230
    32.26410     14.60940     -8.98340
    49.02166     44.18929    -12.71906
    46.91000     34.96830    -10.59250
    56.11370     65.20130    -24.32300
    54.04540     50.53200     -8.91750
    36.69267     48.04288     -9.74304
    25.23250     22.06810    -12.32240
    34.69492     45.17716    -13.16610
    48.69890     45.74370    -18.25660
    27.16220     41.81880     -6.56650
    39.99460     35.01500    -10.09830
    44.90560     42.74629     -7.69941
    18.70050     31.93540     -7.73090
    22.41080     34.20410    -13.61540
    36.68717     29.53416     -9.30505
    18.52950     28.89560     -9.05130
    24.61980     38.97760    -13.19020
    26.39935     20.63483    -12.67798
    35.86826     46.74521     -9.42095
    48.77180     35.51279    -11.74973
    40.91090     38.51358     -9.40496
    22.82196     35.75412    -11.44176
    35.60650     34.44040     -8.91420
    28.71105     37.84506    -15.29572
    34.95460     29.07880    -16.89440
    38.19730     27.22970    -12.56530
    18.82420     23.49530    -13.60770
    22.09320     20.36050    -13.91980
    50.86240     63.58390    -10.17290
    43.41123     28.17117     -9.82511
    28.47760     34.78550    -12.31300
    36.58524     24.36882     -8.96251
    26.85402     20.86928    -11.75280
    58.57903     48.98217    -10.47893
    45.71177     39.85317     -6.73166
    39.32370     35.12960    -22.01330
    25.71730     24.01840    -14.62910
    47.03571     45.06800     -9.21816
    34.02684     43.03551    -17.38006
    23.89290     30.19230    -17.38090
    31.16821     43.83164     -9.73225
    46.66306     39.58246    -14.27531
    55.73565     56.28112    -14.58366
    59.65050     54.93570    -20.09180
    58.58047     48.98113    -10.46457
    56.12880     66.11570    -20.89740
    51.22587     38.93243    -13.14693
    43.68331     36.37002     -8.32205
    41.24120     51.32250    -16.82890
    40.14180     50.56540    -15.18710
    46.31780     59.10500    -13.12020
    19.95579     23.63146     -9.36524
    19.95639     23.63032     -9.34075
    37.70011     49.40624    -13.13204
    49.62000     41.68430    -14.51880
    26.84819     38.41970    -10.94567
    29.11120     15.29010    -10.75820
    51.22668     38.93644    -13.14107
    31.49508     34.23014    -16.05420
    46.04730     45.19440     -7.92790
    48.74786     48.21902    -15.23311
    50.08300     56.19730     -9.08960
    34.02796     43.03259    -17.39064
    42.70148     37.85721     -7.57258
    48.49206     49.56635    -11.51224
    19.44520     22.35050     -8.15680
    31.65407     26.52196    -10.97353
    24.11910     31.65590    -14.19770
    48.23018     42.62583     -9.65861
    51.58458     58.19138    -18.99102
    29.89900     39.27480    -15.11640
    34.53285     31.05373    -10.45472
    34.72744     45.19292    -13.19455
    38.65150     30.00710    -10.12700
    34.26352     48.33520    -11.41427
    21.09286     23.46796    -10.71546
    50.99936     40.83869    -12.23686
    40.98180     37.92530    -10.96230
    18.66220     28.18290    -10.38880
    41.27065     35.33362    -11.77053
    25.61195     22.64044    -13.36115
    54.00120     64.80940    -19.34930
    50.52176     45.71616    -11.10987
    38.24405     31.40132    -19.51949
    30.50810     19.00410     -7.59800
    40.97570     38.62074     -9.48908
    42.25724     33.57732    -12.43322
    50.68118     59.12222    -23.81701
    26.66056     38.58300    -12.60219
    32.45946     24.84613    -10.80488
    19.91350     26.11470     -7.88740
    50.26495     43.63429    -10.68901
    25.50358     38.23871     -6.58553
    51.07740     53.31000    -15.06350
    41.26985     35.32468    -11.76317
    56.56050     60.99320    -19.21710
    37.85840     28.20460    -11.24300
    41.91845     54.27700    -10.50247
    45.03290     31.48270    -15.08140
    52.15470     38.42500    -10.76880
    33.35266     47.42415    -11.89079
    58.97410     64.07940    -21.15830
    37.90080     44.14793    -23.53972
    37.59620     40.27070    -19.39160
    50.60707     56.87861    -25.28033
    45.19418     37.90767    -13.16749
    27.23190     17.19050    -14.70600
    53.36724     43.90795    -13.94677
    45.85810     52.15090    -21.02200
    37.25960     27.95640    -22.01910
    19.13168     31.02701     -7.03182
    32.05500     23.83890    -10.58500
    42.86980     34.82435     -7.70671
    17.98587     26.07133     -6.16452
    54.65914     49.97350    -13.53738
    43.14430     38.52590    -12.33230
    16.96380     23.96540    -10.14870
    42.26550     42.03173     -9.23973
    26.80230     12.92620     -8.95300
    49.74949     36.85720    -12.31721
    34.81330     49.53270     -5.64460
    40.83503     27.41535     -8.01797
    32.99360     28.94420    -10.75110
    50.18317     43.81808    -10.66381
    32.34775     25.08787    -10.47106
    43.39147     28.19294     -9.82098
    41.77979     28.87011    -14.28282
    15.83380     25.39500     -6.60680
    51.33430     57.48930    -23.73610
    37.58385     32.68281    -12.78438
    33.70017     44.66779    -12.65281
    31.53198     43.56999     -9.47256
    46.83490     37.87160    -15.19710
    35.16563     31.09814    -13.10153
    44.85057     42.72503     -7.62843
    42.78005     37.55741     -7.82486
    38.78060     41.50510    -18.19780
    36.03832     21.13473    -15.47642
    51.99915     52.40668     -7.03948
    20.62090     25.06050    -19.23630
    33.84229     44.74616    -12.75576
    53.48750     42.70070    -14.91330
    33.56158     38.16895    -17.86746
    64.60260     55.96750    -25.49600
    57.67558     47.79056    -16.97875
    26.74049     38.45743    -12.30230
    55.10430     56.03850     -8.77580
    33.96406     26.33172    -20.44034
    21.57509     22.72238    -11.58765
    22.82200     26.60730    -12.68810
    19.21470     27.23210     -6.58750
    19.58646     27.41827    -14.38728
    28.08980     24.34570    -15.65960
    34.87390     32.59390     -6.96700
    25.12850     32.76800    -17.31850
    21.57714     22.70577    -11.52721
    54.86542     47.02037    -13.75950
    48.74850     56.08120    -23.80340
    34.86110     25.91790    -13.95890
    49.30620     64.84760    -26.27330
    31.26960     42.03460    -10.31950
    23.59858     24.42122    -13.95033
    60.42100     50.59010    -20.36510
    51.73316     52.52958     -8.42199
    35.56916     29.23362    -10.19007
    19.07150     25.24200     -9.09370
    52.86470     46.89590    -11.89150
    40.02470     24.98110    -13.12710
    21.62661     24.18331    -11.40902
    49.88573     57.91882    -23.93923
    58.90550     50.36640    -17.29480
    43.05960     37.79990    -12.10010
    24.61480     34.10060    -14.12640
    25.89790     32.00640    -13.19250
    31.33950     24.58480     -7.06100
    59.48891     50.91206    -10.47337
    52.59736     41.25353    -13.95546
    41.98180     36.89059    -11.69852
    42.40290     27.14730    -11.33240
    31.37160     34.32400     -9.00520
    50.19370     62.41980    -26.10540
    40.54080     41.92350    -11.80240
    47.95640     38.70150    -15.20240
    18.09360     27.16690     -5.57140
    30.32849     32.13383    -16.12853
    52.98629     48.06334    -12.46814
    19.13152     31.02279     -7.00138
    51.08386     41.02252    -12.17565
    34.52701     31.06368    -10.42973
    35.86143     46.69684     -9.34421
    33.97029     44.16430     -9.99895
    44.37590     30.46530    -13.50520
    29.32205     20.42769    -13.19934
    43.81826     35.23911    -13.94445
    28.35046     25.00202    -14.08229
    49.83630     62.97820    -21.28470
    59.48659     50.90354    -10.47633
    38.40650     49.43370    -10.64190
    49.03054     44.17821    -12.73234
    41.00810     31.56480    -19.21380
    30.27314     19.45367    -12.68334
    53.72907     45.68993    -13.46228
    17.96386     27.93195     -7.58648
    39.77640     26.12720    -22.34250
    37.56120     24.48320     -6.56660
    40.81704     34.24741    -10.27216
    51.53450     42.60210    -12.15950
    30.33125     32.13389    -16.12841
    45.73745     42.08814     -7.67562
    42.79873     39.65734     -6.47081
    49.18800     42.41928    -10.04497
    39.82010     45.91080    -17.82930
