    43.52342     41.15778     -9.68950
    28.78920     42.20030     -7.79720
    39.09470     36.69140     -8.59910
    39.33602     32.37395     -8.75303
    40.11973     32.32213    -14.22796
    43.53137     41.16311     -9.70807
    55.82133     57.28744     -9.83120
    33.30580     17.84170    -15.31120
    52.60193     41.26602    -13.96425
    40.46809     32.80170    -14.75268
    37.71450     27.26970     -8.92110
    43.69324     36.36237     -8.29979
    41.88987     29.33240     -7.58233
    41.49530     50.84940    -19.94120
    42.51180     40.97500    -13.80150
    51.81253     40.20834    -12.32977
    35.83890     21.28830    -22.06900
    53.36496     43.90268    -13.94274
    31.42610     37.57310    -15.99920
    50.62280     64.47660    -16.25290
    19.53950     28.14292     -8.12214
    46.66130     39.58156    -14.26854
    42.03484     37.06221    -11.48064
    49.00420     42.72730    -15.12510
    40.42211     55.16856     -9.94817
    33.85020     20.85440    -17.85220
    40.39924     55.17202     -9.99100
    19.53910     28.14288     -8.12266
    42.60549     28.73381    -11.07569
    22.41520     22.65730     -9.38360
    39.49301     27.73294    -14.62110
    26.55545     20.73250    -12.25627
    35.36578     36.98136    -14.46242
    35.39348     36.99580    -14.48406
    38.07680     31.82080    -14.85930
    33.09049     46.21015     -9.41170
    42.61540     39.20370    -12.64280
    49.09069     41.67511    -10.54840
    25.44923     20.89593    -10.32223
    53.39611     50.11854    -11.83873
    39.66368     39.17048     -8.58580
    32.26050     23.49600     -7.53170
    33.07421     46.18764     -9.52582
    41.85955     27.46727     -8.30656
    40.85910     27.34521     -8.07007
    47.52370     36.89560    -10.84190
    56.20380     62.35240    -17.98270
    42.24617     39.75501     -9.86757
    28.37070     40.67040    -13.65690
    48.32037     40.05308    -10.69386
    26.34739     38.57644    -12.74826
    34.88110     31.81330    -15.48400
    30.24065     19.45436    -12.68984
    31.45039     43.62558     -9.49523
    49.61920     48.86400     -8.04130
    39.20505     31.52693    -14.60782
    34.02077     20.85034    -11.82613
    34.93250     18.55510     -9.84340
    46.50560     40.92520    -10.37440
    25.44897     20.89777    -10.32397
    40.14787     28.65895     -8.30539
    40.14843     28.65835     -8.30551
    28.55040     22.23620    -13.10380
    43.92220     52.07090    -24.33980
    32.46250     22.66190    -12.75660
    20.07046     22.55092     -9.77436
    49.59680     37.17130     -8.03180
    48.31982     40.05275    -10.69426
    30.44380     29.95390     -7.83580
    43.52925     41.16209     -9.70272
    44.85030     47.70500     -5.77110
    57.31858     65.58692    -23.58098
    42.74042     34.88639    -12.09323
    34.92604     36.01195    -17.26353
    42.67352     30.34068     -8.00973
    42.67277     30.33439     -8.01418
    37.74590     26.71980    -18.65540
    40.37840     31.45620    -12.25050
    52.01830     47.95427    -10.49894
    63.40510     57.52930    -24.39110
    52.25920     46.10750     -8.11370
    41.30010     36.23470    -22.85650
    50.36933     37.65058    -12.60853
    36.58271     24.37292     -8.96721
    42.30095     33.61441    -12.34006
    42.32729     33.64932    -12.28449
    46.07579     43.28239     -7.47753
    35.52955     27.89657    -11.47562
    51.80578     41.86730    -12.68895
    55.32970     50.29490    -13.58700
    32.36700     22.73850     -9.41360
    41.91020     56.49160    -10.16880
    55.63283     64.45631    -22.35939
    55.63263     64.45774    -22.35696
    55.63274     64.45784    -22.35701
    21.18495     23.52596    -10.66650
    36.53060     30.71140    -12.32960
    55.63248     64.45643    -22.35641
    33.30506     20.18090    -12.79825
    33.30400     20.18178    -12.79831
    33.30473     20.18162    -12.79824
    53.74620     49.22670    -11.74510
    50.59827     64.47702    -23.91905
    38.46590     36.20860     -7.86160
    30.65410     37.20860    -13.55440
    45.45240     34.36470     -9.65390
    42.60607     37.87426     -6.98396
    42.56834     28.67455    -11.36743
    37.76880     28.98520    -14.37940
    25.26470     35.40590     -8.72060
    57.31714     65.58731    -23.57556
    18.84880     25.10670     -7.24980
    24.23920     33.24920    -13.86520
    39.18560     26.66160    -12.13460
    55.82146     57.28740     -9.82852
    18.74560     28.38570     -6.94130
    55.82153     57.28758     -9.82812
    55.82168     57.28789     -9.82846
    52.45088     51.55527     -9.75386
    47.70320     45.95270    -14.10210
    40.27324     33.52627    -11.28395
    32.73970     25.93380    -17.92810
    36.69796     48.02130     -9.76589
    33.55387     38.16551    -17.84291
    21.30180     23.69079    -10.84178
    51.26925     44.85357    -11.19078
    20.06460     22.85260     -7.47730
    45.96181     43.24531     -7.51082
    29.03240     25.43170    -13.00510
    32.90660     31.78430     -6.87190
    26.56264     20.73647    -12.23969
    29.45460     41.52220    -10.40850
    50.30983     40.43112    -11.91271
    30.26400     41.81480     -9.64650
    48.80273     35.55353    -11.75978
    32.63135     45.13277    -13.61273
    59.83197     52.32456    -10.29972
    34.02033     20.84996    -11.82947
    31.28460     43.77572     -9.62246
    46.20570     32.72890    -11.25580
    50.52444     45.71867    -11.12612
    52.60142     41.26336    -13.96330
    33.95637     26.32695    -20.44351
    57.78140     45.95380    -19.94950
    58.41314     47.54178    -11.12744
    53.06141     51.52667     -7.41838
    18.67370     24.49300    -17.50850
    42.65330     37.84240     -7.25477
    32.58410     28.10750    -21.45320
    37.33948     32.57019    -11.45525
    34.17950     22.68200    -16.91630
    43.25650     34.51280     -9.97920
    53.08128     51.54249     -7.40730
    31.53692     43.55152     -9.43497
    42.17065     28.69239     -7.83738
    48.21850     44.87510    -16.80700
    33.37286     44.53053    -12.14637
    17.96471     27.93017     -7.56817
    36.89860     25.25720     -9.77340
    36.09120     31.10600    -21.94950
    42.24123     42.06780     -9.20231
    45.23159     42.97483     -7.63843
    51.48995     49.75148     -9.88255
    34.83544     45.78207     -9.19419
    53.32306     54.76775     -8.02854
    42.40600     26.54403     -9.23228
    50.36917     37.65062    -12.60797
    31.24351     43.81856     -9.65860
    33.31830     15.36970    -29.73350
    34.83826     45.78388     -9.19705
    39.27300     33.66610    -10.49120
    49.31240     57.36660    -24.91240
    35.38390     20.09189    -13.66337
    35.38723     20.08519    -13.66718
    39.19071     29.27333     -9.74108
    43.71230     42.22020    -10.05090
    39.91537     28.22274     -6.75003
    38.50660     34.28780    -14.59280
    48.13980     62.62900    -16.83150
    29.77416     43.37402    -13.03990
    43.41417     28.18174     -9.84805
    43.79391     35.23066    -13.94258
    25.60788     22.64332    -13.36837
    58.02680     56.46750    -10.19170
    41.92380     46.97900    -10.85520
    56.69980     52.80560     -9.72560
    42.68962     30.43502     -7.94351
    50.61111     56.88249    -25.28236
    45.73917     42.08895     -7.66895
    21.16486     23.50032    -10.63898
    33.59720     24.69260     -9.42220
    31.45530     35.89290    -12.17470
    42.00002     29.06393     -7.69792
    52.44751     51.56074     -9.74603
    36.71323     34.25648    -12.09350
    40.77962     54.33599     -8.58378
    23.36830     32.83080    -13.76790
    33.77210     36.87920    -15.91220
    20.96570     25.33730    -10.77470
    39.73105     54.15837    -10.51449
    37.70505     49.40623    -13.13547
    35.74872     28.25936    -13.01261
    48.89590     49.17800     -6.85120
    35.52685     37.07220    -14.58357
    25.56560     24.15150    -16.35860
    45.12479     42.91432     -7.66558
    31.18540     46.23060    -15.59000
    19.58347     27.42197    -14.39183
    46.46720     44.59930    -16.69510
    38.66770     30.50110    -14.48330
    23.59260     34.84070    -14.41390
    30.94220     23.06340    -14.43650
    35.86460     50.13430     -8.09360
    46.76820     37.76060    -12.27300
    51.67152     45.29452    -11.29428
    56.08695     65.61397    -22.66291
    33.16640     41.19940     -6.84530
    31.68130     13.26550    -28.55530
    42.43180     32.52240     -7.41580
    36.90690     24.60850    -16.54050
    31.66620     21.75253    -11.38964
    23.14837     37.08721     -9.32315
    47.59007     37.77207     -9.63336
    34.53381     31.05600    -10.45552
    55.90230     62.32160    -24.12560
    26.50735     20.70362    -12.39226
    26.74047     20.91216    -11.46517
    42.62909     28.75677    -10.94974
    40.78138     54.33601     -8.58562
    34.83642     45.78371     -9.19513
    44.75430     36.00940    -12.21760
    26.67570     23.94420    -17.96450
    33.55460     38.16474    -17.84031
    37.94381     29.57744     -8.72360
    30.78740     42.64855     -9.60658
    46.23380     38.35080    -14.62660
    24.24120     33.24840    -13.86640
    42.58579     28.67698    -11.32442
    37.90876     41.26940    -18.39764
    52.01947     47.95407    -10.50018
    34.26298     48.33128    -11.42803
    31.14367     42.59142    -13.53547
    41.41930     36.94940     -7.92720
    17.06836     27.42442     -5.46305
    43.78490     35.22898    -13.93426
    49.74631     36.85692    -12.31775
    49.74603     36.85686    -12.31757
    34.94449     36.74507    -14.13691
    31.45920     45.83530    -14.20260
    36.05690     31.93960    -12.23170
    35.38804     20.08338    -13.66569
    41.73940     31.51360    -13.10320
    46.33920     54.49780     -6.72030
    49.49185     45.77508    -10.38447
    45.07280     38.72260     -7.24850
    40.71210     29.26760    -14.61570
    35.38928     20.08493    -13.65824
    17.98275     26.07911     -6.17130
    60.87405     54.62112    -24.10305
    35.38843     20.08129    -13.66701
    33.06113     46.21179     -9.40781
    27.21540     11.38560     -5.57460
    21.58537     22.68839    -11.48067
    21.58617     22.68603    -11.47116
    45.22893     42.97101     -7.64067
    42.24504     42.06088     -9.20950
    35.39053     20.07946    -13.66506
    31.34023     43.72939     -9.58309
    17.86890     33.31230     -3.54400
    29.28861     33.61729    -11.60136
    34.27820     23.30980    -10.11930
    46.91680     37.05580     -7.52600
    39.40672     53.41593    -11.58648
    51.13374     44.71135    -11.15499
    53.40424     50.13415    -11.84697
    34.43110     43.09450    -20.58980
    22.03180     25.95794    -11.71093
    27.05587     38.68361    -12.24562
    20.07124     22.55168     -9.77594
    36.27957     25.57845     -8.46699
    27.41762     38.84848    -12.04403
    36.27432     25.57247     -8.46906
    29.59280     44.43680    -13.51140
    41.55922     30.76974    -14.76992
    33.00540     46.23706     -9.29105
    35.38348     20.08814    -13.66887
    42.24591     39.74727     -9.86611
    39.73295     54.15870    -10.52481
    58.41276     47.54042    -11.12576
    20.78460     29.74560     -9.72620
    43.24610     44.68840    -18.05850
    56.67740     60.55160     -9.56270
    43.04634     32.84163    -13.67618
    50.90753     40.79458    -12.18172
    40.79726     34.21621    -10.30110
    23.84950     21.80500    -18.29680
    50.27213     43.69099    -10.73540
    33.24385     32.65443     -7.69406
    35.40965     20.06080    -13.64537
    37.04459     27.16368    -22.02767
    35.85640     46.71372     -9.34527
    37.25860     26.01720     -9.38420
    40.87046     27.33301     -8.04984
    41.79730     32.87170     -6.98840
    31.44509     34.22570    -16.15098
    42.03933     37.07587    -11.46390
    54.65600     49.98003    -13.53156
    26.62392     20.77430    -12.06858
    49.47780     46.84670     -7.65100
    30.98020     30.79970    -11.61570
    26.47936     20.68819    -12.45516
    53.06646     51.52217     -7.42142
    45.21938     42.96490     -7.64117
    28.35257     25.00372    -14.08946
    37.08469     30.71406    -18.53215
    33.66459     26.68551     -8.82051
    30.84520     37.29310    -22.59600
    18.32070     31.36812     -8.71552
    40.54860     38.45990    -19.46670
    26.61308     38.60197    -12.59965
    36.07480     27.07360    -21.39060
    51.11671     41.04618    -12.19631
    30.13360     42.60420     -4.39510
    49.26380     42.70740    -13.37530
    41.36580     29.40244    -16.77203
    23.70370     37.25600     -7.08850
    45.26250     46.33072    -26.61468
    40.71815     31.38747     -7.66533
    54.87227     47.02023    -13.75096
    42.59133     28.69040    -11.26740
    59.83583     52.32780    -10.31444
    26.46676     20.68057    -12.49149
    36.68348     29.53279     -9.29830
    33.53690     47.00590    -14.03660
    44.09842     36.57127    -12.41863
    49.74570     36.85696    -12.31563
    26.46830     20.68039    -12.48829
    52.05830     52.08280    -12.49850
    46.12103     43.22510     -7.55814
    51.83826     52.42709     -8.17902
    51.86801     52.44060     -7.81532
    42.65057     37.83745     -7.24787
    51.26280     51.00178     -7.37954
    41.37620     26.79190    -13.86710
    51.86574     52.44063     -7.82121
    42.65343     37.83885     -7.26199
    45.47530     58.13070    -13.98000
    51.81297     40.20756    -12.32553
    39.66392     39.17032     -8.58550
    51.07440     64.27430    -26.02480
    45.68870     59.75300     -9.77230
    23.14689     37.08695     -9.32118
    33.66391     26.68649     -8.82219
    43.59060     41.33300    -13.38000
    48.00910     42.82540    -15.32550
    40.86344     27.36199     -8.01568
    50.57609     43.16775    -11.16885
    46.53930     48.89540    -29.01360
    51.22519     38.93542    -13.14357
    42.14833     28.74040     -7.82203
    34.53357     31.05582    -10.45198
    34.39270     46.57750    -10.45350
    41.93326     54.28122    -10.55234
    41.99400     25.30230    -10.42310
    26.76010     18.81160     -7.32450
    35.57775     29.23091    -10.18295
    57.67469     47.79072    -16.97652
    33.95617     26.32722    -20.44688
    39.61860     26.99760     -5.94330
    28.66000     27.01520    -12.69600
    22.88394     22.91875    -12.47177
    17.48394     26.19813     -8.60924
    49.09000     41.72104    -10.52659
    42.12348     37.35493    -11.10974
    51.66160     51.57890     -5.51110
    34.53283     31.05593    -10.45322
    25.31040     35.08090     -6.68600
    27.33364     38.90076    -12.25451
    32.45158     24.86436    -10.78030
    54.86480     59.73460     -8.00220
    29.32103     20.42215    -13.19923
    50.35190     40.45809    -11.93094
    29.78310     42.14760     -6.74570
    59.01260     51.52240     -8.65790
    50.77531     42.76840    -11.51883
    51.86460     52.43721     -7.84429
    51.81621     52.46940     -8.09060
    42.63321     37.87604     -7.16296
    32.68920     27.41650    -10.43760
    41.06950     48.15990    -22.65070
    51.87082     52.43891     -7.79477
    51.90035     52.42926     -7.58152
    26.86627     38.69420    -12.50973
    56.15560     63.33370    -20.96360
    43.79411     35.23321    -13.93979
    32.50837     42.61068    -11.27653
    45.90270     59.32027    -16.49402
    40.73140     30.00080     -6.62840
    28.72240     33.36090    -21.77620
    34.26102     48.33139    -11.42905
    21.16598     23.49887    -10.63596
    26.77680     26.24690     -8.44700
    38.43990     52.98980    -10.40000
    38.39742     31.46035     -7.61068
    37.70333     49.41268    -13.17377
    54.61300     43.71910    -15.58420
    35.97220     35.29770     -7.24670
    48.74677     48.21835    -15.22348
    35.48153     37.04707    -14.55004
    28.98737     39.64768    -11.24057
    36.55730     20.97570    -22.42480
    51.77313     52.44780     -8.62035
    41.93312     29.12704     -7.70890
    51.01941     40.91416    -12.19887
    42.48480     32.09160    -14.74700
    57.31995     65.58606    -23.58198
    29.98150     19.03190    -22.11260
    39.93560     36.78020    -12.50270
    26.81867     38.45916    -10.10270
    42.56000     53.62470    -10.79050
    35.76402     28.16734    -12.95500
    35.38811     20.08347    -13.66612
    29.32169     20.42518    -13.19523
    42.73020     57.07150    -10.18100
    19.88818     23.61403     -9.34942
    35.41682     20.03832    -13.64847
    23.79976     35.67066    -11.88771
    42.48602     28.45544    -12.34387
    59.45470     56.11050    -10.11790
    23.52800     19.46980    -17.71530
    40.88948     38.47767     -9.37992
    52.66175     43.12557    -13.25289
    19.92455     23.62396     -9.35312
    48.73980     48.21140    -15.19799
    36.34840     28.48200     -9.93870
    48.18280     45.75510     -8.67390
    32.96240     26.56410    -20.26920
    49.49469     45.79049    -10.40786
    31.87280     20.59970    -17.55220
    41.84140     25.26080    -20.14920
    44.15820     51.70280    -22.33160
    33.35790     36.18270    -17.70980
    41.57177     28.95585     -8.20729
    18.95069     30.93002     -9.68350
    20.02410     22.10390     -7.02840
    23.85310     18.00990    -15.17350
    42.62466     30.03276     -8.25510
    29.19120     22.91110    -11.09790
    51.13065     44.64635    -11.19317
    29.25140     42.74697    -15.51164
    50.03530     44.92620    -13.30080
    16.24830     26.70990     -7.07820
    53.32409     54.76982     -8.02818
    53.32497     54.76833     -8.02582
    22.21750     20.82420     -9.62620
    37.82130     32.74550    -20.33430
    40.73700     52.99160    -11.98560
    36.68263     29.53368     -9.29667
    38.33250     26.83410     -7.76300
    29.00986     39.66928    -11.22369
    52.61437     41.29909    -13.98933
    26.55679     20.73149    -12.25947
    37.08311     30.71514    -18.53435
    26.50597     20.70224    -12.39853
    32.88900     42.85680    -13.01050
    45.37287     40.83633    -13.08217
    45.26362     46.33205    -26.61554
    43.33410     56.46680    -13.13940
    34.97370     17.34560     -5.57550
    33.62483     44.64193    -12.50641
    24.61870     19.79740    -14.35230
    36.50520     29.28750    -14.72760
    43.69094     36.36319     -8.30166
    21.16397     23.49945    -10.64182
    31.65806     26.52699    -10.96484
    47.66738     43.73674     -8.20879
    36.58346     24.37226     -8.96333
    36.58274     24.37239     -8.96412
    31.29430     30.16740     -7.57300
    20.78430     28.26350     -8.84910
    51.41240     51.50900     -9.36490
    36.03789     21.13104    -15.45386
    31.34230     43.79209     -9.57135
    21.58668     22.68632    -11.47124
    55.73501     56.28328    -14.58766
    55.73523     56.28674    -14.59058
    53.89215     55.84209     -8.67559
    39.33544     32.37405     -8.74683
    35.81068     20.07231    -17.42240
    56.64770     48.03960    -16.63710
    35.62647     27.91897    -11.97010
    28.68840     20.99970    -11.78360
    54.20509     53.17154    -11.72837
    27.50224     26.71540    -23.59674
    39.33895     32.37417     -8.74553
    27.50276     26.71600    -23.59716
    49.05852     42.13640    -10.29092
    39.88480     44.21870    -21.71450
    55.73570     56.28941    -14.59281
    42.03257     37.05272    -11.49547
    25.96771     20.52861    -13.31065
    37.36662     29.74438    -10.95889
    17.47130     26.22080    -16.68800
    42.67644     34.66247    -11.79495
    42.67594     34.66549    -11.79640
    23.15571     37.08446     -9.34606
    53.61070     52.48962     -8.41575
    37.91520     46.93580    -17.84970
    48.12927     50.29121    -12.26566
    50.18382     43.86746    -10.65438
    23.18780     21.37000    -10.45080
    43.52731     41.16119     -9.69749
    53.75402     45.75917    -13.46449
    21.08920     24.26700     -8.87600
    49.30062     34.96513     -9.37192
    21.54384     24.03913    -11.22392
    16.70280     28.13760     -8.25010
    35.40651     20.06219    -13.64403
    23.80044     35.67104    -11.88809
    38.88730     32.82940    -13.76680
    30.22980     15.70690    -15.74770
    43.41491     28.18100     -9.84938
    36.03799     21.13053    -15.45722
    35.16500     31.33740    -20.25100
    21.86010     30.31000    -12.24100
    48.79867     35.54746    -11.75825
    53.40313     50.12950    -11.84185
    45.79350     49.08670    -22.09160
    47.66793     43.73780     -8.21236
    31.36950     44.44190     -9.42593
    34.82790     33.64310     -7.66290
    23.13100     35.61900     -9.25200
    29.77304     43.37448    -13.04390
    43.37440     57.70320     -9.08090
    40.30490     24.11620     -6.60510
    46.73820     44.13290    -14.70880
    59.83984     52.33074    -10.32966
    51.89350     46.54277    -11.23535
    42.18690     38.59910    -13.81000
    50.04028     44.01764    -10.55263
    38.30370     23.94830     -8.91820
    52.33880     49.18170    -12.15110
    36.03776     21.13028    -15.45977
    32.35380     44.35800    -12.54240
    33.54333     26.06970    -10.99723
    31.62260     37.76740    -24.24120
    31.65670     26.49830    -13.11930
    41.31760     52.31690    -14.82860
    39.96140     37.24210     -9.47670
    53.40062     50.12537    -11.84161
    49.89114     57.92075    -23.95352
    17.99056     26.06127     -6.16821
    51.97980     66.01210    -13.33990
    18.46230     24.44990     -8.45210
    31.13763     42.58951    -13.53945
    27.68915     38.85315    -11.68120
    50.97420     64.75490    -13.94920
    52.62240     59.43380    -24.33510
    55.63262     64.45668    -22.35532
    39.75890     31.97410    -11.77980
    45.19707     37.90243    -13.15742
    26.29670     37.49390     -9.91120
    41.41570     53.02850     -7.48610
    45.56780     26.47630    -13.16380
    39.40110     40.90210     -9.53460
    30.33820     37.81790    -19.32930
    32.82340     36.71140     -9.76700
    40.49572     55.16033     -9.80388
    42.67366     30.34090     -8.01193
    39.18869     29.27307     -9.74082
    45.87200     42.71960    -10.18740
    48.97750     42.33705    -10.14366
    47.04085     45.06737     -9.20973
    26.46913     20.68112    -12.48825
    41.30960     24.86390    -11.86560
    29.73505     36.31604    -13.53529
    32.89435     22.17796    -10.47310
    48.29988     42.61626     -9.54988
    22.03102     25.95378    -11.71471
    33.04490     37.15200    -15.08230
    30.66160     41.06190    -14.08760
    37.81780     32.79150     -8.25670
    18.32031     31.36909     -8.71732
    30.75430     38.13270    -23.40750
    40.25120     26.42010     -8.33950
    44.09898     36.57273    -12.42167
    41.86783     29.40726     -7.54342
    41.86072     29.26290     -7.67017
    17.06797     27.42541     -5.46674
    18.40350     23.62630     -6.44820
    26.81095     38.61155    -12.43384
    35.57030     35.98860    -13.81830
    45.19750     36.58100     -8.19230
    47.04650     43.26580     -8.80150
    59.83446     52.32491    -10.30766
    39.33759     32.37405     -8.74352
    31.35951     44.42101     -9.44005
    19.30420     23.76400     -5.94350
    23.15820     21.42410     -5.53430
    30.78760     42.64915     -9.60482
    51.07601     44.62838    -11.16115
    51.73476     45.33065    -11.35434
    23.59760     29.32030    -13.29600
    42.67909     34.63457    -11.79079
    48.29428     42.61464     -9.58441
    34.92666     36.01101    -17.26110
    24.86780     14.60160     -8.73950
    41.56058     30.76956    -14.76908
    51.58248     58.18705    -19.00349
    41.77715     28.86515    -14.29160
    36.03791     21.13011    -15.45766
    23.18240     23.62950    -12.90730
    33.54316     26.06990    -10.99717
    29.57350     28.33810    -19.65320
    48.79140     41.78940    -15.56950
    39.40718     53.41587    -11.58402
    49.79440     54.26780    -26.21010
    51.48994     49.75250     -9.87791
    51.48988     49.75186     -9.88168
    51.48992     49.75186     -9.87986
    43.92220     35.09830     -8.69060
    64.62510     57.33450    -26.74960
    41.36724     29.40322    -16.76901
    40.40411     32.71632    -14.66213
    37.48920     37.95930    -10.00680
    30.24730      9.53290    -16.80930
    40.88144     27.30050     -8.07327
    42.79789     39.66434     -6.47848
    36.03776     21.13071    -15.45714
    43.91020     33.15360    -16.14580
    41.15710     25.76320    -17.02690
    30.90720     34.38270    -13.68510
    30.33307     32.13216    -16.13163
    56.27390     53.54740    -12.86100
    33.58380     46.17160    -13.62680
    16.49600     29.29630    -16.03870
    42.64980     34.46163    -11.68887
    53.74907     45.74531    -13.46492
    48.07089     39.97676    -14.69930
    33.54292     26.07190    -10.99807
    51.93456     52.42183     -7.33425
    40.34381     33.25924    -11.18747
    53.32474     54.77061     -8.02337
    29.65260     35.21490    -15.62790
    33.54155     26.07373    -10.99931
    56.08845     65.61273    -22.66299
    48.49417     49.56601    -11.51621
    47.53389     33.91186     -7.81599
    40.12900     23.35350    -20.44900
    22.88466     22.91865    -12.46973
    25.35550     39.39550    -15.87860
    23.45720     25.47900    -13.28050
    30.19360     15.51390    -22.92640
    28.38260     18.26430    -13.36990
    37.71126     21.22918    -17.09971
    19.91756     23.62141     -9.35101
    47.86633     35.18038     -7.48834
    26.75160     38.22064    -12.27684
    52.43970     64.98020    -23.98260
    32.50743     42.61152    -11.27937
    41.98760     42.60780    -23.76900
    45.37327     40.84546    -13.03455
    26.78937     38.49167     -9.54105
    45.37269     40.84602    -13.03543
    33.00160     37.30590    -17.48690
    45.03790     49.15630    -27.34960
    33.87230     31.44090    -13.88690
    41.92280     30.94300    -16.50350
    26.55707     20.73232    -12.25508
    31.31289     43.90499     -9.57616
    30.33133     32.13313    -16.13082
    40.92580     27.62060    -20.48360
    43.13800     38.74330     -8.40660
    37.77550     45.24520    -21.96600
    37.74650     30.73250    -21.58330
    49.01080     57.13290    -22.80250
    42.88980     26.81090    -14.48280
    52.01983     47.95286    -10.49998
    31.68584     35.87877    -15.42620
    31.68754     35.87906    -15.42369
    36.05150     36.83580    -16.65510
    43.61940     55.57070    -14.36970
    41.73150     38.22390     -6.33720
    45.54160     35.85340    -10.33930
    40.46396     32.79828    -14.75104
    42.49282     37.82981     -6.33738
    42.51235     28.56715    -11.87277
    37.54973     32.67924    -12.61045
    42.47778     33.83571    -11.96048
    46.61504     46.32712     -6.55366
    47.59002     37.77211     -9.63311
    40.46430     32.79812    -14.75215
    40.40788     32.72049    -14.66593
    50.35477     43.61460    -10.81421
    32.02910     31.05970     -8.60630
    31.45267     34.22679    -16.14338
    34.51110     24.52160    -19.07710
    53.08039     44.11087    -12.03553
    44.85100     42.72200     -5.11700
    55.23120     49.96620     -3.99030
    32.45150     26.30710     -7.97960
    39.20565     31.52847    -14.60898
    35.52587     18.40334    -14.43666
    48.11337     50.28995    -12.30926
    39.72996     54.15799    -10.51023
    35.16160     27.68090    -14.81930
    48.11616     50.29049    -12.30301
    33.38660     39.33160    -21.26650
    48.73470     61.40290    -11.50270
    35.90560     30.36360    -10.71670
    18.32039     31.36779     -8.71346
    44.07740     34.40930     -7.68060
    49.49360     45.78290    -10.39534
    41.86005     27.46643     -8.30554
    45.90150     59.31843    -16.49408
    27.69900     39.58950     -6.07220
    53.74973     45.74654    -13.46422
    36.85830     28.50460    -18.88580
    34.05280     30.90560     -8.18960
    28.71827     37.84373    -15.30022
    40.92780     36.06200     -8.53970
    33.55653     38.16605    -17.84574
    37.70317     49.41536    -13.20229
    36.14400     37.72220     -9.44070
    16.01460     27.88150    -21.06910
    30.77680     27.94290    -10.40010
    40.80571     34.22660    -10.29172
    39.91717     28.22623     -6.74528
    17.98153     26.04782     -6.09478
    50.39170     58.06940    -21.00940
    42.24603     39.76283     -9.87093
    41.02310     53.09650    -10.14700
    36.03201     21.11694    -15.49270
    25.52350     14.22830    -15.46170
    23.25280     28.10120     -9.25690
    31.11419     42.58510    -13.54997
    48.55670     34.15770    -11.53860
    32.99440     14.82930    -12.25890
    40.43020     35.66650    -12.96410
    50.38430     43.65747    -10.82914
    41.44500     25.02200     -7.22820
    36.04075     21.13678    -15.42002
    41.89600     44.71240    -16.53980
    40.41624     32.89156    -11.13639
    34.90570     46.92577    -12.23843
    47.47770     44.19900    -13.70570
    46.66297     39.58280    -14.27033
    25.50429     38.24472     -6.58744
    35.52644     37.07344    -14.58473
    30.05950     34.30720    -13.66450
    49.86885     43.60457    -10.36543
    47.66979     43.73815     -8.21590
    37.73580     28.16890    -15.18040
    37.53750     35.57940    -10.89980
    34.92640     36.01114    -17.26116
    42.68903     34.72977    -11.85681
    37.84322     31.36523    -11.03080
    43.83562     34.24492    -11.72863
    39.67990     45.18180    -19.60970
    25.58180     33.56560    -13.92480
    26.21738     38.54457    -12.76602
    53.06798     51.52876     -7.41698
    22.64780     24.30780     -8.40420
    43.63175     33.69409     -8.23504
    52.72790     53.25290     -7.06790
    49.05788     42.18098    -10.26858
    33.96514     44.16207    -10.00250
    55.63670     51.39410    -13.11830
    39.33711     32.37418     -8.74955
    20.84940     19.39410    -12.48970
    37.12710     19.25490    -13.25670
    38.39848     31.46045     -7.61082
    21.58515     22.68892    -11.47970
    39.41130     29.35850    -24.47000
    29.23350     19.06460    -10.50650
    43.63225     33.69417     -8.23564
    51.12380     41.97430    -14.62060
    43.79335     35.22725    -13.94595
    40.27611     55.19110    -10.22480
    30.85250     26.72530     -8.67040
    39.91429     28.21865     -6.75414
    39.12410     54.15180    -12.24050
    40.36550     34.36050    -14.79840
    20.01341     24.73890    -10.82116
    41.87801     29.36312     -7.56844
    36.03858     21.13188    -15.46078
    36.03782     21.13048    -15.45241
    49.13010     49.32940    -10.31950
    43.94640     28.53020    -14.08800
    28.92409     39.58402    -11.28850
    53.81820     51.38760     -9.57130
    23.59517     24.41713    -13.95307
    44.78650     33.24100    -14.99930
    53.29760     56.71430    -24.11930
    48.07191     39.97854    -14.69720
    41.77651     28.86568    -14.29581
    42.24529     39.75144     -9.86375
    53.06690     51.52759     -7.41891
    49.85750     46.81460    -14.13820
    26.71373     20.84894    -11.75228
    35.57783     29.23221    -10.18481
    52.17710     64.52120    -13.20430
    63.63890     59.54110    -21.47440
    43.87240     46.62340    -23.87660
    28.69250     38.77950    -13.45680
    41.91460     29.79770    -13.38820
    33.34589     47.42627    -11.88891
    51.89594     46.56235    -11.25641
    35.80220     28.99540    -18.40000
    50.21050     49.60490    -15.33280
    37.90774     41.27010    -18.39946
    37.36678     29.74342    -10.96031
    35.30590     30.65786    -12.92594
    49.22880     39.52600    -14.66970
    36.27884     25.57995     -8.47125
    35.30662     30.65676    -12.92836
    41.07930     38.99670    -13.70690
    18.08720     28.36950    -18.64750
    52.98968     48.05860    -12.47944
    48.79712     35.54686    -11.75839
    40.36930     28.90750    -11.08900
    48.11361     50.29148    -12.31047
    27.24224     38.83770    -12.26550
    57.84320     56.62030     -7.86500
    26.81402     38.67137    -12.51637
    59.59970     51.27030    -15.21760
    36.63240     51.07660     -5.95940
    42.14772     28.74033     -7.81918
    17.06231     27.41871     -5.46802
    32.89475     22.17824    -10.47640
    35.58510     32.54980     -7.27980
    38.44290     46.34840    -21.20660
    39.34200     34.16610    -12.78820
    23.14707     37.08850     -9.32010
    39.81800     33.21350    -19.45400
    35.21890     16.95400    -12.52680
    38.42350     27.61940    -15.55980
    48.79963     35.54877    -11.75927
    38.27440     28.36460    -17.94510
    33.90460     29.79770    -20.04260
    22.59080     34.26580    -11.52790
    35.24790     30.85960    -13.01647
    58.10880     48.58530     -9.03170
    51.88824     46.50867    -11.20337
    43.22544     31.79386     -8.32697
    22.37170     22.43420    -14.22210
    32.37460     46.64870    -12.03440
    42.40704     26.54396     -9.23313
    37.84232     31.36352    -11.02962
    40.71835     31.38733     -7.66577
    42.91500     31.80250    -17.05960
    41.93431     54.28093    -10.55706
    40.60200     44.28370    -25.14600
    43.63331     33.69365     -8.23342
    32.83460     26.90890     -6.82700
    42.32370     32.06870    -11.35800
    43.41330     36.47810    -13.21160
    24.95080     36.45080    -12.90720
    42.40636     26.54261     -9.23069
    33.37306     26.41872    -11.25363
    29.32251     20.42863    -13.19327
    33.55156     38.16507    -17.83576
    28.89630     24.24160    -22.32350
    49.30128     34.96367     -9.37348
    43.04586     32.84307    -13.67882
    26.51849     20.71682    -12.33181
    29.80631     36.31478    -13.49247
    55.73600     56.28727    -14.59445
    23.14955     37.08587     -9.32672
    32.47828     24.80530    -10.86300
    47.11350     57.17400    -19.60400
    36.69745     48.02514     -9.76095
    16.29530     25.38540    -13.04020
    52.06020     59.89710    -22.93630
    14.74470     26.86100    -13.31690
    41.28810     33.63060    -11.38810
    51.91243     52.42954     -7.48395
    54.22000     47.13320    -12.60330
    34.09500     14.30000     -5.67740
    37.33940     29.20870    -21.84140
    35.31170     42.41710    -24.22580
    40.41366     32.88184    -11.14554
    30.12750     13.82510    -22.58130
    49.41710     57.60880    -20.40500
    60.87495     54.62158    -24.10555
    52.17110     48.81070     -7.24050
    22.40970     21.39250    -11.10800
    45.75021     37.36390     -9.68476
    51.80682     41.86650    -12.68645
    40.91060     34.23550    -16.75230
    21.87920     21.46820    -19.03910
    45.26349     46.33253    -26.61628
    50.96330     47.55530     -7.77730
    25.71450     39.31980     -9.21900
    44.92470     31.47050    -10.29290
    35.52553     18.40306    -14.43834
    50.59753     64.47868    -23.91895
    46.61506     46.32578     -6.55394
    43.92690     43.35860    -25.81570
    43.22626     31.79404     -8.32793
    58.74370     56.50450    -10.61200
    48.28861     42.63975     -9.30506
    28.97236     39.63253    -11.25087
    50.68430     59.11962    -23.82932
    30.25050     19.45491    -12.68175
    45.71341     39.84707     -6.73388
    50.83331     40.78257    -12.12674
    48.96031     42.34165    -10.14280
    48.85743     42.33684    -10.08248
    36.27634     25.57478     -8.46711
    41.36616     29.40194    -16.77107
    25.08210     22.76080    -15.26680
    28.78740     41.21090     -5.31540
    42.48628     28.45590    -12.34665
    42.68408     37.83435     -7.45368
    49.74483     36.86512    -12.32057
    39.87120     35.15080    -13.55630
    55.58560     48.26350    -15.06370
    33.57645     25.99955    -10.94647
    38.24038     31.40720    -19.52838
    24.88740     35.81880    -12.08690
    36.51050     41.11700    -17.67680
    27.37580     19.40650    -13.56040
    43.61260     47.63450    -22.50900
    51.46060     45.07111    -11.22445
    57.58050     64.72880    -20.73380
    20.01297     24.73867    -10.82473
    37.94359     29.57706     -8.72660
    20.01193     24.73753    -10.82151
    30.22946     36.29658    -13.23561
    27.60050     32.67590    -17.18070
    48.48901     42.54080     -9.73869
    35.75855     27.97994    -12.66897
    47.62420     47.50910    -26.54980
    40.44520     32.57379    -11.19398
    32.49140     46.06630    -14.73250
    17.48356     26.19797     -8.60836
    44.50231     40.32555    -13.21686
    36.28260     48.65140    -11.37600
    38.92830     32.46170    -20.73760
    32.75480     44.79920     -8.86670
    41.09240     40.21000    -10.34990
    25.31061     21.19180    -12.82172
    31.65530     31.13650    -12.12480
    36.69930     22.92220     -7.11420
    55.24880     46.48730    -15.04450
    32.62999     45.13350    -13.61473
    35.74971     28.25944    -13.01205
    48.01820     39.04500    -10.59740
    48.31921     40.05157    -10.69498
    35.91500     29.45310    -13.74450
    45.81940     50.76700     -8.41320
    42.64382     28.74744    -10.92226
    39.94450     33.59470    -15.11710
    21.60492     24.13601    -11.34258
    40.86786     27.33650     -8.05071
    44.50189     40.32565    -13.21984
    37.47869     32.64248    -12.22051
    36.66890     25.06560    -12.30700
    49.71470     61.23100    -21.37650
    25.45570     37.62070    -12.37960
    33.55231     38.16461    -17.83729
    27.60282     38.85766    -11.80022
    28.60700     35.49150    -11.00160
    39.62240     33.09510    -16.80600
    35.74300     31.87480     -8.37430
    35.20723     20.27203    -13.86431
    30.12240     27.94340     -5.97000
    31.22390     22.78460     -7.89610
    29.63310     27.52730    -12.52930
    35.81217     20.06629    -17.44440
    34.06720     18.10510    -11.82880
    52.66145     43.12473    -13.25471
    15.16260     27.79327    -12.49417
    29.28792     33.60879    -11.59280
    31.75200     20.96740    -12.66180
    28.34960     22.73430    -11.34640
    36.71287     34.25522    -12.09370
    51.67226     45.28911    -11.30174
    34.71743     45.18475    -13.17602
    38.94700     35.32140     -8.27030
    29.73526     36.31736    -13.53923
    31.66570     21.75327    -11.39006
    31.68210     35.87772    -15.43140
    24.65100     21.18370    -14.69410
    29.28826     33.62175    -11.60639
    28.01250     36.51400    -17.31020
    25.43800     39.56780    -13.07590
    53.30030     40.94150    -15.02380
    46.68720     32.79900     -6.87163
    46.68636     32.79842     -6.87220
    46.68754     32.79857     -6.87218
    25.84970     37.40030     -8.33290
    46.00440     61.43460    -21.12490
    53.61010     52.49048     -8.41465
    29.25150     42.74793    -15.51026
    36.17300     48.72740     -8.15300
    46.99550     34.16610     -9.91470
    50.35339     43.52491    -10.84251
    18.17360     26.44880    -13.23670
    35.48920     49.55510     -6.83640
    53.08131     44.10943    -12.03527
    53.89275     55.84051     -8.67561
    54.29500     49.71630    -11.49200
    36.11270     45.26220    -17.48320
    44.42800     43.26040    -10.56210
    18.22420     26.13560    -10.30060
    45.27520     43.31500    -11.30130
    29.80413     36.31314    -13.49647
    37.55074     32.67753    -12.61906
    35.53072     27.89579    -11.47663
    43.41666     28.18274     -9.85751
    27.78770     28.79800    -19.31580
    54.20561     53.16966    -11.72963
    33.41670     41.00530    -19.54690
    47.67550     35.34070    -11.09520
    35.40960     36.15610     -7.26410
    52.59352     41.24289    -13.94620
    26.70823     38.56487    -12.36784
    23.59667     24.41804    -13.95146
    35.15930     33.41870    -13.77510
    29.80823     36.31289    -13.49125
    39.22560     43.62550    -27.10760
    45.74849     37.36320     -9.68294
    42.64220     57.91170    -11.87480
    58.27590     48.50580    -21.62960
    15.16310     27.79433    -12.49703
    46.18821     43.29656     -7.46835
    31.45398     34.22668    -16.14798
    50.09650     44.11439    -10.59559
    41.31240     33.17750     -8.21680
    34.83754     45.78194     -9.19387
    41.93260     29.12674     -7.71186
    31.13694     42.58961    -13.53730
    42.35386     33.67270    -12.22840
    36.03798     21.13001    -15.45247
    35.70210     28.06652    -12.53023
    35.15168     36.86002    -14.30071
    45.42410     53.69910    -18.28400
    33.57340     31.86200    -10.78330
    36.47630     26.76740    -12.25440
    34.90430     46.92543    -12.24027
    51.89952     46.58236    -11.27210
    35.54890     23.84040    -10.64570
    23.16380     34.64120    -10.43160
    22.03067     25.95634    -11.71454
    43.80180     33.95610    -13.87500
    25.37660     34.78060     -9.73300
    33.47690     25.76140     -8.52640
    59.74533     54.17565    -21.67561
    59.74667     54.17645    -21.67909
    42.62876     28.75642    -10.94906
    42.65508     28.77787    -10.82383
    42.35520     33.67817    -12.22150
    18.13660     24.28790    -14.47240
    20.10430     22.30070    -18.06400
    31.65200     37.81280    -17.97280
    41.96370     34.84260    -13.72640
    37.71224     21.22822    -17.09999
    23.89830     23.17180    -12.25690
    51.67046     45.29535    -11.28856
    29.05194     39.71463    -11.19457
    32.62993     45.13305    -13.61188
    32.63023     45.13378    -13.61186
    33.53577     38.16314    -17.79765
    33.98590     27.81760    -10.62090
    35.86087     46.70839     -9.36645
    23.98760     27.03520    -18.04650
    22.81828     35.75181    -11.43407
    50.30546     43.60165    -10.77240
    37.84226     31.36455    -11.02858
    42.87564     34.81994     -7.71638
    42.63213     28.75787    -10.94096
    51.26400     51.00312     -7.37836
    43.55830     40.48090     -4.81850
    16.72220     26.36500     -9.86960
    43.79682     35.23078    -13.94233
    33.94190     48.43720     -9.26220
    25.31109     21.19150    -12.81938
    23.14891     37.08687     -9.32671
    29.99220     36.15260    -15.69850
    36.78370     30.24430     -7.26690
    27.46950     21.05010    -13.79130
    22.11080     35.81240    -10.03390
    34.34260     25.38720     -8.32890
    47.86467     35.18072     -7.49066
    34.60750     38.02690    -21.63930
    18.95081     30.93088     -9.68570
    43.83508     34.24498    -11.72917
    63.63940     57.09060    -22.95500
    37.89965     44.14452    -23.53792
    28.79540     42.26900     -5.23270
    54.95650     45.64500     -8.92050
    40.02920     31.29820     -9.37230
    47.58911     37.77191     -9.63633
    33.24235     32.65507     -7.69664
    29.73380     36.31795    -13.54463
    35.09180     33.91190    -18.83450
    27.43648     38.85248    -12.01738
    47.53351     33.91314     -7.81361
    38.81100     22.74720    -10.33140
    37.43799     32.62105    -11.99458
    41.17830     32.06140    -12.24380
    48.03750     49.49930    -22.54640
    39.49309     27.73296    -14.62620
    40.28424     33.50953    -11.25509
    37.04321     27.16442    -22.02903
    19.53190     29.85280     -9.96690
    34.69810     33.59550    -16.31990
    35.81167     20.10356    -17.35769
    50.91616     44.56608    -11.05927
    42.65569     34.53806    -11.76225
    31.14382     42.59038    -13.53446
    35.16827     31.16375    -13.16694
    49.81376     44.30658    -10.50884
    34.34070     45.23720    -10.94800
    32.04260     44.71850     -5.76230
    32.26410     14.60940     -8.98340
    49.02545     44.18456    -12.72473
    46.91000     34.96830    -10.59250
    56.11370     65.20130    -24.32300
    54.04540     50.53200     -8.91750
    36.69668     48.02723     -9.75927
    25.23250     22.06810    -12.32240
    34.71294     45.18370    -13.17540
    48.69890     45.74370    -18.25660
    27.16220     41.81880     -6.56650
    39.99460     35.01500    -10.09830
    45.01130     42.83085     -7.67359
    18.70050     31.93540     -7.73090
    22.41080     34.20410    -13.61540
    36.68389     29.53343     -9.29903
    18.52950     28.89560     -9.05130
    24.61980     38.97760    -13.19020
    26.44843     20.67139    -12.53195
    35.86071     46.71712     -9.36826
    48.79466     35.54276    -11.75730
    40.90665     38.50626     -9.40118
    22.81922     35.75239    -11.43603
    35.60650     34.44040     -8.91420
    28.71643     37.84407    -15.29908
    34.95460     29.07880    -16.89440
    38.19730     27.22970    -12.56530
    18.82420     23.49530    -13.60770
    22.09320     20.36050    -13.91980
    50.86240     63.58390    -10.17290
    43.41361     28.18029     -9.84561
    28.47760     34.78550    -12.31300
    36.58339     24.37183     -8.96445
    26.79849     20.87039    -11.70247
    58.57965     48.98173    -10.47280
    45.71299     39.84863     -6.73332
    39.32370     35.12960    -22.01330
    25.71730     24.01840    -14.62910
    47.03955     45.06753     -9.21187
    34.02732     43.03426    -17.38458
    23.89290     30.19230    -17.38090
    31.24354     43.81839     -9.65789
    46.66233     39.58224    -14.27063
    55.73551     56.28570    -14.59002
    59.65050     54.93570    -20.09180
    58.57985     48.98157    -10.47070
    56.12880     66.11570    -20.89740
    51.22550     38.93480    -13.14414
    43.69030     36.36425     -8.30507
    41.24120     51.32250    -16.82890
    40.14180     50.56540    -15.18710
    46.31780     59.10500    -13.12020
    19.92096     23.62256     -9.35349
    19.92104     23.62239     -9.34992
    37.70316     49.41046    -13.16337
    49.62000     41.68430    -14.51880
    26.82160     38.45433    -10.22443
    29.11120     15.29010    -10.75820
    51.22562     38.93538    -13.14329
    31.45884     34.22708    -16.13015
    46.04730     45.19440     -7.92790
    48.74422     48.21572    -15.21530
    50.08300     56.19730     -9.08960
    34.02748     43.03384    -17.38612
    42.67852     37.83520     -7.40839
    48.49363     49.56609    -11.51519
    19.44520     22.35050     -8.15680
    31.65704     26.52571    -10.96706
    24.11910     31.65590    -14.19770
    48.29627     42.61586     -9.56772
    51.58302     58.18815    -19.00031
    29.89900     39.27480    -15.11640
    34.53306     31.05581    -10.45288
    34.71768     45.18600    -13.17956
    38.65150     30.00710    -10.12700
    34.26231     48.33212    -11.42563
    21.15832     23.50102    -10.65820
    50.95554     40.86132    -12.18021
    40.98180     37.92530    -10.96230
    18.66220     28.18290    -10.38880
    41.27031     35.32980    -11.76739
    25.60892     22.64258    -13.36653
    54.00120     64.80940    -19.34930
    50.52376     45.71803    -11.12198
    38.24132     31.40570    -19.52612
    30.50810     19.00410     -7.59800
    40.91611     38.52190     -9.41345
    42.30055     33.61481    -12.34088
    50.68350     59.12028    -23.82618
    26.70863     38.59101    -12.51857
    32.45059     24.86577    -10.77850
    19.91350     26.11470     -7.88740
    50.24688     43.70019    -10.70123
    25.50411     38.24318     -6.58696
    51.07740     53.31000    -15.06350
    41.27019     35.32850    -11.76631
    56.56050     60.99320    -19.21710
    37.85840     28.20460    -11.24300
    41.93066     54.28025    -10.54405
    45.03290     31.48270    -15.08140
    52.15470     38.42500    -10.76880
    33.34761     47.42573    -11.88939
    58.97410     64.07940    -21.15830
    37.89995     44.14538    -23.53838
    37.59620     40.27070    -19.39160
    50.61009     56.88151    -25.28184
    45.19633     37.90377    -13.15998
    27.23190     17.19050    -14.70600
    53.36554     43.90402    -13.94376
    45.85810     52.15090    -21.02200
    37.25960     27.95640    -22.01910
    19.13161     31.02521     -7.01882
    32.05500     23.83890    -10.58500
    42.87416     34.82106     -7.71392
    17.98491     26.06579     -6.15077
    54.65680     49.97837    -13.53304
    43.14430     38.52590    -12.33230
    16.96380     23.96540    -10.14870
    42.24769     42.05769     -9.21280
    26.80230     12.92620     -8.95300
    49.74638     36.85865    -12.31776
    34.81330     49.53270     -5.64460
    40.86295     27.34927     -8.04489
    32.99360     28.94420    -10.75110
    50.19763     43.80649    -10.67634
    32.41926     24.93420    -10.68332
    43.41073     28.18347     -9.84501
    41.77744     28.86637    -14.29149
    15.83380     25.39500     -6.60680
    51.33430     57.48930    -23.73610
    37.55128     32.67674    -12.61757
    33.63243     44.64426    -12.52103
    31.44142     43.65571     -9.50916
    46.83490     37.87160    -15.19710
    35.19147     31.05386    -13.10268
    44.96806     42.80325     -7.66756
    42.78005     37.55741     -7.82486
    38.78060     41.50510    -18.19780
    36.03764     21.13038    -15.46010
    51.95508     52.41607     -7.22798
    20.62090     25.06050    -19.23630
    33.72377     44.68693    -12.63631
    53.48750     42.70070    -14.91330
    33.55297     38.16559    -17.83987
    64.60260     55.96750    -25.49600
    57.67491     47.79068    -16.97708
    26.69770     38.54396    -12.43448
    55.10430     56.03850     -8.77580
    33.95786     26.32803    -20.44421
    21.58371     22.69406    -11.49677
    22.82200     26.60730    -12.68810
    19.21470     27.23210     -6.58750
    19.58423     27.42103    -14.39067
    28.08980     24.34570    -15.65960
    34.87390     32.59390     -6.96700
    25.12850     32.76800    -17.31850
    21.58401     22.69164    -11.48796
    54.87053     47.02027    -13.75314
    48.74850     56.08120    -23.80340
    34.86110     25.91790    -13.95890
    49.30620     64.84760    -26.27330
    31.26960     42.03460    -10.31950
    23.59646     24.41833    -13.95187
    60.42100     50.59010    -20.36510
    51.79471     52.46216     -8.32614
    35.57603     29.23198    -10.18514
    19.07150     25.24200     -9.09370
    52.86470     46.89590    -11.89150
    40.02470     24.98110    -13.12710
    21.60500     24.13692    -11.34306
    49.88976     57.92025    -23.94988
    58.90550     50.36640    -17.29480
    43.05960     37.79990    -12.10010
    24.61480     34.10060    -14.12640
    25.89790     32.00640    -13.19250
    31.33950     24.58480     -7.06100
    59.48792     50.90842    -10.47463
    52.60123     41.26367    -13.96258
    42.01202     36.98654    -11.57767
    42.40290     27.14730    -11.33240
    31.37160     34.32400     -9.00520
    50.19370     62.41980    -26.10540
    40.54080     41.92350    -11.80240
    47.95640     38.70150    -15.20240
    18.09360     27.16690     -5.57140
    30.33140     32.13295    -16.13053
    52.98882     48.05980    -12.47656
    19.13159     31.02459     -7.01438
    51.02280     40.92585    -12.19321
    34.53221     31.05726    -10.44924
    35.85971     46.71006     -9.35707
    33.96646     44.16263    -10.00160
    44.37590     30.46530    -13.50520
    29.32180     20.42576    -13.19654
    43.79698     35.23170    -13.94157
    28.35203     25.00328    -14.08764
    49.83630     62.97820    -21.28470
    59.48758     50.90718    -10.47507
    38.40650     49.43370    -10.64190
    49.02675     44.18294    -12.72667
    41.00810     31.56480    -19.21380
    30.25120     19.45444    -12.68529
    53.74688     45.73913    -13.46412
    17.96449     27.93063     -7.57283
    39.77640     26.12720    -22.34250
    37.56120     24.48320     -6.56660
    40.80466     34.22671    -10.29146
    51.53450     42.60210    -12.15950
    30.33180     32.13296    -16.13052
    45.73873     42.08875     -7.67065
    42.79811     39.66256     -6.47652
    49.14177     42.37416    -10.11810
    39.82010     45.91080    -17.82930
