    43.52774     41.16097     -9.69923
    28.78920     42.20030     -7.79720
    39.09470     36.69140     -8.59910
    39.33700     32.37408     -8.74781
    40.11973     32.32213    -14.22796
    43.52791     41.16109     -9.69963
    55.82150     57.28757     -9.82912
    33.30580     17.84170    -15.31120
    52.60248     41.26699    -13.96511
    40.41131     32.72499    -14.67060
    37.71450     27.26970     -8.92110
    43.69153     36.36325     -8.30212
    41.91695     29.17931     -7.68322
    41.49530     50.84940    -19.94120
    42.51180     40.97500    -13.80150
    51.81275     40.20796    -12.32770
    35.83890     21.28830    -22.06900
    53.36524     43.90334    -13.94324
    31.42610     37.57310    -15.99920
    50.62280     64.47660    -16.25290
    19.53930     28.14290     -8.12239
    46.66218     39.58219    -14.26981
    42.06366     37.15683    -11.36145
    49.00420     42.72730    -15.12510
    40.37841     55.17592    -10.02989
    33.85020     20.85440    -17.85220
    40.37793     55.17599    -10.03080
    19.53930     28.14290     -8.12241
    42.59234     28.68534    -11.28129
    22.41520     22.65730     -9.38360
    39.49305     27.73295    -14.62360
    26.55963     20.74950    -12.19613
    35.32140     36.95654    -14.42783
    35.32199     36.95685    -14.42829
    38.07680     31.82080    -14.85930
    33.05771     46.21280     -9.40347
    42.61540     39.20370    -12.64280
    49.09035     41.69758    -10.53773
    25.44910     20.89683    -10.32308
    53.40092     50.12671    -11.84221
    39.66380     39.17040     -8.58565
    32.26050     23.49600     -7.53170
    33.05736     46.21232     -9.40590
    41.85979     27.46686     -8.30606
    40.86736     27.33791     -8.05115
    47.52370     36.89560    -10.84190
    56.20380     62.35240    -17.98270
    42.24586     39.75416     -9.86710
    28.37070     40.67040    -13.65690
    48.31981     40.05248    -10.69436
    26.31973     38.56535    -12.73983
    34.88110     31.81330    -15.48400
    30.24730     19.45456    -12.68572
    31.38229     43.72211     -9.54586
    49.61920     48.86400     -8.04130
    39.20534     31.52768    -14.60839
    34.02055     20.85015    -11.82776
    34.93250     18.55510     -9.84340
    46.50560     40.92520    -10.37440
    25.44910     20.89687    -10.32312
    40.14814     28.65866     -8.30545
    40.14816     28.65864     -8.30545
    28.55040     22.23620    -13.10380
    43.92220     52.07090    -24.33980
    32.46250     22.66190    -12.75660
    20.07084     22.55129     -9.77513
    49.59680     37.17130     -8.03180
    48.31980     40.05247    -10.69436
    30.44380     29.95390     -7.83580
    43.52787     41.16107     -9.69952
    44.85030     47.70500     -5.77110
    57.31856     65.58677    -23.57954
    42.70172     34.74817    -11.92587
    34.92636     36.01138    -17.26197
    42.67044     30.31834     -8.03097
    42.67043     30.31821     -8.03106
    37.74590     26.71980    -18.65540
    40.37840     31.45620    -12.25050
    52.01918     47.95374    -10.49968
    63.40510     57.52930    -24.39110
    52.25920     46.10750     -8.11370
    41.30010     36.23470    -22.85650
    50.36925     37.65060    -12.60826
    36.58307     24.37236     -8.96483
    42.35195     33.67637    -12.23069
    42.35337     33.67821    -12.22765
    46.05219     43.25059     -7.50845
    35.56874     27.91818    -11.69072
    51.80629     41.86691    -12.68773
    55.32970     50.29490    -13.58700
    32.36700     22.73850     -9.41360
    41.91020     56.49160    -10.16880
    55.63266     64.45699    -22.35707
    55.63266     64.45702    -22.35702
    55.63266     64.45702    -22.35702
    21.31047     23.70898    -10.86947
    36.53060     30.71140    -12.32960
    55.63266     64.45699    -22.35701
    33.30461     20.18142    -12.79827
    33.30459     20.18144    -12.79827
    33.30460     20.18144    -12.79827
    53.74620     49.22670    -11.74510
    50.59791     64.47783    -23.91900
    38.46590     36.20860     -7.86160
    30.65410     37.20860    -13.55440
    45.45240     34.36470     -9.65390
    42.62762     37.81683     -7.09988
    42.57736     28.65413    -11.42683
    37.76880     28.98520    -14.37940
    25.26470     35.40590     -8.72060
    57.31853     65.58677    -23.57942
    18.84880     25.10670     -7.24980
    24.24018     33.24881    -13.86579
    39.18560     26.66160    -12.13460
    55.82150     57.28757     -9.82906
    18.74560     28.38570     -6.94130
    55.82150     57.28758     -9.82905
    55.82150     57.28758     -9.82906
    52.44923     51.55795     -9.75003
    47.70320     45.95270    -14.10210
    40.30583     33.40328    -11.23872
    32.73970     25.93380    -17.92810
    36.69738     48.02449     -9.76212
    33.55115     38.16497    -17.83440
    21.32596     23.73127    -10.89386
    51.38163     44.97537    -11.22528
    20.06460     22.85260     -7.47730
    45.92459     43.20427     -7.52863
    29.03240     25.43170    -13.00510
    32.90660     31.78430     -6.87190
    26.55979     20.74959    -12.19578
    29.45460     41.52220    -10.40850
    50.36078     40.46512    -11.93378
    30.26400     41.81480     -9.64650
    48.79865     35.54800    -11.75862
    32.63040     45.13326    -13.61280
    59.83545     52.32695    -10.31259
    34.02055     20.85015    -11.82784
    31.36745     43.76219     -9.55232
    46.20570     32.72890    -11.25580
    50.52411     45.71836    -11.12409
    52.60247     41.26693    -13.96509
    33.95679     26.32739    -20.44484
    57.78140     45.95380    -19.94950
    58.41295     47.54111    -11.12662
    53.06865     51.52947     -7.41664
    18.67370     24.49300    -17.50850
    42.64025     37.80027     -7.16343
    32.58410     28.10750    -21.45320
    37.33948     32.57019    -11.45525
    34.17950     22.68200    -16.91630
    43.25650     34.51280     -9.97920
    53.06907     51.52981     -7.41640
    31.43276     43.65847     -9.51082
    42.11050     28.80711     -7.80179
    48.21850     44.87510    -16.80700
    33.53688     44.60307    -12.37951
    17.96460     27.93040     -7.57045
    36.89860     25.25720     -9.77340
    36.09120     31.10600    -21.94950
    42.24458     42.06224     -9.20808
    45.17368     42.92409     -7.64714
    51.48993     49.75192     -9.88054
    34.83688     45.78288     -9.19504
    53.32419     54.76910     -8.02652
    42.40646     26.54354     -9.23204
    50.36925     37.65060    -12.60824
    31.35178     43.78479     -9.56284
    33.31830     15.36970    -29.73350
    34.83694     45.78292     -9.19510
    39.27300     33.66610    -10.49120
    49.31240     57.36660    -24.91240
    35.36386     20.10776    -13.69267
    35.36393     20.10762    -13.69275
    39.18972     29.27320     -9.74095
    43.71230     42.22020    -10.05090
    39.91560     28.22254     -6.74982
    38.50660     34.28780    -14.59280
    48.13980     62.62900    -16.83150
    29.77361     43.37425    -13.04186
    43.41402     28.18184     -9.84909
    43.79336     35.23043    -13.94111
    25.60839     22.64296    -13.36747
    58.02680     56.46750    -10.19170
    41.92380     46.97900    -10.85520
    56.69980     52.80560     -9.72560
    42.68962     30.43502     -7.94351
    50.61061     56.88201    -25.28211
    45.73895     42.08885     -7.66978
    21.25252     23.62581    -10.77853
    33.59720     24.69260     -9.42220
    31.45530     35.89290    -12.17470
    41.97557     29.06602     -7.71962
    52.44916     51.55806     -9.74986
    36.71305     34.25586    -12.09360
    40.78048     54.33600     -8.58468
    23.36830     32.83080    -13.76790
    33.77210     36.87920    -15.91220
    20.96570     25.33730    -10.77470
    39.73131     54.15835    -10.51647
    37.70371     49.41108    -13.16802
    35.71254     28.09591    -12.61501
    48.89590     49.17800     -6.85120
    35.38085     36.99000    -14.47339
    25.56560     24.15150    -16.35860
    45.17141     42.92281     -7.64772
    31.18540     46.23060    -15.59000
    19.58384     27.42151    -14.39126
    46.46720     44.59930    -16.69510
    38.66770     30.50110    -14.48330
    23.59260     34.84070    -14.41390
    30.94220     23.06340    -14.43650
    35.86460     50.13430     -8.09360
    46.76820     37.76060    -12.27300
    51.54561     45.15162    -11.26836
    56.08768     65.61336    -22.66295
    33.16640     41.19940     -6.84530
    31.68130     13.26550    -28.55530
    42.43180     32.52240     -7.41580
    36.90690     24.60850    -16.54050
    31.66596     21.75289    -11.38985
    23.14939     37.08665     -9.32723
    47.58974     37.77203     -9.63425
    34.53311     31.05616    -10.45263
    55.90230     62.32160    -24.12560
    26.52453     20.73615    -12.26326
    26.74667     20.87490    -11.64985
    42.59640     28.69304    -11.24484
    40.78052     54.33600     -8.58472
    34.83690     45.78292     -9.19506
    44.75430     36.00940    -12.21760
    26.67570     23.94420    -17.96450
    33.55116     38.16495    -17.83435
    37.94370     29.57725     -8.72507
    30.78750     42.64884     -9.60572
    46.23380     38.35080    -14.62660
    24.24022     33.24879    -13.86581
    42.57774     28.65418    -11.42591
    37.90826     41.26974    -18.39853
    52.01921     47.95374    -10.49971
    34.26212     48.33159    -11.42758
    31.13543     42.58925    -13.53925
    41.41930     36.94940     -7.92720
    17.06626     27.42288     -5.46588
    43.79316     35.23040    -13.94093
    49.74586     36.85886    -12.31785
    49.74586     36.85886    -12.31785
    35.00851     36.78059    -14.18753
    31.45920     45.83530    -14.20260
    36.05690     31.93960    -12.23170
    35.36395     20.10758    -13.69272
    41.73940     31.51360    -13.10320
    46.33920     54.49780     -6.72030
    49.49334     45.78266    -10.39564
    45.07280     38.72260     -7.24850
    40.71210     29.26760    -14.61570
    35.36397     20.10761    -13.69256
    17.98489     26.06383     -6.14680
    60.87449     54.62135    -24.10427
    35.36396     20.10754    -13.69275
    33.05708     46.21283     -9.40339
    27.21540     11.38560     -5.57460
    21.58519     22.68921    -11.48124
    21.58520     22.68916    -11.48103
    45.48376     43.03984     -7.59816
    42.24466     42.06210     -9.20823
    35.36400     20.10750    -13.69271
    31.36942     43.76039     -9.55091
    17.86890     33.31230     -3.54400
    29.28827     33.61597    -11.60021
    34.27820     23.30980    -10.11930
    46.91680     37.05580     -7.52600
    39.40695     53.41590    -11.58528
    51.29797     44.88576    -11.20274
    53.40109     50.12704    -11.84239
    34.43110     43.09450    -20.58980
    22.03118     25.95606    -11.71334
    27.04409     38.67754    -12.24924
    20.07086     22.55131     -9.77517
    36.27732     25.57645     -8.46857
    27.39119     38.81745    -12.02313
    36.27720     25.57633     -8.46861
    29.59280     44.43680    -13.51140
    41.55989     30.76965    -14.76951
    33.05571     46.21364     -9.39956
    35.36385     20.10768    -13.69279
    42.24585     39.75399     -9.86707
    39.73135     54.15836    -10.51669
    58.41295     47.54109    -11.12658
    20.78460     29.74560     -9.72620
    43.24610     44.68840    -18.05850
    56.67740     60.55160     -9.56270
    43.04611     32.84233    -13.67747
    50.86295     40.80747    -12.13593
    40.80243     34.22303    -10.29490
    23.84950     21.80500    -18.29680
    50.17192     43.72836    -10.67538
    33.24312     32.65474     -7.69532
    35.37831     20.09251    -13.67707
    37.04391     27.16404    -22.02834
    35.85936     46.71235     -9.35896
    37.25860     26.01720     -9.38420
    40.86760     27.33765     -8.05072
    41.79730     32.87170     -6.98840
    31.45248     34.22654    -16.14329
    42.06375     37.15713    -11.36109
    54.65639     49.97922    -13.53228
    26.56220     20.75108    -12.18909
    49.47780     46.84670     -7.65100
    30.98020     30.79970    -11.61570
    26.50766     20.72579    -12.30865
    53.06876     51.52938     -7.41670
    45.24017     42.94899     -7.63662
    28.35231     25.00350    -14.08857
    37.08392     30.71459    -18.53323
    33.66426     26.68599     -8.82133
    30.84520     37.29310    -22.59600
    18.32047     31.36833     -8.71544
    40.54860     38.45990    -19.46670
    26.64400     38.59486    -12.53335
    36.07480     27.07360    -21.39060
    51.07732     40.99419    -12.19620
    30.13360     42.60420     -4.39510
    49.26380     42.70740    -13.37530
    41.36639     29.40253    -16.77073
    23.70370     37.25600     -7.08850
    45.26318     46.33174    -26.61548
    40.71825     31.38740     -7.66555
    54.87142     47.02025    -13.75203
    42.57785     28.65447    -11.42470
    59.83553     52.32702    -10.31291
    26.49371     20.71706    -12.34749
    36.68334     29.53329     -9.29801
    33.53690     47.00590    -14.03660
    44.09869     36.57198    -12.42012
    49.74585     36.85886    -12.31781
    26.49429     20.71741    -12.34587
    52.05830     52.08280    -12.49850
    46.05316     43.24937     -7.51016
    51.85094     52.44126     -7.96086
    51.86396     52.43868     -7.86173
    42.64019     37.80016     -7.16329
    51.26339     51.00244     -7.37896
    41.37620     26.79190    -13.86710
    51.86392     52.43868     -7.86186
    42.64025     37.80019     -7.16359
    45.47530     58.13070    -13.98000
    51.81275     40.20794    -12.32760
    39.66380     39.17040     -8.58565
    51.07440     64.27430    -26.02480
    45.68870     59.75300     -9.77230
    23.14936     37.08665     -9.32719
    33.66424     26.68601     -8.82137
    43.59060     41.33300    -13.38000
    48.00910     42.82540    -15.32550
    40.86746     27.33826     -8.04999
    50.70264     42.91406    -11.39117
    46.53930     48.89540    -29.01360
    51.22543     38.93520    -13.14366
    42.11003     28.80813     -7.80146
    34.53311     31.05616    -10.45256
    34.39270     46.57750    -10.45350
    41.93275     54.28081    -10.55117
    41.99400     25.30230    -10.42310
    26.76010     18.81160     -7.32450
    35.57721     29.23168    -10.18427
    57.67480     47.79070    -16.97679
    33.95679     26.32740    -20.44491
    39.61860     26.99760     -5.94330
    28.66000     27.01520    -12.69600
    22.88429     22.91870    -12.47077
    17.48375     26.19805     -8.60881
    49.09034     41.69856    -10.53726
    42.12348     37.35493    -11.10974
    51.66160     51.57890     -5.51110
    34.53309     31.05616    -10.45258
    25.31040     35.08090     -6.68600
    27.40649     38.83731    -12.03741
    32.45085     24.86542    -10.77903
    54.86480     59.73460     -8.00220
    29.32174     20.42536    -13.19613
    50.48477     40.55050    -11.98315
    29.78310     42.14760     -6.74570
    59.01260     51.52240     -8.65790
    50.71032     42.89868    -11.40465
    51.86389     52.43860     -7.86235
    51.85477     52.44120     -7.92684
    42.62846     37.81681     -7.10524
    32.68920     27.41650    -10.43760
    41.06950     48.15990    -22.65070
    51.86402     52.43864     -7.86129
    51.87402     52.43656     -7.78486
    26.78122     38.61586    -12.44549
    56.15560     63.33370    -20.96360
    43.79336     35.23049    -13.94105
    32.50791     42.61109    -11.27792
    45.90211     59.31937    -16.49405
    40.73140     30.00080     -6.62840
    28.72240     33.36090    -21.77620
    34.26208     48.33160    -11.42760
    21.23494     23.60055    -10.75094
    26.77680     26.24690     -8.44700
    38.43990     52.98980    -10.40000
    38.39794     31.46040     -7.61075
    37.70367     49.41121    -13.16883
    54.61300     43.71910    -15.58420
    35.97220     35.29770     -7.24670
    48.74366     48.21523    -15.21249
    35.37511     36.98676    -14.46906
    28.98725     39.64769    -11.24097
    36.55730     20.97570    -22.42480
    51.78648     52.45329     -8.46239
    41.93826     29.05756     -7.76320
    50.94164     40.86889    -12.16262
    42.48480     32.09160    -14.74700
    57.31859     65.58675    -23.57956
    29.98150     19.03190    -22.11260
    39.93560     36.78020    -12.50270
    26.80531     38.47361     -9.86191
    42.56000     53.62470    -10.79050
    35.71287     28.09395    -12.61379
    35.36395     20.10758    -13.69273
    29.32176     20.42542    -13.19605
    42.73020     57.07150    -10.18100
    19.91390     23.62072     -9.35135
    35.38936     20.08015    -13.66569
    23.80009     35.67085    -11.88790
    42.48900     28.46779    -12.29385
    59.45470     56.11050    -10.11790
    23.52800     19.46980    -17.71530
    40.90377     38.50143     -9.39780
    52.66160     43.12516    -13.25378
    19.91467     23.62094     -9.35143
    48.74352     48.21508    -15.21195
    36.34840     28.48200     -9.93870
    48.18280     45.75510     -8.67390
    32.96240     26.56410    -20.26920
    49.49341     45.78298    -10.39614
    31.87280     20.59970    -17.55220
    41.84140     25.26080    -20.14920
    44.15820     51.70280    -22.33160
    33.35790     36.18270    -17.70980
    41.57177     28.95585     -8.20729
    18.95075     30.93044     -9.68458
    20.02410     22.10390     -7.02840
    23.85310     18.00990    -15.17350
    42.66426     30.28041     -8.05984
    29.19120     22.91110    -11.09790
    51.22537     44.80561    -11.18512
    29.25145     42.74744    -15.51096
    50.03530     44.92620    -13.30080
    16.24830     26.70990     -7.07820
    53.32421     54.76914     -8.02651
    53.32423     54.76911     -8.02646
    22.21750     20.82420     -9.62620
    37.82130     32.74550    -20.33430
    40.73700     52.99160    -11.98560
    36.68332     29.53331     -9.29797
    38.33250     26.83410     -7.76300
    28.98773     39.64815    -11.24062
    52.60275     41.26769    -13.96565
    26.55966     20.74948    -12.19620
    37.08388     30.71461    -18.53327
    26.52404     20.73573    -12.26517
    32.88900     42.85680    -13.01050
    45.37294     40.84247    -13.05138
    45.26321     46.33177    -26.61550
    43.33410     56.46680    -13.13940
    34.97370     17.34560     -5.57550
    33.56363     44.61491    -12.41740
    24.61870     19.79740    -14.35230
    36.50520     29.28750    -14.72760
    43.69148     36.36327     -8.30216
    21.23490     23.60057    -10.75106
    31.65756     26.52636    -10.96593
    47.66835     43.73754     -8.21227
    36.58308     24.37235     -8.96474
    36.58307     24.37235     -8.96476
    31.29430     30.16740     -7.57300
    20.78430     28.26350     -8.84910
    51.41240     51.50900     -9.36490
    36.03765     21.12995    -15.45668
    31.36843     43.87904     -9.53020
    21.58522     22.68917    -11.48104
    55.73548     56.28641    -14.59103
    55.73549     56.28648    -14.59109
    53.89244     55.84132     -8.67560
    39.33699     32.37408     -8.74767
    35.81149     20.08054    -17.40846
    56.64770     48.03960    -16.63710
    35.67252     28.04097    -12.35036
    28.68840     20.99970    -11.78360
    54.20534     53.17062    -11.72899
    27.50249     26.71569    -23.59695
    39.33706     32.37408     -8.74765
    27.50251     26.71571    -23.59695
    48.99257     42.12541    -10.23492
    39.88480     44.21870    -21.71450
    55.73550     56.28654    -14.59114
    42.06361     37.15663    -11.36176
    25.96771     20.52861    -13.31065
    37.36670     29.74391    -10.95958
    17.47130     26.22080    -16.68800
    42.66687     34.61185    -11.85926
    42.66686     34.61192    -11.85929
    23.14955     37.08660     -9.32772
    53.61041     52.49004     -8.41521
    37.91520     46.93580    -17.84970
    48.11834     50.29079    -12.29643
    50.13948     43.78157    -10.65837
    23.18780     21.37000    -10.45080
    43.52782     41.16105     -9.69940
    53.75001     45.74778    -13.46444
    21.08920     24.26700     -8.87600
    49.30094     34.96442     -9.37268
    21.37236     23.79779    -10.96646
    16.70280     28.13760     -8.25010
    35.37824     20.09254    -13.67704
    23.80011     35.67085    -11.88790
    38.88730     32.82940    -13.76680
    30.22980     15.70690    -15.74770
    43.41404     28.18183     -9.84912
    36.03765     21.12994    -15.45675
    35.16500     31.33740    -20.25100
    21.86010     30.31000    -12.24100
    48.79856     35.54787    -11.75859
    53.40107     50.12694    -11.84228
    45.79350     49.08670    -22.09160
    47.66836     43.73757     -8.21235
    31.36461     44.43168     -9.43284
    34.82790     33.64310     -7.66290
    23.13100     35.61900     -9.25200
    29.77359     43.37425    -13.04194
    43.37440     57.70320     -9.08090
    40.30490     24.11620     -6.60510
    46.73820     44.13290    -14.70880
    59.83562     52.32708    -10.31323
    51.89428     46.54890    -11.24167
    42.18690     38.59910    -13.81000
    50.05880     43.87181    -10.58946
    38.30370     23.94830     -8.91820
    52.33880     49.18170    -12.15110
    36.03765     21.12993    -15.45681
    32.35380     44.35800    -12.54240
    33.52677     26.10348    -11.02189
    31.62260     37.76740    -24.24120
    31.65670     26.49830    -13.11930
    41.31760     52.31690    -14.82860
    39.96140     37.24210     -9.47670
    53.40101     50.12686    -11.84227
    49.89046     57.92051    -23.95174
    17.98506     26.06345     -6.14673
    51.97980     66.01210    -13.33990
    18.46230     24.44990     -8.45210
    31.13530     42.58921    -13.53933
    27.63138     38.85461    -11.75972
    50.97420     64.75490    -13.94920
    52.62240     59.43380    -24.33510
    55.63266     64.45699    -22.35698
    39.75890     31.97410    -11.77980
    45.19671     37.90309    -13.15867
    26.29670     37.49390     -9.91120
    41.41570     53.02850     -7.48610
    45.56780     26.47630    -13.16380
    39.40110     40.90210     -9.53460
    30.33820     37.81790    -19.32930
    32.82340     36.71140     -9.76700
    40.39241     55.17390    -10.00313
    42.67044     30.31835     -8.03102
    39.18968     29.27320     -9.74095
    45.87200     42.71960    -10.18740
    48.90203     42.30108    -10.08161
    47.04021     45.06745     -9.21078
    26.49431     20.71742    -12.34587
    41.30960     24.86390    -11.86560
    29.81683     36.31345    -13.48812
    32.89455     22.17810    -10.47471
    48.38311     42.58069     -9.59599
    22.03116     25.95597    -11.71342
    33.04490     37.15200    -15.08230
    30.66160     41.06190    -14.08760
    37.81780     32.79150     -8.25670
    18.32046     31.36835     -8.71547
    30.75430     38.13270    -23.40750
    40.25120     26.42010     -8.33950
    44.09871     36.57202    -12.42018
    41.88208     29.31415     -7.60573
    41.89293     29.12589     -7.75109
    17.06625     27.42290     -5.46596
    18.40350     23.62630     -6.44820
    26.87931     38.63897    -12.36892
    35.57030     35.98860    -13.81830
    45.19750     36.58100     -8.19230
    47.04650     43.26580     -8.80150
    59.83550     52.32696    -10.31276
    39.33703     32.37408     -8.74760
    31.36440     44.43123     -9.43314
    19.30420     23.76400     -5.94350
    23.15820     21.42410     -5.53430
    30.78750     42.64886     -9.60568
    51.21394     44.79497    -11.18146
    51.61442     45.22476    -11.28808
    23.59760     29.32030    -13.29600
    42.66693     34.61126    -11.85918
    48.38299     42.58066     -9.59672
    34.92637     36.01136    -17.26192
    24.86780     14.60160     -8.73950
    41.55991     30.76965    -14.76949
    51.58274     58.18759    -19.00193
    41.77704     28.86572    -14.29294
    36.03765     21.12993    -15.45676
    23.18240     23.62950    -12.90730
    33.52676     26.10348    -11.02189
    29.57350     28.33810    -19.65320
    48.79140     41.78940    -15.56950
    39.40695     53.41590    -11.58522
    49.79440     54.26780    -26.21010
    51.48993     49.75194     -9.88044
    51.48992     49.75192     -9.88053
    51.48992     49.75192     -9.88049
    43.92220     35.09830     -8.69060
    64.62510     57.33450    -26.74960
    41.36642     29.40255    -16.77066
    40.36258     32.65773    -14.59676
    37.48920     37.95930    -10.00680
    30.24730      9.53290    -16.80930
    40.86784     27.33695     -8.05122
    42.79800     39.66347     -6.47752
    36.03765     21.12994    -15.45675
    43.91020     33.15360    -16.14580
    41.15710     25.76320    -17.02690
    30.90720     34.38270    -13.68510
    30.33192     32.13279    -16.13089
    56.27390     53.54740    -12.86100
    33.58380     46.17160    -13.62680
    16.49600     29.29630    -16.03870
    42.64646     34.53772    -11.85703
    53.74991     45.74749    -13.46445
    48.07139     39.97763    -14.69827
    33.52676     26.10352    -11.02190
    51.90457     52.42949     -7.55894
    40.34784     33.19031    -11.20769
    53.32423     54.76916     -8.02641
    29.65260     35.21490    -15.62790
    33.52673     26.10356    -11.02193
    56.08772     65.61334    -22.66295
    48.49391     49.56605    -11.51571
    47.53370     33.91249     -7.81483
    40.12900     23.35350    -20.44900
    22.88431     22.91870    -12.47073
    25.35550     39.39550    -15.87860
    23.45720     25.47900    -13.28050
    30.19360     15.51390    -22.92640
    28.38260     18.26430    -13.36990
    37.71174     21.22871    -17.09985
    19.91452     23.62088     -9.35138
    47.86552     35.18055     -7.48948
    26.75160     38.22064    -12.27684
    52.43970     64.98020    -23.98260
    32.50789     42.61111    -11.27798
    41.98760     42.60780    -23.76900
    45.37295     40.84267    -13.05037
    26.80359     38.47557     -9.82718
    45.37294     40.84268    -13.05039
    33.00160     37.30590    -17.48690
    45.03790     49.15630    -27.34960
    33.87230     31.44090    -13.88690
    41.92280     30.94300    -16.50350
    26.55967     20.74950    -12.19610
    31.36785     43.88342     -9.52990
    30.33189     32.13281    -16.13087
    40.92580     27.62060    -20.48360
    43.13800     38.74330     -8.40660
    37.77550     45.24520    -21.96600
    37.74650     30.73250    -21.58330
    49.01080     57.13290    -22.80250
    42.88980     26.81090    -14.48280
    52.01921     47.95371    -10.49971
    31.68517     35.87852    -15.42707
    31.68521     35.87853    -15.42702
    36.05150     36.83580    -16.65510
    43.61940     55.57070    -14.36970
    41.73150     38.22390     -6.33720
    45.54160     35.85340    -10.33930
    40.41122     32.72492    -14.67056
    42.49282     37.82981     -6.33738
    42.56872     28.63814    -11.50310
    37.49772     32.65126    -12.32470
    42.36138     33.68802    -12.21043
    46.61505     46.32646     -6.55380
    47.58974     37.77204     -9.63424
    40.41122     32.72491    -14.67059
    40.36266     32.65782    -14.59684
    50.32620     43.53975    -10.85654
    32.02910     31.05970     -8.60630
    31.45265     34.22657    -16.14313
    34.51110     24.52160    -19.07710
    53.08084     44.11017    -12.03540
    44.85100     42.72200     -5.11700
    55.23120     49.96620     -3.99030
    32.45150     26.30710     -7.97960
    39.20536     31.52772    -14.60841
    35.52570     18.40320    -14.43748
    48.11800     50.29077    -12.29736
    39.73129     54.15834    -10.51638
    35.16160     27.68090    -14.81930
    48.11806     50.29078    -12.29723
    33.38660     39.33160    -21.26650
    48.73470     61.40290    -11.50270
    35.90560     30.36360    -10.71670
    18.32046     31.36832     -8.71539
    44.07740     34.40930     -7.68060
    49.49338     45.78282    -10.39588
    41.85981     27.46684     -8.30604
    45.90209     59.31933    -16.49405
    27.69900     39.58950     -6.07220
    53.74992     45.74751    -13.46444
    36.85830     28.50460    -18.88580
    34.05280     30.90560     -8.18960
    28.71737     37.84390    -15.29966
    40.92780     36.06200     -8.53970
    33.55120     38.16498    -17.83446
    37.70367     49.41127    -13.16944
    36.14400     37.72220     -9.44070
    16.01460     27.88150    -21.06910
    30.77680     27.94290    -10.40010
    40.80261     34.22325    -10.29470
    39.91564     28.22262     -6.74972
    17.98487     26.06317     -6.14517
    50.39170     58.06940    -21.00940
    42.24585     39.75432     -9.86717
    41.02310     53.09650    -10.14700
    36.03753     21.12965    -15.45751
    25.52350     14.22830    -15.46170
    23.25280     28.10120     -9.25690
    31.13480     42.58912    -13.53956
    48.55670     34.15770    -11.53860
    32.99440     14.82930    -12.25890
    40.43020     35.66650    -12.96410
    50.26448     43.64798    -10.75786
    41.44500     25.02200     -7.22820
    36.03771     21.13007    -15.45596
    41.89600     44.71240    -16.53980
    40.37000     33.05809    -11.20079
    34.90501     46.92560    -12.23933
    47.47770     44.19900    -13.70570
    46.66222     39.58221    -14.26984
    25.50420     38.24397     -6.58721
    35.39135     36.99596    -14.48143
    30.05950     34.30720    -13.66450
    49.86885     43.60457    -10.36543
    47.66840     43.73757     -8.21243
    37.73580     28.16890    -15.18040
    37.53750     35.57940    -10.89980
    34.92637     36.01136    -17.26192
    42.66714     34.61329    -11.86058
    37.84261     31.36445    -11.02969
    43.83536     34.24495    -11.72889
    39.67990     45.18180    -19.60970
    25.58180     33.56560    -13.92480
    26.31317     38.56420    -12.74201
    53.06879     51.52952     -7.41661
    22.64780     24.30780     -8.40420
    43.63242     33.69397     -8.23471
    52.72790     53.25290     -7.06790
    48.95196     42.16132    -10.19075
    33.96579     44.16234    -10.00206
    55.63670     51.39410    -13.11830
    39.33702     32.37408     -8.74773
    20.84940     19.39410    -12.48970
    37.12710     19.25490    -13.25670
    38.39796     31.46040     -7.61075
    21.58518     22.68922    -11.48122
    39.41130     29.35850    -24.47000
    29.23350     19.06460    -10.50650
    43.63243     33.69397     -8.23472
    51.12380     41.97430    -14.62060
    43.79334     35.23036    -13.94118
    40.34759     55.18046    -10.08867
    30.85250     26.72530     -8.67040
    39.91558     28.22246     -6.74991
    39.12410     54.15180    -12.24050
    40.36550     34.36050    -14.79840
    20.01278     24.73838    -10.82244
    41.88996     29.25483     -7.64712
    36.03767     21.12996    -15.45683
    36.03765     21.12993    -15.45665
    49.13010     49.32940    -10.31950
    43.94640     28.53020    -14.08800
    28.98536     39.64578    -11.24238
    53.81820     51.38760     -9.57130
    23.59608     24.41782    -13.95215
    44.78650     33.24100    -14.99930
    53.29760     56.71430    -24.11930
    48.07141     39.97767    -14.69823
    41.77702     28.86573    -14.29303
    42.24584     39.75408     -9.86702
    53.06876     51.52949     -7.41665
    49.85750     46.81460    -14.13820
    26.62077     20.78591    -12.03344
    35.57721     29.23171    -10.18431
    52.17710     64.52120    -13.20430
    63.63890     59.54110    -21.47440
    43.87240     46.62340    -23.87660
    28.69250     38.77950    -13.45680
    41.91460     29.79770    -13.38820
    33.34673     47.42601    -11.88914
    51.89434     46.54932    -11.24212
    35.80220     28.99540    -18.40000
    50.21050     49.60490    -15.33280
    37.90824     41.26976    -18.39857
    37.36670     29.74389    -10.95962
    35.26424     30.80554    -12.99421
    49.22880     39.52600    -14.66970
    36.27730     25.57649     -8.46866
    35.26624     30.79852    -12.99108
    41.07930     38.99670    -13.70690
    18.08720     28.36950    -18.64750
    52.98926     48.05919    -12.47803
    48.79853     35.54785    -11.75860
    40.36930     28.90750    -11.08900
    48.11801     50.29080    -12.29738
    27.38517     38.81663    -12.02985
    57.84320     56.62030     -7.86500
    26.70084     38.61014    -12.49796
    59.59970     51.27030    -15.21760
    36.63240     51.07660     -5.95940
    42.03432     28.93652     -7.76924
    17.06613     27.42276     -5.46598
    32.89455     22.17810    -10.47479
    35.58510     32.54980     -7.27980
    38.44290     46.34840    -21.20660
    39.34200     34.16610    -12.78820
    23.14937     37.08668     -9.32717
    39.81800     33.21350    -19.45400
    35.21890     16.95400    -12.52680
    38.42350     27.61940    -15.55980
    48.79858     35.54789    -11.75861
    38.27440     28.36460    -17.94510
    33.90460     29.79770    -20.04260
    22.59080     34.26580    -11.52790
    35.24668     30.86886    -13.02366
    58.10880     48.58530     -9.03170
    51.89417     46.54818    -11.24099
    43.22584     31.79395     -8.32744
    22.37170     22.43420    -14.22210
    32.37460     46.64870    -12.03440
    42.40648     26.54354     -9.23206
    37.84259     31.36441    -11.02967
    40.71825     31.38740     -7.66555
    42.91500     31.80250    -17.05960
    41.93278     54.28080    -10.55128
    40.60200     44.28370    -25.14600
    43.63245     33.69396     -8.23467
    32.83460     26.90890     -6.82700
    42.32370     32.06870    -11.35800
    43.41330     36.47810    -13.21160
    24.95080     36.45080    -12.90720
    42.40646     26.54351     -9.23200
    33.51650     26.12469    -11.03741
    29.32177     20.42549    -13.19601
    33.55110     38.16496    -17.83425
    28.89630     24.24160    -22.32350
    49.30096     34.96438     -9.37272
    43.04609     32.84237    -13.67753
    26.52476     20.73643    -12.26198
    29.87579     36.31107    -13.45204
    55.73550     56.28649    -14.59118
    23.14942     37.08663     -9.32731
    32.45230     24.86224    -10.78347
    47.11350     57.17400    -19.60400
    36.69737     48.02457     -9.76202
    16.29530     25.38540    -13.04020
    52.06020     59.89710    -22.93630
    14.74470     26.86100    -13.31690
    41.28810     33.63060    -11.38810
    51.87944     52.43552     -7.74322
    54.22000     47.13320    -12.60330
    34.09500     14.30000     -5.67740
    37.33940     29.20870    -21.84140
    35.31170     42.41710    -24.22580
    40.36994     33.05789    -11.20099
    30.12750     13.82510    -22.58130
    49.41710     57.60880    -20.40500
    60.87451     54.62135    -24.10433
    52.17110     48.81070     -7.24050
    22.40970     21.39250    -11.10800
    45.74937     37.36356     -9.68387
    51.80631     41.86689    -12.68767
    40.91060     34.23550    -16.75230
    21.87920     21.46820    -19.03910
    45.26321     46.33178    -26.61552
    50.96330     47.55530     -7.77730
    25.71450     39.31980     -9.21900
    44.92470     31.47050    -10.29290
    35.52570     18.40320    -14.43752
    50.59789     64.47787    -23.91900
    46.61505     46.32644     -6.55380
    43.92690     43.35860    -25.81570
    43.22586     31.79395     -8.32746
    58.74370     56.50450    -10.61200
    48.34143     42.60151     -9.54913
    28.98693     39.64737    -11.24119
    50.68391     59.11994    -23.82778
    30.24751     19.45458    -12.68554
    45.71320     39.84783     -6.73361
    50.79624     40.76772    -12.10539
    48.76361     42.37670     -9.95320
    48.76498     42.29752     -9.99702
    36.27725     25.57638     -8.46857
    41.36639     29.40252    -16.77071
    25.08210     22.76080    -15.26680
    28.78740     41.21090     -5.31540
    42.48870     28.46652    -12.29933
    42.66350     37.79083     -7.29224
    49.74583     36.85903    -12.31791
    39.87120     35.15080    -13.55630
    55.58560     48.26350    -15.06370
    33.55978     26.03503    -10.97192
    38.24084     31.40647    -19.52727
    24.88740     35.81880    -12.08690
    36.51050     41.11700    -17.67680
    27.37580     19.40650    -13.56040
    43.61260     47.63450    -22.50900
    51.38746     44.98154    -11.22662
    57.58050     64.72880    -20.73380
    20.01277     24.73837    -10.82251
    37.94370     29.57725     -8.72513
    20.01275     24.73835    -10.82245
    30.05796     36.30359    -13.34055
    27.60050     32.67590    -17.18070
    48.56227     42.48275     -9.77021
    35.71030     28.08366    -12.58754
    47.62420     47.50910    -26.54980
    40.44520     32.57379    -11.19398
    32.49140     46.06630    -14.73250
    17.48375     26.19805     -8.60879
    44.50210     40.32560    -13.21832
    36.28260     48.65140    -11.37600
    38.92830     32.46170    -20.73760
    32.75480     44.79920     -8.86670
    41.09240     40.21000    -10.34990
    25.31084     21.19165    -12.82058
    31.65530     31.13650    -12.12480
    36.69930     22.92220     -7.11420
    55.24880     46.48730    -15.04450
    32.63037     45.13328    -13.61284
    35.71495     28.09965    -12.63138
    48.01820     39.04500    -10.59740
    48.31979     40.05245    -10.69438
    35.91500     29.45310    -13.74450
    45.81940     50.76700     -8.41320
    42.59873     28.69636    -11.22722
    39.94450     33.59470    -15.11710
    21.44287     23.89926    -11.07768
    40.86755     27.33772     -8.05074
    44.50210     40.32560    -13.21838
    37.47058     32.63735    -12.17559
    36.66890     25.06560    -12.30700
    49.71470     61.23100    -21.37650
    25.45570     37.62070    -12.37960
    33.55111     38.16495    -17.83428
    27.45934     38.83915    -11.96793
    28.60700     35.49150    -11.00160
    39.62240     33.09510    -16.80600
    35.74300     31.87480     -8.37430
    35.20723     20.27203    -13.86431
    30.12240     27.94340     -5.97000
    31.22390     22.78460     -7.89610
    29.63310     27.52730    -12.52930
    35.81152     20.08041    -17.40893
    34.06720     18.10510    -11.82880
    52.66160     43.12514    -13.25382
    15.16284     27.79379    -12.49557
    29.28826     33.61579    -11.60003
    31.75200     20.96740    -12.66180
    28.34960     22.73430    -11.34640
    36.71305     34.25584    -12.09360
    51.54131     45.14689    -11.26735
    34.71604     45.18482    -13.17697
    38.94700     35.32140     -8.27030
    29.81683     36.31347    -13.48820
    31.66594     21.75291    -11.38985
    31.68510     35.87850    -15.42719
    24.65100     21.18370    -14.69410
    29.28826     33.61607    -11.60032
    28.01250     36.51400    -17.31020
    25.43800     39.56780    -13.07590
    53.30030     40.94150    -15.02380
    46.68704     32.79867     -6.87199
    46.68702     32.79866     -6.87200
    46.68704     32.79866     -6.87200
    25.84970     37.40030     -8.33290
    46.00440     61.43460    -21.12490
    53.61039     52.49006     -8.41519
    29.25145     42.74746    -15.51094
    36.17300     48.72740     -8.15300
    46.99550     34.16610     -9.91470
    50.27530     43.55944    -10.80508
    18.17360     26.44880    -13.23670
    35.48920     49.55510     -6.83640
    53.08086     44.11013    -12.03540
    53.89246     55.84128     -8.67560
    54.29500     49.71630    -11.49200
    36.11270     45.26220    -17.48320
    44.42800     43.26040    -10.56210
    18.22420     26.13560    -10.30060
    45.27520     43.31500    -11.30130
    29.87574     36.31103    -13.45213
    37.49774     32.65122    -12.32489
    35.61459     27.97021    -11.97920
    43.41407     28.18187     -9.84929
    27.78770     28.79800    -19.31580
    54.20536     53.17058    -11.72901
    33.41670     41.00530    -19.54690
    47.67550     35.34070    -11.09520
    35.40960     36.15610     -7.26410
    52.60230     41.26649    -13.96473
    26.69152     38.56867    -12.48103
    23.59611     24.41784    -13.95212
    35.15930     33.41870    -13.77510
    29.87583     36.31103    -13.45202
    39.22560     43.62550    -27.10760
    45.74933     37.36354     -9.68383
    42.64220     57.91170    -11.87480
    58.27590     48.50580    -21.62960
    15.16286     27.79381    -12.49563
    46.07538     43.25803     -7.50518
    31.45267     34.22656    -16.14322
    49.97417     44.08691    -10.56019
    41.31240     33.17750     -8.21680
    34.83693     45.78288     -9.19504
    41.93825     29.05755     -7.76327
    31.13529     42.58921    -13.53929
    42.35394     33.67870    -12.22646
    36.03765     21.12992    -15.45665
    35.67497     28.04646    -12.36946
    35.31429     36.95251    -14.42245
    45.42410     53.69910    -18.28400
    33.57340     31.86200    -10.78330
    36.47630     26.76740    -12.25440
    34.90499     46.92560    -12.23937
    51.89441     46.54975    -11.24245
    35.54890     23.84040    -10.64570
    23.16380     34.64120    -10.43160
    22.03116     25.95603    -11.71342
    43.80180     33.95610    -13.87500
    25.37660     34.78060     -9.73300
    33.47690     25.76140     -8.52640
    59.74599     54.17604    -21.67731
    59.74601     54.17606    -21.67739
    42.59639     28.69303    -11.24483
    42.60971     28.71710    -11.12934
    42.35397     33.67882    -12.22631
    18.13660     24.28790    -14.47240
    20.10430     22.30070    -18.06400
    31.65200     37.81280    -17.97280
    41.96370     34.84260    -13.72640
    37.71176     21.22869    -17.09985
    23.89830     23.17180    -12.25690
    51.54127     45.14702    -11.26706
    28.98863     39.64912    -11.24000
    32.63037     45.13327    -13.61278
    32.63037     45.13329    -13.61278
    33.55076     38.16492    -17.83344
    33.98590     27.81760    -10.62090
    35.85945     46.71224     -9.35942
    23.98760     27.03520    -18.04650
    22.81874     35.75209    -11.43503
    50.26680     43.57348    -10.79341
    37.84259     31.36444    -11.02964
    42.87492     34.82049     -7.71518
    42.59848     28.69658    -11.22762
    51.26341     51.00246     -7.37894
    43.55830     40.48090     -4.81850
    16.72220     26.36500     -9.86960
    43.79342     35.23044    -13.94111
    33.94190     48.43720     -9.26220
    25.31086     21.19165    -12.82052
    23.14941     37.08665     -9.32731
    29.99220     36.15260    -15.69850
    36.78370     30.24430     -7.26690
    27.46950     21.05010    -13.79130
    22.11080     35.81240    -10.03390
    34.34260     25.38720     -8.32890
    47.86548     35.18055     -7.48952
    34.60750     38.02690    -21.63930
    18.95075     30.93046     -9.68462
    43.83534     34.24495    -11.72891
    63.63940     57.09060    -22.95500
    37.89980     44.14494    -23.53815
    28.79540     42.26900     -5.23270
    54.95650     45.64500     -8.92050
    40.02920     31.29820     -9.37230
    47.58972     37.77203     -9.63431
    33.24308     32.65476     -7.69538
    29.81680     36.31349    -13.48832
    35.09180     33.91190    -18.83450
    27.39159     38.81754    -12.02257
    47.53370     33.91251     -7.81477
    38.81100     22.74720    -10.33140
    37.46971     32.63690    -12.17078
    41.17830     32.06140    -12.24380
    48.03750     49.49930    -22.54640
    39.49305     27.73295    -14.62370
    40.31846     33.34248    -11.22783
    37.04389     27.16406    -22.02836
    19.53190     29.85280     -9.96690
    34.69810     33.59550    -16.31990
    35.81151     20.08121    -17.40709
    51.15619     44.73526    -11.16515
    42.60918     34.43242    -11.92200
    31.13543     42.58923    -13.53923
    35.19043     31.07281    -13.11911
    49.81376     44.30658    -10.50884
    34.34070     45.23720    -10.94800
    32.04260     44.71850     -5.76230
    32.26410     14.60940     -8.98340
    49.02609     44.18377    -12.72568
    46.91000     34.96830    -10.59250
    56.11370     65.20130    -24.32300
    54.04540     50.53200     -8.91750
    36.69735     48.02462     -9.76198
    25.23250     22.06810    -12.32240
    34.71595     45.18479    -13.17696
    48.69890     45.74370    -18.25660
    27.16220     41.81880     -6.56650
    39.99460     35.01500    -10.09830
    45.12864     42.90500     -7.65442
    18.70050     31.93540     -7.73090
    22.41080     34.20410    -13.61540
    36.68335     29.53330     -9.29802
    18.52950     28.89560     -9.05130
    24.61980     38.97760    -13.19020
    26.48267     20.71125    -12.37424
    35.85945     46.71243     -9.35945
    48.79848     35.54777    -11.75857
    40.90413     38.50203     -9.39825
    22.81876     35.75211    -11.43507
    35.60650     34.44040     -8.91420
    28.71733     37.84390    -15.29964
    34.95460     29.07880    -16.89440
    38.19730     27.22970    -12.56530
    18.82420     23.49530    -13.60770
    22.09320     20.36050    -13.91980
    50.86240     63.58390    -10.17290
    43.41401     28.18181     -9.84904
    28.47760     34.78550    -12.31300
    36.58308     24.37234     -8.96477
    26.75063     20.87607    -11.64628
    58.57975     48.98165    -10.47177
    45.71320     39.84787     -6.73359
    39.32370     35.12960    -22.01330
    25.71730     24.01840    -14.62910
    47.04019     45.06745     -9.21082
    34.02740     43.03405    -17.38533
    23.89290     30.19230    -17.38090
    31.36504     43.76489     -9.55416
    46.66220     39.58220    -14.26985
    55.73549     56.28646    -14.59108
    59.65050     54.93570    -20.09180
    58.57975     48.98165    -10.47173
    56.12880     66.11570    -20.89740
    51.22543     38.93519    -13.14368
    43.69147     36.36329     -8.30224
    41.24120     51.32250    -16.82890
    40.14180     50.56540    -15.18710
    46.31780     59.10500    -13.12020
    19.91460     23.62091     -9.35144
    19.91460     23.62090     -9.35136
    37.70367     49.41117    -13.16861
    49.62000     41.68430    -14.51880
    26.80538     38.47351     -9.86450
    29.11120     15.29010    -10.75820
    51.22544     38.93520    -13.14366
    31.45278     34.22657    -16.14284
    46.04730     45.19440     -7.92790
    48.74361     48.21517    -15.21232
    50.08300     56.19730     -9.08960
    34.02740     43.03405    -17.38537
    42.65879     37.79639     -7.26752
    48.49389     49.56605    -11.51569
    19.44520     22.35050     -8.15680
    31.65754     26.52634    -10.96597
    24.11910     31.65590    -14.19770
    48.38303     42.58069     -9.59637
    51.58276     58.18761    -19.00187
    29.89900     39.27480    -15.11640
    34.53310     31.05616    -10.45258
    34.71605     45.18484    -13.17705
    38.65150     30.00710    -10.12700
    34.26210     48.33161    -11.42753
    21.25238     23.62583    -10.77894
    50.88465     40.82896    -12.14039
    40.98180     37.92530    -10.96230
    18.66220     28.18290    -10.38880
    41.27025     35.32916    -11.76686
    25.60841     22.64294    -13.36743
    54.00120     64.80940    -19.34930
    50.52409     45.71834    -11.12401
    38.24086     31.40643    -19.52723
    30.50810     19.00410     -7.59800
    40.90434     38.50237     -9.39851
    42.35194     33.67638    -12.23071
    50.68389     59.11996    -23.82772
    26.69153     38.56923    -12.48424
    32.45083     24.86545    -10.77899
    19.91350     26.11470     -7.88740
    50.17033     43.73022    -10.67327
    25.50420     38.24393     -6.58719
    51.07740     53.31000    -15.06350
    41.27025     35.32914    -11.76684
    56.56050     60.99320    -19.21710
    37.85840     28.20460    -11.24300
    41.93270     54.28079    -10.55100
    45.03290     31.48270    -15.08140
    52.15470     38.42500    -10.76880
    33.34677     47.42599    -11.88916
    58.97410     64.07940    -21.15830
    37.89980     44.14496    -23.53815
    37.59620     40.27070    -19.39160
    50.61059     56.88199    -25.28209
    45.19669     37.90311    -13.15873
    27.23190     17.19050    -14.70600
    53.36526     43.90336    -13.94326
    45.85810     52.15090    -21.02200
    37.25960     27.95640    -22.01910
    19.13160     31.02491     -7.01665
    32.05500     23.83890    -10.58500
    42.87488     34.82051     -7.71512
    17.98494     26.06355     -6.14636
    54.65641     49.97918    -13.53232
    43.14430     38.52590    -12.33230
    16.96380     23.96540    -10.14870
    42.24472     42.06203     -9.20830
    26.80230     12.92620     -8.95300
    49.74586     36.85890    -12.31785
    34.81330     49.53270     -5.64460
    40.86745     27.33799     -8.05062
    32.99360     28.94420    -10.75110
    50.14033     43.77943    -10.65938
    32.44984     24.86762    -10.77597
    43.41395     28.18188     -9.84902
    41.77704     28.86575    -14.29294
    15.83380     25.39500     -6.60680
    51.33430     57.48930    -23.73610
    37.49775     32.65121    -12.32486
    33.56379     44.61496    -12.41771
    31.37267     43.75806     -9.54844
    46.83490     37.87160    -15.19710
    35.24548     30.87299    -13.02550
    45.12442     42.90234     -7.65479
    42.69653     37.74240     -7.45455
    38.78060     41.50510    -18.19780
    36.03765     21.12993    -15.45681
    51.92120     52.42532     -7.44046
    20.62090     25.06050    -19.23630
    33.57402     44.61954    -12.43193
    53.48750     42.70070    -14.91330
    33.55113     38.16497    -17.83434
    64.60260     55.96750    -25.49600
    57.67480     47.79070    -16.97681
    26.69130     38.56823    -12.48245
    55.10430     56.03850     -8.77580
    33.95682     26.32741    -20.44485
    21.58515     22.68933    -11.48158
    22.82200     26.60730    -12.68810
    19.21470     27.23210     -6.58750
    19.58386     27.42149    -14.39124
    28.08980     24.34570    -15.65960
    34.87390     32.59390     -6.96700
    25.12850     32.76800    -17.31850
    21.58516     22.68928    -11.48139
    54.87138     47.02025    -13.75207
    48.74850     56.08120    -23.80340
    34.86110     25.91790    -13.95890
    49.30620     64.84760    -26.27330
    31.26960     42.03460    -10.31950
    23.59611     24.41784    -13.95213
    60.42100     50.59010    -20.36510
    51.82194     52.44790     -8.17825
    35.57718     29.23171    -10.18432
    19.07150     25.24200     -9.09370
    52.86470     46.89590    -11.89150
    40.02470     24.98110    -13.12710
    21.50866     23.99402    -11.18163
    49.89044     57.92049    -23.95166
    58.90550     50.36640    -17.29480
    43.05960     37.79990    -12.10010
    24.61480     34.10060    -14.12640
    25.89790     32.00640    -13.19250
    31.33950     24.58480     -7.06100
    59.48775     50.90781    -10.47485
    52.60247     41.26694    -13.96508
    42.04869     37.10726    -11.42446
    42.40290     27.14730    -11.33240
    31.37160     34.32400     -9.00520
    50.19370     62.41980    -26.10540
    40.54080     41.92350    -11.80240
    47.95640     38.70150    -15.20240
    18.09360     27.16690     -5.57140
    30.33189     32.13280    -16.13087
    52.98924     48.05921    -12.47797
    19.13160     31.02489     -7.01655
    50.94171     40.86914    -12.16250
    34.53308     31.05619    -10.45250
    35.85943     46.71228     -9.35922
    33.96581     44.16236    -10.00204
    44.37590     30.46530    -13.50520
    29.32176     20.42543    -13.19608
    43.79342     35.23046    -13.94109
    28.35229     25.00350    -14.08853
    49.83630     62.97820    -21.28470
    59.48775     50.90779    -10.47485
    38.40650     49.43370    -10.64190
    49.02611     44.18373    -12.72572
    41.00810     31.56480    -19.21380
    30.24753     19.45457    -12.68562
    53.74986     45.74736    -13.46443
    17.96460     27.93040     -7.57055
    39.77640     26.12720    -22.34250
    37.56120     24.48320     -6.56660
    40.80259     34.22325    -10.29469
    51.53450     42.60210    -12.15950
    30.33190     32.13280    -16.13087
    45.73895     42.08885     -7.66982
    42.79800     39.66343     -6.47748
    49.14177     42.37416    -10.11810
    39.82010     45.91080    -17.82930
