    43.52615     41.15980     -9.69565
    28.78920     42.20030     -7.79720
    39.09470     36.69140     -8.59910
    39.33664     32.37403     -8.74973
    40.11973     32.32213    -14.22796
    43.52918     41.16183     -9.70274
    55.82144     57.28752     -9.82989
    33.30580     17.84170    -15.31120
    52.60228     41.26663    -13.96479
    40.45176     32.78024    -14.73050
    37.71450     27.26970     -8.92110
    43.69216     36.36293     -8.30126
    41.90162     29.27560     -7.61824
    41.49530     50.84940    -19.94120
    42.51180     40.97500    -13.80150
    51.81267     40.20810    -12.32846
    35.83890     21.28830    -22.06900
    53.36514     43.90309    -13.94305
    31.42610     37.57310    -15.99920
    50.62280     64.47660    -16.25290
    19.53938     28.14291     -8.12230
    46.66186     39.58196    -14.26934
    42.04325     37.08956    -11.44655
    49.00420     42.72730    -15.12510
    40.40739     55.17131     -9.97524
    33.85020     20.85440    -17.85220
    40.39866     55.17263     -9.99160
    19.53922     28.14289     -8.12250
    42.60532     28.72152    -11.12122
    22.41520     22.65730     -9.38360
    39.49304     27.73294    -14.62268
    26.55874     20.73802    -12.23604
    35.35075     36.97301    -14.45054
    35.36133     36.97853    -14.45881
    38.07680     31.82080    -14.85930
    33.07029     46.21108     -9.41009
    42.61540     39.20370    -12.64280
    49.09048     41.68930    -10.54166
    25.44915     20.89650    -10.32277
    53.39914     50.12370    -11.84093
    39.66376     39.17043     -8.58571
    32.26050     23.49600     -7.53170
    33.06407     46.20249     -9.45368
    41.85970     27.46701     -8.30624
    40.86432     27.34060     -8.05812
    47.52370     36.89560    -10.84190
    56.20380     62.35240    -17.98270
    42.24597     39.75447     -9.86728
    28.37070     40.67040    -13.65690
    48.32002     40.05270    -10.69417
    26.37534     38.57513    -12.72131
    34.88110     31.81330    -15.48400
    30.24485     19.45449    -12.68724
    31.43300     43.65356     -9.50977
    49.61920     48.86400     -8.04130
    39.20523     31.52741    -14.60818
    34.02063     20.85022    -11.82716
    34.93250     18.55510     -9.84340
    46.50560     40.92520    -10.37440
    25.44905     20.89720    -10.32343
    40.14804     28.65877     -8.30543
    40.14826     28.65853     -8.30547
    28.55040     22.23620    -13.10380
    43.92220     52.07090    -24.33980
    32.46250     22.66190    -12.75660
    20.07070     22.55115     -9.77485
    49.59680     37.17130     -8.03180
    48.31981     40.05258    -10.69433
    30.44380     29.95390     -7.83580
    43.52838     41.16144     -9.70070
    44.85030     47.70500     -5.77110
    57.31856     65.58682    -23.58007
    42.72454     34.83799    -12.02017
    34.92624     36.01159    -17.26254
    42.66940     30.31353     -8.03270
    42.66911     30.31113     -8.03440
    37.74590     26.71980    -18.65540
    40.37840     31.45620    -12.25050
    52.01885     47.95394    -10.49941
    63.40510     57.52930    -24.39110
    52.25920     46.10750     -8.11370
    41.30010     36.23470    -22.85650
    50.36928     37.65059    -12.60836
    36.58293     24.37257     -8.96570
    42.31740     33.63386    -12.30484
    42.34293     33.66675    -12.25038
    46.08254     43.27000     -7.49371
    35.54976     27.90102    -11.57770
    51.80610     41.86705    -12.68818
    55.32970     50.29490    -13.58700
    32.36700     22.73850     -9.41360
    41.91020     56.49160    -10.16880
    55.63273     64.45674    -22.35793
    55.63265     64.45728    -22.35700
    55.63269     64.45732    -22.35702
    21.21930     23.57662    -10.72315
    36.53060     30.71140    -12.32960
    55.63259     64.45678    -22.35679
    33.30478     20.18123    -12.79826
    33.30437     20.18157    -12.79828
    33.30465     20.18150    -12.79826
    53.74620     49.22670    -11.74510
    50.59804     64.47753    -23.91902
    38.46590     36.20860     -7.86160
    30.65410     37.20860    -13.55440
    45.45240     34.36470     -9.65390
    42.61714     37.85786     -7.05191
    42.57887     28.67228    -11.35584
    37.76880     28.98520    -14.37940
    25.26470     35.40590     -8.72060
    57.31802     65.58697    -23.57800
    18.84880     25.10670     -7.24980
    24.23982     33.24895    -13.86557
    39.18560     26.66160    -12.13460
    55.82149     57.28751     -9.82886
    18.74560     28.38570     -6.94130
    55.82151     57.28758     -9.82871
    55.82157     57.28769     -9.82884
    52.44984     51.55696     -9.75144
    47.70320     45.95270    -14.10210
    40.29005     33.46781    -11.25813
    32.73970     25.93380    -17.92810
    36.69759     48.02332     -9.76351
    33.55215     38.16517    -17.83754
    21.31399     23.71217    -10.87040
    51.33370     44.92469    -11.21024
    20.06460     22.85260     -7.47730
    46.03900     43.25584     -7.50642
    29.03240     25.43170    -13.00510
    32.90660     31.78430     -6.87190
    26.56149     20.73954    -12.22971
    29.45460     41.52220    -10.40850
    50.32283     40.43945    -11.91835
    30.26400     41.81480     -9.64650
    48.80015     35.55003    -11.75905
    32.63075     45.13308    -13.61277
    59.83417     52.32607    -10.30785
    34.02047     20.85008    -11.82844
    31.31412     43.76913     -9.59884
    46.20570     32.72890    -11.25580
    50.52423     45.71847    -11.12484
    52.60208     41.26561    -13.96443
    33.95664     26.32723    -20.44435
    57.78140     45.95380    -19.94950
    58.41302     47.54136    -11.12692
    53.06598     51.52844     -7.41728
    18.67370     24.49300    -17.50850
    42.65003     37.82483     -7.23025
    32.58410     28.10750    -21.45320
    37.33948     32.57019    -11.45525
    34.17950     22.68200    -16.91630
    43.25650     34.51280     -9.97920
    53.07357     51.53448     -7.41305
    31.49942     43.58824     -9.46267
    42.16133     28.71215     -7.83047
    48.21850     44.87510    -16.80700
    33.37286     44.53053    -12.14637
    17.96464     27.93031     -7.56961
    36.89860     25.25720     -9.77340
    36.09120     31.10600    -21.94950
    42.24334     42.06429     -9.20595
    45.16922     42.93468     -7.64836
    51.48994     49.75176     -9.88128
    34.83635     45.78258     -9.19473
    53.32378     54.76860     -8.02726
    42.40629     26.54372     -9.23213
    50.36922     37.65061    -12.60814
    31.27503     43.81112     -9.62955
    33.31830     15.36970    -29.73350
    34.83743     45.78328     -9.19582
    39.27300     33.66610    -10.49120
    49.31240     57.36660    -24.91240
    35.38042     20.09232    -13.67178
    35.38169     20.08976    -13.67323
    39.19009     29.27325     -9.74100
    43.71230     42.22020    -10.05090
    39.91552     28.22262     -6.74990
    38.50660     34.28780    -14.59280
    48.13980     62.62900    -16.83150
    29.77381     43.37416    -13.04114
    43.41408     28.18181     -9.84871
    43.79356     35.23052    -13.94165
    25.60820     22.64309    -13.36780
    58.02680     56.46750    -10.19170
    41.92380     46.97900    -10.85520
    56.69980     52.80560     -9.72560
    42.68962     30.43502     -7.94351
    50.61080     56.88219    -25.28220
    45.73903     42.08889     -7.66948
    21.18038     23.52242    -10.66467
    33.59720     24.69260     -9.42220
    31.45530     35.89290    -12.17470
    41.98943     29.07735     -7.69683
    52.44855     51.55905     -9.74845
    36.71312     34.25609    -12.09356
    40.78017     54.33600     -8.58435
    23.36830     32.83080    -13.76790
    33.77210     36.87920    -15.91220
    20.96570     25.33730    -10.77470
    39.73121     54.15836    -10.51574
    37.70420     49.40929    -13.15602
    35.74619     28.18962    -12.90332
    48.89590     49.17800     -6.85120
    35.48480     37.04858    -14.55230
    25.56560     24.15150    -16.35860
    45.12843     42.91156     -7.65873
    31.18540     46.23060    -15.59000
    19.58370     27.42168    -14.39147
    46.46720     44.59930    -16.69510
    38.66770     30.50110    -14.48330
    23.59260     34.84070    -14.41390
    30.94220     23.06340    -14.43650
    35.86460     50.13430     -8.09360
    46.76820     37.76060    -12.27300
    51.65323     45.27080    -11.29329
    56.08741     65.61359    -22.66293
    33.16640     41.19940     -6.84530
    31.68130     13.26550    -28.55530
    42.43180     32.52240     -7.41580
    36.90690     24.60850    -16.54050
    31.66605     21.75276    -11.38977
    23.14902     37.08686     -9.32573
    47.58986     37.77205     -9.63392
    34.53337     31.05610    -10.45370
    55.90230     62.32160    -24.12560
    26.51881     20.71925    -12.32751
    26.74691     20.89053    -11.57320
    42.62071     28.74037    -11.02343
    40.78083     54.33600     -8.58505
    34.83673     45.78321     -9.19509
    44.75430     36.00940    -12.21760
    26.67570     23.94420    -17.96450
    33.55243     38.16488    -17.83654
    37.94374     29.57732     -8.72453
    30.78746     42.64874     -9.60604
    46.23380     38.35080    -14.62660
    24.24058     33.24865    -13.86603
    42.58553     28.67321    -11.33941
    37.90844     41.26962    -18.39820
    52.01930     47.95386    -10.49988
    34.26243     48.33148    -11.42774
    31.13847     42.59005    -13.53786
    41.41930     36.94940     -7.92720
    17.06703     27.42345     -5.46484
    43.79012     35.22987    -13.93848
    49.74603     36.85814    -12.31781
    49.74592     36.85812    -12.31775
    35.00851     36.78059    -14.18753
    31.45920     45.83530    -14.20260
    36.05690     31.93960    -12.23170
    35.38200     20.08907    -13.67267
    41.73940     31.51360    -13.10320
    46.33920     54.49780     -6.72030
    49.49279     45.77986    -10.39152
    45.07280     38.72260     -7.24850
    40.71210     29.26760    -14.61570
    35.38247     20.08966    -13.66982
    17.98410     26.06946     -6.15583
    60.87433     54.62126    -24.10382
    35.38215     20.08827    -13.67317
    33.05908     46.21171     -9.40860
    27.21540     11.38560     -5.57460
    21.58526     22.68891    -11.48103
    21.58556     22.68800    -11.47740
    45.30543     42.98791     -7.62445
    42.24480     42.06165     -9.20870
    35.38295     20.08758    -13.67242
    31.34941     43.73677     -9.57355
    17.86890     33.31230     -3.54400
    29.28840     33.61646    -11.60063
    34.27820     23.30980    -10.11930
    46.91680     37.05580     -7.52600
    39.40686     53.41591    -11.58572
    51.15269     44.73285    -11.16054
    53.40225     50.12966    -11.84408
    34.43110     43.09450    -20.58980
    22.03141     25.95675    -11.71245
    27.05217     38.68688    -12.25722
    20.07100     22.55145     -9.77545
    36.27815     25.57719     -8.46799
    27.40477     38.83917    -12.04405
    36.27614     25.57491     -8.46878
    29.59280     44.43680    -13.51140
    41.55964     30.76968    -14.76966
    33.03441     46.22631     -9.33996
    35.38026     20.09089    -13.67388
    42.24587     39.75152     -9.86671
    39.73194     54.15848    -10.51968
    58.41288     47.54084    -11.12628
    20.78460     29.74560     -9.72620
    43.24610     44.68840    -18.05850
    56.67740     60.55160     -9.56270
    43.04619     32.84207    -13.67700
    50.93237     40.83235    -12.17828
    40.80052     34.22052    -10.29718
    23.84950     21.80500    -18.29680
    50.25228     43.69492    -10.72939
    33.24339     32.65463     -7.69486
    35.39986     20.07036    -13.65438
    37.04416     27.16391    -22.02809
    35.85827     46.71286     -9.35392
    37.25860     26.01720     -9.38420
    40.86866     27.33594     -8.05040
    41.79730     32.87170     -6.98840
    31.44976     34.22623    -16.14612
    42.04497     37.09477    -11.44016
    54.65625     49.97952    -13.53202
    26.59400     20.75976    -12.13891
    49.47780     46.84670     -7.65100
    30.98020     30.79970    -11.61570
    26.48804     20.69998    -12.40952
    53.06791     51.52672     -7.41844
    45.16456     42.93088     -7.64941
    28.35240     25.00358    -14.08890
    37.08420     30.71439    -18.53283
    33.66438     26.68581     -8.82103
    30.84520     37.29310    -22.59600
    18.32056     31.36825     -8.71547
    40.54860     38.45990    -19.46670
    26.63134     38.60075    -12.56517
    36.07480     27.07360    -21.39060
    51.07732     40.99419    -12.19620
    30.13360     42.60420     -4.39510
    49.26380     42.70740    -13.37530
    41.36617     29.40250    -16.77121
    23.70370     37.25600     -7.08850
    45.26293     46.33137    -26.61519
    40.71821     31.38743     -7.66547
    54.87173     47.02024    -13.75164
    42.58765     28.67834    -11.31763
    59.83564     52.32731    -10.31347
    26.47350     20.69082    -12.45117
    36.68339     29.53311     -9.29812
    33.53690     47.00590    -14.03660
    44.09859     36.57172    -12.41957
    49.74579     36.85816    -12.31701
    26.48382     20.69700    -12.42218
    52.05830     52.08280    -12.49850
    46.09982     43.24812     -7.52450
    51.83713     52.43845     -8.10636
    51.86687     52.43923     -7.83260
    42.64898     37.82294     -7.22761
    51.26317     51.00219     -7.37918
    41.37620     26.79190    -13.86710
    51.86600     52.43923     -7.83485
    42.65008     37.82347     -7.23301
    45.47530     58.13070    -13.98000
    51.81283     40.20780    -12.32684
    39.66384     39.17037     -8.58559
    51.07440     64.27430    -26.02480
    45.68870     59.75300     -9.77230
    23.14845     37.08676     -9.32498
    33.66412     26.68619     -8.82167
    43.59060     41.33300    -13.38000
    48.00910     42.82540    -15.32550
    40.86598     27.34701     -8.03735
    50.63765     43.04434    -11.27700
    46.53930     48.89540    -29.01360
    51.22534     38.93529    -13.14363
    42.15281     28.73049     -7.82461
    34.53328     31.05603    -10.45234
    34.39270     46.57750    -10.45350
    41.93294     54.28096    -10.55160
    41.99400     25.30230    -10.42310
    26.76010     18.81160     -7.32450
    35.57741     29.23140    -10.18378
    57.67476     47.79071    -16.97669
    33.95656     26.32733    -20.44564
    39.61860     26.99760     -5.94330
    28.66000     27.01520    -12.69600
    22.88416     22.91872    -12.47114
    17.48382     26.19808     -8.60897
    49.09022     41.70684    -10.53333
    42.12348     37.35493    -11.10974
    51.66160     51.57890     -5.51110
    34.53300     31.05608    -10.45282
    25.31040     35.08090     -6.68600
    27.34838     38.87548    -12.18705
    32.45056     24.86624    -10.77782
    54.86480     59.73460     -8.00220
    29.32148     20.42417    -13.19727
    50.33890     40.44975    -11.92531
    29.78310     42.14760     -6.74570
    59.01260     51.52240     -8.65790
    50.77531     42.76840    -11.51883
    51.86556     52.43793     -7.84367
    51.83736     52.45263     -8.00724
    42.63215     37.85750     -7.14807
    32.68920     27.41650    -10.43760
    41.06950     48.15990    -22.65070
    51.86794     52.43858     -7.82475
    51.88938     52.43284     -7.66543
    26.84708     38.66347    -12.46194
    56.15560     63.33370    -20.96360
    43.79364     35.23149    -13.94059
    32.50808     42.61094    -11.27741
    45.90233     59.31970    -16.49404
    40.73140     30.00080     -6.62840
    28.72240     33.36090    -21.77620
    34.26169     48.33152    -11.42813
    21.18081     23.52186    -10.66351
    26.77680     26.24690     -8.44700
    38.43990     52.98980    -10.40000
    38.39775     31.46038     -7.61072
    37.70355     49.41176    -13.17065
    54.61300     43.71910    -15.58420
    35.97220     35.29770     -7.24670
    48.74481     48.21638    -15.21654
    35.43586     37.02106    -14.51556
    28.98845     39.64889    -11.24000
    36.55730     20.97570    -22.42480
    51.77979     52.45223     -8.52944
    41.94078     29.09417     -7.72975
    50.99251     40.89764    -12.18691
    42.48480     32.09160    -14.74700
    57.31909     65.58649    -23.58045
    29.98150     19.03190    -22.11260
    39.93560     36.78020    -12.50270
    26.81324     38.46486    -10.01207
    42.56000     53.62470    -10.79050
    35.75203     28.15447    -12.88131
    35.38203     20.08911    -13.67283
    29.32173     20.42533    -13.19575
    42.73020     57.07150    -10.18100
    19.90442     23.61826     -9.35064
    35.40321     20.06081    -13.65535
    23.79997     35.67078    -11.88783
    42.49150     28.47855    -12.24739
    59.45470     56.11050    -10.11790
    23.52800     19.46980    -17.71530
    40.89850     38.49267     -9.39121
    52.66166     43.12531    -13.25345
    19.91831     23.62205     -9.35205
    48.74215     48.21372    -15.20681
    36.34840     28.48200     -9.93870
    48.18280     45.75510     -8.67390
    32.96240     26.56410    -20.26920
    49.49388     45.78575    -10.40046
    31.87280     20.59970    -17.55220
    41.84140     25.26080    -20.14920
    44.15820     51.70280    -22.33160
    33.35790     36.18270    -17.70980
    41.57177     28.95585     -8.20729
    18.95073     30.93029     -9.68418
    20.02410     22.10390     -7.02840
    23.85310     18.00990    -15.17350
    42.63953     30.12597     -8.18066
    29.19120     22.91110    -11.09790
    51.14410     44.68563    -11.18196
    29.25143     42.74726    -15.51121
    50.03530     44.92620    -13.30080
    16.24830     26.70990     -7.07820
    53.32417     54.76939     -8.02712
    53.32450     54.76883     -8.02622
    22.21750     20.82420     -9.62620
    37.82130     32.74550    -20.33430
    40.73700     52.99160    -11.98560
    36.68306     29.53345     -9.29749
    38.33250     26.83410     -7.76300
    28.99704     39.65713    -11.23355
    52.60703     41.27926    -13.97437
    26.55925     20.73763    -12.23727
    37.08360     30.71481    -18.53367
    26.50999     20.71165    -12.36167
    32.88900     42.85680    -13.01050
    45.37291     40.84021    -13.06273
    45.26336     46.33187    -26.61551
    43.33410     56.46680    -13.13940
    34.97370     17.34560     -5.57550
    33.60236     44.63203    -12.47311
    24.61870     19.79740    -14.35230
    36.50520     29.28750    -14.72760
    43.69128     36.36324     -8.30198
    21.18004     23.52208    -10.66575
    31.65774     26.52659    -10.96553
    47.66799     43.73725     -8.21099
    36.58322     24.37231     -8.96422
    36.58295     24.37236     -8.96452
    31.29430     30.16740     -7.57300
    20.78430     28.26350     -8.84910
    51.41240     51.50900     -9.36490
    36.03774     21.13035    -15.45564
    31.35048     43.80273     -9.56118
    21.58576     22.68812    -11.47743
    55.73531     56.28526    -14.58979
    55.73539     56.28658    -14.59091
    53.89234     55.84160     -8.67560
    39.33642     32.37407     -8.74736
    35.81119     20.07751    -17.41360
    56.64770     48.03960    -16.63710
    35.64219     27.96133    -12.09947
    28.68840     20.99970    -11.78360
    54.20525     53.17096    -11.72876
    27.50240     26.71558    -23.59687
    39.33776     32.37412     -8.74687
    27.50260     26.71582    -23.59703
    49.04044     42.13733    -10.27502
    39.88480     44.21870    -21.71450
    55.73557     56.28760    -14.59176
    42.04238     37.08593    -11.45222
    25.96771     20.52861    -13.31065
    37.36667     29.74408    -10.95933
    17.47130     26.22080    -16.68800
    42.67921     34.65727    -11.81425
    42.67902     34.65842    -11.81481
    23.15182     37.08581     -9.33448
    53.61052     52.48989     -8.41541
    37.91520     46.93580    -17.84970
    48.12237     50.29095    -12.28509
    50.16934     43.83600    -10.65479
    23.18780     21.37000    -10.45080
    43.52764     41.16110     -9.69870
    53.75149     45.75198    -13.46446
    21.08920     24.26700     -8.87600
    49.30082     34.96468     -9.37240
    21.52533     24.01539    -11.20162
    16.70280     28.13760     -8.25010
    35.39867     20.07090    -13.65387
    23.80023     35.67092    -11.88797
    38.88730     32.82940    -13.76680
    30.22980     15.70690    -15.74770
    43.41436     28.18152     -9.84921
    36.03778     21.13016    -15.45692
    35.16500     31.33740    -20.25100
    21.86010     30.31000    -12.24100
    48.79860     35.54772    -11.75846
    53.40183     50.12788    -11.84212
    45.79350     49.08670    -22.09160
    47.66820     43.73765     -8.21235
    31.36641     44.43545     -9.43029
    34.82790     33.64310     -7.66290
    23.13100     35.61900     -9.25200
    29.77339     43.37434    -13.04266
    43.37440     57.70320     -9.08090
    40.30490     24.11620     -6.60510
    46.73820     44.13290    -14.70880
    59.83718     52.32843    -10.31929
    51.89400     46.54664    -11.23934
    42.18690     38.59910    -13.81000
    50.05492     43.95529    -10.56905
    38.30370     23.94830     -8.91820
    52.33880     49.18170    -12.15110
    36.03769     21.13006    -15.45790
    32.35380     44.35800    -12.54240
    33.52896     26.09909    -11.01870
    31.62260     37.76740    -24.24120
    31.65670     26.49830    -13.11930
    41.31760     52.31690    -14.82860
    39.96140     37.24210     -9.47670
    53.40087     50.12631    -11.84203
    49.89071     57.92059    -23.95239
    17.98709     26.06265     -6.15465
    51.97980     66.01210    -13.33990
    18.46230     24.44990     -8.45210
    31.13616     42.58932    -13.53937
    27.66248     38.85455    -11.71798
    50.97420     64.75490    -13.94920
    52.62240     59.43380    -24.33510
    55.63264     64.45688    -22.35637
    39.75890     31.97410    -11.77980
    45.19684     37.90285    -13.15821
    26.29670     37.49390     -9.91120
    41.41570     53.02850     -7.48610
    45.56780     26.47630    -13.16380
    39.40110     40.90210     -9.53460
    30.33820     37.81790    -19.32930
    32.82340     36.71140     -9.76700
    40.46068     55.16443     -9.87215
    42.66945     30.31362     -8.03354
    39.18931     29.27315     -9.74090
    45.87200     42.71960    -10.18740
    48.95101     42.32721    -10.12420
    47.04045     45.06742     -9.21039
    26.48413     20.69728    -12.42216
    41.30960     24.86390    -11.86560
    29.75694     36.31562    -13.52371
    32.89447     22.17805    -10.47412
    48.32072     42.60959     -9.54943
    22.03111     25.95517    -11.71390
    33.04490     37.15200    -15.08230
    30.66160     41.06190    -14.08760
    37.81780     32.79150     -8.25670
    18.32041     31.36862     -8.71615
    30.75430     38.13270    -23.40750
    40.25120     26.42010     -8.33950
    44.09881     36.57228    -12.42073
    41.87171     29.36657     -7.57288
    41.86444     29.22706     -7.69558
    17.06688     27.42382     -5.46625
    18.40350     23.62630     -6.44820
    26.85016     38.63040    -12.41365
    35.57030     35.98860    -13.81830
    45.19750     36.58100     -8.19230
    47.04650     43.26580     -8.80150
    59.83512     52.32620    -10.31088
    39.33724     32.37407     -8.74610
    31.36260     44.42747     -9.43568
    19.30420     23.76400     -5.94350
    23.15820     21.42410     -5.53430
    30.78754     42.64896     -9.60536
    51.09402     44.66099    -11.15542
    51.70540     45.31319    -11.32677
    23.59760     29.32030    -13.29600
    42.68022     34.64661    -11.81267
    48.31859     42.60897     -9.56262
    34.92648     36.01123    -17.26162
    24.86780     14.60160     -8.73950
    41.56016     30.76962    -14.76934
    51.58265     58.18739    -19.00251
    41.77708     28.86551    -14.29245
    36.03775     21.12999    -15.45709
    23.18240     23.62950    -12.90730
    33.52890     26.09916    -11.01869
    29.57350     28.33810    -19.65320
    48.79140     41.78940    -15.56950
    39.40704     53.41589    -11.58478
    49.79440     54.26780    -26.21010
    51.48993     49.75214     -9.87951
    51.48991     49.75190     -9.88095
    51.48992     49.75190     -9.88026
    43.92220     35.09830     -8.69060
    64.62510     57.33450    -26.74960
    41.36672     29.40280    -16.77005
    40.39416     32.70181    -14.64556
    37.48920     37.95930    -10.00680
    30.24730      9.53290    -16.80930
    40.87285     27.32352     -8.05934
    42.79796     39.66379     -6.47787
    36.03769     21.13022    -15.45689
    43.91020     33.15360    -16.14580
    41.15710     25.76320    -17.02690
    30.90720     34.38270    -13.68510
    30.33235     32.13256    -16.13116
    56.27390     53.54740    -12.86100
    33.58380     46.17160    -13.62680
    16.49600     29.29630    -16.03870
    42.64584     34.48779    -11.76202
    53.74960     45.74668    -13.46463
    48.07120     39.97731    -14.69865
    33.52880     26.09993    -11.01903
    51.92903     52.42328     -7.37916
    40.34531     33.23109    -11.19626
    53.32441     54.76970     -8.02529
    29.65260     35.21490    -15.62790
    33.52828     26.10063    -11.01950
    56.08799     65.61311    -22.66297
    48.49400     49.56603    -11.51589
    47.53377     33.91226     -7.81525
    40.12900     23.35350    -20.44900
    22.88444     22.91868    -12.47036
    25.35550     39.39550    -15.87860
    23.45720     25.47900    -13.28050
    30.19360     15.51390    -22.92640
    28.38260     18.26430    -13.36990
    37.71156     21.22888    -17.09980
    19.91564     23.62108     -9.35125
    47.86582     35.18048     -7.48906
    26.75160     38.22064    -12.27684
    52.43970     64.98020    -23.98260
    32.50772     42.61126    -11.27849
    41.98760     42.60780    -23.76900
    45.37307     40.84369    -13.04454
    26.78937     38.49167     -9.54105
    45.37284     40.84391    -13.04487
    33.00160     37.30590    -17.48690
    45.03790     49.15630    -27.34960
    33.87230     31.44090    -13.88690
    41.92280     30.94300    -16.50350
    26.55936     20.73795    -12.23559
    31.34003     43.88139     -9.55577
    30.33168     32.13293    -16.13085
    40.92580     27.62060    -20.48360
    43.13800     38.74330     -8.40660
    37.77550     45.24520    -21.96600
    37.74650     30.73250    -21.58330
    49.01080     57.13290    -22.80250
    42.88980     26.81090    -14.48280
    52.01944     47.95340    -10.49981
    31.68542     35.87861    -15.42675
    31.68607     35.87872    -15.42579
    36.05150     36.83580    -16.65510
    43.61940     55.57070    -14.36970
    41.73150     38.22390     -6.33720
    45.54160     35.85340    -10.33930
    40.45018     32.77893    -14.72987
    42.49282     37.82981     -6.33738
    42.53435     28.59224    -11.73935
    37.52745     32.66698    -12.48807
    42.42700     33.76967    -12.06945
    46.61504     46.32671     -6.55375
    47.58984     37.77206     -9.63382
    40.45031     32.77887    -14.73029
    40.39560     32.70340    -14.64701
    50.33290     43.62147    -10.80505
    32.02910     31.05970     -8.60630
    31.45266     34.22665    -16.14322
    34.51110     24.52160    -19.07710
    53.08067     44.11042    -12.03545
    44.85100     42.72200     -5.11700
    55.23120     49.96620     -3.99030
    32.45150     26.30710     -7.97960
    39.20547     31.52799    -14.60862
    35.52577     18.40325    -14.43718
    48.11629     50.29047    -12.30175
    39.73080     54.15821    -10.51411
    35.16160     27.68090    -14.81930
    48.11736     50.29067    -12.29936
    33.38660     39.33160    -21.26650
    48.73470     61.40290    -11.50270
    35.90560     30.36360    -10.71670
    18.32044     31.36813     -8.71468
    44.07740     34.40930     -7.68060
    49.49346     45.78285    -10.39568
    41.85990     27.46669     -8.30586
    45.90187     59.31900    -16.49406
    27.69900     39.58950     -6.07220
    53.74985     45.74715    -13.46435
    36.85830     28.50460    -18.88580
    34.05280     30.90560     -8.18960
    28.71770     37.84384    -15.29987
    40.92780     36.06200     -8.53970
    33.55317     38.16538    -17.83862
    37.70348     49.41278    -13.18155
    36.14400     37.72220     -9.44070
    16.01460     27.88150    -21.06910
    30.77680     27.94290    -10.40010
    40.80375     34.22448    -10.29360
    39.91620     28.22395     -6.74809
    17.98364     26.05751     -6.12660
    50.39170     58.06940    -21.00940
    42.24592     39.75746     -9.86856
    41.02310     53.09650    -10.14700
    36.03549     21.12496    -15.47048
    25.52350     14.22830    -15.46170
    23.25280     28.10120     -9.25690
    31.12721     42.58764    -13.54339
    48.55670     34.15770    -11.53860
    32.99440     14.82930    -12.25890
    40.43020     35.66650    -12.96410
    50.32435     43.67323    -10.78221
    41.44500     25.02200     -7.22820
    36.03883     21.13254    -15.44272
    41.89600     44.71240    -16.53980
    40.40912     32.89777    -11.15459
    34.90527     46.92566    -12.23900
    47.47770     44.19900    -13.70570
    46.66249     39.58243    -14.27002
    25.50423     38.24424     -6.58729
    35.48465     37.04905    -14.55274
    30.05950     34.30720    -13.66450
    49.86885     43.60457    -10.36543
    47.66891     43.73779     -8.21371
    37.73580     28.16890    -15.18040
    37.53750     35.57940    -10.89980
    34.92638     36.01128    -17.26164
    42.68402     34.68297    -11.83788
    37.84284     31.36474    -11.03010
    43.83545     34.24494    -11.72880
    39.67990     45.18180    -19.60970
    25.58180     33.56560    -13.92480
    26.25756     38.55442    -12.76053
    53.06849     51.52924     -7.41674
    22.64780     24.30780     -8.40420
    43.63217     33.69401     -8.23483
    52.72790     53.25290     -7.06790
    49.04020     42.15436    -10.26648
    33.96555     44.16224    -10.00222
    55.63670     51.39410    -13.11830
    39.33706     32.37412     -8.74840
    20.84940     19.39410    -12.48970
    37.12710     19.25490    -13.25670
    38.39815     31.46042     -7.61078
    21.58517     22.68911    -11.48066
    39.41130     29.35850    -24.47000
    29.23350     19.06460    -10.50650
    43.63236     33.69404     -8.23506
    51.12380     41.97430    -14.62060
    43.79335     35.22922    -13.94294
    40.27611     55.19110    -10.22480
    30.85250     26.72530     -8.67040
    39.91510     28.22105     -6.75147
    39.12410     54.15180    -12.24050
    40.36550     34.36050    -14.79840
    20.01301     24.73857    -10.82197
    41.88289     29.32321     -7.59700
    36.03800     21.13067    -15.45828
    36.03771     21.13014    -15.45509
    49.13010     49.32940    -10.31950
    43.94640     28.53020    -14.08800
    28.95458     39.61452    -11.26527
    53.81820     51.38760     -9.57130
    23.59574     24.41757    -13.95249
    44.78650     33.24100    -14.99930
    53.29760     56.71430    -24.11930
    48.07160     39.97799    -14.69785
    41.77683     28.86571    -14.29405
    42.24564     39.75311     -9.86582
    53.06808     51.52879     -7.41748
    49.85750     46.81460    -14.13820
    26.66728     20.81395    -11.90530
    35.57744     29.23189    -10.18450
    52.17710     64.52120    -13.20430
    63.63890     59.54110    -21.47440
    43.87240     46.62340    -23.87660
    28.69250     38.77950    -13.45680
    41.91460     29.79770    -13.38820
    33.34642     47.42610    -11.88906
    51.89493     46.55412    -11.24739
    35.80220     28.99540    -18.40000
    50.21050     49.60490    -15.33280
    37.90806     41.26988    -18.39890
    37.36673     29.74372    -10.95987
    35.29410     30.69920    -12.94509
    49.22880     39.52600    -14.66970
    36.27787     25.57776     -8.46961
    35.29437     30.69877    -12.94601
    41.07930     38.99670    -13.70690
    18.08720     28.36950    -18.64750
    52.98942     48.05897    -12.47855
    48.79801     35.54749    -11.75852
    40.36930     28.90750    -11.08900
    48.11639     50.29105    -12.30221
    27.29679     38.82429    -12.16462
    57.84320     56.62030     -7.86500
    26.79585     38.65929    -12.48876
    59.59970     51.27030    -15.21760
    36.63240     51.07660     -5.95940
    42.09067     28.84836     -7.78644
    17.06472     27.42127     -5.46674
    32.89463     22.17815    -10.47538
    35.58510     32.54980     -7.27980
    38.44290     46.34840    -21.20660
    39.34200     34.16610    -12.78820
    23.14852     37.08735     -9.32456
    39.81800     33.21350    -19.45400
    35.21890     16.95400    -12.52680
    38.42350     27.61940    -15.55980
    48.79897     35.54822    -11.75886
    38.27440     28.36460    -17.94510
    33.90460     29.79770    -20.04260
    22.59080     34.26580    -11.52790
    35.24551     30.87120    -13.02364
    58.10880     48.58530     -9.03170
    51.89199     46.53362    -11.22713
    43.22569     31.79391     -8.32727
    22.37170     22.43420    -14.22210
    32.37460     46.64870    -12.03440
    42.40669     26.54369     -9.23245
    37.84249     31.36408    -11.02965
    40.71829     31.38737     -7.66563
    42.91500     31.80250    -17.05960
    41.93334     54.28085    -10.55341
    40.60200     44.28370    -25.14600
    43.63277     33.69384     -8.23421
    32.83460     26.90890     -6.82700
    42.32370     32.06870    -11.35800
    43.41330     36.47810    -13.21160
    24.95080     36.45080    -12.90720
    42.40643     26.54318     -9.23152
    33.45695     26.24695    -11.12721
    29.32205     20.42665    -13.19500
    33.55127     38.16500    -17.83481
    28.89630     24.24160    -22.32350
    49.30108     34.96412     -9.37300
    43.04601     32.84263    -13.67800
    26.52306     20.72429    -12.30442
    29.82468     36.31348    -13.48255
    55.73568     56.28678    -14.59238
    23.14947     37.08635     -9.32709
    32.46707     24.82993    -10.82856
    47.11350     57.17400    -19.60400
    36.69740     48.02478     -9.76162
    16.29530     25.38540    -13.04020
    52.06020     59.89710    -22.93630
    14.74470     26.86100    -13.31690
    41.28810     33.63060    -11.38810
    51.90255     52.43091     -7.56365
    54.22000     47.13320    -12.60330
    34.09500     14.30000     -5.67740
    37.33940     29.20870    -21.84140
    35.31170     42.41710    -24.22580
    40.40814     32.89406    -11.15809
    30.12750     13.82510    -22.58130
    49.41710     57.60880    -20.40500
    60.87467     54.62144    -24.10478
    52.17110     48.81070     -7.24050
    22.40970     21.39250    -11.10800
    45.74968     37.36368     -9.68420
    51.80650     41.86675    -12.68722
    40.91060     34.23550    -16.75230
    21.87920     21.46820    -19.03910
    45.26331     46.33206    -26.61580
    50.96330     47.55530     -7.77730
    25.71450     39.31980     -9.21900
    44.92470     31.47050    -10.29290
    35.52563     18.40315    -14.43782
    50.59776     64.47817    -23.91898
    46.61506     46.32619     -6.55385
    43.92690     43.35860    -25.81570
    43.22601     31.79399     -8.32763
    58.74370     56.50450    -10.61200
    48.29241     42.62855     -9.42663
    28.98272     39.64310    -11.24393
    50.68405     59.11982    -23.82835
    30.24861     19.45470    -12.68414
    45.71328     39.84755     -6.73371
    50.82177     40.77896    -12.11954
    48.94444     42.32897    -10.12387
    48.82263     42.30845    -10.06046
    36.27691     25.57579     -8.46803
    41.36631     29.40231    -16.77084
    25.08210     22.76080    -15.26680
    28.78740     41.21090     -5.31540
    42.48620     28.45576    -12.34579
    42.67919     37.81504     -7.40413
    49.74546     36.86128    -12.31889
    39.87120     35.15080    -13.55630
    55.58560     48.26350    -15.06370
    33.55978     26.03503    -10.97192
    38.24067     31.40674    -19.52768
    24.88740     35.81880    -12.08690
    36.51050     41.11700    -17.67680
    27.37580     19.40650    -13.56040
    43.61260     47.63450    -22.50900
    51.43820     45.03543    -11.23430
    57.58050     64.72880    -20.73380
    20.01284     24.73848    -10.82333
    37.94366     29.57718     -8.72567
    20.01245     24.73805    -10.82210
    30.22946     36.29658    -13.23561
    27.60050     32.67590    -17.18070
    48.53159     42.51889     -9.75454
    35.73027     28.01285    -12.58375
    47.62420     47.50910    -26.54980
    40.44520     32.57379    -11.19398
    32.49140     46.06630    -14.73250
    17.48368     26.19802     -8.60863
    44.50218     40.32558    -13.21778
    36.28260     48.65140    -11.37600
    38.92830     32.46170    -20.73760
    32.75480     44.79920     -8.86670
    41.09240     40.21000    -10.34990
    25.31076     21.19171    -12.82100
    31.65530     31.13650    -12.12480
    36.69930     22.92220     -7.11420
    55.24880     46.48730    -15.04450
    32.63023     45.13336    -13.61354
    35.74656     28.18965    -12.90310
    48.01820     39.04500    -10.59740
    48.31957     40.05212    -10.69460
    35.91500     29.45310    -13.74450
    45.81940     50.76700     -8.41320
    42.62634     28.73681    -11.01293
    39.94450     33.59470    -15.11710
    21.54866     24.05239    -11.24694
    40.86766     27.33727     -8.05073
    44.50202     40.32562    -13.21892
    37.48237     32.64375    -12.24053
    36.66890     25.06560    -12.30700
    49.71470     61.23100    -21.37650
    25.45570     37.62070    -12.37960
    33.55155     38.16483    -17.83539
    27.56185     38.85475    -11.85306
    28.60700     35.49150    -11.00160
    39.62240     33.09510    -16.80600
    35.74300     31.87480     -8.37430
    35.20723     20.27203    -13.86431
    30.12240     27.94340     -5.97000
    31.22390     22.78460     -7.89610
    29.63310     27.52730    -12.52930
    35.81176     20.07521    -17.42200
    34.06720     18.10510    -11.82880
    52.66154     43.12499    -13.25415
    15.16275     27.79360    -12.49506
    29.28813     33.61321    -11.59736
    31.75200     20.96740    -12.66180
    28.34960     22.73430    -11.34640
    36.71298     34.25561    -12.09364
    51.65351     45.26874    -11.29614
    34.71655     45.18479    -13.17662
    38.94700     35.32140     -8.27030
    29.75702     36.31613    -13.52522
    31.66585     21.75304    -11.38993
    31.68399     35.87821    -15.42874
    24.65100     21.18370    -14.69410
    29.28826     33.61816    -11.60255
    28.01250     36.51400    -17.31020
    25.43800     39.56780    -13.07590
    53.30030     40.94150    -15.02380
    46.68710     32.79880     -6.87186
    46.68678     32.79857     -6.87207
    46.68723     32.79863     -6.87207
    25.84970     37.40030     -8.33290
    46.00440     61.43460    -21.12490
    53.61028     52.49021     -8.41499
    29.25147     42.74764    -15.51069
    36.17300     48.72740     -8.15300
    46.99550     34.16610     -9.91470
    50.33268     43.53786    -10.83189
    18.17360     26.44880    -13.23670
    35.48920     49.55510     -6.83640
    53.08103     44.10988    -12.03535
    53.89256     55.84100     -8.67560
    54.29500     49.71630    -11.49200
    36.11270     45.26220    -17.48320
    44.42800     43.26040    -10.56210
    18.22420     26.13560    -10.30060
    45.27520     43.31500    -11.30130
    29.82385     36.31286    -13.48408
    37.52784     32.66633    -12.49136
    35.55021     27.90072    -11.57808
    43.41503     28.18219     -9.85232
    27.78770     28.79800    -19.31580
    54.20545     53.17024    -11.72924
    33.41670     41.00530    -19.54690
    47.67550     35.34070    -11.09520
    35.40960     36.15610     -7.26410
    52.59907     41.25779    -13.95790
    26.69703     38.56996    -12.44487
    23.59632     24.41791    -13.95187
    35.15930     33.41870    -13.77510
    29.82542     36.31276    -13.48209
    39.22560     43.62550    -27.10760
    45.74902     37.36342     -9.68350
    42.64220     57.91170    -11.87480
    58.27590     48.50580    -21.62960
    15.16295     27.79400    -12.49614
    46.12548     43.27541     -7.49020
    31.45315     34.22661    -16.14497
    50.05762     44.09098    -10.58463
    41.31240     33.17750     -8.21680
    34.83715     45.78253     -9.19461
    41.94058     29.09405     -7.73087
    31.13590     42.58936    -13.53855
    42.35308     33.67568    -12.22896
    36.03777     21.12996    -15.45511
    35.68611     28.05970    -12.44211
    35.22319     36.90071    -14.35393
    45.42410     53.69910    -18.28400
    33.57340     31.86200    -10.78330
    36.47630     26.76740    -12.25440
    34.90473     46.92554    -12.23970
    51.89629     46.56176    -11.25338
    35.54890     23.84040    -10.64570
    23.16380     34.64120    -10.43160
    22.03098     25.95614    -11.71383
    43.80180     33.95610    -13.87500
    25.37660     34.78060     -9.73300
    33.47690     25.76140     -8.52640
    59.74574     54.17590    -21.67669
    59.74626     54.17620    -21.67801
    42.62059     28.74024    -11.02317
    42.63743     28.75805    -10.92643
    42.35359     33.67777    -12.22632
    18.13660     24.28790    -14.47240
    20.10430     22.30070    -18.06400
    31.65200     37.81280    -17.97280
    41.96370     34.84260    -13.72640
    37.71194     21.22852    -17.09990
    23.89830     23.17180    -12.25690
    51.65282     45.27112    -11.29110
    29.01312     39.67446    -11.22242
    32.63021     45.13319    -13.61245
    32.63032     45.13347    -13.61244
    33.54524     38.16427    -17.82025
    33.98590     27.81760    -10.62090
    35.85997     46.71082     -9.36201
    23.98760     27.03520    -18.04650
    22.81857     35.75199    -11.43468
    50.28622     43.61522    -10.76226
    37.84247     31.36448    -11.02925
    42.87518     34.82029     -7.71562
    42.62188     28.74079    -11.02008
    51.26363     51.00271     -7.37872
    43.55830     40.48090     -4.81850
    16.72220     26.36500     -9.86960
    43.79467     35.23056    -13.94156
    33.94190     48.43720     -9.26220
    25.31094     21.19159    -12.82010
    23.14922     37.08673     -9.32709
    29.99220     36.15260    -15.69850
    36.78370     30.24430     -7.26690
    27.46950     21.05010    -13.79130
    22.11080     35.81240    -10.03390
    34.34260     25.38720     -8.32890
    47.86518     35.18062     -7.48994
    34.60750     38.02690    -21.63930
    18.95077     30.93061     -9.68502
    43.83525     34.24496    -11.72900
    63.63940     57.09060    -22.95500
    37.89974     44.14478    -23.53806
    28.79540     42.26900     -5.23270
    54.95650     45.64500     -8.92050
    40.02920     31.29820     -9.37230
    47.58950     37.77199     -9.63506
    33.24281     32.65487     -7.69584
    29.75646     36.31635    -13.52728
    35.09180     33.91190    -18.83450
    27.41198     38.84069    -12.03387
    47.53363     33.91274     -7.81435
    38.81100     22.74720    -10.33140
    37.46683     32.63556    -12.15423
    41.17830     32.06140    -12.24380
    48.03750     49.49930    -22.54640
    39.49306     27.73296    -14.62462
    40.29425     33.46142    -11.24711
    37.04364     27.16419    -22.02861
    19.53190     29.85280     -9.96690
    34.69810     33.59550    -16.31990
    35.81157     20.08944    -17.38888
    51.03297     44.63720    -11.11650
    42.63496     34.48654    -11.83813
    31.13853     42.58965    -13.53747
    35.17544     31.12979    -13.14708
    49.81376     44.30658    -10.50884
    34.34070     45.23720    -10.94800
    32.04260     44.71850     -5.76230
    32.26410     14.60940     -8.98340
    49.02585     44.18406    -12.72533
    46.91000     34.96830    -10.59250
    56.11370     65.20130    -24.32300
    54.04540     50.53200     -8.91750
    36.69710     48.02558     -9.76098
    25.23250     22.06810    -12.32240
    34.71484     45.18439    -13.17639
    48.69890     45.74370    -18.25660
    27.16220     41.81880     -6.56650
    39.99460     35.01500    -10.09830
    45.08508     42.87968     -7.66179
    18.70050     31.93540     -7.73090
    22.41080     34.20410    -13.61540
    36.68355     29.53335     -9.29839
    18.52950     28.89560     -9.05130
    24.61980     38.97760    -13.19020
    26.45955     20.68364    -12.48363
    35.85991     46.71416     -9.36270
    48.79707     35.54592    -11.75810
    40.90506     38.50359     -9.39933
    22.81893     35.75221    -11.43542
    35.60650     34.44040     -8.91420
    28.71700     37.84396    -15.29943
    34.95460     29.07880    -16.89440
    38.19730     27.22970    -12.56530
    18.82420     23.49530    -13.60770
    22.09320     20.36050    -13.91980
    50.86240     63.58390    -10.17290
    43.41386     28.18125     -9.84777
    28.47760     34.78550    -12.31300
    36.58320     24.37215     -8.96465
    26.76908     20.87457    -11.66384
    58.57971     48.98168    -10.47215
    45.71312     39.84815     -6.73349
    39.32370     35.12960    -22.01330
    25.71730     24.01840    -14.62910
    47.03995     45.06748     -9.21121
    34.02737     43.03413    -17.38506
    23.89290     30.19230    -17.38090
    31.29844     43.78543     -9.61237
    46.66225     39.58221    -14.27014
    55.73550     56.28618    -14.59069
    59.65050     54.93570    -20.09180
    58.57979     48.98162    -10.47135
    56.12880     66.11570    -20.89740
    51.22546     38.93505    -13.14385
    43.69104     36.36365     -8.30328
    41.24120     51.32250    -16.82890
    40.14180     50.56540    -15.18710
    46.31780     59.10500    -13.12020
    19.91694     23.62151     -9.35220
    19.91697     23.62145     -9.35083
    37.70348     49.41091    -13.16668
    49.62000     41.68430    -14.51880
    26.81436     38.46302    -10.05857
    29.11120     15.29010    -10.75820
    51.22550     38.93527    -13.14352
    31.45501     34.22676    -16.13817
    46.04730     45.19440     -7.92790
    48.74383     48.21537    -15.21342
    50.08300     56.19730     -9.08960
    34.02743     43.03397    -17.38564
    42.67165     37.82086     -7.35674
    48.49380     49.56607    -11.51551
    19.44520     22.35050     -8.15680
    31.65736     26.52611    -10.96637
    24.11910     31.65590    -14.19770
    48.31935     42.60943     -9.55625
    51.58285     58.18781    -19.00129
    29.89900     39.27480    -15.11640
    34.53308     31.05603    -10.45269
    34.71665     45.18527    -13.17797
    38.65150     30.00710    -10.12700
    34.26218     48.33180    -11.42683
    21.17788     23.52268    -10.67201
    50.91302     40.83956    -12.15783
    40.98180     37.92530    -10.96230
    18.66220     28.18290    -10.38880
    41.27027     35.32940    -11.76706
    25.60860     22.64281    -13.36710
    54.00120     64.80940    -19.34930
    50.52397     45.71823    -11.12326
    38.24103     31.40616    -19.52682
    30.50810     19.00410     -7.59800
    40.90867     38.50956     -9.40402
    42.31725     33.63401    -12.30515
    50.68375     59.12008    -23.82715
    26.69718     38.57995    -12.50244
    32.45018     24.86678    -10.77713
    19.91350     26.11470     -7.88740
    50.22375     43.72818    -10.69144
    25.50417     38.24366     -6.58711
    51.07740     53.31000    -15.06350
    41.27023     35.32890    -11.76664
    56.56050     60.99320    -19.21710
    37.85840     28.20460    -11.24300
    41.93195     54.28059    -10.54844
    45.03290     31.48270    -15.08140
    52.15470     38.42500    -10.76880
    33.34708     47.42590    -11.88924
    58.97410     64.07940    -21.15830
    37.89986     44.14512    -23.53824
    37.59620     40.27070    -19.39160
    50.61040     56.88181    -25.28200
    45.19656     37.90335    -13.15919
    27.23190     17.19050    -14.70600
    53.36536     43.90361    -13.94345
    45.85810     52.15090    -21.02200
    37.25960     27.95640    -22.01910
    19.13160     31.02502     -7.01745
    32.05500     23.83890    -10.58500
    42.87462     34.82071     -7.71468
    17.98493     26.06437     -6.14799
    54.65655     49.97888    -13.53258
    43.14430     38.52590    -12.33230
    16.96380     23.96540    -10.14870
    42.24581     42.06043     -9.20996
    26.80230     12.92620     -8.95300
    49.74605     36.85881    -12.31782
    34.81330     49.53270     -5.64460
    40.86579     27.34215     -8.04851
    32.99360     28.94420    -10.75110
    50.18456     43.79768    -10.67284
    32.43237     24.90571    -10.72291
    43.41276     28.18247     -9.84754
    41.77719     28.86598    -14.29240
    15.83380     25.39500     -6.60680
    51.33430     57.48930    -23.73610
    37.52805     32.66603    -12.49079
    33.60527     44.63292    -12.47870
    31.40777     43.69500     -9.52932
    46.83490     37.87160    -15.19710
    35.22396     30.94540    -13.05657
    45.00926     42.83181     -7.66840
    42.78005     37.55741     -7.82486
    38.78060     41.50510    -18.19780
    36.03764     21.13010    -15.45802
    51.93686     52.42108     -7.33857
    20.62090     25.06050    -19.23630
    33.68457     44.66887    -12.58580
    53.48750     42.70070    -14.91330
    33.55181     38.16520    -17.83638
    64.60260     55.96750    -25.49600
    57.67484     47.79069    -16.97691
    26.69300     38.56198    -12.47032
    55.10430     56.03850     -8.77580
    33.95720     26.32764    -20.44461
    21.58462     22.69108    -11.48718
    22.82200     26.60730    -12.68810
    19.21470     27.23210     -6.58750
    19.58400     27.42132    -14.39103
    28.08980     24.34570    -15.65960
    34.87390     32.59390     -6.96700
    25.12850     32.76800    -17.31850
    21.58473     22.69015    -11.48381
    54.87107     47.02026    -13.75246
    48.74850     56.08120    -23.80340
    34.86110     25.91790    -13.95890
    49.30620     64.84760    -26.27330
    31.26960     42.03460    -10.31950
    23.59624     24.41802    -13.95203
    60.42100     50.59010    -20.36510
    51.80142     52.45564     -8.31247
    35.57675     29.23181    -10.18462
    19.07150     25.24200     -9.09370
    52.86470     46.89590    -11.89150
    40.02470     24.98110    -13.12710
    21.59239     24.11659    -11.31842
    49.89019     57.92041    -23.95101
    58.90550     50.36640    -17.29480
    43.05960     37.79990    -12.10010
    24.61480     34.10060    -14.12640
    25.89790     32.00640    -13.19250
    31.33950     24.58480     -7.06100
    59.48781     50.90804    -10.47477
    52.60201     41.26573    -13.96416
    42.02294     37.02226    -11.53240
    42.40290     27.14730    -11.33240
    31.37160     34.32400     -9.00520
    50.19370     62.41980    -26.10540
    40.54080     41.92350    -11.80240
    47.95640     38.70150    -15.20240
    18.09360     27.16690     -5.57140
    30.33171     32.13286    -16.13074
    52.98908     48.05943    -12.47745
    19.13160     31.02478     -7.01575
    50.99381     40.90211    -12.18474
    34.53276     31.05658    -10.45130
    35.85953     46.71146     -9.35842
    33.96605     44.16246    -10.00188
    44.37590     30.46530    -13.50520
    29.32177     20.42555    -13.19625
    43.79473     35.23091    -13.94127
    28.35220     25.00342    -14.08820
    49.83630     62.97820    -21.28470
    59.48769     50.90756    -10.47493
    38.40650     49.43370    -10.64190
    49.02635     44.18344    -12.72607
    41.00810     31.56480    -19.21380
    30.24888     19.45452    -12.68550
    53.74876     45.74433    -13.46432
    17.96456     27.93049     -7.57139
    39.77640     26.12720    -22.34250
    37.56120     24.48320     -6.56660
    40.80335     34.22453    -10.29350
    51.53450     42.60210    -12.15950
    30.33186     32.13286    -16.13074
    45.73887     42.08881     -7.67012
    42.79804     39.66311     -6.47713
    49.14177     42.37416    -10.11810
    39.82010     45.91080    -17.82930
