   154.80470     83.58000     -3.98000
   212.14260    142.38960    -18.66360
   179.02220     92.35740    -12.21180
   171.09820    109.50810    -19.43980
   169.79250     95.60190    -18.35470
   169.79960     93.57530    -15.18000
   168.84860     96.29290     -9.16600
   193.73840    103.94970    -12.70140
   184.81990    125.85580     -6.10190
   204.79600    137.43480    -14.36700
   207.39910    130.80410    -14.07990
   224.52690    134.46130    -17.42470
   206.97210    146.20120    -15.93530
   208.00200    114.72150     -8.55380
   160.39250     69.92920    -10.63170
   213.87440    134.97150    -17.62500
   161.62410    105.05150    -14.71350
   149.05020     86.76160    -12.08290
   160.91470     99.05760    -15.15990
   216.23250    141.89960    -17.67180
   188.30960    117.14280    -13.75250
   188.21170    117.92670     -9.92420
   138.31460     55.14120     -9.67120
   162.67380     92.75280    -10.44930
   186.14940    121.16970     -3.20630
   157.04910     92.83930     -6.59840
   226.29780    113.28760    -15.45340
   168.05340     91.99600    -11.07700
   183.15060    127.78750    -16.86050
   157.40380     72.62420     -8.18740
   180.84460    106.44920    -18.51590
   200.10270    130.80940    -14.29890
   174.71420    122.57600    -12.32330
   169.38110     96.11780     -7.76500
   192.41310    125.91220     -1.08000
   220.80110    122.65650    -11.82400
   231.56300    110.20170     -9.95590
   163.92510     90.75830     -9.31140
   154.28450     97.40510     -4.65360
   162.72820     96.14280     -7.06260
   167.47230     96.75000     -9.48420
   206.24540    127.88940    -10.13390
   211.28940    143.40790    -12.81670
   172.22680    120.30050     -7.99880
   213.53280    140.18170    -17.67980
   177.52060    115.82480     -7.68920
   180.41770    121.82070      1.00000
   170.74940    114.82780    -12.50710
   142.46900     68.66070    -11.75710
   192.04300    147.45230    -18.72280
   168.96420    104.18890    -14.59770
   188.95140    155.11040    -15.69190
   195.72880    154.13790    -15.37260
   142.08220     51.23830    -12.41110
   178.90620     90.61680     -6.29160
   208.41740    146.74100    -12.69990
   169.72200    120.03770     -7.61960
   199.34540    152.76230    -13.51390
   150.28620     56.21210     -8.72830
   196.27850    137.19740    -17.74350
   147.32110     67.13670    -14.37930
   194.74710    118.81120    -15.32320
   178.47350    106.27510    -15.19000
   218.41050    141.00590    -15.75040
   138.96120     63.21860    -11.19000
   156.00050    106.51870    -10.18200
   141.58110     53.93410     -4.41470
   186.70040    114.76630     -6.61690
   202.44880    148.17870    -10.13000
   217.58240    137.31690    -14.79020
   143.31350     69.35510     -4.85470
   168.85680    108.16010     -9.17630
   204.82190    158.09590    -20.20050
   177.53930     94.48930     -6.43860
   199.82820    119.79330    -11.98430
   202.48980    123.16250     -6.54730
   201.41550    138.35240    -13.22490
   194.86030    115.02800     -4.65590
   170.19780     95.55440    -10.79490
   170.08470     94.66380    -11.23730
   146.85640     65.29260    -16.84500
   213.12560    111.45760     -8.95550
   155.14000     94.08390     -5.38580
   190.00630    118.30650    -17.63000
   208.09990    146.99550    -19.46900
   199.70300    151.51590    -19.29990
   214.51690    112.00620     -6.16710
   177.05020     91.28440    -25.39370
   171.74880    105.34940    -11.78290
   147.15640     76.57310    -11.18040
   191.33380     92.56570    -11.29430
   184.96520    128.51590    -11.03360
   164.26680     96.09020    -10.87500
   184.29250    119.22140    -18.28900
   161.21860     96.08640    -14.48760
   159.31170     97.23460    -10.24360
   179.66450    121.46690      1.00000
   188.91020    122.11870    -11.16790
   154.11690     79.92610     -7.51340
   221.77950    127.79780    -20.76950
   203.90440    118.25370     -6.84300
   174.30240    134.47980     -7.41850
   196.35150    119.12920      1.00000
   128.04330     70.58000     -1.40680
   148.98560     55.88520      0.50020
   195.70820    153.78240      1.00000
   132.74310     71.21820     -6.02090
   140.94520     64.01810     -7.30330
   188.90990    143.01280     -4.34890
   193.91420    148.22020    -10.58000
   136.89000     59.79200     -0.74150
   134.84220     57.78660     -7.87460
   193.57560    117.16750     -1.39670
   200.47520    127.65440     -0.74830
   169.39610     90.42370    -11.44030
   190.81800    108.45410     -3.74380
   181.75000    102.50990     -1.43130
   169.17830    110.08570    -10.02580
   217.32020    109.78550     -7.40190
   146.65210     79.18640     -4.29850
   202.21030    128.57450    -13.83280
   193.40850    157.92450      1.00000
   190.73980    158.52820     -6.14850
   190.68990    158.85320      0.53430
   189.91600    102.00370    -21.30230
   187.78020    118.48050      1.00000
   183.32250     90.19700      1.00000
   153.87680    110.72440    -10.68920
   198.49090    129.33070    -11.72870
   153.95900     89.41530    -10.44940
   152.42220     89.88220    -10.91090
   170.73590    132.04520     -8.45800
   197.89870    144.62250     -4.43890
   150.35100     82.75720     -4.77730
   188.89440    119.52720    -11.22980
   165.23610    114.16210     -7.27710
   160.71920     88.16930     -0.82760
   162.10100    106.76570     -5.57500
   186.11230    118.70770     -9.16590
   182.95250    120.18610     -1.91610
   148.07690     96.04130     -4.59730
   203.76980    142.66900    -15.03150
   183.75110    113.44500    -10.07000
   146.74840    107.65010      1.00000
   158.87450     57.35370     -1.96150
   207.16140    126.74230     -4.88450
   191.59310     91.34150      1.00000
   217.20270    114.40630    -10.63220
   196.01070    138.34240     -5.37300
   155.15110     81.70230     -1.68130
   194.13050    150.70450    -10.97270
   194.21800    148.96590     -5.17470
   184.96050     92.72100     -7.15290
   177.68060     90.22320      1.00000
   192.82310    119.31990     -3.98550
   130.69700     65.71930    -20.27710
   130.01770     64.09960     -3.90700
   128.97260     65.03220     -6.17320
   128.70820     63.12640     -5.86140
   130.10310     69.09370     -4.33230
   129.55590     61.82380     -4.02780
   131.37160     64.05640     -5.78040
   128.51670     64.14870     -8.79330
   128.05440     61.66990     -3.17950
   132.18070     66.49210    -18.52420
   129.91810     63.86090    -13.96560
   128.76580     65.39090     -5.83750
   128.50700     59.19000     -4.53040
   190.17650    129.00030     -6.87670
   143.13800     85.26220    -20.21000
   194.24950    107.20770    -28.60020
   201.75830    155.40020     -9.51860
   211.21010    132.30360     -9.92560
   189.26140    121.21650    -12.23580
   141.00860     66.88510    -11.35500
   158.05810     57.87060    -10.18680
   201.42390    142.55730     -6.17240
   206.56890    142.95270     -7.01810
   185.63650     92.07180    -13.57560
   165.03600     73.49610     -8.05480
   165.12340     73.35980     -9.39480
   171.50270    128.08600    -10.12810
   141.55570     82.04950     -6.39700
   183.15960     81.38340     -8.97220
   135.99370     59.01110     -4.83120
   159.45050     80.08320     -9.96950
   172.56100    109.39010     -9.14360
   184.99230    124.09150     -6.65630
   201.11260    148.28220    -15.00000
   151.61020     79.11520     -6.78000
   158.03750     90.74380     -7.12540
   168.88270    115.15420     -8.73610
   169.85920     79.15090     -6.88150
   217.70980    131.53820    -13.91810
   202.49540    107.47710     -5.75980
   169.38690    114.94170     -6.71150
   201.39830    133.25190    -25.47880
   201.90130    138.14580     -6.19110
   201.03550    115.97010     -7.23820
   148.17080     69.99930     -8.87120
   183.71450     89.22130    -11.16980
   135.59370     61.19290     -4.98190
   207.62230    130.67310    -18.86110
   180.77590    134.72570     -6.99740
   195.77720    124.35300    -14.47850
   174.69100     98.39460    -12.71850
   198.90110    152.72560    -15.18130
   154.25100     79.87620     -8.03030
   180.02860    130.46000     -7.00120
   168.96240    108.28030    -19.29230
   177.45420    118.75910     -2.88410
   157.21650     66.56570     -6.83880
   158.79010     87.86510     -6.91490
   199.54450    138.97980    -23.92340
   199.48570    139.04290    -20.04000
   199.76230    138.92850    -22.06460
   200.25310    138.66520    -22.43950
   199.90400    138.84370    -21.38720
   175.58450    137.27820     -8.54890
   200.71700    147.44450     -7.02000
