    35.92764     20.94089    -15.39092
    57.33243     47.87367    -16.86357
    57.33243     47.87367    -16.86357
    52.04227     46.96490    -11.15392
    35.92764     20.94089    -15.39092
    42.05885     29.39786     -7.77925
    42.05885     29.39786     -7.77925
    42.05885     29.39786     -7.77925
    52.55592     41.43259    -13.91415
    55.94516     64.77266    -22.42731
    53.68958     55.22775     -8.32635
    53.68958     55.22775     -8.32635
    35.92764     20.94089    -15.39092
    55.82150     57.28757     -9.82907
    55.82150     57.28757     -9.82907
    55.82150     57.28757     -9.82907
    55.82150     57.28757     -9.82907
    26.31707     20.84240    -12.53371
    42.57748     34.18349    -11.79344
    48.92490     42.48536    -10.19619
    48.92490     42.48536    -10.19619
    48.92490     42.48536    -10.19619
    40.20164     32.89817    -14.72740
    26.31707     20.84240    -12.53371
    26.31707     20.84240    -12.53371
    26.31707     20.84240    -12.53371
    35.58907     20.13116    -13.96520
    26.96215     38.71617    -12.36614
    26.96215     38.71617    -12.36614
    26.96215     38.71617    -12.36614
    35.92764     20.94089    -15.39092
    35.92764     20.94089    -15.39092
    35.92764     20.94089    -15.39092
    32.96115     25.81611    -10.80556
    32.96115     25.81611    -10.80556
    32.96115     25.81611    -10.80556
    51.48865     49.74846     -9.89503
    51.48865     49.74846     -9.89503
    51.48865     49.74846     -9.89503
    26.31707     20.84240    -12.53371
    43.59211     35.22606    -13.71544
    42.81957     28.55672    -10.61036
    35.92764     20.94089    -15.39092
    55.94516     64.77266    -22.42731
    55.94516     64.77266    -22.42731
    55.94516     64.77266    -22.42731
    55.94516     64.77266    -22.42731
    42.53729     31.05917     -7.83701
    39.75845     32.49426    -14.58387
    52.26246     52.06529     -7.82094
    30.33190     32.13280    -16.13087
    30.33190     32.13280    -16.13087
    30.33190     32.13280    -16.13087
    30.33190     32.13280    -16.13087
    35.58907     20.13116    -13.96520
    35.58907     20.13116    -13.96520
    34.60452     30.97849    -10.52857
    34.60452     30.97849    -10.52857
    34.60452     30.97849    -10.52857
    34.60452     30.97849    -10.52857
    52.26790     52.08157     -7.67612
    55.73160     56.29875    -14.56877
    55.73160     56.29875    -14.56877
    55.73160     56.29875    -14.56877
    42.81957     28.55672    -10.61036
    42.81957     28.55672    -10.61036
    42.81957     28.55672    -10.61036
    42.81957     28.55672    -10.61036
    26.31707     20.84240    -12.53371
    26.31707     20.84240    -12.53371
    26.31707     20.84240    -12.53371
    54.91345     50.37270    -13.35203
    34.60452     30.97849    -10.52857
    32.96115     25.81611    -10.80556
    32.92128     25.70519    -10.81477
    37.55431     31.97256    -11.29272
    35.58907     20.13116    -13.96520
    35.72510     20.45128    -14.50872
    35.71435     20.42257    -14.48630
    33.53547     37.89069    -17.76181
    50.64079     44.43411    -10.91028
    39.09605     32.14988     -8.50895
    39.09605     32.14988     -8.50895
    42.78267     28.54917    -10.74097
    26.31707     20.84240    -12.53371
    40.66082     33.15378    -11.26978
    40.68102     32.66858    -11.57045
    51.48865     49.74846     -9.89503
    40.20164     32.89817    -14.72740
    43.59211     35.22606    -13.71544
    40.58033     33.67580    -10.95012
    40.58033     33.67580    -10.95012
    26.31707     20.84240    -12.53371
    42.84078     28.55925    -10.52842
    42.84078     28.55925    -10.52842
    42.84078     28.55925    -10.52842
    60.87450     54.62135    -24.10430
    42.84078     28.55925    -10.52842
    35.58907     20.13116    -13.96520
    35.58907     20.13116    -13.96520
    39.09605     32.14988     -8.50895
    39.09605     32.14988     -8.50895
    55.94516     64.77266    -22.42731
    49.49291     36.49966    -12.14950
    49.49291     36.49966    -12.14950
    49.31166     36.26701    -12.04255
    59.64920     51.85207    -10.13817
    59.64920     51.85207    -10.13817
    42.54980     37.96926     -7.28289
    26.96215     38.71617    -12.36614
    29.51830     20.11078    -12.92747
    29.51830     20.11078    -12.92747
    29.51830     20.11078    -12.92747
    33.65725     20.46320    -12.48146
    33.65725     20.46320    -12.48146
    33.65725     20.46320    -12.48146
    33.65725     20.46320    -12.48146
    42.57748     34.18349    -11.79344
    26.96215     38.71617    -12.36614
    53.68958     55.22775     -8.32635
    35.58907     20.13116    -13.96520
    31.08105     42.62642    -13.44443
    42.57748     34.18349    -11.79344
    35.41302     36.87503    -14.43375
    35.41302     36.87503    -14.43375
    50.70119     44.50915    -10.93460
    42.57748     34.18349    -11.79344
    42.57164     34.07909    -11.94492
    42.57164     34.07909    -11.94492
    42.57839     34.01933    -12.04373
    52.60232     41.60097    -13.89900
    52.60232     41.60097    -13.89900
    52.72079     41.67903    -14.03652
    35.58907     20.13116    -13.96520
    31.16837     43.48551     -9.61492
    26.31707     20.84240    -12.53371
    43.59211     35.22606    -13.71544
    43.59211     35.22606    -13.71544
    18.80259     31.10409     -8.65762
    43.09581     41.56120     -9.59671
    40.58033     33.67580    -10.95012
    33.40323     45.11965    -13.19192
    33.39558     45.03978    -13.15384
    33.40323     45.11965    -13.19192
    45.26320     46.33177    -26.61550
    45.26320     46.33177    -26.61550
    47.62420     47.50910    -26.54980
    40.20164     32.89817    -14.72740
    40.20164     32.89817    -14.72740
    40.20164     32.89817    -14.72740
    32.95232     25.58802    -10.81659
    49.49291     36.49966    -12.14950
    20.38836     23.41236     -9.70792
    51.30393     40.73701    -12.48262
    48.93178     35.80150    -11.81313
    41.88203     37.12872    -11.56849
    48.35496     49.93056    -11.79689
    48.35496     49.93056    -11.79689
    48.35496     49.93056    -11.79689
    23.28577     35.49702    -11.34896
    23.28577     35.49702    -11.34896
    23.09784     36.89260     -9.33441
    23.09784     36.89260     -9.33441
    23.09784     36.89260     -9.33441
    59.64920     51.85207    -10.13817
    35.58907     20.13116    -13.96520
    40.09287     32.78832    -14.69556
    21.01244     23.44432    -10.58394
    23.52229     35.60315    -11.56492
    35.58907     20.13116    -13.96520
    48.33194     39.98786    -10.65214
    48.33194     39.98786    -10.65214
    48.33194     39.98786    -10.65214
    40.58033     33.67580    -10.95012
    40.58033     33.67580    -10.95012
    50.64079     44.43411    -10.91028
    47.20787     37.60928     -9.93072
    47.20787     37.60928     -9.93072
    47.20787     37.60928     -9.93072
    42.81957     28.55672    -10.61036
    42.81957     28.55672    -10.61036
    42.81957     28.55672    -10.61036
    40.20164     32.89817    -14.72740
    49.21119     36.15213    -11.98040
    48.93178     35.80150    -11.81313
    48.93178     35.80150    -11.81313
    48.33194     39.98786    -10.65214
    42.57748     34.18349    -11.79344
    36.97768     27.63331    -21.89357
    36.51622     25.11025     -8.92962
    21.13580     23.43817    -10.73636
    26.31707     20.84240    -12.53371
    20.89955     23.43068    -10.44346
    40.71825     31.38740     -7.66555
    40.71825     31.38740     -7.66555
    45.64803     42.93107     -7.65400
    42.54980     37.96926     -7.28289
    31.16837     43.48551     -9.61492
    31.16837     43.48551     -9.61492
    54.13114     46.26564    -13.58434
    54.05282     46.09628    -13.57040
    54.05282     46.09628    -13.57040
    54.05282     46.09628    -13.57040
    31.07401     35.41230    -15.62899
    31.07401     35.41230    -15.62899
    51.30606     40.82698    -12.44843
    33.40323     45.11965    -13.19192
    33.40323     45.11965    -13.19192
    34.75353     36.37208    -17.21907
    37.55364     29.47368     -9.95859
    51.30606     40.82698    -12.44843
    26.96215     38.71617    -12.36614
    26.96215     38.71617    -12.36614
    35.92764     20.94089    -15.39092
    35.92764     20.94089    -15.39092
    42.54980     37.96926     -7.28289
    42.54980     37.96926     -7.28289
    41.97561     30.48912    -16.63953
    35.41302     36.87503    -14.43375
    51.30606     40.82698    -12.44843
    51.30606     40.82698    -12.44843
    45.64803     42.93107     -7.65400
    45.64803     42.93107     -7.65400
    48.66257     35.58830    -11.62846
    31.16837     43.48551     -9.61492
    21.16925     23.42942    -10.77094
    21.16925     23.42942    -10.77094
    37.55280     32.31216    -11.72788
    43.09581     41.56120     -9.59671
    35.41302     36.87503    -14.43375
    35.41302     36.87503    -14.43375
    35.41302     36.87503    -14.43375
    42.54980     37.96926     -7.28289
    41.88203     37.12872    -11.56849
    36.51622     25.11025     -8.92962
    36.51622     25.11025     -8.92962
    26.96215     38.71617    -12.36614
    47.24204     34.79044    -10.55235
    34.60452     30.97849    -10.52857
    18.80259     31.10409     -8.65762
    18.80259     31.10409     -8.65762
    35.21300     46.43915     -9.54542
    42.05885     29.39786     -7.77925
    42.05885     29.39786     -7.77925
    50.70307     44.54812    -10.92648
    23.39089     24.39022    -13.39118
    52.29879     52.07730     -7.56814
    52.29879     52.07730     -7.56814
    26.82459     38.66851    -12.44288
    41.90324     29.07537     -7.82241
    52.26790     52.08157     -7.67612
    52.26192     52.07911     -7.72822
    33.53547     37.89069    -17.76181
    31.16837     43.48551     -9.61492
    32.96115     25.81611    -10.80556
    27.60050     32.67590    -17.18070
    41.12991     27.65671     -8.03433
    41.01584     27.69029     -7.92178
    52.29879     52.07730     -7.56814
    49.98661     57.49286    -24.19567
    34.69810     33.59550    -16.31990
    51.30393     40.73701    -12.48262
    21.16925     23.42942    -10.77094
    30.01408     36.37279    -13.49813
    41.61947     29.83068    -16.63183
    43.68675     35.42301    -13.58482
    31.16837     43.48551     -9.61492
    31.16837     43.48551     -9.61492
    33.53547     37.89069    -17.76181
    33.53547     37.89069    -17.76181
    23.09784     36.89260     -9.33441
    23.09784     36.89260     -9.33441
    41.56564     28.58181     -7.86729
    50.64079     44.43411    -10.91028
    27.06619     38.75371    -12.29733
    27.29380     38.82727    -12.15448
    27.29380     38.82727    -12.15448
    27.06619     38.75371    -12.29733
    39.09605     32.14988     -8.50895
    38.30370     23.94830     -8.91820
    23.09784     36.89260     -9.33441
    55.73160     56.29875    -14.56877
    55.73160     56.29875    -14.56877
    23.28577     35.49702    -11.34896
    39.96595     54.16123    -10.64650
    45.76653     42.96594     -7.68772
    26.96215     38.71617    -12.36614
    43.59211     35.22606    -13.71544
    41.88203     37.12872    -11.56849
    49.24778     36.19902    -12.00239
    49.24778     36.19902    -12.00239
    49.71098     43.32426    -10.52062
    35.44571     30.81783    -12.97818
    35.44571     30.81783    -12.97818
    51.26494     39.98697    -12.71040
    31.16837     43.48551     -9.61492
    20.77371     23.45193    -10.29387
    54.91345     50.37270    -13.35203
    54.91345     50.37270    -13.35203
    54.91345     50.37270    -13.35203
    45.64803     42.93107     -7.65400
    45.64803     42.93107     -7.65400
    33.53547     37.89069    -17.76181
    48.92490     42.48536    -10.19619
    48.92490     42.48536    -10.19619
    48.92490     42.48536    -10.19619
    42.56052     33.56731    -12.70761
    23.34117     24.20622    -13.27278
    34.22077     44.90436    -10.12680
    50.64079     44.43411    -10.91028
    51.30606     40.82698    -12.44843
    51.30606     40.82698    -12.44843
    17.44027     26.23343     -9.27081
    27.84974     39.00929    -11.77911
    27.97714     39.05917    -11.68444
    27.97714     39.05917    -11.68444
    50.52675     44.32327    -10.85699
    52.60232     41.60097    -13.89900
    23.34117     24.20622    -13.27278
    23.34117     24.20622    -13.27278
    51.57338     40.93955    -12.76830
    35.00427     36.19743    -17.14748
    35.00427     36.19743    -17.14748
    35.00427     36.19743    -17.14748
    20.47062     23.45248     -9.88505
    21.07205     23.44568    -10.66158
    49.49291     36.49966    -12.14950
    33.53547     37.89069    -17.76181
    33.53547     37.89069    -17.76181
    41.75324     30.08079    -16.64323
    41.61947     29.83068    -16.63183
    56.77200     65.40353    -23.50685
    43.59211     35.22606    -13.71544
    50.82360     44.75206    -10.96090
    50.82360     44.75206    -10.96090
    52.26246     52.06529     -7.82094
    34.31970     46.01712     -9.34238
    43.92690     43.35860    -25.81570
    50.83906     44.61315    -10.99907
    43.87240     46.62340    -23.87660
    45.64803     42.93107     -7.65400
    49.56848     36.59685    -12.19436
    49.49291     36.49966    -12.14950
    39.09605     32.14988     -8.50895
    39.09605     32.14988     -8.50895
    18.81241     28.20362     -8.14400
    20.98369     23.44188    -10.54314
    20.98369     23.44188    -10.54314
    21.07205     23.44568    -10.66158
    39.23036     36.52065     -8.56605
    39.00963     36.26566     -8.40938
    50.64079     44.43411    -10.91028
    21.16925     23.42942    -10.77094
    21.25573     23.55426    -10.93305
    52.85507     43.87877    -12.99739
    33.53547     37.89069    -17.76181
    37.55431     31.97256    -11.29272
    30.01408     36.37279    -13.49813
    45.64803     42.93107     -7.65400
    42.84078     28.55925    -10.52842
    50.70119     44.50915    -10.93460
    50.70119     44.50915    -10.93460
    37.65901     29.51297    -10.15067
    42.54980     37.96926     -7.28289
    49.79440     54.26780    -26.21010
    32.23969     21.93890    -10.95963
    33.40323     45.11965    -13.19192
    33.22151     45.19768    -13.35147
    33.40323     45.11965    -13.19192
    33.40323     45.11965    -13.19192
    50.70119     44.50915    -10.93460
    23.09784     36.89260     -9.33441
    36.43863     29.15071    -10.03272
    42.48533     30.85404     -7.81933
    37.55364     29.47368     -9.95859
    44.92470     31.47050    -10.29290
    48.92490     42.48536    -10.19619
    40.43252     54.37972    -10.15672
    41.90324     29.07537     -7.82241
    41.90324     29.07537     -7.82241
    42.81957     28.55672    -10.61036
    46.68703     32.79867     -6.87200
    46.68703     32.79867     -6.87200
    46.68703     32.79867     -6.87200
    25.08210     22.76080    -15.26680
    35.58907     20.13116    -13.96520
    35.41302     36.87503    -14.43375
    52.26647     52.06763     -7.79173
    31.15528     35.16492    -15.75652
    31.16837     43.48551     -9.61492
    42.05885     29.39786     -7.77925
    45.64803     42.93107     -7.65400
    26.96215     38.71617    -12.36614
    42.57344     34.13080    -11.86848
    35.78820     28.22658    -13.00724
    35.58907     20.13116    -13.96520
    50.56292     44.34496    -10.87608
    52.85507     43.87877    -12.99739
    38.27440     28.36460    -17.94510
    35.58907     20.13116    -13.96520
    31.08105     42.62642    -13.44443
    31.08105     42.62642    -13.44443
    17.79849     26.85386     -6.08051
    52.25259     52.09580     -7.54399
    35.57677     20.09598    -13.90968
    37.08390     30.71460    -18.53325
    37.08390     30.71460    -18.53325
    38.27715     31.99534    -20.05031
    40.33862     38.72086     -9.08586
    40.33862     38.72086     -9.08586
    51.30606     40.82698    -12.44843
    42.08821     28.79995    -13.76852
    51.78916     46.34885    -11.17298
    23.70370     37.25600     -7.08850
    45.90210     59.31935    -16.49405
    45.90210     59.31935    -16.49405
    46.31780     59.10500    -13.12020
    40.46985     38.55926     -9.21400
    27.84974     39.00929    -11.77911
    38.40159     28.00008    -15.26641
    17.44027     26.23343     -9.27081
    17.44027     26.23343     -9.27081
    50.64079     44.43411    -10.91028
    32.92128     25.70519    -10.81477
    26.96215     38.71617    -12.36614
    33.82917     47.46827    -11.77931
    52.29879     52.07730     -7.56814
    47.31625     39.27444    -14.67246
    36.11270     45.26220    -17.48320
    47.31625     39.27444    -14.67246
    47.31625     39.27444    -14.67246
    52.29879     52.07730     -7.56814
    29.25145     42.74745    -15.51095
    29.25145     42.74745    -15.51095
    58.45191     48.38751    -10.53378
    58.45191     48.38751    -10.53378
    58.45191     48.38751    -10.53378
    33.82917     47.46827    -11.77931
    39.09605     32.14988     -8.50895
    37.71175     21.22870    -17.09985
    37.71175     21.22870    -17.09985
    41.14379     27.87643     -7.91116
    41.01584     27.69029     -7.92178
    41.48785     36.61413    -11.87906
    20.92505     23.48487    -10.50729
    21.11445     23.57639    -10.77929
    43.53748     34.46112     -8.10724
    36.97768     27.63331    -21.89357
    52.04227     46.96490    -11.15392
    52.04227     46.96490    -11.15392
    52.04227     46.96490    -11.15392
    52.29879     52.07730     -7.56814
    21.13580     23.43817    -10.73636
    53.38581     49.53189    -11.90169
    48.92490     42.48536    -10.19619
    41.12991     27.65671     -8.03433
    42.08821     28.79995    -13.76852
    41.88203     37.12872    -11.56849
    36.51622     25.11025     -8.92962
    32.95232     25.58802    -10.81659
    32.95232     25.58802    -10.81659
    32.95232     25.58802    -10.81659
    41.17746     27.64774     -8.08933
    42.57748     34.18349    -11.79344
    42.57748     34.18349    -11.79344
    42.08821     28.79995    -13.76852
    42.08821     28.79995    -13.76852
    52.29664     52.06176     -7.77079
    21.13580     23.43817    -10.73636
    51.30393     40.73701    -12.48262
    51.30606     40.82698    -12.44843
    43.53748     34.46112     -8.10724
    43.53748     34.46112     -8.10724
    52.29879     52.07730     -7.56814
    41.28757     27.84956     -8.05305
    20.47062     23.45248     -9.88505
    50.64079     44.43411    -10.91028
    50.64079     44.43411    -10.91028
    20.56942     23.42755     -9.99880
    50.64079     44.43411    -10.91028
    48.87365     48.34000    -15.75320
    50.21050     49.60490    -15.33280
    48.87365     48.34000    -15.75320
    52.26790     52.08157     -7.67612
    30.01408     36.37279    -13.49813
    26.31707     20.84240    -12.53371
    55.94516     64.77266    -22.42731
    26.31707     20.84240    -12.53371
    26.31707     20.84240    -12.53371
    31.08105     42.62642    -13.44443
    31.08105     42.62642    -13.44443
    35.58907     20.13116    -13.96520
    51.30606     40.82698    -12.44843
    26.33603     20.80622    -12.36268
    52.29879     52.07730     -7.56814
    52.29664     52.06176     -7.77079
    36.14624     47.73295     -9.44427
    48.92490     42.48536    -10.19619
    35.78820     28.22658    -13.00724
    36.15396     29.04855    -10.04530
    40.88181     54.36612    -10.07811
    42.05885     29.39786     -7.77925
    48.92490     42.48536    -10.19619
    42.21890     29.80827     -7.77209
    50.82360     44.75206    -10.96090
    53.38581     49.53189    -11.90169
    29.51830     20.11078    -12.92747
    41.01584     27.69029     -7.92178
    47.48616     43.62700     -8.38169
    52.46469     52.03286     -7.71628
    53.38581     49.53189    -11.90169
    30.01408     36.37279    -13.49813
    30.01408     36.37279    -13.49813
    36.56064     29.18278     -9.98029
    23.28577     35.49702    -11.34896
    47.26829     43.54280     -8.29243
    48.92490     42.48536    -10.19619
    36.51622     25.11025     -8.92962
    42.09315     29.49350     -7.78343
    42.12763     29.58950     -7.79025
    50.70119     44.50915    -10.93460
    31.16837     43.48551     -9.61492
    50.74218     44.60729    -10.93797
    38.13805     28.19286    -15.12365
    20.89955     23.43068    -10.44346
    39.85811     37.38438     -8.95316
    26.28433     20.87837    -11.28982
    26.28433     20.87837    -11.28982
    26.34780     20.79556    -12.34095
    50.52587     44.22709    -10.86085
    51.11149     45.08176    -11.09071
    26.31707     20.84240    -12.53371
    34.95145     46.18538     -9.49346
    34.95145     46.18538     -9.49346
    35.04643     46.27596     -9.51258
    49.31207     43.98111    -13.03336
    30.05214     36.28421    -13.82974
    53.38581     49.53189    -11.90169
    53.38581     49.53189    -11.90169
    44.70940     40.72418    -13.16960
    37.55431     31.97256    -11.29272
    50.64079     44.43411    -10.91028
    33.07713     26.16596    -10.80524
    33.42230     45.14148    -13.21076
    36.70701     29.21166    -10.11684
    27.37580     19.40650    -13.56040
    21.46477     23.04058    -10.81025
    18.80259     31.10409     -8.65762
    43.98506     35.93396     -8.34000
    51.30606     40.82698    -12.44843
    36.09535     48.74855     -8.58989
    59.64920     51.85207    -10.13817
    52.72079     41.67903    -14.03652
    37.50662     33.02401    -12.47838
    36.51622     25.11025     -8.92962
    21.14874     23.35411    -10.69987
    42.02245     29.31682     -7.77256
    42.57748     34.18349    -11.79344
    42.57748     34.18349    -11.79344
    26.31707     20.84240    -12.53371
    21.30276     23.39512    -10.91353
    37.55431     31.97256    -11.29272
    37.55431     31.97256    -11.29272
    36.15396     29.04855    -10.04530
    44.08071     36.18124     -8.38406
    41.24157     27.84764     -8.00763
    41.25182     27.54750     -8.19216
    35.44571     30.81783    -12.97818
    35.09704     32.64834     -7.49010
    43.53748     34.46112     -8.10724
    30.01408     36.37279    -13.49813
    30.01408     36.37279    -13.49813
    24.27134     33.38864    -13.99704
    24.27134     33.38864    -13.99704
    40.62939     33.30687    -11.17871
    35.78820     28.22658    -13.00724
    35.78820     28.22658    -13.00724
    18.81241     28.20362     -8.14400
    48.35496     49.93056    -11.79689
    48.35496     49.93056    -11.79689
    48.35496     49.93056    -11.79689
    40.58033     33.67580    -10.95012
    41.25182     27.54750     -8.19216
    39.66106     53.93214    -11.14777
    40.36930     28.90750    -11.08900
    36.51622     25.11025     -8.92962
    52.44887     44.12774    -12.41717
    52.84066     44.09860    -12.83829
    55.58560     48.26350    -15.06370
    40.94998     27.75535     -7.85562
    40.83867     27.72841     -7.78896
    40.36636     54.32860    -10.24796
    43.09581     41.56120     -9.59671
    43.09581     41.56120     -9.59671
    43.09581     41.56120     -9.59671
    33.82917     47.46827    -11.77931
    35.78820     28.22658    -13.00724
    47.20787     37.60928     -9.93072
    36.15396     29.04855    -10.04530
    42.57748     34.18349    -11.79344
    35.78820     28.22658    -13.00724
    26.96215     38.71617    -12.36614
    17.86890     33.31230     -3.54400
    31.16837     43.48551     -9.61492
    42.08821     28.79995    -13.76852
    39.76343     54.05447    -10.94706
    41.88203     37.12872    -11.56849
    41.85350     39.59822     -9.95140
    53.43812     49.70012    -11.88639
    24.27134     33.38864    -13.99704
    42.54980     37.96926     -7.28289
    42.54980     37.96926     -7.28289
    33.40323     45.11965    -13.19192
    43.09581     41.56120     -9.59671
    35.58907     20.13116    -13.96520
    53.11549     51.64011     -8.81517
    26.94598     38.33573    -10.79551
    35.44571     30.81783    -12.97818
    20.12589     23.20629     -9.08964
    40.01075     34.81480    -12.67975
    59.68327     54.36556    -21.14351
    59.68327     54.36556    -21.14351
    59.68327     54.36556    -21.14351
    45.26320     46.33177    -26.61550
    50.70119     44.50915    -10.93460
    53.37740     44.83073    -13.25174
    28.52683     25.11086    -13.73858
    28.52683     25.11086    -13.73858
    35.83038     47.05893     -9.60791
    35.83038     47.05893     -9.60791
    37.92907     29.54302    -10.03479
    37.92907     29.54302    -10.03479
    37.17737     33.44125    -12.29240
    53.38581     49.53189    -11.90169
    31.11929     43.39452     -9.63355
    59.64920     51.85207    -10.13817
    52.29879     52.07730     -7.56814
    28.98160     34.20434    -11.72633
    28.98160     34.20434    -11.72633
    28.98160     34.20434    -11.72633
    35.67375     49.38163     -7.43954
    52.15470     38.42500    -10.76880
    39.40110     40.90210     -9.53460
    33.82917     47.46827    -11.77931
    35.78820     28.22658    -13.00724
    28.98160     34.20434    -11.72633
    28.98160     34.20434    -11.72633
    39.09605     32.14988     -8.50895
    23.21433     23.96785    -13.09092
    23.00556     23.38758    -12.71542
    23.19890     23.83445    -13.04641
    34.43110     43.09450    -20.58980
    34.02740     43.03405    -17.38535
    31.36149     34.62456    -16.04082
    31.42151     34.95900    -15.88069
    48.35496     49.93056    -11.79689
    49.59680     37.17130     -8.03180
    42.05885     29.39786     -7.77925
    59.64920     51.85207    -10.13817
    48.86311     42.25689    -15.17015
    33.44805     26.03931     -8.52907
    33.44805     26.03931     -8.52907
    27.16999     38.79394    -12.23251
    48.13980     62.62900    -16.83150
    37.77550     45.24520    -21.96600
    45.64803     42.93107     -7.65400
    50.56292     44.34496    -10.87608
    19.58385     27.42150    -14.39125
    25.71730     24.01840    -14.62910
    31.16837     43.48551     -9.61492
    31.11929     43.39452     -9.63355
    42.56450     38.07427     -7.22808
    42.56450     38.07427     -7.22808
    42.56450     38.07427     -7.22808
    39.61109     53.84261    -11.25111
    39.76343     54.05447    -10.94706
    39.71245     53.99474    -11.04357
    37.53750     35.57940    -10.89980
    47.48616     43.62700     -8.38169
    41.43191     27.44146     -8.35096
    38.02929     41.15028    -18.57526
    59.64920     51.85207    -10.13817
    35.51346     49.55463     -7.06151
    19.97946     22.93132     -8.50985
    42.57748     34.18349    -11.79344
    35.87189     28.31434    -13.12374
    41.54654     54.16073    -10.18892
    41.54654     54.16073    -10.18892
    41.54654     54.16073    -10.18892
    52.62240     59.43380    -24.33510
    52.06020     59.89710    -22.93630
    42.33411     32.03413     -7.73194
    39.16870     31.95223    -14.39771
    39.16870     31.95223    -14.39771
    39.16870     31.95223    -14.39771
    40.94998     27.75535     -7.85562
    33.40323     45.11965    -13.19192
    21.16925     23.42942    -10.77094
    47.70320     45.95270    -14.10210
    21.71666     25.04566    -11.64843
    37.73885     26.74047     -8.60699
    35.44571     30.81783    -12.97818
    37.84143     49.41536    -12.69704
    33.40323     45.11965    -13.19192
    32.23969     21.93890    -10.95963
    42.55065     33.25310    -13.18132
    40.67583     27.78347     -7.60945
    53.68958     55.22775     -8.32635
    53.68958     55.22775     -8.32635
    53.68958     55.22775     -8.32635
    26.82459     38.66851    -12.44288
    41.51254     39.34850     -9.77267
    24.27134     33.38864    -13.99704
    42.05885     29.39786     -7.77925
    42.47473     37.84091     -7.40073
    40.59971     33.48878    -11.07110
    50.20950     57.60667    -24.42342
    50.20950     57.60667    -24.42342
    50.20950     57.60667    -24.42342
    53.68958     55.22775     -8.32635
    32.23969     21.93890    -10.95963
    41.41570     53.02850     -7.48610
    27.17491     38.75974    -12.08597
    56.67740     60.55160     -9.56270
    54.86480     59.73460     -8.00220
    43.98506     35.93396     -8.34000
    36.51622     25.11025     -8.92962
    50.70119     44.50915    -10.93460
    35.44571     30.81783    -12.97818
    18.81241     28.20362     -8.14400
    45.54651     39.49366     -6.89179
    42.81957     28.55672    -10.61036
    41.86961     37.17032    -11.43275
    41.31760     52.31690    -14.82860
    41.85350     39.59822     -9.95140
    51.70944     46.13530    -11.18284
    52.27922     47.18211    -11.38431
    47.63378     34.96534    -10.86165
    42.55843     38.47327     -6.66170
    42.57307     38.10742     -7.18024
    36.15396     29.04855    -10.04530
    47.31625     39.27444    -14.67246
    56.19258     64.95522    -22.74312
    44.70940     40.72418    -13.16960
    44.70940     40.72418    -13.16960
    57.33243     47.87367    -16.86357
    37.39490     33.09430    -12.32610
    40.72247     32.45487    -11.71479
    18.80259     31.10409     -8.65762
    18.80259     31.10409     -8.65762
    18.75697     31.16081     -8.55376
    30.19360     15.51390    -22.92640
    30.12750     13.82510    -22.58130
    36.15396     29.04855    -10.04530
    47.67546     34.52794     -7.60192
    34.86110     25.91790    -13.95890
    33.70820     26.38658    -20.40095
    33.70820     26.38658    -20.40095
    33.70820     26.38658    -20.40095
    33.70820     26.38658    -20.40095
    52.24290     52.06877     -8.20397
    41.85350     39.59822     -9.95140
    52.78868     42.23754    -13.81316
    27.29380     38.82727    -12.15448
    24.27134     33.38864    -13.99704
    24.27134     33.38864    -13.99704
    24.27134     33.38864    -13.99704
    45.64803     42.93107     -7.65400
    33.25143     45.91478     -9.00957
    30.01408     36.37279    -13.49813
    41.55990     30.76965    -14.76950
    47.31625     39.27444    -14.67246
    56.27390     53.54740    -12.86100
    54.20535     53.17060    -11.72900
    33.19638     26.30998    -10.81384
    35.09704     32.64834     -7.49010
    20.89955     23.43068    -10.44346
    29.51830     20.11078    -12.92747
    41.05412     54.34932     -9.99059
    37.65901     29.51297    -10.15067
    44.70940     40.72418    -13.16960
    52.32888     51.97035     -8.74985
    31.36149     34.62456    -16.04082
    39.31068     32.07808    -14.44356
    50.25689     57.77249    -24.36375
    36.69930     22.92220     -7.11420
    17.86065     26.92175     -6.14539
    34.60452     30.97849    -10.52857
    58.45191     48.38751    -10.53378
    29.51830     20.11078    -12.92747
    33.82917     47.46827    -11.77931
    48.92490     42.48536    -10.19619
    26.27492     20.90213    -12.61136
    31.65200     37.81280    -17.97280
    40.59971     33.48878    -11.07110
    36.51622     25.11025     -8.92962
    52.32199     52.02596     -8.36633
    40.68102     32.66858    -11.57045
    26.82459     38.66851    -12.44288
    52.29664     52.06176     -7.77079
    38.08438     32.57390    -13.23188
    37.64386     32.82409    -12.56372
    43.09581     41.56120     -9.59671
    43.09581     41.56120     -9.59671
    17.86065     26.92175     -6.14539
    37.68863     29.52445     -9.73456
    58.90550     50.36640    -17.29480
    42.34699     38.46316    -12.83539
    42.34699     38.46316    -12.83539
    47.47367     43.98442     -8.52053
    33.80022     32.49042     -7.38118
    39.00963     36.26566     -8.40938
    42.57135     33.47987    -12.84386
    36.97768     27.63331    -21.89357
    36.97768     27.63331    -21.89357
    36.97768     27.63331    -21.89357
    40.58899     54.47417     -9.96686
    57.78140     45.95380    -19.94950
    37.78306     49.43464    -12.97471
    37.78306     49.43464    -12.97471
    37.84143     49.41536    -12.69704
    31.08105     42.62642    -13.44443
    35.41302     36.87503    -14.43375
    54.61300     43.71910    -15.58420
    42.08821     28.79995    -13.76852
    41.85350     39.59822     -9.95140
    37.93087     49.37990    -12.20363
    32.23969     21.93890    -10.95963
    32.23969     21.93890    -10.95963
    36.51622     25.11025     -8.92962
    35.37521     23.87390    -10.11620
    31.22921     42.63300    -13.28217
    36.15396     29.04855    -10.04530
    55.90230     62.32160    -24.12560
    52.24290     52.06877     -8.20397
    25.32065     35.09325     -9.22680
    40.59749     35.78407    -12.50617
    40.59749     35.78407    -12.50617
    32.20955     42.66328    -12.21792
    47.10795     44.16595    -14.20725
    57.84320     56.62030     -7.86500
    23.00556     23.38758    -12.71542
    39.01105     32.05514    -14.23229
    47.31625     39.27444    -14.67246
    60.87450     54.62135    -24.10430
    56.77200     65.40353    -23.50685
    56.77200     65.40353    -23.50685
    26.80476     38.67280    -12.49192
    35.82460     19.95008    -17.70648
    35.82460     19.95008    -17.70648
    45.64803     42.93107     -7.65400
    31.16837     43.48551     -9.61492
    26.31707     20.84240    -12.53371
    42.57748     34.18349    -11.79344
    40.76389     32.31574    -11.77782
    35.39444     46.57201     -9.55663
    47.31625     39.27444    -14.67246
    52.25259     52.09580     -7.54399
    40.58899     54.47417     -9.96686
    33.44805     26.03931     -8.52907
    51.30606     40.82698    -12.44843
    40.72247     32.45487    -11.71479
    38.02929     41.15028    -18.57526
    38.02929     41.15028    -18.57526
    38.02929     41.15028    -18.57526
    46.50560     40.92520    -10.37440
    40.09847     54.29063    -10.36881
    58.45191     48.38751    -10.53378
    26.94598     38.33573    -10.79551
    33.40850     37.01560    -15.49725
    41.12991     27.65671     -8.03433
    35.44571     30.81783    -12.97818
    33.40323     45.11965    -13.19192
    56.12880     66.11570    -20.89740
    44.32381     36.60901    -12.99297
    44.09607     36.22166    -13.06895
    44.09607     36.22166    -13.06895
    47.67546     34.52794     -7.60192
    47.67546     34.52794     -7.60192
    47.67546     34.52794     -7.60192
    18.17360     26.44880    -13.23670
    17.86065     26.92175     -6.14539
    25.84970     37.40030     -8.33290
    43.98506     35.93396     -8.34000
    38.27715     31.99534    -20.05031
    38.27715     31.99534    -20.05031
    41.85350     39.59822     -9.95140
    25.72181     21.69477    -12.97596
    26.27046     20.90825    -12.63188
    42.68137     57.08589     -9.87203
    35.39444     46.57201     -9.55663
    43.53748     34.46112     -8.10724
    50.64540     44.49990    -10.89934
    40.58531     38.81398     -9.24959
    44.85100     42.72200     -5.11700
    17.86065     26.92175     -6.14539
    41.99400     25.30230    -10.42310
    41.01584     27.69029     -7.92178
    45.54651     39.49366     -6.89179
    45.54651     39.49366     -6.89179
    35.59441     46.80256     -9.56584
    47.31625     39.27444    -14.67246
    34.81260     32.62260     -7.46091
    40.91060     34.23550    -16.75230
    47.48616     43.62700     -8.38169
    44.42788     36.81355    -12.90872
    31.42151     34.95900    -15.88069
    51.30606     40.82698    -12.44843
    35.37521     23.87390    -10.11620
    38.04368     29.59572     -9.73435
    29.51830     20.11078    -12.92747
    45.45240     34.36470     -9.65390
    47.31625     39.27444    -14.67246
    58.74173     56.36083    -10.30720
    58.74173     56.36083    -10.30720
    58.74173     56.36083    -10.30720
    33.44805     26.03931     -8.52907
    55.94516     64.77266    -22.42731
    34.22077     44.90436    -10.12680
    23.28577     35.49702    -11.34896
    29.51830     20.11078    -12.92747
    25.50420     38.24395     -6.58720
    33.25143     45.91478     -9.00957
    33.25143     45.91478     -9.00957
    54.13114     46.26564    -13.58434
    17.86065     26.92175     -6.14539
    17.86065     26.92175     -6.14539
    48.86311     42.25689    -15.17015
    48.86311     42.25689    -15.17015
    33.82917     47.46827    -11.77931
    33.82917     47.46827    -11.77931
    29.14655     27.27125    -12.61265
    17.86065     26.92175     -6.14539
    49.37418     57.23285    -23.58576
    49.37418     57.23285    -23.58576
    33.44850     32.44970     -7.35449
    35.04643     46.27596     -9.51258
    20.56942     23.42755     -9.99880
    30.86905     30.06065     -7.70440
    22.16882     25.66273    -11.97487
    45.03790     49.15630    -27.34960
    42.08821     28.79995    -13.76852
    33.82917     47.46827    -11.77931
    49.30095     34.96440     -9.37270
    23.28577     35.49702    -11.34896
    43.73010     35.51240    -13.52271
    47.48616     43.62700     -8.38169
    42.33630     38.65716    -13.03338
    18.75697     31.16081     -8.55376
    43.59211     35.22606    -13.71544
    40.58033     33.67580    -10.95012
    30.64908     42.50041     -9.80557
    49.31207     43.98111    -13.03336
    44.85030     47.70500     -5.77110
    46.61505     46.32645     -6.55380
    46.61505     46.32645     -6.55380
    22.16882     25.66273    -11.97487
    45.59519     37.09067     -9.19788
    32.96115     25.81611    -10.80556
    42.08821     28.79995    -13.76852
    39.67990     45.18180    -19.60970
    16.49600     29.29630    -16.03870
    35.44571     30.81783    -12.97818
    39.61109     53.84261    -11.25111
    47.44779     44.80607     -8.84187
    32.99360     28.94420    -10.75110
    25.89790     32.00640    -13.19250
    47.20787     37.60928     -9.93072
    49.90440     57.83910    -20.70720
    18.94022     30.94122     -8.99220
    42.68137     57.08589     -9.87203
    42.68137     57.08589     -9.87203
    22.16882     25.66273    -11.97487
    35.04643     46.27596     -9.51258
    30.77680     27.94290    -10.40010
    28.52683     25.11086    -13.73858
    33.30580     17.84170    -15.31120
    48.53230     48.02960    -14.10150
    31.42610     37.57310    -15.99920
    54.13114     46.26564    -13.58434
    35.09704     32.64834     -7.49010
    29.14655     27.27125    -12.61265
    43.59211     35.22606    -13.71544
    29.97009     43.41045    -13.36766
    30.81613     42.81714    -13.42126
    38.40159     28.00008    -15.26641
    33.94190     48.43720     -9.26220
    31.89810     45.78143    -14.53170
    32.10970     45.64415    -14.28533
    32.23969     21.93890    -10.95963
    42.11517     37.48079    -11.94449
    42.88980     26.81090    -14.48280
    39.41130     29.35850    -24.47000
    41.44500     25.02200     -7.22820
    17.95691     27.12555     -6.26469
    20.10430     22.30070    -18.06400
    20.62090     25.06050    -19.23630
    33.44805     26.03931     -8.52907
    33.44805     26.03931     -8.52907
    44.70940     40.72418    -13.16960
    22.41080     34.20410    -13.61540
    40.30490     24.11620     -6.60510
    28.08980     24.34570    -15.65960
    51.58275     58.18760    -19.00190
    51.58275     58.18760    -19.00190
    25.35550     39.39550    -15.87860
    43.55830     40.48090     -4.81850
    24.36609     36.10426    -12.14309
    35.87189     28.31434    -13.12374
    17.86065     26.92175     -6.14539
    29.89900     39.27480    -15.11640
    47.44779     44.80607     -8.84187
    44.50542     40.76628    -13.23229
    49.83630     62.97820    -21.28470
    41.55990     30.76965    -14.76950
    22.37170     22.43420    -14.22210
    41.24120     51.32250    -16.82890
    49.30095     34.96440     -9.37270
    30.76812     35.83987    -15.19566
    30.76812     35.83987    -15.19566
    53.22542     49.03253    -11.88094
    18.76337     28.11976     -7.96716
    33.66218     37.72713    -17.70844
    40.67028     54.48706     -9.88601
    49.31207     43.98111    -13.03336
    33.65725     20.46320    -12.48146
    41.75324     30.08079    -16.64323
    28.38260     18.26430    -13.36990
    32.10970     45.64415    -14.28533
    40.22816     35.27536    -12.65984
    30.86905     30.06065     -7.70440
    36.51050     41.11700    -17.67680
    45.07906     43.01583    -10.68868
    45.07906     43.01583    -10.68868
    23.18325     35.43344    -11.26153
    37.89980     44.14495    -23.53815
    37.89980     44.14495    -23.53815
    21.24615     23.58617    -10.94732
    44.60650     37.08408    -12.89341
    43.67197     34.94387     -8.17556
    40.76389     32.31574    -11.77782
    24.80582     20.49173    -14.38630
    24.80582     20.49173    -14.38630
    25.32065     35.09325     -9.22680
    52.84329     47.73087    -11.91872
    19.91306     22.78388     -8.21287
    31.31775     30.96810    -11.87025
    17.44027     26.23343     -9.27081
    29.97009     43.41045    -13.36766
    26.76010     18.81160     -7.32450
    33.16640     41.19940     -6.84530
    54.13114     46.26564    -13.58434
    35.21890     16.95400    -12.52680
    18.67370     24.49300    -17.50850
    34.17950     22.68200    -16.91630
    18.81241     28.20362     -8.14400
    33.44805     26.03931     -8.52907
    48.86311     42.25689    -15.17015
    50.47524     58.11097    -24.13968
    42.08198     32.57794     -7.63073
    36.63240     51.07660     -5.95940
    35.51346     49.55463     -7.06151
    48.73470     61.40290    -11.50270
    18.66220     28.18290    -10.38880
    28.71735     37.84390    -15.29965
    43.53748     34.46112     -8.10724
    51.12380     41.97430    -14.62060
    30.48335     34.34495    -13.67480
    36.37271     28.75468    -13.87776
    18.65236     25.04273     -8.10627
    25.50420     38.24395     -6.58720
    41.05412     54.34932     -9.99059
    47.11350     57.17400    -19.60400
    52.47052     51.95162     -8.49687
    33.44850     32.44970     -7.35449
    28.71735     37.84390    -15.29965
    37.73885     26.74047     -8.60699
    54.13114     46.26564    -13.58434
    35.09180     33.91190    -18.83450
    50.25689     57.77249    -24.36375
    22.27841     21.76752    -10.50685
    45.07906     43.01583    -10.68868
    34.51110     24.52160    -19.07710
    29.57350     28.33810    -19.65320
    39.48090     27.72830    -13.80310
    18.65236     25.04273     -8.10627
    49.31207     43.98111    -13.03336
    42.08198     32.57794     -7.63073
    37.39352     28.67448    -14.68080
    49.90440     57.83910    -20.70720
    54.20535     53.17060    -11.72900
    34.60750     38.02690    -21.63930
    25.71450     39.31980     -9.21900
    23.15820     21.42410     -5.53430
    31.02074     37.79801    -23.41367
    36.28260     48.65140    -11.37600
    38.50660     34.28780    -14.59280
    39.22560     43.62550    -27.10760
    39.82010     45.91080    -17.82930
    46.76820     37.76060    -12.27300
    33.03290     26.04567    -10.81810
    50.25689     57.77249    -24.36375
    50.96330     47.55530     -7.77730
    18.65236     25.04273     -8.10627
    50.59790     64.47785    -23.91900
    52.43970     64.98020    -23.98260
    50.59790     64.47785    -23.91900
    30.48335     34.34495    -13.67480
    44.34835     33.19730    -15.57255
    33.82917     47.46827    -11.77931
    37.56120     24.48320     -6.56660
    38.81100     22.74720    -10.33140
    19.91350     26.11470     -7.88740
    32.73970     25.93380    -17.92810
    18.82420     23.49530    -13.60770
    43.33410     56.46680    -13.13940
    28.79140     41.73995     -5.27405
    19.51197     30.36620     -9.64731
    22.27841     21.76752    -10.50685
    57.58050     64.72880    -20.73380
    32.49296     42.66880    -11.77542
    38.27715     31.99534    -20.05031
    33.40850     37.01560    -15.49725
    35.15930     33.41870    -13.77510
    28.01250     36.51400    -17.31020
    19.58385     27.42150    -14.39125
    29.28615     42.17395     -7.27145
    28.77040     22.82270    -11.22215
    28.77040     22.82270    -11.22215
    15.06027     27.56317    -12.80031
    15.06027     27.56317    -12.80031
    15.06027     27.56317    -12.80031
    18.81241     28.20362     -8.14400
    47.10795     44.16595    -14.20725
    63.40510     57.52930    -24.39110
    64.62510     57.33450    -26.74960
    64.60260     55.96750    -25.49600
    23.59760     29.32030    -13.29600
    18.81241     28.20362     -8.14400
    34.67587     45.79518     -9.63000
    37.74590     26.71980    -18.65540
    36.33025     28.75000    -18.64290
    41.99745     37.19887     -7.96081
    29.28615     42.17395     -7.27145
    41.30960     24.86390    -11.86560
    28.89630     24.24160    -22.32350
    39.62240     33.09510    -16.80600
    31.74220     23.14030     -7.71390
    31.74220     23.14030     -7.71390
    35.31170     42.41710    -24.22580
    43.51000     40.97028    -13.55951
    35.69090     35.72690     -7.25540
    35.69090     35.72690     -7.25540
    35.60650     34.44040     -8.91420
    16.04105     26.05245     -6.84250
    16.04105     26.05245     -6.84250
    38.69145     26.94565    -12.34995
    59.59970     51.27030    -15.21760
    36.33025     28.75000    -18.64290
    48.21850     44.87510    -16.80700
    30.13360     42.60420     -4.39510
    28.79140     41.73995     -5.27405
    40.54080     41.92350    -11.80240
    32.46250     22.66190    -12.75660
    33.41670     41.00530    -19.54690
    49.85750     46.81460    -14.13820
    26.74100     38.61170     -8.38330
    28.37070     40.67040    -13.65690
    39.81800     33.21350    -19.45400
    31.33950     24.58480     -7.06100
    25.56560     24.15150    -16.35860
    45.54160     35.85340    -10.33930
    40.54860     38.45990    -19.46670
    27.69900     39.58950     -6.07220
    42.33630     38.65716    -13.03338
    50.08300     56.19730     -9.08960
    22.64780     24.30780     -8.40420
    41.37620     26.79190    -13.86710
    40.14180     50.56540    -15.18710
    18.85385     23.69515     -6.19585
    18.85385     23.69515     -6.19585
    45.47530     58.13070    -13.98000
    44.34835     33.19730    -15.57255
    36.78370     30.24430     -7.26690
    49.47780     46.84670     -7.65100
    27.50250     26.71570    -23.59695
    27.50250     26.71570    -23.59695
    42.64220     57.91170    -11.87480
    49.25755     49.02100     -7.44625
    49.25755     49.02100     -7.44625
    51.71037     65.09607    -13.49780
    51.71037     65.09607    -13.49780
    51.71037     65.09607    -13.49780
    32.26410     14.60940     -8.98340
    28.55040     22.23620    -13.10380
    38.69145     26.94565    -12.34995
    30.85250     26.72530     -8.67040
    46.04730     45.19440     -7.92790
    37.74650     30.73250    -21.58330
    29.23350     19.06460    -10.50650
    45.03290     31.48270    -15.08140
    56.69980     52.80560     -9.72560
    54.95650     45.64500     -8.92050
    34.88110     31.81330    -15.48400
    52.25920     46.10750     -8.11370
    27.16220     41.81880     -6.56650
    34.05280     30.90560     -8.18960
    31.65670     26.49830    -13.11930
    30.33820     37.81790    -19.32930
    27.23190     17.19050    -14.70600
    34.02740     43.03405    -17.38535
    32.02910     31.05970     -8.60630
    33.85020     20.85440    -17.85220
    31.87280     20.59970    -17.55220
    31.31775     30.96810    -11.87025
    46.20570     32.72890    -11.25580
    31.02074     37.79801    -23.41367
    31.02074     37.79801    -23.41367
