    -0.04172     -0.01141      0.05249
     1.27882     -0.00925     -0.00054      0.00414
     0.37070      0.00213     -0.01166     -0.02169
     0.27274     -0.00079     -0.08316      0.06653
     1.92645     -0.01527     -0.00117     -0.00439
     0.23246     -0.01133     -0.00592     -0.01930
     0.04547     -0.00656      0.01023     -0.02123
     0.30395     -0.01112     -0.00484      0.01247
     0.49645      0.00969     -0.01474      0.06855
     1.49957     -0.01068     -0.00402     -0.02164
     0.09387     -0.01116     -0.00591     -0.01213
     0.08096     -0.00651     -0.00758     -0.02439
     0.16267     -0.03412     -0.01296     -0.05403
     0.74121     -0.00475      0.06885     -0.06166
     1.48718      0.00206     -0.02572      0.00004
     0.49889      0.01044     -0.00777     -0.00955
     0.40352      0.02501     -0.02877      0.07285
     1.68823     -0.01427     -0.04005     -0.00493
     0.60861     -0.01661     -0.02019     -0.00764
     0.29275     -0.01579      0.00328      0.06633
     1.41866      0.01701      0.02209      0.01938
     0.92203     -0.03387     -0.04891      0.00592
     0.89783      0.01658      0.00789     -0.00643
     0.57068     -0.01166     -0.00568     -0.01421
     0.04545     -0.01053     -0.00449     -0.02771
     0.18955     -0.01223     -0.01698     -0.02639
     0.24463     -0.01164      0.02779     -0.02023
     0.57909     -0.03277     -0.02050      0.01050
     0.62762     -0.00836      0.02757      0.00594
     0.69281     -0.08164      0.02566     -0.04746
     1.39511     -0.02885     -0.02517     -0.02704
     0.46157     -0.08718      0.00428      0.04285
     1.63291     -0.01198     -0.01188      0.06670
     1.41768      0.02440     -0.01628     -0.00450
     0.67603      0.00091     -0.01439     -0.02058
     0.26961     -0.02606      0.00956      0.04729
     1.14235     -0.01076      0.00734     -0.00681
     0.28609     -0.03007      0.01151     -0.06314
     0.89377     -0.04387      0.03536     -0.00684
     0.90127     -0.00864      0.00186     -0.00494
     0.25007     -0.03029      0.00728      0.00936
     0.58504     -0.01160     -0.00584     -0.02614
     0.15905     -0.01253     -0.01517      0.00555
     0.40767     -0.06235     -0.08806     -0.00057
     1.64951     -0.01402     -0.00296      0.00111
     0.30953     -0.00695     -0.00858     -0.00631
     0.20241     -0.01947     -0.01089      0.01257
     0.51840     -0.07667      0.06843     -0.01532
     1.67129     -0.01792     -0.00308     -0.05583
     0.67076     -0.01254      0.00009     -0.12879
     1.89668      0.01962     -0.03891      0.06276
     1.55375     -0.02938     -0.02160     -0.04666
     0.63956     -0.05394     -0.03935     -0.04955
     1.06016     -0.00209      0.00455     -0.08765
     1.22657      0.02043     -0.01292     -0.00467
     0.60056     -0.01161     -0.00552     -0.01543
     0.02759      0.01632     -0.01376      0.00013
     0.57617     -0.00750     -0.02075      0.00232
     0.41450     -0.01963     -0.01091     -0.02360
     0.18851     -0.01518     -0.00870     -0.02485
     0.15174     -0.03102     -0.02998     -0.00110
     0.57843      0.00246      0.01133     -0.04826
     0.65919     -0.01217     -0.00580      0.02077
     0.63625     -0.01100     -0.00614      0.01666
     0.56688      0.05868     -0.02177     -0.06712
     1.49647     -0.02903      0.02011     -0.14092
     2.16444     -0.01028     -0.00927     -0.01633
     0.06175     -0.06793     -0.05395      0.01474
     1.35319     -0.00036     -0.03675     -0.02502
     0.57228     -0.04131      0.00808     -0.03063
     0.59747     -0.01798     -0.00431     -0.01424
     0.11172     -0.01815      0.02748     -0.02147
     0.58505     -0.08081     -0.07434     -0.06687
     1.84507     -0.01822     -0.00131      0.01679
     0.58385     -0.01893     -0.01259     -0.00277
     0.28468     -0.01502      0.00544     -0.03878
     0.42446      0.02798      0.02293     -0.02742
     0.86008     -0.01266      0.02009     -0.00392
     0.49610     -0.00530      0.00679     -0.07194
     0.96730     -0.02093     -0.00318     -0.00072
     0.31390     -0.01333     -0.00716     -0.02615
     0.16071     -0.03476      0.03009     -0.00492
     0.75148     -0.02171      0.07787     -0.11355
     2.17272     -0.01323     -0.00589     -0.00895
     0.13386      0.02250      0.01452     -0.04505
     0.83572     -0.01917     -0.00844     -0.00936
     0.17656     -0.01205     -0.00616     -0.01523
     0.02638     -0.01194      0.03002      0.01889
     0.86144     -0.00642      0.01185     -0.00284
     0.39877      0.02165      0.01328     -0.01288
     0.66515      0.02774      0.02789     -0.00507
     0.91161     -0.05800      0.01441      0.00103
     0.90301      0.00345     -0.03936      0.00833
     0.75299     -0.02754      0.00438      0.05044
     1.18185      0.08206     -0.03811     -0.00658
     1.69490      0.05792     -0.09715      0.02883
     2.09359     -0.01371     -0.00707     -0.02073
     0.07315     -0.00015      0.00310     -0.05559
     0.70637      0.01740     -0.00820     -0.01686
     0.50263     -0.01796     -0.04080     -0.03914
     0.70471     -0.01186     -0.03146      0.00018
     0.51540      0.00435     -0.01260     -0.03738
     0.46064     -0.01084     -0.00720     -0.06489
     0.81562     -0.03240      0.03700     -0.05966
     1.08673     -0.01233     -0.00617     -0.01552
     0.02146     -0.01030     -0.00013     -0.05354
     0.63219      0.00444     -0.02863      0.05203
     1.25817     -0.00343      0.00160     -0.01423
     0.20349     -0.00648     -0.02459     -0.14724
     2.23088     -0.00158     -0.02606      0.05133
     1.21549      0.02764     -0.01470     -0.13023
     2.03891     -0.01354      0.02727     -0.03240
     0.62646     -0.03493     -0.00751     -0.02219
     0.39649     -0.00058     -0.06984      0.03045
     1.35700     -0.02413      0.02217     -0.04877
     0.75231      0.00306      0.02612     -0.05231
     0.85403     -0.02003     -0.00523     -0.01252
     0.15196     -0.02394     -0.01018     -0.00898
     0.24813      0.02330      0.00395      0.03780
     1.11652     -0.01170     -0.00563     -0.01698
     0.01342     -0.01144     -0.00806     -0.01416
     0.05589      0.00052     -0.00037      0.00870
     0.49254     -0.02341      0.00113      0.00165
     0.38607     -0.01412      0.00008     -0.00474
     0.23247      0.00461      0.00196     -0.03154
     0.40348     -0.01829      0.01777     -0.00262
     0.48299     -0.14097      0.07299     -0.01250
     2.55787     -0.00985     -0.00752     -0.01034
     0.11821     -0.00149      0.00639     -0.08047
     1.11485     -0.01180     -0.02297      0.00077
     0.41121     -0.00769     -0.00253     -0.01525
     0.10193     -0.00721      0.00958     -0.01712
     0.28068      0.01745     -0.02934     -0.03681
     0.72192     -0.06625     -0.02798      0.04371
     1.42311     -0.10253      0.00791      0.07885
     2.24171     -0.00316     -0.00112      0.00114
     0.35091     -0.02800     -0.00920     -0.02312
     0.29296     -0.06509     -0.09043      0.02421
     1.82262      0.05026     -0.00228     -0.09802
     1.73754     -0.01701     -0.00684      0.00829
     0.43270      0.01636     -0.01454     -0.02166
     0.51085      0.09299      0.01476     -0.03448
     1.84193      0.02619     -0.04371      0.00435
     0.97730     -0.00587      0.02530      0.04972
     1.25148     -0.06407     -0.02461      0.07327
     1.78829     -0.01069     -0.00705     -0.02765
     0.18648     -0.02286     -0.00659     -0.02138
     0.19691     -0.00261     -0.01164     -0.00566
     0.26522     -0.01453     -0.00334     -0.02065
     0.09069     -0.00980      0.01257      0.05767
     1.30167     -0.03276     -0.08630     -0.00603
     1.41293     -0.00778      0.01543     -0.00731
     0.40717     -0.01505     -0.00014     -0.05799
     0.70746     -0.02580     -0.01264      0.02970
     0.82776     -0.00866     -0.01435     -0.01448
     0.15546     -0.06461     -0.00703      0.08937
     2.00591     -0.00120      0.01580     -0.01200
     0.42470     -0.01146     -0.00583     -0.01522
     0.02994     -0.03703      0.01666      0.02771
     0.94623      0.00813     -0.02034     -0.11740
     1.75577     -0.01686      0.03093     -0.00061
     0.69094     -0.05530     -0.04706     -0.03448
     1.04985      0.02024     -0.09837      0.00296
     1.68886     -0.01152     -0.00589     -0.01581
     0.02074     -0.00334     -0.00508      0.02182
     0.67134      0.04602     -0.04585     -0.01867
     1.19374     -0.01934     -0.00469     -0.01714
     0.12391     -0.00938     -0.01304      0.01908
     0.62038     -0.03828     -0.01921     -0.10134
     1.51544     -0.03094      0.01263     -0.00718
     0.47871      0.00355     -0.02723     -0.03991
     0.59303     -0.01093     -0.00583     -0.01612
     0.02500     -0.01726     -0.00630     -0.05427
     0.64094     -0.00845     -0.00540     -0.00328
     0.23783     -0.01782      0.00663     -0.01106
     0.25644     -0.02078      0.01077     -0.04584
     0.58844     -0.00709      0.00186     -0.01899
     0.16606     -0.00566     -0.01549     -0.01371
     0.19937     -0.00982     -0.00489     -0.04303
     0.44722     -0.05016     -0.00049     -0.02520
     0.66587     -0.01179     -0.04326     -0.01205
     0.63295     -0.02740     -0.05243     -0.02187
     0.82890     -0.02183      0.00890     -0.11270
     1.65337     -0.05465     -0.03195     -0.10216
     1.67340     -0.04964      0.01559     -0.07214
     1.19112     -0.00656      0.01905     -0.12528
     1.88527     -0.01619     -0.00058     -0.01292
     0.13396      0.00870      0.02192      0.00445
     0.69430     -0.01106      0.02043      0.04257
     1.10241     -0.00905     -0.00805     -0.01972
     0.07940      0.00768      0.01098     -0.01587
     0.44559      0.00086      0.05864     -0.02560
     1.13075     -0.00588     -0.01163     -0.08944
     1.23920     -0.03745      0.01553      0.02979
     0.97021      0.00002     -0.00330      0.01086
     0.51444     -0.01128      0.00139      0.01176
     0.50067     -0.00393     -0.00559     -0.00990
     0.18265     -0.01216     -0.00503     -0.01667
     0.02000     -0.01796      0.03900     -0.00520
     0.79673     -0.01525     -0.00378     -0.01389
     0.08223     -0.01153     -0.00593     -0.01494
     0.03346     -0.00988      0.03278     -0.07852
     1.23790     -0.00697     -0.01172     -0.01540
     0.13076     -0.01049     -0.04415     -0.01154
     0.64965     -0.01201     -0.00618     -0.01595
     0.01442      0.00123     -0.01180     -0.05803
     0.74108      0.01774     -0.03441     -0.04039
     0.80350     -0.00897     -0.00587     -0.02441
     0.14055     -0.01109     -0.00636      0.02281
     0.67113     -0.06738     -0.07005     -0.10154
     2.02654      0.00018     -0.04935      0.02451
     1.03339     -0.06489      0.04219      0.01746
     1.34400     -0.00418      0.00673     -0.01576
     0.25853     -0.04008      0.08791     -0.04530
     1.73210      0.01750     -0.01396     -0.07645
     1.13703     -0.02778      0.00146     -0.02718
     0.34295     -0.02075     -0.00316     -0.02067
     0.16728     -0.01454      0.01214     -0.02066
     0.32021     -0.01075     -0.00833     -0.03035
     0.23401     -0.02502      0.00731     -0.02243
     0.32986     -0.04631      0.02910     -0.01767
     0.83206      0.00465      0.01438     -0.02160
     0.45808     -0.01043      0.00522      0.00136
     0.36444     -0.02106      0.01480     -0.16417
     2.51490     -0.01334      0.00292     -0.02690
     0.23175     -0.02237      0.00390      0.02958
     0.82229      0.06306      0.03588     -0.02691
     1.47105      0.00591     -0.01326      0.00155
     0.45266     -0.11679     -0.03073     -0.03149
     1.83714     -0.03456     -0.00875      0.04429
     1.10279     -0.00977     -0.00714     -0.06198
     0.76716     -0.01306     -0.00516     -0.02257
     0.10081     -0.00343      0.00020     -0.00084
     0.32674     -0.02657      0.01079     -0.05889
     0.80699      0.01742     -0.00275     -0.01643
     0.50530     -0.00327     -0.00808     -0.01858
     0.15751     -0.01771     -0.00499     -0.01247
     0.12034      0.02721     -0.01598     -0.09932
     1.55853      0.08260      0.09099     -0.01547
     2.30055     -0.01148     -0.00759     -0.03375
     0.28870     -0.01477     -0.01682      0.03438
     0.88645     -0.00062     -0.00746      0.04962
     1.14216     -0.03718     -0.01609     -0.08791
     1.28828     -0.01186     -0.00610     -0.01547
     0.02308     -0.02097      0.00810     -0.00929
     0.31140     -0.00949     -0.00390      0.02761
     0.75460     -0.01150     -0.00596     -0.05215
     0.59936     -0.00128     -0.02997      0.02235
     0.79746     -0.01146     -0.00641     -0.01524
     0.02920     -0.05071     -0.01701     -0.03752
     0.76345     -0.02257      0.02879      0.00263
     0.70053     -0.00148      0.00993      0.02043
     0.71082      0.04943     -0.04032     -0.04864
     1.30988     -0.00739     -0.00469     -0.00938
     0.15179      0.02930     -0.00154     -0.06934
     1.13747     -0.01049     -0.00946     -0.01468
     0.07172     -0.02728      0.03161      0.06903
     1.60936     -0.08482      0.07860     -0.00028
     1.91237     -0.02325      0.02807     -0.04209
     0.74585     -0.01778     -0.00630     -0.10407
     1.48203     -0.01388     -0.01430      0.03325
     0.85921     -0.01162     -0.00573     -0.01588
     0.01984      0.02228     -0.01245     -0.04659
     0.77942     -0.02648     -0.03607      0.02482
     0.90077     -0.00473      0.00868     -0.07157
     0.97032     -0.10219      0.04686     -0.08791
     2.13766     -0.01058     -0.00710      0.01860
     0.60023     -0.00123     -0.03581     -0.11588
     1.76226      0.01778      0.00718     -0.04846
     0.77309      0.04507     -0.01231     -0.07319
     1.36600     -0.11137      0.07612     -0.01951
     2.17977      0.02936     -0.03733     -0.07262
     1.29188     -0.01631      0.00192     -0.01738
     0.15470     -0.00910     -0.00284     -0.03303
     0.28601     -0.00661     -0.01394     -0.01754
     0.16214     -0.00853      0.00891     -0.01495
     0.26537     -0.01482     -0.01866      0.00593
     0.44112     -0.00691      0.01267     -0.03380
     0.43989     -0.01298     -0.00342     -0.01338
     0.07568      0.06986      0.07618     -0.05545
     2.07271     -0.01232     -0.00539      0.01540
     0.54539     -0.00047      0.00359     -0.02370
     0.28423     -0.01637      0.00441      0.05636
     1.25424     -0.08446     -0.00434     -0.10186
     1.89161     -0.00975     -0.00757      0.04714
     1.08415     -0.04131     -0.04617     -0.03062
     0.86996      0.03413     -0.04487     -0.05123
     1.17726     -0.01857      0.00583     -0.07345
     0.98759     -0.00748     -0.01963      0.01072
     0.52459     -0.00972     -0.00444     -0.03476
     0.30907     -0.01181     -0.00550      0.01760
     0.58266     -0.03102     -0.01201      0.01505
     0.63420      0.00270     -0.04045     -0.01476
     0.63370     -0.06859      0.02212     -0.05350
     1.23707     -0.01071     -0.00569     -0.01641
     0.02748     -0.00606     -0.00431     -0.00798
     0.18464     -0.00750     -0.01074      0.00243
     0.34382     -0.02904      0.01733     -0.03661
     0.59447     -0.01999      0.00121     -0.04173
     0.46039      0.00608      0.06030     -0.11516
     2.03052     -0.01745      0.00784     -0.02606
     0.29886      0.05495     -0.07132     -0.03134
     1.60383      0.03284     -0.00868      0.07572
     1.74375     -0.02440      0.01265     -0.07000
     0.97872     -0.02033     -0.03494      0.00890
     0.66730     -0.00137      0.01356     -0.00182
     0.45841      0.01587      0.07024      0.01125
     1.45939      0.05799      0.00440      0.06436
     1.82670     -0.02529      0.00322     -0.00558
     0.33273     -0.01347     -0.00158     -0.09933
     1.40101     -0.03203     -0.03584     -0.00213
     0.65313     -0.03736     -0.01170     -0.02452
     0.45562     -0.01090     -0.00540     -0.00555
     0.19199     -0.02625     -0.10556     -0.04018
     1.74578     -0.00827     -0.01227      0.08120
     1.66457     -0.01111     -0.00630     -0.00618
     0.18060     -0.01116     -0.01426     -0.00313
     0.26905     -0.01103      0.02216     -0.02081
     0.48589     -0.02598      0.01047      0.04312
     1.07902     -0.03157     -0.01424     -0.01296
     0.36124     -0.08463      0.08182      0.03810
     2.13920     -0.00405      0.01489      0.06324
     1.40889     -0.00153     -0.01047     -0.02885
     0.28233     -0.02939      0.00453     -0.09233
     1.32539     -0.01861     -0.01135      0.00336
     0.36853     -0.07761     -0.05518      0.02057
     1.52230     -0.00435     -0.00529     -0.00956
     0.18139     -0.00741     -0.00424     -0.02992
     0.23929     -0.00522     -0.00811     -0.02020
     0.13558      0.01027     -0.03579     -0.00159
     0.68000     -0.01161     -0.00545     -0.01624
     0.01858     -0.00446     -0.02893      0.00524
     0.55192      0.03549     -0.01383     -0.00842
     0.83043     -0.01010     -0.01348     -0.02950
     0.25087     -0.01300     -0.00416      0.04290
     1.01182     -0.03234     -0.01104      0.00254
     0.47989     -0.02431     -0.03611     -0.02243
     0.55501     -0.01666     -0.02348      0.06362
     1.39544     -0.08790      0.06277     -0.00410
     1.74855     -0.01660     -0.02711     -0.03640
     0.49140     -0.01046      0.00156      0.01818
     0.60749     -0.01990     -0.01276     -0.00980
     0.20818      0.00731     -0.02176     -0.00940
     0.44083     -0.01488     -0.00297     -0.00564
     0.20175     -0.01838      0.00882     -0.00979
     0.29972     -0.08343     -0.01076     -0.03189
     1.23613      0.03964     -0.00418     -0.06795
     1.23473      0.03109     -0.08046      0.01363
     1.54477     -0.01206     -0.00357     -0.05002
     0.56501     -0.00052     -0.00013     -0.01313
     0.23150      0.03880     -0.07323     -0.01303
     1.42840     -0.00797     -0.00581     -0.09035
     1.24865     -0.00809     -0.00501     -0.01700
     0.07256     -0.00504     -0.01597      0.00638
     0.44284     -0.00675      0.01673     -0.00571
     0.44127     -0.00691      0.00194     -0.01940
     0.17051      0.01667     -0.08840      0.02595
     1.64406     -0.01319     -0.00705     -0.01723
     0.02328      0.00160     -0.00862     -0.01584
     0.23790     -0.00849     -0.01124     -0.02403
     0.16213     -0.01381     -0.00990     -0.05309
     0.61894     -0.01161     -0.00576      0.00313
     0.33755     -0.01865     -0.07922     -0.06502
     1.48678     -0.02676      0.00907     -0.01768
     0.35797     -0.00689     -0.00297      0.01982
     0.62907     -0.00474     -0.01162     -0.01130
     0.18174     -0.00236     -0.00645     -0.10760
     1.54780     -0.01731      0.02268      0.01101
     0.68470     -0.01209     -0.01436     -0.02815
     0.23712     -0.08064      0.06564     -0.00598
     1.69128     -0.01147     -0.00571      0.03546
     0.88520      0.00649      0.01118     -0.03011
     0.48797     -0.02852     -0.01096     -0.04647
     0.57965     -0.01826     -0.00909     -0.09365
     1.30745     -0.02209     -0.00360      0.01717
     0.60070     -0.01843     -0.00192      0.05173
     1.16787     -0.00415     -0.04159     -0.05417
     0.88280      0.00452     -0.00258      0.00646
     0.48886     -0.01270     -0.00624     -0.01416
     0.04524      0.00027     -0.00531      0.02221
     0.69377     -0.06782      0.03628      0.06102
     1.77313      0.00027     -0.00972     -0.03682
     0.40439     -0.03876      0.02972      0.05321
     1.40698     -0.03779     -0.07550     -0.00656
     1.26344     -0.00606     -0.02019     -0.01103
     0.27651      0.02538     -0.03460     -0.03228
     0.84009     -0.04007     -0.00440     -0.02547
     0.49569     -0.05222     -0.03408     -0.08330
     1.39753     -0.06214     -0.04069      0.00805
     1.11101     -0.01126     -0.00605     -0.02967
     0.21904     -0.03612     -0.01551     -0.02720
     0.46940     -0.01322      0.03697      0.02720
     1.04437      0.02400      0.08310      0.07461
     2.25026      0.00633     -0.03277     -0.02869
     0.58464     -0.05346      0.00285      0.00637
     0.81619      0.03129     -0.02346      0.08143
     1.84329     -0.03061      0.05410     -0.05181
     1.22229     -0.00513     -0.00266      0.09868
     1.96094     -0.00809     -0.01202      0.01632
     0.57359     -0.01379     -0.00350      0.00432
     0.36144     -0.01344     -0.00542     -0.02962
     0.21905     -0.01334     -0.00041     -0.03489
     0.32281      0.06226     -0.01699     -0.09249
     1.80852     -0.02507     -0.00464      0.00231
     0.39100     -0.01580     -0.00427     -0.02803
     0.20286      0.00928      0.08203     -0.02101
     1.54038     -0.00369     -0.01437     -0.03002
     0.30040     -0.00527     -0.00358     -0.02123
     0.14641     -0.01068     -0.01484     -0.12659
     1.86649     -0.05180     -0.03520     -0.13854
     2.22139     -0.02027      0.00373     -0.07016
     0.93005     -0.00521      0.00111      0.01721
     0.60086     -0.00517      0.01053      0.00238
     0.44714     -0.00795     -0.01184     -0.01736
     0.11991     -0.01589     -0.01515     -0.04168
     0.45266     -0.01023     -0.00556     -0.01670
     0.03520      0.01442     -0.03340     -0.01860
     0.64553     -0.09374     -0.02334      0.00440
     1.45669     -0.01252     -0.00361     -0.01279
     0.08075     -0.06063     -0.02994     -0.02720
     0.93069      0.00895      0.00353     -0.07907
     1.12683     -0.03804     -0.00499      0.10486
     2.10713     -0.01825     -0.00118     -0.01247
     0.15199      0.01183      0.09433     -0.05237
     1.84791     -0.01088     -0.00739     -0.01581
     0.03428      0.02026     -0.01234     -0.03865
     0.67129      0.05099     -0.00754     -0.03691
     1.12390     -0.03424      0.05247      0.01828
     1.21687     -0.04667     -0.02890     -0.03620
     0.77288     -0.01063      0.00538     -0.03503
     0.36731     -0.00265     -0.01553     -0.05644
     0.70894     -0.00994      0.01333     -0.00623
     0.37818      0.00987     -0.01035     -0.03098
     0.45013     -0.01429     -0.00368     -0.00881
     0.14596     -0.02761      0.00117     -0.02037
     0.29582     -0.01150     -0.05243     -0.03257
     0.82777     -0.01453      0.00004     -0.03720
     0.36400     -0.01409      0.01132     -0.01195
     0.30976      0.00037     -0.00663     -0.04096
     0.46179     -0.01375      0.00998     -0.01139
     0.29024     -0.06829      0.01448     -0.03493
     1.05855     -0.01664     -0.00513     -0.00809
     0.16636     -0.09194     -0.02810      0.04264
     1.72540     -0.01142     -0.00726     -0.01929
     0.04790     -0.00504     -0.02619     -0.01860
     0.36087     -0.03428      0.01683      0.03359
     1.01043     -0.00599     -0.01187     -0.01794
     0.14371     -0.02543     -0.00753     -0.02458
     0.26113      0.00539      0.01592     -0.03847
     0.60374     -0.04479     -0.03406     -0.04868
     0.90551     -0.00152     -0.01629     -0.01148
     0.26454     -0.01453     -0.03812      0.00425
     0.64875     -0.00453     -0.00838     -0.03744
     0.37525     -0.09550      0.03859     -0.01508
     1.60289      0.01205     -0.00381      0.08278
     1.73662     -0.01298     -0.01543     -0.05759
     0.70907     -0.00459      0.00163     -0.01220
     0.20073     -0.02022     -0.01336     -0.00814
     0.23367     -0.00526      0.00377     -0.00735
     0.26061      0.01166     -0.00858     -0.05184
     0.71968     -0.03866      0.01304      0.01553
     0.77910     -0.01225      0.00888     -0.05384
     0.67797     -0.01212     -0.00637     -0.00335
     0.22761      0.00449     -0.01372     -0.02711
     0.35605     -0.00563     -0.00512     -0.02764
     0.21585      0.01795      0.03494     -0.06317
     1.16831     -0.04675     -0.07001      0.01568
     1.34680     -0.02142     -0.00949     -0.03424
     0.33917     -0.07318      0.05911     -0.02198
     1.51670     -0.01278     -0.00431      0.00183
     0.31705      0.00191      0.03482     -0.01829
     0.73555     -0.01644     -0.01921     -0.00446
     0.31191     -0.00803      0.00246     -0.04237
     0.46316     -0.01926     -0.02403     -0.06313
     0.84985     -0.03843     -0.02181      0.11225
     2.23425     -0.02208      0.01095     -0.03840
     0.49681      0.03154     -0.03563     -0.03169
     0.92815     -0.02456     -0.00580      0.00752
     0.46196     -0.00670      0.01248      0.00052
     0.44148     -0.01518     -0.00851     -0.01401
     0.07922      0.00961      0.01877     -0.06571
     1.00154      0.03237      0.01327      0.01057
     0.94540      0.01119     -0.00018     -0.03814
     0.54631     -0.02452     -0.01161     -0.03432
     0.37454     -0.01105     -0.00307      0.04268
     1.00904     -0.01532     -0.00964     -0.00547
     0.20716     -0.03212     -0.01687      0.04035
     1.04090     -0.01245     -0.00648     -0.03098
     0.24068     -0.00991     -0.00575     -0.01800
     0.04458      0.00031      0.02079     -0.01080
     0.51421      0.10832     -0.11053     -0.04694
     2.73731     -0.00501     -0.00135     -0.01314
     0.15939     -0.01427     -0.00047     -0.01429
     0.11165      0.00230      0.00093     -0.12141
     1.79387      0.05813      0.01821     -0.04260
     1.33504     -0.00872     -0.00857     -0.12757
     1.87852     -0.06421      0.03031     -0.02914
     1.09695     -0.00818      0.00492     -0.06068
     0.77035     -0.03922     -0.02802     -0.01849
     0.58915     -0.02301     -0.00974     -0.09956
     1.41578     -0.00969     -0.00580     -0.01349
     0.07034     -0.02431     -0.02176     -0.01556
     0.33456     -0.06320     -0.07981     -0.03222
     1.53964      0.01393      0.01795     -0.05597
     0.89689     -0.01516     -0.00157     -0.01129
     0.13171     -0.03626      0.09055     -0.14998
     2.79444      0.01621     -0.03823     -0.04362
     0.85612     -0.04087      0.02358     -0.04602
     0.85802     -0.04853      0.00653     -0.00123
     0.70353      0.02528     -0.01942     -0.01728
     0.67341      0.02155     -0.05925      0.02327
     1.26291      0.00267      0.04296      0.03698
     1.25989     -0.00921     -0.00337      0.00817
     0.42849     -0.04003      0.00147      0.00612
     0.62438     -0.02536      0.02961     -0.00747
     0.66551     -0.01170     -0.01044     -0.01112
     0.12009     -0.01792     -0.02767      0.01863
     0.70819     -0.01317     -0.00603      0.08458
     1.71752     -0.02162      0.01384     -0.02885
     0.42739     -0.07007      0.02859     -0.02814
     1.16029      0.01990     -0.02668      0.01576
     0.84857     -0.00221      0.03560     -0.04577
     0.87851     -0.06850     -0.04984      0.01607
     1.32896     -0.01147     -0.00589     -0.01678
     0.01349     -0.02445      0.01710      0.01646
     0.71853     -0.00684     -0.02350     -0.04271
     0.53581     -0.01476     -0.00318      0.01654
     0.56849     -0.02094     -0.05330     -0.01300
     0.81400     -0.00719     -0.03466      0.00401
     0.60305      0.01035     -0.04340     -0.03772
     0.81780     -0.02070     -0.00157      0.07372
     1.54210     -0.03911     -0.01297     -0.03411
     0.55438      0.00119     -0.00551     -0.01165
     0.24331     -0.01863      0.07647      0.00500
     1.45275     -0.01359     -0.01331     -0.02796
     0.22560     -0.03619     -0.00271     -0.00769
     0.43874     -0.01050     -0.00558     -0.01837
     0.04082     -0.01308     -0.03612     -0.05620
     0.83859     -0.01823      0.05130     -0.00326
     1.00613      0.00546      0.01263     -0.03879
     0.57487     -0.01205     -0.00672     -0.04487
     0.47611     -0.00957      0.00480      0.03406
     0.88257     -0.01835     -0.02342      0.00447
     0.47492     -0.02304     -0.00475      0.00131
     0.35812      0.01355     -0.05644     -0.00026
     0.99656      0.00898     -0.01464      0.03827
     1.00955     -0.01308     -0.01013     -0.02075
     0.09570      0.00538      0.00355     -0.04047
     0.52650     -0.00778     -0.01076     -0.01849
     0.11131      0.05346     -0.00761     -0.05085
     1.25357     -0.04284     -0.02266      0.05952
     1.42069      0.01312     -0.01570      0.04925
     1.20904     -0.01027     -0.03300     -0.01419
     0.45733     -0.00093      0.01801     -0.02863
     0.49520     -0.01062     -0.12689      0.12415
     3.09758     -0.02557      0.00477     -0.08144
     1.13408      0.01246     -0.04907     -0.02934
     0.86447     -0.02002     -0.00684      0.00562
     0.40212      0.01341      0.00467     -0.05569
     0.81055     -0.01187      0.00226     -0.01771
     0.14453     -0.00966     -0.00672     -0.01492
     0.05398      0.08050     -0.01274     -0.04800
     1.66099     -0.04030     -0.06558     -0.01541
     1.11330     -0.01147     -0.00568     -0.01570
     0.02378      0.03509      0.00753     -0.11063
     1.79584     -0.01057     -0.00927     -0.00756
     0.16692     -0.00894      0.02656     -0.01193
     0.56392     -0.01071     -0.00642     -0.00963
     0.12376     -0.05562      0.00078     -0.02459
     0.75680     -0.01101      0.00965     -0.05188
     0.65300     -0.01436      0.04546     -0.09327
     1.56441     -0.01195     -0.00869     -0.02350
     0.12141      0.03819      0.05098     -0.03472
     1.32666     -0.00699     -0.00359     -0.02208
     0.13355      0.00150      0.00638     -0.06892
     0.93796      0.01372      0.03649     -0.06789
     1.21090     -0.01301     -0.03929     -0.03603
     0.64869     -0.09037     -0.00183     -0.00519
     1.34107      0.00186     -0.04239     -0.03953
     0.76244     -0.01883     -0.00730     -0.03596
     0.34426     -0.01776      0.00686     -0.01107
     0.25935     -0.01288     -0.00719     -0.01797
     0.02857     -0.05591      0.03757      0.08454
     2.01143     -0.00217     -0.00093      0.02837
     0.78877     -0.01167     -0.00500     -0.01727
     0.02377     -0.01905     -0.00516     -0.03772
     0.37378      0.01575      0.05661     -0.02333
     1.17016     -0.01577     -0.00468     -0.03167
     0.26071     -0.00656     -0.01547     -0.01578
     0.18459      0.00603     -0.01119     -0.06010
     0.80081     -0.01216     -0.00646     -0.00826
     0.14449     -0.03094     -0.00743     -0.02695
     0.36192     -0.04902     -0.01457     -0.01889
     0.64070     -0.03866      0.00473     -0.07225
     1.05774      0.04694     -0.01446      0.05285
     1.55425      0.03905     -0.02434      0.09200
     2.05638      0.00832     -0.06815     -0.13096
     2.22820     -0.03025      0.00526     -0.03163
     0.44108     -0.01424     -0.00823     -0.00693
     0.17375      0.04154     -0.05279      0.01146
     1.29658     -0.01137     -0.06840     -0.01368
     1.05523     -0.00245     -0.01731     -0.02884
     0.32316     -0.02939      0.02494      0.01079
     0.76259     -0.01245     -0.00483     -0.01273
     0.07254     -0.01637     -0.03565     -0.02143
     0.50990     -0.00738     -0.00920      0.00024
     0.30403      0.00116     -0.00629     -0.02521
     0.26768      0.00098     -0.01137      0.05496
     1.23894     -0.01697     -0.01045      0.00309
     0.35359      0.06133     -0.00127     -0.09778
     1.85546     -0.02962     -0.01289     -0.05171
     0.67101      0.00115      0.00571     -0.03714
     0.45921     -0.00454     -0.05165     -0.00709
     0.79784     -0.01331      0.04238     -0.02698
     0.84141      0.01200      0.04599     -0.03784
     1.03806     -0.01506     -0.01177     -0.01075
     0.14716     -0.03405     -0.00063     -0.01734
     0.38217      0.00256      0.02637     -0.03890
     0.71256     -0.01656      0.00382     -0.03855
     0.41287     -0.00725      0.01009     -0.16524
     2.51980     -0.01052      0.03669     -0.04583
     0.87832     -0.06896     -0.04717     -0.09481
     1.77617     -0.01170     -0.00588      0.05158
     1.15839     -0.03487     -0.01576     -0.01922
     0.41889     -0.01122     -0.00661     -0.01603
     0.02196     -0.01892     -0.00610     -0.01753
     0.11457     -0.03797      0.04265      0.01364
     1.06845     -0.01395      0.00242     -0.04190
     0.45099      0.00098     -0.00576     -0.00428
     0.30793     -0.01298     -0.00520     -0.01933
     0.04831     -0.01632     -0.00370     -0.05930
     0.72503     -0.05347     -0.06601      0.03690
     1.53065     -0.01154     -0.00590     -0.01558
     0.02373      0.01833      0.05312     -0.03578
     1.17546      0.00323      0.03806      0.00613
     0.88404     -0.06334      0.06393     -0.04386
     1.54071      0.02631     -0.01110     -0.02149
     0.66250     -0.01959      0.02776     -0.03148
     0.63952     -0.01941      0.00344     -0.06789
     0.88970     -0.03465     -0.00186      0.01806
     0.70613     -0.00578      0.00435      0.00846
     0.47623     -0.01273      0.02203     -0.06361
     0.92658     -0.00556     -0.00451     -0.02397
     0.16832     -0.01351     -0.00377     -0.03857
     0.37220      0.01324      0.02463      0.00625
     0.78165     -0.01839      0.00096     -0.00932
     0.20427     -0.01134     -0.01058     -0.01340
     0.09479     -0.00744      0.00818     -0.02177
     0.27029      0.00277      0.00262     -0.04258
     0.52709      0.00495     -0.01570     -0.00645
     0.37540      0.00665     -0.01884      0.11962
     2.33014      0.02579      0.06252     -0.06341
     1.54751     -0.01791     -0.00400     -0.00300
     0.25555     -0.02752     -0.01822     -0.00389
     0.39564      0.03173      0.06541      0.02898
     1.62108     -0.01283     -0.00606     -0.01326
     0.06066     -0.00806      0.02208     -0.06506
     0.95070      0.02749     -0.04187      0.01807
     1.07983      0.02367     -0.04155      0.03340
     1.20439     -0.02461     -0.00187     -0.07765
     1.05514     -0.02166      0.02194     -0.03995
     0.63818      0.02849     -0.00919     -0.01131
     0.69740     -0.01753     -0.01207     -0.02849
     0.23953     -0.03962     -0.08962     -0.06397
     1.68897     -0.01851     -0.02147     -0.03106
     0.36990     -0.01206     -0.00491     -0.01622
     0.02410     -0.01479      0.04810     -0.05342
     1.11088      0.03349     -0.07167     -0.00217
     1.37502     -0.00348      0.00192     -0.03295
     0.34037      0.00057     -0.01400     -0.01109
     0.27122     -0.01128     -0.00557     -0.01395
     0.05152     -0.01419     -0.00682      0.00854
     0.43042     -0.09084     -0.03888      0.00373
     1.48414     -0.00452     -0.02756      0.06420
     1.42502     -0.00605      0.01172     -0.05256
     0.68608     -0.01169     -0.00566     -0.01496
     0.03338     -0.00203     -0.00185     -0.04325
     0.48607     -0.02806     -0.01005      0.00217
     0.42384     -0.01041     -0.01118     -0.02527
     0.16934     -0.01274     -0.00523     -0.02883
     0.20499     -0.07605     -0.05967     -0.09556
     1.94243     -0.00131     -0.01724     -0.04501
     0.54565      0.02783     -0.03809     -0.10090
     1.66837      0.03004     -0.07094      0.00127
     1.34481     -0.04316     -0.05577     -0.02469
     0.99915     -0.01467     -0.00298     -0.02997
     0.23391     -0.11748     -0.00021      0.03976
     2.02742      0.03587     -0.07144     -0.07865
     1.72738      0.05756     -0.03660      0.09584
     2.29882     -0.03929      0.00969     -0.01010
     0.54421     -0.02067     -0.01269     -0.04766
     0.55348     -0.01147     -0.00549     -0.01988
     0.05530     -0.01119     -0.00333      0.11052
     2.15380     -0.00995     -0.00578     -0.07784
     1.03527     -0.01748     -0.02665     -0.02096
     0.36477      0.03743      0.07174      0.04359
     1.87023     -0.01008     -0.00207     -0.03400
     0.30219     -0.10593      0.01297     -0.00752
     1.62855     -0.00577     -0.03836     -0.02898
     0.59279      0.00651      0.00736     -0.01885
     0.39307     -0.08690     -0.11224      0.02161
     2.29183     -0.00894      0.00659     -0.07434
     1.00058      0.01159     -0.03134      0.03182
     1.01092     -0.02577     -0.05828     -0.03663
     0.97176      0.01198     -0.00288     -0.06329
     0.89000      0.01103      0.01071     -0.11408
     1.71908     -0.00544      0.00168      0.02116
     0.66644     -0.01792     -0.00639     -0.00730
     0.18766     -0.03484     -0.06897     -0.03271
     1.16231      0.00724     -0.02208     -0.00755
     0.45304     -0.00583     -0.00850     -0.02363
     0.16327     -0.07666     -0.06498      0.02484
     1.63762     -0.03707     -0.02472      0.01766
     0.78525     -0.00864     -0.00736     -0.01547
     0.06713     -0.01658     -0.00134     -0.00172
     0.27834     -0.04341      0.01875     -0.02710
     0.69933     -0.02041     -0.03528     -0.04331
     0.68123     -0.01285     -0.06127      0.04629
     1.41867     -0.01052      0.03863     -0.12581
     1.99269     -0.00237     -0.04787     -0.02373
     0.73471     -0.06649      0.00837     -0.02763
     0.97009     -0.01766      0.02751     -0.04673
     0.76975     -0.00730     -0.00415     -0.01299
     0.11050     -0.01401     -0.00903     -0.04735
     0.52101      0.00081     -0.00793     -0.02350
     0.24979      0.02528     -0.00990     -0.07906
     1.23330     -0.01613      0.02048     -0.06407
     0.92247     -0.01306     -0.00708     -0.02970
     0.21987      0.00532     -0.00615      0.00730
     0.50460     -0.00037     -0.00203     -0.00705
     0.26898      0.01461      0.00189     -0.01835
     0.47522     -0.01520     -0.00522     -0.04138
     0.42034      0.02367     -0.06552     -0.04459
     1.26538      0.01660      0.01003     -0.01733
     0.56023     -0.01152     -0.00586     -0.01572
     0.02217     -0.00495     -0.00867      0.02366
     0.69741     -0.01148      0.01957     -0.04833
     0.69047     -0.03284      0.02166     -0.03609
     0.67248     -0.01143     -0.00583      0.03784
     0.92561     -0.00618     -0.02112     -0.03924
     0.46809     -0.00135     -0.01294     -0.01730
     0.21657     -0.01642     -0.01142     -0.04007
     0.41062     -0.00289     -0.03083      0.03928
     1.04928     -0.01182     -0.00599     -0.00071
     0.27243     -0.01152     -0.00585     -0.00116
     0.26502      0.06195      0.02218     -0.07422
     1.66036     -0.01945     -0.01035     -0.00801
     0.20512     -0.01008     -0.02080     -0.06559
     0.86392     -0.02678     -0.01974      0.01350
     0.61391      0.00447     -0.03287     -0.05769
     0.87420     -0.00102     -0.00482     -0.00869
     0.23508      0.00526      0.04857      0.03944
     1.36252      0.02365      0.04380     -0.01953
     1.04365     -0.01053     -0.00498     -0.01757
     0.03767     -0.00758      0.00141      0.00235
     0.35759     -0.04041     -0.00360     -0.03212
     0.54590     -0.02473     -0.03832     -0.03258
     0.64252     -0.03080     -0.00961     -0.01587
     0.32072      0.03792      0.00284     -0.04374
     0.97635     -0.02022      0.05467     -0.03556
     1.08803     -0.00229      0.03638     -0.05905
     1.03043      0.00230     -0.04162     -0.02751
     0.67334     -0.03934     -0.00208      0.05716
     1.33642     -0.04661     -0.00958     -0.04529
     0.75933     -0.05692     -0.00120      0.00597
     0.85438      0.00860     -0.03717      0.01137
     0.79185     -0.00641     -0.02597     -0.02679
     0.38793     -0.03082     -0.00208     -0.00640
     0.36791      0.07361      0.04502      0.00723
     1.74146     -0.01966     -0.00535     -0.02084
     0.14456      0.00236     -0.00434     -0.01402
     0.25311     -0.03360      0.00026     -0.07202
     1.00967     -0.01163     -0.00624     -0.01140
     0.09160     -0.01115     -0.00498     -0.06084
     0.74710     -0.00253      0.00555     -0.06830
     0.91032     -0.02006     -0.00854     -0.06033
     0.75078     -0.01225     -0.00612     -0.01390
     0.04890     -0.06965     -0.00647      0.09156
     2.07788     -0.02877     -0.02879     -0.00983
     0.48896     -0.01193     -0.00500     -0.01231
     0.07857     -0.05332      0.09204      0.00703
     1.84909     -0.01328     -0.01380     -0.01574
     0.13118     -0.01478     -0.00462      0.03528
     0.88363     -0.00851      0.00800      0.01174
     0.54355      0.03475     -0.06990      0.03407
     1.59371     -0.08039      0.02653      0.00693
     1.34311     -0.00734     -0.00489     -0.01693
     0.08540     -0.01140     -0.00596     -0.00837
     0.14323     -0.01881     -0.00425     -0.02834
     0.22811     -0.01216     -0.00593     -0.01655
     0.00613     -0.00133      0.01783      0.05800
     1.34364     -0.00029      0.02019     -0.00334
     0.54094     -0.00459      0.00741     -0.01939
     0.26799     -0.01080     -0.00651      0.06076
     1.31409      0.00622     -0.04650     -0.02329
     0.75870      0.07042     -0.03803      0.03122
     1.70638      0.03104     -0.04637     -0.08698
     1.55393     -0.03212      0.01390     -0.01344
     0.48286     -0.01550     -0.00523     -0.00758
     0.16648     -0.03851     -0.00101     -0.07772
     1.12817     -0.01146     -0.00618     -0.01602
     0.01789     -0.01288     -0.00768     -0.01458
     0.04633     -0.01828     -0.01016      0.00230
     0.34591     -0.01601     -0.00137     -0.01530
     0.10726     -0.03716     -0.04028     -0.06021
     1.02639     -0.06284     -0.03078     -0.06097
     1.21251      0.00704     -0.05195     -0.06174
     1.13461     -0.04485     -0.03709     -0.00901
     0.77281     -0.03185     -0.01302     -0.02791
     0.39976     -0.01306      0.00343      0.01646
     0.58662     -0.01585     -0.01222     -0.01293
     0.13584     -0.01997     -0.01379     -0.00778
     0.23890     -0.00576     -0.00385     -0.05475
     0.65382     -0.01153     -0.00583     -0.01564
     0.02336     -0.05140     -0.01834     -0.00919
     0.70705     -0.01088     -0.02430      0.00438
     0.47232     -0.00647     -0.03141     -0.01852
     0.43899     -0.01135     -0.01126     -0.01883
     0.09357     -0.02727      0.00777     -0.08023
     1.13015     -0.01238     -0.00603     -0.01471
     0.03531     -0.01042     -0.00598     -0.02203
     0.09394     -0.00647     -0.11008      0.03883
     1.99868      0.03131      0.02019      0.04133
     1.30876     -0.00983     -0.00397      0.00049
     0.29782     -0.00789     -0.00986      0.04155
     0.99295     -0.01382     -0.00899     -0.02066
     0.08544     -0.04213     -0.06121     -0.03918
     1.12684      0.00377     -0.01621      0.03799
     0.98137     -0.03589     -0.00091     -0.04360
     0.61291      0.00174     -0.01939     -0.03372
     0.43363     -0.01566     -0.01666     -0.00519
     0.27085     -0.01194     -0.00547     -0.00696
     0.16693     -0.03423      0.01221     -0.02753
     0.51960      0.01512     -0.02249      0.02297
     0.86260      0.02071      0.03489      0.00637
     0.97457     -0.01152     -0.00574     -0.01608
     0.01838     -0.01192     -0.00562     -0.01545
     0.02519     -0.02500     -0.01622      0.08428
     1.73429     -0.01220     -0.00516     -0.00644
     0.17610     -0.01094     -0.00588     -0.01659
     0.02231     -0.01008     -0.00568     -0.01494
     0.04841     -0.03249     -0.00576     -0.06212
     0.84170     -0.01117     -0.00770     -0.01978
     0.05943     -0.01143     -0.00594     -0.01450
     0.04102     -0.00289     -0.00661     -0.01800
     0.15926     -0.01290     -0.00343     -0.01495
     0.05754     -0.03043      0.01674     -0.09639
     1.43747     -0.00821      0.01208      0.07235
     1.54316     -0.01230     -0.00487     -0.01033
     0.11162     -0.00848     -0.00595     -0.10779
     1.54330     -0.00140      0.05035      0.01437
     1.10916     -0.03252      0.02321      0.00552
     0.71403     -0.01148     -0.00569     -0.01988
     0.05459     -0.00457     -0.01516     -0.12342
     1.81788     -0.03324     -0.00854     -0.02196
     0.36925      0.05389      0.01247     -0.00159
     1.19172     -0.01464     -0.01800     -0.03128
     0.31939     -0.01148     -0.00573     -0.01554
     0.02562     -0.07008     -0.02939     -0.06225
     1.30751      0.01453     -0.05102      0.07622
     1.80679     -0.00374     -0.00271     -0.04860
     0.56099      0.01725     -0.06659      0.04189
     1.51125      0.01001     -0.00088     -0.07619
     1.07847     -0.01300     -0.00601     -0.01078
     0.10258     -0.03061      0.00571      0.05728
     1.30866     -0.02292     -0.01332      0.00345
     0.40615     -0.00991     -0.02058     -0.03813
     0.43787      0.06932      0.01244     -0.05692
     1.57163     -0.01471      0.01101     -0.02001
     0.29983     -0.01621      0.00119     -0.01320
     0.15493     -0.02566      0.02290      0.03594
     1.04567     -0.02699     -0.06450     -0.08384
     1.52625     -0.00693     -0.00850     -0.00277
     0.25658     -0.01293     -0.00434     -0.02645
     0.16734      0.01789      0.00158      0.01554
     0.75978     -0.03955     -0.01928     -0.04165
     0.66438     -0.01315     -0.00898     -0.03938
     0.38607     -0.00872     -0.01598     -0.00918
     0.21788     -0.02066     -0.03327     -0.02012
     0.48371     -0.01080      0.08645      0.03066
     1.76400     -0.01734      0.00946      0.00578
     0.47347      0.03290     -0.01193     -0.00533
     0.79426     -0.00644      0.04053     -0.02697
     0.81642     -0.01696      0.01649      0.03102
     0.90023     -0.01136     -0.00674     -0.04807
     0.53051     -0.02490     -0.00966     -0.01732
     0.22320      0.00429     -0.06448     -0.03786
     1.08655     -0.00845      0.00670     -0.00522
     0.30040     -0.00368     -0.00756     -0.02634
     0.21815      0.00870      0.01196     -0.01736
     0.46929     -0.01271     -0.00751      0.03564
     0.88852     -0.01421     -0.00616      0.02149
     0.64927     -0.00326      0.00532     -0.03072
     0.34192      0.00494     -0.00845      0.06420
     1.40300     -0.09914      0.00821     -0.08293
     1.86712     -0.09305      0.00918     -0.06980
     1.65881     -0.01025     -0.00575     -0.01501
     0.04526      0.02808      0.10764      0.04538
     2.30135     -0.01310     -0.01427     -0.03229
     0.29660     -0.00730     -0.00393     -0.01303
     0.11148      0.03459     -0.07915     -0.02468
     1.47444      0.00169      0.00317      0.02813
     0.81224     -0.01059     -0.00361     -0.02149
     0.09513     -0.00796      0.00474      0.02996
     0.81660      0.01031     -0.01264     -0.07303
     1.03232     -0.02558     -0.01217     -0.01002
     0.27334     -0.02380     -0.02198     -0.04289
     0.55296     -0.02071     -0.01139     -0.01352
     0.17755     -0.04616     -0.00933      0.00978
     0.73238     -0.00640      0.03228     -0.03775
     0.74914     -0.02843      0.02006     -0.02214
     0.53104      0.06335     -0.01583     -0.01341
     1.29162      0.01449      0.02011      0.00803
     0.76160     -0.05886      0.01948      0.04352
     1.36327     -0.01358     -0.00313     -0.06066
     0.74563     -0.04463     -0.00559     -0.00097
     0.61146      0.02966     -0.01962      0.01401
     0.90926     -0.02303     -0.03051     -0.02272
     0.46192      0.00225     -0.03974      0.02895
     0.99149     -0.07435     -0.06186     -0.10512
     2.05879     -0.05894     -0.02986     -0.03969
     0.96876     -0.02535     -0.05551     -0.00132
     0.90335     -0.00603     -0.01635     -0.03778
     0.40879      0.00938      0.01739     -0.08537
     1.28231     -0.00990     -0.02012     -0.05209
     0.64430     -0.00519     -0.01726     -0.03843
     0.42865     -0.01198     -0.00756     -0.00804
     0.14990      0.01090      0.00292     -0.00001
     0.50779     -0.02000      0.02983     -0.07667
     1.19170      0.01074      0.00157     -0.02455
     0.43102     -0.00612     -0.00131     -0.04256
     0.45646     -0.02066      0.01261      0.05609
     1.28329     -0.01223      0.00236     -0.01461
     0.14967     -0.01149     -0.00621     -0.04505
     0.47908     -0.02718     -0.02047      0.01085
     0.58476     -0.01166     -0.00237     -0.00598
     0.19438     -0.00551     -0.01153     -0.01676
     0.14476     -0.01158     -0.00323     -0.04098
     0.41330      0.00638     -0.00554      0.00746
     0.51767     -0.01036     -0.02159     -0.03823
     0.44827     -0.01612      0.01575      0.00506
     0.52899     -0.01425     -0.00475     -0.01641
     0.04310     -0.00445     -0.00412     -0.02631
     0.21111     -0.01096     -0.00512     -0.01116
     0.09918      0.03082     -0.03740     -0.07941
     1.39173     -0.01597