    -0.08949     -0.01983      0.16456
     1.15670     -0.00447      0.00864      0.03800
     0.33530      0.02532     -0.02047     -0.02963
     0.24669      0.01767     -0.20766      0.20132
     1.74203     -0.02023      0.00698      0.01565
     0.21026     -0.00993     -0.00547     -0.02339
     0.04113      0.00256      0.03683     -0.02843
     0.27493     -0.00937     -0.00263      0.05979
     0.44904      0.04510     -0.02855      0.20661
     1.35637     -0.00822     -0.00049     -0.02950
     0.08490     -0.00947     -0.00543     -0.00459
     0.07323      0.00269     -0.00981     -0.03670
     0.14714     -0.06959     -0.02389     -0.11430
     0.67043      0.00730      0.19030     -0.13428
     1.34517      0.02514     -0.05730      0.02724
     0.45125      0.04706     -0.01031      0.00216
     0.36498      0.08522     -0.06529      0.21788
     1.52702     -0.01761     -0.09482      0.01425
     0.55049     -0.02375     -0.04281      0.00716
     0.26479     -0.02160      0.01863      0.20081
     1.28319      0.06426      0.06787      0.07789
     0.83398     -0.06892     -0.11800      0.04264
     0.81209      0.06316      0.03070      0.01031
     0.51618     -0.01080     -0.00482     -0.01004
     0.04111     -0.00783     -0.00170     -0.04539
     0.17145     -0.01229     -0.03442     -0.04194
     0.22127     -0.01074      0.08280     -0.02582
     0.52379     -0.06606     -0.04364      0.05465
     0.56769     -0.00214      0.08222      0.04270
     0.62665     -0.19401      0.07722     -0.09710
     1.26188     -0.05580     -0.05585     -0.04363
     0.41749     -0.20850      0.02125      0.13932
     1.47697     -0.01163     -0.02105      0.20177
     1.28230      0.08362     -0.03259      0.01537
     0.61147      0.02211     -0.02764     -0.02674
     0.24386     -0.04848      0.03508      0.15095
     1.03326     -0.00843      0.02927      0.00932
     0.25877     -0.05900      0.04017     -0.13815
     0.80842     -0.09511      0.10261      0.00925
     0.81520     -0.00287      0.01491      0.01421
     0.22619     -0.05955      0.02910      0.05165
     0.52918     -0.01062     -0.00523     -0.04128
     0.14387     -0.01306     -0.02966      0.04168
     0.36874     -0.14349     -0.22050      0.02566
     1.49200     -0.01696      0.00228      0.03005
     0.27997      0.00154     -0.01242      0.01062
     0.18308     -0.03123     -0.01847      0.06005
     0.46890     -0.18100      0.18918     -0.01295
     1.51170     -0.02717      0.00199     -0.11900
     0.60671     -0.01308      0.01028     -0.31002
     1.71516      0.07111     -0.09182      0.19147
     1.40538     -0.05718     -0.04650     -0.09500
     0.57849     -0.12147     -0.09298     -0.10258
     0.95892      0.01427      0.02195     -0.20232
     1.10945      0.07322     -0.02379      0.01493
     0.54321     -0.01065     -0.00440     -0.01325
     0.02496      0.06247     -0.02598      0.02748
     0.52115      0.00009     -0.04428      0.03324
     0.37491     -0.03165     -0.01851     -0.03463
     0.17051     -0.02000     -0.01273     -0.03791
     0.13725     -0.06148     -0.06845      0.02428
     0.52319      0.02619      0.03970     -0.09920
     0.59624     -0.01212     -0.00515      0.08152
     0.57549     -0.00905     -0.00604      0.07075
     0.51275      0.17337     -0.04694     -0.14857
     1.35356     -0.05627      0.06270     -0.34179
     1.95731     -0.00717     -0.01423     -0.01561
     0.05585     -0.15809     -0.13119      0.06574
     1.22397      0.01880     -0.08616     -0.03836
     0.51763     -0.08841      0.03119     -0.05305
     0.54042     -0.02734     -0.00125     -0.01013
     0.10105     -0.02777      0.08199     -0.02905
     0.52918     -0.19182     -0.18457     -0.14791
     1.66888     -0.02798      0.00662      0.07111
     0.52809     -0.02983     -0.02291      0.01989
     0.25749     -0.01958      0.02427     -0.07438
     0.38392      0.09298      0.07009     -0.04464
     0.77795     -0.01340      0.06265      0.01688
     0.44872      0.00585      0.02782     -0.16119
     0.87493     -0.03506      0.00172      0.02526
     0.28392     -0.01516     -0.00871     -0.04131
     0.14536     -0.07127      0.08881      0.01427
     0.67972     -0.03710      0.21391     -0.27012
     1.96473     -0.01490     -0.00537      0.00371
     0.12107      0.07864      0.04806     -0.09078
     0.75591     -0.03045     -0.01206      0.00263
     0.15970     -0.01182     -0.00608     -0.01272
     0.02386     -0.01151      0.08862      0.07662
     0.77918      0.00293      0.04108      0.01971
     0.36069      0.07643      0.04482     -0.00658
     0.60163      0.09236      0.08305      0.01388
     0.82455     -0.13211      0.04777      0.02985
     0.81678      0.02877     -0.09301      0.04897
     0.68109     -0.05235      0.02150      0.15919
     1.06900      0.23457     -0.08972      0.00992
     1.53305      0.17137     -0.24430      0.10263
     1.89367     -0.01616     -0.00846     -0.02712
     0.06616      0.01936      0.01817     -0.11838
     0.63892      0.06529     -0.01143     -0.01698
     0.45463     -0.02729     -0.09677     -0.07532
     0.63742     -0.01131     -0.07231      0.02763
     0.46618      0.03112     -0.02295     -0.07071
     0.41665     -0.00864     -0.00880     -0.14273
     0.73773     -0.06508      0.10690     -0.12904
     0.98296     -0.01254     -0.00611     -0.01348
     0.01941     -0.00722      0.00971     -0.11303
     0.57182      0.03136     -0.06490      0.16336
     1.13802      0.01075      0.01423     -0.01011
     0.18406      0.00277     -0.05434     -0.35832
     2.01752      0.01561     -0.05818      0.16154
     1.09942      0.09210     -0.02844     -0.31379
     1.84387     -0.01571      0.08145     -0.05768
     0.56664     -0.07170     -0.00963     -0.03094
     0.35863      0.01822     -0.17279      0.10687
     1.22742     -0.04345      0.06809     -0.10054
     0.68047      0.02776      0.07842     -0.10980
     0.77248     -0.03271     -0.00366     -0.00563
     0.13745     -0.04293     -0.01662      0.00365
     0.22444      0.08073      0.02038      0.12612
     1.00990     -0.01089     -0.00469     -0.01731
     0.01214     -0.01022     -0.01106     -0.00991
     0.05055      0.02111      0.00908      0.04992
     0.44551     -0.04154      0.01300      0.03148
     0.34920     -0.01722      0.01025      0.01475
     0.21027      0.03180      0.01517     -0.05543
     0.36496     -0.02814      0.05656      0.02030
     0.43687     -0.34931      0.20113     -0.00559
     2.31317     -0.00606     -0.00964      0.00008
     0.10692      0.01583      0.02677     -0.18351
     1.00839     -0.01116     -0.05009      0.02916
     0.37194     -0.00040      0.00343     -0.01278
     0.09220      0.00087      0.03513     -0.01766
     0.25388      0.06543     -0.06677     -0.06921
     0.65298     -0.15370     -0.06320      0.14159
     1.28722     -0.24869      0.03075      0.23357
     2.02764      0.01148      0.00712      0.03014
     0.31740     -0.05358     -0.01403     -0.03337
     0.26498     -0.15066     -0.22671      0.09053
     1.64857      0.15132      0.00408     -0.22946
     1.57162     -0.02480     -0.00788      0.04886
     0.39138      0.06257     -0.02803     -0.02956
     0.46206      0.26318      0.04869     -0.06312
     1.66604      0.08830     -0.10440      0.03854
     0.88397      0.00437      0.07629      0.15732
     1.13197     -0.14801     -0.05439      0.21898
     1.61752     -0.00824     -0.00842     -0.04523
     0.16867     -0.04012     -0.00720     -0.02883
     0.17811      0.01290     -0.02043      0.01232
     0.23989     -0.01830      0.00131     -0.02690
     0.08204     -0.00592      0.04296      0.17814
     1.17737     -0.06604     -0.21590      0.01137
     1.27800     -0.00063      0.05044      0.00801
     0.36829     -0.01965      0.00969     -0.12467
     0.63990     -0.04782     -0.02304      0.10490
     0.74871     -0.00293     -0.02753     -0.01075
     0.14061     -0.14941     -0.00837      0.26112
     1.81436      0.01660      0.05141     -0.00427
     0.38415     -0.01027     -0.00521     -0.01269
     0.02708     -0.07721      0.05366      0.09969
     0.85587      0.04102     -0.04320     -0.28021
     1.58810     -0.02441      0.09103      0.02556
     0.62497     -0.12503     -0.11315     -0.06311
     0.94960      0.07272     -0.24748      0.03489
     1.52758     -0.01042     -0.00538     -0.01425
     0.01876      0.01098     -0.00326      0.08428
     0.60723      0.14021     -0.10998     -0.02172
     1.07974     -0.03090     -0.00223     -0.01771
     0.11208     -0.00482     -0.02408      0.07711
     0.56114     -0.08047     -0.04026     -0.23815
     1.37072     -0.06125      0.04312      0.00836
     0.43300      0.02903     -0.06124     -0.07734
     0.53640     -0.00888     -0.00522     -0.01506
     0.02261     -0.02546     -0.00646     -0.11492
     0.57973     -0.00239     -0.00408      0.01857
     0.21512     -0.02691      0.02740     -0.00181
     0.23195     -0.03466      0.03824     -0.09285
     0.53225      0.00118      0.01490     -0.02257
     0.15021      0.00493     -0.03052     -0.00874
     0.18033     -0.00596     -0.00275     -0.08551
     0.40452     -0.11157      0.00876     -0.03883
     0.60228     -0.01113     -0.10322     -0.00440
     0.57250     -0.05198     -0.12722     -0.03011
     0.74975     -0.03741      0.03334     -0.26790
     1.49548     -0.12334     -0.07360     -0.24030
     1.51360     -0.11021      0.05087     -0.16172
     1.07738      0.00255      0.05991     -0.30083
     1.70479     -0.02266      0.00852     -0.00669
     0.12117      0.04252      0.06744      0.03881
     0.62800     -0.00922      0.06353      0.13860
     0.99713     -0.00396     -0.01102     -0.02449
     0.07182      0.03984      0.03880     -0.01438
     0.40304      0.02198      0.16356     -0.03988
     1.02277      0.00435     -0.02041     -0.20700
     1.12087     -0.07830      0.05070      0.10514
     0.87756      0.01979      0.00141      0.05559
     0.46531     -0.00979      0.01367      0.05794
     0.45286      0.00946     -0.00459      0.00124
     0.16521     -0.01209     -0.00314     -0.01649
     0.01809     -0.02728      0.11214      0.01354
     0.72064     -0.02019      0.00015     -0.00922
     0.07438     -0.01046     -0.00549     -0.01196
     0.03026     -0.00614      0.09586     -0.17842
     1.11969      0.00149     -0.02063     -0.01317
     0.11827     -0.00773     -0.10555     -0.00306
     0.58761     -0.01171     -0.00613     -0.01461
     0.01304      0.02295     -0.02085     -0.12477
     0.67031      0.06617     -0.08004     -0.07859
     0.72677     -0.00375     -0.00533     -0.03676
     0.12713     -0.00929     -0.00661      0.08688
     0.60705     -0.15667     -0.17335     -0.23868
     1.83302      0.02021     -0.11916      0.09132
     0.93471     -0.15015      0.12051      0.07286
     1.21566      0.00879      0.02767     -0.01412
     0.23385     -0.08520      0.24021     -0.09145
     1.56670      0.06555     -0.02651     -0.17301
     1.02845     -0.05298      0.01386     -0.04402
     0.31020     -0.03458      0.00176     -0.02697
     0.15131     -0.01832      0.04182     -0.02695
     0.28963     -0.00841     -0.01177     -0.05231
     0.21167     -0.04577      0.02917     -0.03157
     0.29836     -0.10151      0.08624     -0.01910
     0.75260      0.03192      0.04768     -0.02941
     0.41434     -0.00756      0.02371      0.03070
     0.32964     -0.03540      0.04880     -0.40265
     2.27358     -0.01518      0.01770     -0.04327
     0.20962     -0.03883      0.02026      0.10460
     0.74377      0.18482      0.10398     -0.04329
     1.33058      0.03521     -0.02466      0.03122
     0.40943     -0.28601     -0.07040     -0.05530
     1.66171     -0.07074     -0.01286      0.14311
     0.99748     -0.00583     -0.00865     -0.13512
     0.69390     -0.01446     -0.00348     -0.03195
     0.09118      0.01075      0.01056      0.02494
     0.29554     -0.04982      0.03829     -0.12701
     0.72993      0.06534      0.00284     -0.01586
     0.45705      0.01117     -0.01110     -0.02149
     0.14247     -0.02663     -0.00302     -0.00550
     0.10885      0.09098     -0.03180     -0.23286
     1.40971      0.23597      0.24825     -0.01334
     2.08086     -0.01032     -0.00982     -0.06120
     0.26113     -0.01894     -0.03400      0.11717
     0.80180      0.01812     -0.00948      0.15704
     1.03309     -0.07761     -0.03207     -0.20299
     1.16526     -0.01130     -0.00593     -0.01334
     0.02088     -0.03517      0.03125      0.00283
     0.28167     -0.00512     -0.00016      0.09944
     0.68254     -0.01036     -0.00555     -0.10937
     0.54212      0.01638     -0.06841      0.08567
     0.72131     -0.01026     -0.00673     -0.01274
     0.02641     -0.11302     -0.03449     -0.07109
     0.69055     -0.03934      0.08543      0.03403
     0.63364      0.01585      0.03603      0.08064
     0.64294      0.14914     -0.09551     -0.10019
     1.18480      0.00040     -0.00224      0.00260
     0.13729      0.09644      0.00602     -0.15439
     1.02885     -0.00772     -0.01472     -0.01127
     0.06487     -0.05167      0.09281      0.20788
     1.45568     -0.20232      0.21582      0.02641
     1.72976     -0.04113      0.08353     -0.08304
     0.67463     -0.02682     -0.00644     -0.24530
     1.34050     -0.01659     -0.02739      0.11420
     0.77716     -0.01068     -0.00495     -0.01443
     0.01795      0.07806     -0.02254     -0.09482
     0.70499     -0.04958     -0.08438      0.09214
     0.81475      0.00735      0.03278     -0.16022
     0.87766     -0.24778      0.13271     -0.20300
     1.93317     -0.00797     -0.00854      0.07584
     0.54291      0.01651     -0.08370     -0.27623
     1.59398      0.06630      0.02883     -0.09972
     0.69927      0.13774     -0.02217     -0.16447
     1.23556     -0.27182      0.20933     -0.02392
     1.97118      0.09660     -0.08769     -0.16296
     1.16851     -0.02296      0.01508     -0.01835
     0.13993     -0.00408      0.00261     -0.05932
     0.25870      0.00244     -0.02644     -0.01877
     0.14666     -0.00260      0.03336     -0.01198
     0.24003     -0.01905     -0.03881      0.04269
     0.39899      0.00165      0.04322     -0.06133
     0.39788     -0.01423      0.00109     -0.00787
     0.06845      0.20263      0.20947     -0.11802
     1.87444     -0.01252     -0.00407      0.06746
     0.49331      0.01851      0.01944     -0.03489
     0.25709     -0.02311      0.02160      0.17470
     1.13447     -0.20138     -0.00132     -0.23952
     1.71097     -0.00578     -0.00978      0.15057
     0.98062     -0.08841     -0.11084     -0.05301
     0.78688      0.10908     -0.10743     -0.10697
     1.06484     -0.02888      0.02529     -0.16515
     0.89328      0.00016     -0.04135      0.05521
     0.47449     -0.00572     -0.00157     -0.06386
     0.27956     -0.01118     -0.00436      0.07322
     0.52702     -0.06148     -0.02141      0.06654
     0.57364      0.02681     -0.09586     -0.01148
     0.57319     -0.15982      0.06796     -0.11292
     1.11894     -0.00829     -0.00485     -0.01582
     0.02486      0.00386     -0.00124      0.00627
     0.16701      0.00011     -0.01807      0.03352
     0.31099     -0.05628      0.05542     -0.06870
     0.53771     -0.03260      0.01322     -0.08210
     0.41643      0.03565      0.16791     -0.27433
     1.83612     -0.02595      0.03058     -0.04107
     0.27032      0.16359     -0.17667     -0.05489
     1.45067      0.10572     -0.01268      0.22539
     1.57723     -0.04414      0.04315     -0.15611
     0.88526     -0.03350     -0.08142      0.05046
     0.60358      0.01615      0.04555      0.02239
     0.41463      0.06129      0.19394      0.05661
     1.32003      0.17156      0.02157      0.19565
     1.65226     -0.04647      0.01847      0.01254
     0.30096     -0.01553      0.00591     -0.23289
     1.26722     -0.06411     -0.08379      0.02157
     0.59076     -0.07807     -0.02058     -0.03705
     0.41212     -0.00881     -0.00411      0.01262
     0.17365     -0.04899     -0.26632     -0.07803
     1.57907     -0.00192     -0.02207      0.23972
     1.50562     -0.00935     -0.00644      0.01098
     0.16335     -0.00948     -0.02728      0.01896
     0.24336     -0.00914      0.06806     -0.02734
     0.43949     -0.04827      0.03744      0.14003
     0.97598     -0.06292     -0.02725     -0.00677
     0.32674     -0.20182      0.22425      0.12690
     1.93450      0.00913      0.04902      0.19271
     1.27435      0.01573     -0.01737     -0.04838
     0.25537     -0.05721      0.02192     -0.21457
     1.19882     -0.02898     -0.01968      0.03594
     0.33333     -0.18345     -0.13442      0.08099
     1.37693      0.00835     -0.00382      0.00213
     0.16407      0.00033     -0.00107     -0.05118
     0.21644      0.00607     -0.01119     -0.02574
     0.12263      0.04663     -0.08366      0.02298
     0.61507     -0.01066     -0.00423     -0.01537
     0.01681      0.00806     -0.06569      0.04088
     0.49922      0.11265     -0.02616      0.00511
     0.75113     -0.00670     -0.02525     -0.05009
     0.22692     -0.01430     -0.00085      0.13945
     0.91520     -0.06493     -0.01886      0.03380
     0.43407     -0.04392     -0.08450     -0.03156
     0.50201     -0.02387     -0.05143      0.19371
     1.26218     -0.21038      0.17439      0.01642
     1.58157     -0.02372     -0.06093     -0.06814
     0.44447     -0.00766      0.01412      0.07474
     0.54948     -0.03237     -0.02335      0.00150
     0.18830      0.03888     -0.04693      0.00253
     0.39874     -0.01921      0.00228      0.01239
     0.18249     -0.02839      0.03313      0.00153
     0.27110     -0.19867     -0.01814     -0.05633
     1.11809      0.12352     -0.00089     -0.15075
     1.11682      0.10113     -0.20061      0.06282
     1.39725     -0.01185      0.00070     -0.10381
     0.51106      0.01839      0.00969     -0.00723
     0.20940      0.12132     -0.18167     -0.00696
     1.29199     -0.00114     -0.00516     -0.20939
     1.12941     -0.00145     -0.00307     -0.01737
     0.06563      0.00655     -0.03177      0.04386
     0.40055      0.00208      0.05384      0.01219
     0.39914      0.00164      0.01514     -0.02363
     0.15423      0.06337     -0.22140      0.09508
     1.48706     -0.01479     -0.00841     -0.01795
     0.02106      0.02393     -0.01254     -0.01432
     0.21518     -0.00250     -0.01937     -0.03576
     0.14665     -0.01641     -0.01588     -0.11183
     0.55984     -0.01066     -0.00504      0.03534
     0.30532     -0.02909     -0.19736     -0.14307
     1.34480     -0.05032      0.03380     -0.01913
     0.32379      0.00170      0.00226      0.07905
     0.56900      0.00734     -0.02038     -0.00243
     0.16438      0.01357     -0.00685     -0.25454
     1.40000     -0.02559      0.06942      0.05597
     0.61931     -0.01192     -0.02756     -0.04655
     0.21447     -0.19138      0.18190      0.01149
     1.52978     -0.01028     -0.00491      0.11998
     0.80067      0.03674      0.03930     -0.05168
     0.44138     -0.05494     -0.01865     -0.09450
     0.52430     -0.02807     -0.01374     -0.21803
     1.18260     -0.03809      0.00061      0.07209
     0.54334     -0.02851      0.00503      0.16258
     1.05635      0.00887     -0.09884     -0.11467
     0.79850      0.03156      0.00329      0.04405
     0.44218     -0.01350     -0.00630     -0.00991
     0.04092      0.02045     -0.00387      0.08530
     0.62752     -0.15782      0.10502      0.18689
     1.60380      0.02044     -0.01541     -0.06926
     0.36577     -0.08173      0.08786      0.16646
     1.27262     -0.07919     -0.18761      0.00997
     1.14279      0.00387     -0.04282     -0.00172
     0.25010      0.08617     -0.08054     -0.05737
     0.75987     -0.08518     -0.00148     -0.03954
     0.44836     -0.11696     -0.07917     -0.19093
     1.26408     -0.14295     -0.09648      0.04822
     1.00492     -0.00974     -0.00579     -0.05053
     0.19813     -0.07483     -0.03056     -0.04406
     0.42457     -0.01487      0.10682      0.09836
     0.94464      0.08258      0.22759      0.22248
     2.03538      0.03632     -0.07574     -0.04795
     0.52881     -0.12023      0.01750      0.04382
     0.73825      0.10167     -0.05137      0.24034
     1.66727     -0.06040      0.15169     -0.10850
     1.10558      0.00630      0.00309      0.28550
     1.77368     -0.00145     -0.02142      0.06987
     0.51881     -0.01636      0.00089      0.03846
     0.32692     -0.01545     -0.00415     -0.05040
     0.19813     -0.01519      0.00898     -0.06419
     0.29198      0.18273     -0.03443     -0.21500
     1.63582     -0.04591     -0.00210      0.03319
     0.35366     -0.02163     -0.00113     -0.04624
     0.18349      0.04403      0.22479     -0.02785
     1.39328      0.01008     -0.02758     -0.05144
     0.27172      0.00594      0.00066     -0.02842
     0.13243     -0.00821     -0.02882     -0.30426
     1.68825     -0.11587     -0.08210     -0.33555
     2.00898     -0.03333      0.01981     -0.15652
     0.84124      0.00609      0.01294      0.07220
     0.54348      0.00621      0.03760      0.03337
     0.40444     -0.00109     -0.02096     -0.01831
     0.10846     -0.02187     -0.02962     -0.08197
     0.40943     -0.00704     -0.00452     -0.01656
     0.03184      0.05749     -0.07740     -0.02156
     0.58388     -0.22568     -0.05106      0.03866
     1.31759     -0.01303      0.00058     -0.00635
     0.07303     -0.13899     -0.06834     -0.04405
     0.84181      0.04318      0.01929     -0.17986
     1.01923     -0.07986     -0.00301      0.30167
     1.90592     -0.02803      0.00696     -0.00549
     0.13748      0.05071      0.25701     -0.10994
     1.67102     -0.00874     -0.00931     -0.01423
     0.03100      0.07279     -0.02227     -0.07403
     0.60719      0.15323     -0.00971     -0.06949
     1.01658     -0.06990      0.14740      0.07502
     1.10066     -0.10246     -0.06562     -0.06763
     0.69907     -0.00810      0.02413     -0.06457
     0.33223      0.01279     -0.03062     -0.12060
     0.64124     -0.00629      0.04494      0.01084
     0.34207      0.04557     -0.01706     -0.05395
     0.40714     -0.01767      0.00041      0.00407
     0.13202     -0.05254      0.01311     -0.02617
     0.26757     -0.01038     -0.12723     -0.05812
     0.74873     -0.01830      0.01015     -0.07024
     0.32924     -0.01716      0.03968     -0.00414
     0.28018      0.02071     -0.00731     -0.08008
     0.41769     -0.01626      0.03616     -0.00266
     0.26252     -0.15903      0.04796     -0.06429
     0.95746     -0.02382     -0.00340      0.00598
     0.15047     -0.22097     -0.06353      0.13879
     1.56064     -0.01016     -0.00896     -0.02334
     0.04332      0.00654     -0.05851     -0.02154
     0.32641     -0.07002      0.05412      0.11510
     0.91394      0.00406     -0.02102     -0.01982
     0.12999     -0.04683     -0.00966     -0.03719
     0.23620      0.03385      0.05172     -0.07358
     0.54609     -0.09753     -0.07913     -0.10030
     0.81904      0.01576     -0.03261     -0.00291
     0.23927     -0.01831     -0.08976      0.03826
     0.58679      0.00789     -0.01189     -0.07087
     0.33942     -0.23029      0.11107     -0.01232
     1.44983      0.05128      0.00008      0.24386
     1.57079     -0.01424     -0.03035     -0.12363
     0.64136      0.00773      0.01430     -0.00478
     0.18157     -0.03321     -0.02494      0.00583
     0.21135      0.00595      0.01991      0.00791
     0.23573      0.05026     -0.01241     -0.10857
     0.65096     -0.08147      0.04417      0.06780
     0.70470     -0.01233      0.03329     -0.11380
     0.61323     -0.01199     -0.00662      0.01839
     0.20587      0.03149     -0.02586     -0.04383
     0.32205      0.00500     -0.00335     -0.04521
     0.19523      0.06674      0.10151     -0.13823
     1.05675     -0.10265     -0.17324      0.06820
     1.21819     -0.03635     -0.01480     -0.06249
     0.30678     -0.17185      0.16480     -0.03041
     1.37187     -0.01372     -0.00123      0.03193
     0.28677      0.02474      0.10120     -0.02074
     0.66531     -0.02331     -0.04024      0.01548
     0.28212     -0.00128      0.01647     -0.08377
     0.41893     -0.03069     -0.05287     -0.13812
     0.76870     -0.08088     -0.04705      0.32103
     2.01971     -0.03806      0.03872     -0.07339
     0.44937      0.10231     -0.08323     -0.05580
     0.83952     -0.04455     -0.00513      0.04684
     0.41784      0.00220      0.04272      0.02852
     0.39932     -0.02000     -0.01224     -0.00952
     0.07165      0.04491      0.05918     -0.14488
     0.90590      0.10447      0.04478      0.05482
     0.85512      0.04903      0.00957     -0.07270
     0.49414     -0.04445     -0.02036     -0.06270
     0.33878     -0.00918      0.00200      0.13888
     0.91268     -0.02038     -0.01520      0.01283
     0.18738     -0.06434     -0.03412      0.13278
     0.94150     -0.01284     -0.00691     -0.05395
     0.21770     -0.00621     -0.00501     -0.01996
     0.04032      0.02055      0.06447     -0.00112
     0.46511      0.30333     -0.27932     -0.09575
     2.47482      0.00662      0.00650     -0.00726
     0.14417     -0.01762      0.00882     -0.01027
     0.10099      0.02576      0.01247     -0.29071
     1.62257      0.17191      0.05772     -0.08437
     1.20756     -0.00308     -0.01239     -0.30682
     1.69914     -0.14837      0.08938     -0.04913
     0.99220     -0.00168      0.02292     -0.13171
     0.69679     -0.08295     -0.06331     -0.02127
     0.53289     -0.04049     -0.01546     -0.23350
     1.28058     -0.00564     -0.00514     -0.00818
     0.06362     -0.04390     -0.04692     -0.01360
     0.30261     -0.14571     -0.19891     -0.05720
     1.39262      0.05620      0.05705     -0.11937
     0.81125     -0.01994      0.00593     -0.00240
     0.11914     -0.07519      0.24709     -0.36549
     2.52524      0.06218     -0.09005     -0.08704
     0.77436     -0.08726      0.07178     -0.09333
     0.77609     -0.10731      0.02715      0.02394
     0.63635      0.08593     -0.04079     -0.01809
     0.60910      0.07615     -0.14506      0.08806
     1.14231      0.02672      0.12253      0.12396
     1.13958     -0.00438      0.00123      0.04854
     0.38758     -0.08507      0.01390      0.04317
     0.56476     -0.04666      0.08756      0.00760
     0.60196     -0.01089     -0.01730     -0.00196
     0.10862     -0.02716     -0.06239      0.07592
     0.64056     -0.01473     -0.00575      0.24859
     1.55351     -0.03687      0.04627     -0.04837
     0.38658     -0.16371      0.08489     -0.04652
     1.04949      0.07184     -0.05980      0.06840
     0.76753      0.01396      0.10325     -0.09268
     0.79462     -0.15959     -0.12043      0.06921
     1.20205     -0.01029     -0.00538     -0.01679
     0.01220     -0.04427      0.05482      0.07024
     0.64991      0.00184     -0.05147     -0.08467
     0.48464     -0.01891      0.00172      0.07044
     0.51421     -0.03508     -0.12949     -0.00689
     0.73626      0.00091     -0.08070      0.03764
     0.54546      0.04682     -0.10357     -0.07159
     0.73971     -0.03447      0.00594      0.22014
     1.39484     -0.08266     -0.02391     -0.06216
     0.50144      0.02287     -0.00438     -0.00335
     0.22007     -0.02903      0.21024      0.04023
     1.31403     -0.01584     -0.02479     -0.04604
     0.20406     -0.07501      0.00294      0.00702
     0.39685     -0.00776     -0.00456     -0.02095
     0.03693     -0.01451     -0.08452     -0.11998
     0.75851     -0.02800      0.14434      0.01861
     0.91005      0.03404      0.04310     -0.07440
     0.51998     -0.01181     -0.00755     -0.09033
     0.43065     -0.00531      0.02262      0.11633
     0.79829     -0.02831     -0.05128      0.03884
     0.42957     -0.04058     -0.00238      0.03057
     0.32392      0.05522     -0.13772      0.02646
     0.90139      0.04326     -0.02828      0.12734
     0.91314     -0.01450     -0.01648     -0.02716
     0.08656      0.03383      0.01934     -0.07880
     0.47623     -0.00062     -0.01811     -0.02126
     0.10068      0.15969     -0.00987     -0.10598
     1.13386     -0.09241     -0.04928      0.18297
     1.28503      0.05409     -0.03106      0.15610
     1.09358     -0.00715     -0.07636     -0.00999
     0.41365      0.01731      0.05720     -0.04781
     0.44792     -0.00806     -0.32215      0.35216
     2.79737     -0.04721      0.02252     -0.18605
     1.02579      0.05236     -0.11842     -0.04967
     0.78192     -0.03266     -0.00787      0.04186
     0.36372      0.05485      0.02227     -0.11866
     0.73315     -0.01133      0.01597     -0.01922
     0.13073     -0.00555     -0.00756     -0.01192
     0.04883      0.23048     -0.02331     -0.09852
     1.50238     -0.08578     -0.16166     -0.01321
     1.00699     -0.01030     -0.00483     -0.01395
     0.02151      0.11161      0.02976     -0.26249
     1.62435     -0.00793     -0.01423      0.00736
     0.15098     -0.00368      0.07957     -0.00408
     0.51007     -0.00829     -0.00676      0.00193
     0.11194     -0.12587      0.01209     -0.03722
     0.68453     -0.00910      0.03532     -0.10868
     0.59064     -0.01786      0.12906     -0.21703
     1.41502     -0.01155     -0.01271     -0.03436
     0.10981      0.11971      0.14350     -0.06376
     1.19998      0.00145      0.00066     -0.03065
     0.12080      0.02367      0.02676     -0.15327
     0.84839      0.05565      0.10558     -0.15060
     1.09527     -0.01432     -0.09282     -0.06718
     0.58674     -0.21686      0.00525      0.01356
     1.21301      0.02462     -0.10094     -0.07635
     0.68963     -0.02955     -0.00906     -0.06698
     0.31138     -0.02676      0.02800     -0.00183
     0.23459     -0.01399     -0.00878     -0.01989
     0.02584     -0.12663      0.10841      0.24847
     1.81935      0.01406      0.00762      0.10143
     0.71345     -0.01082     -0.00305     -0.01806
     0.02150     -0.03013     -0.00346     -0.07161
     0.33809      0.06097      0.15824     -0.03392
     1.05842     -0.02154     -0.00221     -0.05576
     0.23582      0.00257     -0.03047     -0.01416
     0.16696      0.03553     -0.01926     -0.13019
     0.72434     -0.01211     -0.00688      0.00554
     0.13069     -0.06127     -0.00941     -0.04340
     0.32736     -0.10858     -0.02810     -0.02232
     0.57951     -0.08148      0.02244     -0.16200
     0.95673      0.14262     -0.02783      0.16552
     1.40583      0.12197     -0.05369      0.26801
     1.85961      0.04151     -0.16837     -0.31570
     2.01542     -0.05945      0.02380     -0.05566
     0.39896     -0.01754     -0.01149      0.00900
     0.15716      0.12850     -0.12817      0.05715
     1.17277     -0.01002     -0.16904     -0.00865
     0.95446      0.01332     -0.03527     -0.04836
     0.29230     -0.05721      0.07533      0.05539
     0.68977     -0.01287     -0.00260     -0.00619
     0.06562     -0.02313     -0.08328     -0.02894
     0.46121      0.00041     -0.01405      0.02779
     0.27500      0.02278     -0.00642     -0.03884
     0.24212      0.02231     -0.01974      0.17103
     1.12063     -0.02469     -0.01732      0.03524
     0.31983      0.18029      0.00671     -0.22884
     1.67828     -0.05780     -0.02370     -0.10823
     0.60694      0.02274      0.02499     -0.07007
     0.41536      0.00786     -0.12517      0.00858
     0.72165     -0.01511      0.12099     -0.04350
     0.76107      0.05116      0.13044     -0.07190
     0.93893     -0.01969     -0.02076     -0.00099
     0.13310     -0.06940      0.00838     -0.01824
     0.34567      0.02644      0.07909     -0.07468
     0.64452     -0.02362      0.02005     -0.07379
     0.37345      0.00076      0.03645     -0.40544
     2.27802     -0.00781      0.10610     -0.09284
     0.79445     -0.16081     -0.11345     -0.22106
     1.60655     -0.01089     -0.00536      0.16220
     1.04777     -0.07155     -0.03122     -0.02317
     0.37889     -0.00964     -0.00727     -0.01482
     0.01987     -0.02979     -0.00593     -0.01875
     0.10363     -0.07966      0.12170      0.06286
     0.96642     -0.01678      0.01638     -0.08254
     0.40792      0.02231     -0.00503      0.01595
     0.27853     -0.01423     -0.00357     -0.02346
     0.04370     -0.02299      0.00035     -0.12809
     0.65579     -0.12026     -0.16276      0.12375
     1.38448     -0.01048     -0.00541     -0.01364
     0.02147      0.06773      0.14911     -0.06652
     1.06322      0.02820      0.10968      0.04319
     0.79962     -0.14608      0.17742     -0.08768
     1.39359      0.08861     -0.01902     -0.02912
     0.59924     -0.03156      0.08272     -0.05526
     0.57845     -0.03107      0.01905     -0.15058
     0.80474     -0.07096      0.00518      0.07444
     0.63870      0.00461      0.02144      0.04931
     0.43075     -0.01359      0.06772     -0.13938
     0.83810      0.00519     -0.00178     -0.03560
     0.15225     -0.01563      0.00018     -0.07383
     0.33666      0.05439      0.07453      0.04350
     0.70701     -0.02841      0.01256      0.00275
     0.18476     -0.00994     -0.01766     -0.00793
     0.08574      0.00025      0.03145     -0.02985
     0.24448      0.02699      0.01691     -0.08433
     0.47676      0.03270     -0.03106      0.01025
     0.33955      0.03714     -0.03928      0.34031
     2.10641      0.08724      0.17373     -0.13886
     1.39974     -0.02716     -0.00043      0.01930
     0.23115     -0.05232     -0.03766      0.01696
     0.35786      0.10281      0.18129      0.10303
     1.46628     -0.01384     -0.00583     -0.00756
     0.05487     -0.00137      0.06785     -0.14317
     0.85991      0.09170     -0.09958      0.07447
     0.97671      0.08169     -0.09873      0.11458
     1.08938     -0.04468      0.00516     -0.17614
     0.95438     -0.03697      0.06747     -0.07745
     0.57724      0.09432     -0.01401     -0.00246
     0.63080     -0.02616     -0.02156     -0.04742
     0.21666     -0.08398     -0.22459     -0.14032
     1.52769     -0.02871     -0.04617     -0.05416
     0.33458     -0.01182     -0.00281     -0.01531
     0.02180     -0.01898      0.13596     -0.11271
     1.00480      0.10741     -0.17758      0.02147
     1.24371      0.01063      0.01508     -0.05910
     0.30787      0.02124     -0.02662     -0.00190
     0.24532     -0.00981     -0.00454     -0.00937
     0.04660     -0.01741     -0.00780      0.04950
     0.38932     -0.21808     -0.09175      0.03692
     1.34241      0.00791     -0.06212      0.19524
     1.28894      0.00389      0.04074     -0.11045
     0.62056     -0.01086     -0.00478     -0.01201
     0.03019      0.01442      0.00519     -0.08608
     0.43965     -0.05373     -0.01628      0.03284
     0.38336     -0.00752     -0.01922     -0.03900
     0.15317     -0.01362     -0.00366     -0.04832
     0.18542     -0.17937     -0.14617     -0.22304
     1.75694      0.01631     -0.03508     -0.09068
     0.49355      0.09260     -0.08967     -0.23702
     1.50905      0.09838     -0.17567      0.03047
     1.21639     -0.09326     -0.13596     -0.03748
     0.90373     -0.01866      0.00225     -0.05132
     0.21158     -0.28783      0.00949      0.13125
     1.83382      0.11363     -0.17698     -0.17876
     1.56243      0.17043     -0.08576      0.27807
     2.07890     -0.08314      0.03542      0.00071
     0.49224     -0.03437     -0.02317     -0.09762
     0.50063     -0.01030     -0.00432     -0.02489
     0.05002     -0.00955      0.00132      0.31650
     1.94777     -0.00630     -0.00509     -0.17663
     0.93641     -0.02604     -0.05974     -0.02774
     0.32993      0.11772      0.19787      0.14126
     1.69163     -0.00665      0.00463     -0.06186
     0.27334     -0.25758      0.04400      0.00746
     1.47303      0.00464     -0.09039     -0.04871
     0.53618      0.03677      0.02930     -0.02221
     0.35554     -0.20776     -0.28379      0.08373
     2.07297     -0.00367      0.02731     -0.16746
     0.90503      0.05009     -0.07200      0.11046
     0.91439     -0.04773     -0.14252     -0.06875
     0.87896      0.05109      0.00249     -0.13856
     0.80501      0.04861      0.03809     -0.27152
     1.55492      0.00550      0.01443      0.08254
     0.60280     -0.02718     -0.00668      0.00804
     0.16974     -0.07149     -0.17052     -0.05848
     1.05132      0.03870     -0.04776      0.00737
     0.40978      0.00449     -0.01222     -0.03472
     0.14767     -0.18097     -0.16007      0.09217
     1.48124     -0.07732     -0.05468      0.07339
     0.71026     -0.00289     -0.00923     -0.01335
     0.06072     -0.02368      0.00654      0.02265
     0.25176     -0.09390      0.05913     -0.04381
     0.63255     -0.03371     -0.08233     -0.08622
     0.61618     -0.01390     -0.15037      0.14834
     1.28319     -0.00781      0.11117     -0.30223
     1.80192      0.01354     -0.11527     -0.03497
     0.66455     -0.15434      0.03196     -0.04518
     0.87745     -0.02649      0.08208     -0.09518
     0.69624      0.00062     -0.00083     -0.00687
     0.09995     -0.01694     -0.01359     -0.09680
     0.47125      0.02186     -0.01073     -0.03437
     0.22594      0.08593     -0.01587     -0.17984
     1.11553     -0.02250      0.06366     -0.14058
     0.83438     -0.01446     -0.00850     -0.05060
     0.19888      0.03367     -0.00605      0.04626
     0.45641      0.01878      0.00472      0.00868
     0.24330      0.05798      0.01499     -0.02090
     0.42984     -0.02007     -0.00363     -0.08120
     0.38020      0.08170     -0.16149     -0.08958
     1.14455      0.06320      0.03629     -0.01823
     0.50673     -0.01042     -0.00529     -0.01400
     0.02006      0.00677     -0.01265      0.08910
     0.63081     -0.01033      0.06128     -0.09938
     0.62454     -0.06622      0.06674     -0.06733
     0.60826     -0.01018     -0.00522      0.12622
     0.83722      0.00355     -0.04526     -0.07559
     0.42339      0.01621     -0.02384     -0.01815
     0.19589     -0.02324     -0.01985     -0.07775
     0.37141      0.01216     -0.07067      0.12997
     0.94908     -0.01121     -0.00564      0.02530
     0.24641     -0.01041     -0.00528      0.02412
     0.23971      0.18191      0.06811     -0.16715
     1.50181     -0.03118     -0.01704      0.00618
     0.18553     -0.00664     -0.04440     -0.14457
     0.78142     -0.05038     -0.04162      0.06250
     0.55528      0.03143     -0.07600     -0.12388
     0.79072      0.01708     -0.00257      0.00441
     0.21263      0.03352      0.13720      0.13041
     1.23241      0.08166      0.12472     -0.02399
     0.94399     -0.00782     -0.00299     -0.01886
     0.03408     -0.00010      0.01374      0.03331
     0.32344     -0.08606      0.00061     -0.05693
     0.49377     -0.04499     -0.09029     -0.05815
     0.58117     -0.06089     -0.01512     -0.01440
     0.29010      0.11900      0.01749     -0.08736
     0.88312     -0.03321      0.15318     -0.06594
     0.98413      0.01373      0.10528     -0.12744
     0.93204      0.02575     -0.09892     -0.04487
     0.60904     -0.08326      0.00460      0.17680
     1.20880     -0.10228     -0.01504     -0.09143
     0.68682     -0.12928      0.00689      0.04278
     0.77279      0.04226     -0.08728      0.05692
     0.71623      0.00296     -0.05794     -0.04298
     0.35089     -0.06094      0.00459      0.01040
     0.33278      0.21244      0.12791      0.04608
     1.57516     -0.03172     -0.00397     -0.02740
     0.13076      0.02593     -0.00132     -0.00956
     0.22894     -0.06824      0.01072     -0.16139
     0.91326     -0.01071     -0.00629     -0.00270
     0.08286     -0.00945     -0.00299     -0.13214
     0.67576      0.01311      0.02457     -0.15167
     0.82339     -0.03277     -0.01230     -0.13078
     0.67909     -0.01233     -0.00598     -0.00923
     0.04423     -0.16261     -0.00690      0.26687
     1.87946     -0.05558     -0.06533      0.00141
     0.44227     -0.01150     -0.00305     -0.00508
     0.07107     -0.11985      0.25099      0.04555
     1.67251     -0.01503     -0.02609     -0.01406
     0.11865     -0.01896     -0.00204      0.11952
     0.79925     -0.00254      0.03100      0.05789
     0.49165      0.11072     -0.17296      0.11635
     1.44152     -0.19072      0.07949      0.04529
     1.21485      0.00053     -0.00275     -0.01716
     0.07724     -0.01012     -0.00555      0.00524
     0.12955     -0.02950     -0.00107     -0.04705
     0.20633     -0.01210     -0.00549     -0.01617
     0.00554      0.01626      0.05673      0.17900
     1.21533      0.01897      0.06289      0.01842
     0.48928      0.00773      0.02944     -0.02361
     0.24240     -0.00855     -0.00699      0.18623
     1.18860      0.03603     -0.11169     -0.03382
     0.68625      0.20409     -0.08953      0.10889
     1.54344      0.10101     -0.11134     -0.20057
     1.40554     -0.06435      0.04642     -0.00804
     0.43675     -0.02084     -0.00366      0.00731
     0.15058     -0.08108      0.00739     -0.17633
     1.02044     -0.01028     -0.00613     -0.01479
     0.01618     -0.01399     -0.01005     -0.01101
     0.04191     -0.02813     -0.01655      0.03318
     0.31288     -0.02217      0.00645     -0.01290
     0.09702     -0.07754     -0.09540     -0.13048
     0.92838     -0.14477     -0.07054     -0.13248
     1.09673      0.03818     -0.12597     -0.13448
     1.02627     -0.09768     -0.08707      0.00356
     0.69901     -0.06365     -0.02405     -0.04592
     0.36159     -0.01445      0.01903      0.07025
     0.53061     -0.02176     -0.02194     -0.00670
     0.12287     -0.03255     -0.02605      0.00677
     0.21609      0.00466     -0.00004     -0.11619
     0.59139     -0.01044     -0.00523     -0.01378
     0.02113     -0.11482     -0.03797      0.00310
     0.63953     -0.00873     -0.05358      0.03863
     0.42721      0.00281     -0.07220     -0.02133
     0.39707     -0.00997     -0.01944     -0.02216
     0.08463     -0.05166      0.03039     -0.18290
     1.02223     -0.01267     -0.00575     -0.01136
     0.03194     -0.00755     -0.00560     -0.03052
     0.08497      0.00279     -0.27814      0.12881
     1.80782      0.10170      0.06290      0.13535
     1.18378     -0.00599     -0.00035      0.02844
     0.26938     -0.00092     -0.01576      0.13593
     0.89813     -0.01644     -0.01350     -0.02694
     0.07728     -0.09057     -0.15020     -0.07542
     1.01923      0.02962     -0.03239      0.12660
     0.88766     -0.07422      0.00767     -0.08699
     0.55438      0.02430     -0.04071     -0.06112
     0.39222     -0.02125     -0.03356      0.01357
     0.24498     -0.01153     -0.00428      0.00893
     0.15098     -0.06988      0.04202     -0.04493
     0.46998      0.05932     -0.04885      0.08729
     0.78023      0.07396      0.10139      0.04383
     0.88151     -0.01041     -0.00498     -0.01495
     0.01663     -0.01146     -0.00466     -0.01329
     0.02278     -0.04571     -0.03242      0.24779
     1.56868     -0.01220     -0.00347      0.01029
     0.15928     -0.00889     -0.00535     -0.01629
     0.02018     -0.00665     -0.00482     -0.01195
     0.04379     -0.06532     -0.00503     -0.13548
     0.76133     -0.00950     -0.01012     -0.02464
     0.05376     -0.01020     -0.00552     -0.01081
     0.03710      0.01218     -0.00726     -0.01997
     0.14406     -0.01403      0.00105     -0.01199
     0.05205     -0.05992      0.05387     -0.22521
     1.30020     -0.00177      0.04168      0.21656
     1.39580     -0.01245     -0.00271      0.00011
     0.10096     -0.00247     -0.00552     -0.25504
     1.39593      0.01608      0.14185      0.06476
     1.00325     -0.06541      0.07080      0.04161
     0.64585     -0.01031     -0.00485     -0.02489
     0.04937      0.00778     -0.02965     -0.29597
     1.64428     -0.06728     -0.01231     -0.03034
     0.33399      0.16082      0.04268      0.02298
     1.07792     -0.01860     -0.03708     -0.05475
     0.28889     -0.01032     -0.00495     -0.01353
     0.02317     -0.16373     -0.06689     -0.13582
     1.18265      0.05777     -0.12353      0.22669
     1.63425      0.00995      0.00294     -0.10008
     0.50742      0.06490     -0.16428      0.13683
     1.36693      0.04593      0.00774     -0.17232
     0.97548     -0.01429     -0.00570     -0.00108
     0.09278     -0.06041      0.02500      0.17710
     1.18370     -0.04027     -0.02483      0.03617
     0.36736     -0.00620     -0.04384     -0.07268
     0.39606      0.20121      0.04261     -0.12186
     1.42155     -0.01876      0.03886     -0.02523
     0.27120     -0.02270      0.01316     -0.00742
     0.14014     -0.04745      0.07000      0.12125
     0.94582     -0.05093     -0.15881     -0.19235
     1.38050      0.00158     -0.01222      0.01990
     0.23208     -0.01411     -0.00131     -0.04209
     0.15136      0.06657      0.01417      0.06785
     0.68722     -0.08381     -0.04043     -0.08189
     0.60093     -0.01468     -0.01346     -0.07594
     0.34920     -0.00309     -0.03179      0.00311
     0.19707     -0.03435     -0.07705     -0.02552
     0.43752     -0.00853      0.23638      0.10741
     1.59555     -0.02566      0.03482      0.04228
     0.42826      0.10586     -0.02118      0.01319
     0.71842      0.00287      0.11616     -0.04346
     0.73846     -0.02466      0.05322      0.10836
     0.81426     -0.01000     -0.00761     -0.09871
     0.47985     -0.04545     -0.01526     -0.01820
     0.20189      0.03098     -0.15877     -0.07198
     0.98279     -0.00238      0.02760      0.01347
     0.27172      0.01011     -0.00976     -0.04180
     0.19732      0.04250      0.04137     -0.01829
     0.42448     -0.01355     -0.00962      0.12046
     0.80368     -0.01745     -0.00607      0.08340
     0.58727      0.01121      0.02397     -0.05328
     0.30927      0.03268     -0.01207      0.19522
     1.26902     -0.23982      0.03153     -0.18996
     1.68883     -0.22387      0.03408     -0.15557
     1.50041     -0.00710     -0.00500     -0.01215
     0.04094      0.09324      0.29185      0.14596
     2.08159     -0.01455     -0.02733     -0.05738
     0.26828      0.00064     -0.00024     -0.00697
     0.10083      0.11030     -0.19717     -0.03748
     1.33364      0.02417      0.01833      0.10080
     0.73467     -0.00798      0.00059     -0.02911
     0.08605     -0.00111      0.02246      0.10560
     0.73862      0.04673     -0.02305     -0.16404
     0.93374     -0.04722     -0.02182      0.00093
     0.24724     -0.04257     -0.04751     -0.08513
     0.50016     -0.03447     -0.01977     -0.00826
     0.16059     -0.10110     -0.01438      0.05276
     0.66244      0.00299      0.09455     -0.07168
     0.67761     -0.05469      0.06256     -0.03082
     0.48033      0.18558     -0.03140     -0.00796
     1.16828      0.05768      0.06268      0.04818
     0.68888     -0.13437      0.06105      0.14109
     1.23309     -0.01582      0.00186     -0.13165
     0.67443     -0.09711     -0.00458      0.02462
     0.55307      0.09739     -0.04132      0.06382
     0.82243     -0.04055     -0.06984     -0.03233
     0.41781      0.02562     -0.09401      0.10293
     0.89681     -0.17491     -0.15190     -0.24807
     1.86219     -0.13457     -0.06814     -0.07675
     0.87625     -0.04663     -0.13528      0.02370
     0.81708      0.00395     -0.03277     -0.07176
     0.36975      0.04429      0.05558     -0.19636
     1.15986     -0.00617     -0.04263     -0.10923
     0.58277      0.00615     -0.03514     -0.07346
     0.38771     -0.01162     -0.00976      0.00610
     0.13558      0.04827      0.01768      0.02714
     0.45930     -0.03262      0.08815     -0.17357
     1.07791      0.04786      0.01415     -0.03713
     0.38986      0.00371      0.00660     -0.08428
     0.41287     -0.03434      0.04307      0.17400
     1.16075     -0.01229      0.01621     -0.01111
     0.13538     -0.01034     -0.00622     -0.09078
     0.43333     -0.05143     -0.04354      0.05555
     0.52892     -0.01079      0.00385      0.01149
     0.17582      0.00531     -0.02013     -0.01672
     0.13094     -0.01057      0.00159     -0.08014
     0.37383      0.03645     -0.00445      0.04669
     0.46823     -0.00738     -0.04647     -0.07293
     0.40546     -0.02246      0.05128      0.04041
     0.47847     -0.01756     -0.00238     -0.01581
     0.03899      0.00808     -0.00073     -0.04174
     0.19095     -0.00895     -0.00337     -0.00208
     0.08971      0.10042     -0.08788     -0.18076
     1.25883     -0.02207