     0.32660     -0.37416
    -0.07431     -0.21001
     0.05672     -0.72453
     0.06405     -1.64613
    -0.05144     -1.32372
    -0.20175      1.87879
     0.82145     -0.85874
    -0.52603      0.32212
     0.66481     -1.16244
    -0.07820      0.05173
     0.00751      1.59061
     0.55928     -0.05452
    -0.88328     -0.97085
    -2.15830     -0.21615
     0.26616     -0.26117
    -0.22901      0.40455
     1.27858      0.92411
     1.86062     -0.53034
    -1.67268      0.69573
     0.93173     -0.98563
     1.33387     -0.69975
    -1.01121      0.07613
     0.37164     -0.34397
    -0.24345     -1.34892
     1.90646      0.45677
    -0.81629      0.37272
     1.76561      0.29280
    -0.29139     -0.39936
     1.39349     -1.22541
     0.24919      0.52080
     0.02884     -1.35199
     1.32407      1.47572
     0.17903     -0.44180
    -1.65924      1.89893
     0.31168     -0.10351
    -0.09577     -0.22483
     0.66966      0.94710
     1.46946      0.81550
     0.40229      0.64442
     0.31971     -1.53460
     0.96000     -0.15993
    -0.64090      1.42323
    -0.74158      0.13821
     0.77078     -0.53526
     0.54405      0.03651
    -2.00387     -1.61461
     0.63768      0.54478
     0.83729     -1.09317
     0.31453     -0.67757
    -0.28747     -3.18895
    -0.67156     -1.46429
     1.25880      0.88798
    -1.46075     -0.79699
    -0.17291     -0.88237
     0.66590     -0.84431
     0.39419     -0.20909
     0.29010     -0.19416
    -0.42951     -1.18475
     1.52659      1.33185
    -0.76072      0.22762
     1.60732     -0.05309
     1.74751     -0.64643
     0.00667     -0.45258
    -0.29497      0.03548
    -0.07302      0.82987
     2.00147      0.99934
    -0.22809      0.06520
    -0.73905      0.90577
     0.80369     -0.81746
    -0.30006      0.13594
    -2.14216      0.19498
     0.61025      0.25281
     1.24701     -0.18137
    -1.13822      0.57498
    -0.85166      0.45278
     0.17988      1.78459
     0.04336     -1.43328
     0.67681      1.14047
    -1.65509     -0.31088
    -2.55537      0.22910
     0.44698     -0.12699
     0.83001      0.76877
     1.39514     -0.25389
    -0.61057      0.07573
    -0.33116      0.29929
     0.07528     -1.09255
    -0.79287     -1.22263
     0.98101     -0.78889
    -0.86485      0.12482
     0.30697      0.41567
    -0.70024     -0.21394
    -0.15790     -0.40384
     1.38019     -1.30154
    -0.00542     -1.64762
     0.39734      0.12501
    -0.09645     -1.11899
    -1.09872     -1.73650
     1.37317     -0.80017
     0.54414      2.42523
     1.25660      0.74879
     0.27626     -0.35009
     0.02328      0.11894
     0.33004     -0.88506
     1.80665     -0.25680
     0.52810      1.04680
    -0.58576      0.35668
    -0.13655      0.88603
    -0.47770      0.55765
     0.08472     -0.71159
     0.77244     -0.94559
     1.60067      0.83262
     0.40007      0.76831
    -0.10916      1.49049
     0.07495      0.04082
     1.57985      0.49964
     0.27118      0.17537
    -3.00495     -2.27841
     1.72293      1.59157
     0.47177      0.47962
    -1.34965      0.09011
    -0.10769     -0.09354
    -0.26275      0.14843
     1.44417      0.78044
     0.42289      0.55484
     0.47360     -0.16913
     2.98667      0.58574
     0.17125      0.62649
    -0.08466     -1.16896
    -0.90019     -0.95995
     0.16589     -0.14474
     0.36114      1.32351
     1.11028      0.36349
     0.73182      1.60946
     0.54174     -0.77431
    -0.32668     -0.92486
     0.71579     -3.63526
     0.38102     -0.49423
     0.17519      0.23404
     0.60436      1.32362
    -1.35524      1.19316
     0.28262     -0.08537
     0.38151      0.38289
     0.28750      1.07413
    -0.21523     -1.62687
     0.46727     -1.47457
     0.58279     -0.09465
     0.90982     -0.14020
     0.54644      1.50090
     0.30663      0.53915
     0.25471     -0.52619
    -0.14940     -0.18415
     1.15521      1.58446
     0.49117      0.85440
     0.04596      0.68343
    -0.08574      0.77502
     0.02051     -0.47477
     0.58626     -0.92318
     0.34302      0.18236
    -1.27123     -2.03663
    -1.35607     -1.68031
    -0.55621     -0.53360
     1.75163     -0.00780
    -0.26312     -0.39640
     0.45395      0.41275
     1.49061     -0.98046
     1.15466      0.88137
    -0.75212      1.19548
    -0.07025      0.84034
    -0.73560     -0.84026
    -1.42653      0.34939
     0.78656     -1.18973
    -0.55522      0.27343
     0.50703     -1.93363
    -1.21809      1.70052
    -0.08318     -0.29902
     0.81101      0.46141
     0.64267      0.66690
    -0.67581      1.87064
     0.88392      2.21962
    -0.57955     -1.81789
     0.79855     -0.65360
     1.51894      1.16258
    -0.22703      0.12307
     1.46893      1.74479
    -0.64465     -0.34160
    -0.09876      0.81115
     0.21876     -1.44369
    -1.62355     -0.72039
    -0.09478      0.00341
     0.44307      0.01517
     0.34876      0.23556
     0.16130     -0.80327
     0.85985      0.80695
     0.17575      0.18239
     0.58406      1.67487
     0.31409      0.38989
     0.96008      0.48856
    -0.11724     -1.79561
    -1.03216     -0.88876
    -0.68018      1.18348
    -0.68112     -0.29249
    -1.97509     -0.76472
     0.75975     -1.25762
     0.25577      1.20998
    -1.31063      0.76200
     0.37269      1.18186
     1.55958      0.08194
    -0.22248      0.49044
     0.08685     -0.22207
    -0.88419     -0.12604
     1.50449      1.32691
     1.45761     -0.34570
     2.54008      0.91192
     0.48456      2.12237
     1.22317     -0.56949
    -0.53289     -0.38255
     0.71760     -0.92333
     0.09648     -1.48819
     0.38518     -0.85282
     1.64084     -0.70773
     0.79434      0.60897
    -0.41310      0.77178
     0.90846      0.68117
     0.27909     -1.93383
     1.06728     -0.68022
     0.56062      1.62378
    -0.89109     -0.17143
    -1.06214      0.23223
     0.30786     -0.17659
     0.13270      0.07606
     0.12171     -0.50319
     2.04821      0.40240
    -0.71695      0.22016
     0.08326     -0.09803
     0.46939      0.12948
    -0.77887      0.07932
     0.58362     -0.43662
     0.17050     -1.51577
     0.06178     -0.62320
     0.59068      0.81306
     0.43021     -0.81586
     0.63605      0.64806
     0.32130     -0.73408
    -0.00825     -0.37632
     0.35387      0.79097
    -0.34523      0.19051
     0.16938     -1.48774
     0.14978      1.13348
    -0.11263      0.80831
     0.82233      1.76274
     0.43691     -1.23128
     0.16712      1.95912
     0.56518     -0.69596
     0.00944      3.58348
    -0.01361     -0.10709
    -1.63321      0.94981
     0.20479      0.78948
     0.64586      1.21690
     1.65730     -0.28274
    -1.29080     -0.37072
    -0.18020     -1.36252
    -0.71740      0.62424
     0.28501      0.86352
     0.00031      1.44415
     0.84865     -1.39391
    -0.40825     -0.68765
    -0.01801     -1.29435
     0.47049      0.02052
     1.15766      0.30162
    -0.05132      0.27361
    -0.04084      0.43501
    -0.53227     -1.32223
    -1.07497      1.19393
     0.55336     -1.82026
    -0.81362      0.14722
     1.18299      0.79452
    -1.81690     -1.07543
     1.33871      1.20301
     0.22850     -1.76599
    -1.81288     -0.86990
     0.69837     -0.37468
     1.64641      1.83303
     0.98377     -0.39684
    -0.25744      0.20857
    -0.61538     -0.49583
     1.00506     -0.40709
    -0.73688      2.71350
    -2.41706      1.26236
    -0.01144      2.22999
    -0.18401      0.00286
    -0.03693     -0.12415
    -0.36376     -1.22509
     1.37453      0.30171
     0.61267      0.55907
     1.17013      0.46185
     1.09175      1.69923
    -3.01310      0.71177
     0.52832      0.12013
     2.52442     -0.44761
     0.61987     -1.49377
    -0.78066      0.23156
     1.28816     -0.28584
    -2.97392      0.91908
    -0.22073     -1.12523
     0.60966     -0.33185
     1.02608     -0.59530
    -0.94149     -1.02352
     0.25318      0.04607
     0.27515     -0.58543
    -3.02382     -0.04419
     0.58338     -0.83097
     0.87565     -0.97392
    -0.44099     -1.48611
    -0.26556     -0.32128
     0.97443      1.47672
     0.28267     -1.64739
     0.99945      0.97630
    -1.64162      1.75577
    -0.86782     -1.03262
    -0.11043     -1.17273
    -0.18940     -1.00657
     1.14808      0.37378
     0.81018      0.46130
     0.41921     -1.81838
     0.16702     -0.38504
     1.58977      0.13291
     1.15106      0.38659
     0.73793     -0.22470
    -2.31053      1.30386
     1.54769      2.35638
     0.40671     -0.73124
     0.15606      0.06379
    -0.16645     -0.37411
    -0.57328      0.16005
     1.29839      0.25396
    -0.44196      0.31180
     0.36905      0.26320
    -0.12844      0.32879
    -0.66470      1.04371
     0.11335      0.05070
     1.20786      0.53795
    -0.95622     -0.43589
    -0.92771     -0.10246
     1.28217     -0.34399
    -0.12678     -0.47753
     0.35204      1.71712
    -0.84418     -2.17456
     0.71421      0.67850
     0.40565      0.27377
     0.75025     -0.36386
    -0.48410     -0.96566
    -0.09812     -0.50571
     0.26727     -0.61767
     1.73797      0.88167
     0.96475      0.08108
     0.28444      0.06205
    -1.00465      0.85149
    -1.51709     -1.36796
     0.54319     -1.22864
    -0.30105      0.87057
     0.79145     -1.09152
    -1.11756      1.04987
     1.39917      0.23463
    -1.14112     -1.33553
    -0.03036      0.37969
    -1.46567     -0.64775
    -1.00953     -0.39040
     0.28355     -1.35239
    -1.46359      0.17789
    -0.99063     -1.12140
     0.56307     -0.86146
     0.04064      0.39979
    -0.77512      1.19156
     0.45289      0.74352
    -1.43714     -0.92628
    -2.66933     -1.38503
     0.60336     -0.58670
    -0.48428     -3.19380
     1.60374      0.30716
    -0.55833      3.45003
    -0.44913     -0.23818
     0.54902     -1.11087
     0.54287     -1.41451
     0.45237      1.40831
     0.98749      0.19753
     1.11428     -1.34884
    -0.18002      0.42209
     0.68683     -0.82890
     0.03321      0.18921
     0.87017      0.43835
     0.36062      0.69623
    -0.17973      0.15896
     0.03102      0.51796
     2.58019      0.37401
     1.84039      1.05436
    -0.25980     -0.07379
    -0.17033     -0.42824
    -1.10660      0.12506
     1.10301     -2.22115
    -0.18198      0.52918
     2.63290     -1.34591
     0.61541     -0.76317
     0.19950      0.16993
    -0.99169     -0.22134
     1.52072     -1.29606
    -1.08091      0.39464
    -0.54980     -0.87417
    -0.36735     -0.33444
     0.47538      0.91627
    -0.37850     -0.22346
     0.90568      0.39153
     1.72989      0.11604
     0.19282     -1.96396
     0.61461      0.32602
    -0.12606     -0.03249
    -0.74313      0.04356
    -0.05331     -0.12896
     0.27855      0.59475
    -1.47775     -0.00017
    -0.09582      0.30211
     1.27084     -0.92283
     1.05043     -0.44498
     2.43715     -1.79239
     0.25439      0.81009
     0.02191     -1.21112
    -0.01231     -0.34255
    -0.94785     -1.03816
     0.08795      0.85634
    -0.57154     -0.03826
     1.17207      0.17914
    -0.01582     -0.34026
     2.62580      1.42598
     0.11172      0.32567
     1.16514     -1.03479
     1.19935     -1.53227
     1.72649     -1.12272
    -0.46372      1.05731
    -0.40636     -1.96425
     0.18058     -0.31162
     2.11784      0.26636
     1.89590      0.27273
    -0.55320      0.85584
     0.28221     -0.95952
    -0.70021     -1.88958
    -1.15854     -1.12615
    -0.77264     -0.44862
    -1.69592      1.66891
     0.25822      1.27627
    -1.66215      0.60857
     1.12600      0.20877
    -1.06580      1.48091
    -2.06317      0.07924
     0.27701      1.28727
    -0.69228      1.50005
     0.06404      0.65424
     0.78161      0.02679
    -0.42661      0.94872
    -0.03256      0.84303
     1.79500      1.69777
     2.35244     -0.41477
     0.17796     -1.71490
    -0.91972      0.63052
    -0.56922      0.88924
     1.65959     -1.34331
     0.62404      0.09667
     0.93786      0.09319
     2.63646     -1.13133
     2.34461     -0.15665
     0.73832      2.02180
    -0.75813     -1.12775
    -0.60078     -0.37322
     0.59798      1.28743
     0.50747      0.89188
    -0.12125     -0.53124
     1.17633      0.15924
    -0.22175     -0.78421
    -0.20050      1.74841
     0.12585      0.72415
     0.03610      1.87589
     1.46251      0.08444
     1.30211     -0.43373
    -0.73028      0.04420
     0.30639     -0.94303
     0.00083      0.99493
    -1.07979      0.48561
     1.90759     -0.91981
    -0.31765     -0.17225
     0.82398      1.22550
    -0.44842      0.89972
     0.15099      1.32423
     0.99698     -0.31406
    -0.72933      0.13351
     0.29101      1.28878
    -1.60173      2.11363
    -0.15434      0.00599
     2.25481      1.36130
    -0.06607      0.77648
    -0.83398     -0.81387
     0.58469     -0.10193
    -1.60904      1.78330
    -0.52596      1.23207
    -1.33443      0.93695
    -1.59793     -1.24355
     0.25161     -0.12038
     1.57742      1.40647
     0.02301     -0.38596
     0.13710      0.29510
     0.61134     -1.89675
    -0.14219     -0.66090
     0.60202     -1.20429
     1.56132     -0.70072
     1.23049     -0.46916
     1.35701     -1.14575
     0.33586     -0.67126
     0.83641      0.17037
     0.23106     -0.52621
     2.11296     -0.99093
    -0.49037     -1.38214
    -0.97145     -1.06202
    -0.59869     -0.20988
     1.32602      0.48981
    -0.64033      0.20048
     0.57584      1.26672
     1.00763     -1.41589
    -0.16109      2.32068
    -0.78913     -1.70963
    -0.17040     -0.38418
     0.99558     -0.41566
    -1.70152      0.65730
    -0.41737      0.32121
     0.49824     -0.76200
    -1.45129      0.13126
    -0.76763      0.27878
    -2.18304     -1.37821
    -0.22370      0.47278
     0.82096     -0.07141
     1.53891      0.37925
     0.56848      0.55087
    -0.50442     -0.75781
     0.23115     -1.62398
     0.09060      0.46197
     1.05433      2.29421
    -0.66780      1.81513
    -0.29016     -0.58382
    -0.18537      1.65494
    -2.28223      0.27800
     0.24267      0.36543
    -0.77637      0.32593
     0.46706     -0.09570
     0.08600     -0.55135
     0.51606     -0.47383
     0.31005      0.45736
     1.64071      0.00763
     0.10082      0.91083
    -0.29516      0.46998
     0.77085      0.32538
    -0.15887     -1.41114
    -0.67468      0.68678
     0.42227      1.22445
     0.06359      0.85125
     1.89843     -1.05044
     1.34603     -0.30319
     0.28798     -0.82191
    -1.36431     -2.32608
    -1.20760     -1.96038
     0.43739     -0.17898
    -1.63030      1.79105
    -0.28361     -1.59222
    -0.49067      0.35242
     0.09313      1.25239
    -0.37666      1.74352
     0.99883      0.33460
     1.41533      1.22075
    -1.51394     -1.01732
     1.90959     -0.09250
     1.33915     -0.12510
    -0.44892      2.39867
    -0.35927     -0.51856
    -0.49120      0.33398
     0.91737      1.76880
     0.34520     -0.11610
    -1.79022     -0.03075
    -0.96189     -0.10839
     0.71839     -0.81872
     0.46555      0.32570
     0.57506     -0.36060
     0.92395     -1.02382
    -0.01047      1.42916
     0.08225     -0.32895
    -0.10361     -1.09896
    -0.26051      1.10053
     0.65536      0.18146
    -0.78277     -0.62074
     1.20152     -0.27805
     0.09297      0.08309
    -0.98663     -0.11784
    -0.55876      0.09731
    -0.79688      1.86099
    -0.31322     -1.24024
     1.88623      0.49984
     0.70225     -0.27648
     1.72761     -2.42986
    -1.84632      0.82396
     0.38211     -0.15375
     1.67420     -0.15779
     0.95167     -0.95003
    -1.22933      1.34909
     0.31416      0.95128
    -0.11686      0.92667
    -0.23177     -0.47116
    -1.34366     -1.10919
    -0.99089      0.09967
    -1.27448     -0.98805
     0.12176      1.67949
    -0.21420      0.43247
     0.55080      1.73233
    -0.19130      0.06398
     0.21570      1.27440
     0.10686      2.00300
     0.49968      1.63134
     3.08279      0.30290
     1.49830      0.23363
    -0.89854     -1.07773
    -0.24881      1.13620
     0.97792     -1.61608
    -0.19778     -0.03786
    -0.43737     -0.22889
    -1.21725      0.79236
     0.21580      0.38756
     0.81233     -0.84992
    -0.25145      0.88360
    -1.63863      1.43851
    -0.82779     -0.55300
     0.28282     -1.01665
    -0.79141      0.60035
    -0.16551      0.53052
    -0.72749      1.22160
     1.00936     -0.97846
     0.35970     -0.56175
     0.92364      1.06522
     1.59599     -0.10085
    -0.51375      1.94505
    -0.68558     -1.87554
    -0.62559     -0.00607
     0.74144      0.72464
     1.51255      0.42956
    -0.11183     -0.02084
     0.25683      0.65528
    -1.15388     -0.78364
    -2.28431      0.30118
    -0.63083     -0.18403
    -0.13763      1.69463
     2.30027     -0.66843
     0.49922     -0.84007
     0.53738      0.47421
     0.82517      1.21898
    -0.23794      1.59649
     0.12631     -0.39303
    -0.39747      0.13890
     0.49265      0.49558
     0.80861     -0.88532
    -1.21638     -0.49962
    -1.73881     -0.48753
     0.25585     -0.84690
    -1.26500     -0.23006
     0.22677      0.57671
    -0.80697      0.35810
    -0.04929      0.36166
    -0.05880     -0.25122
    -0.74675      0.42152
     1.32767      0.89606
    -0.04500      0.50338
    -0.33411     -1.59263
    -0.58945     -0.64002
    -0.76341      1.22337
     0.86010      1.58133
    -0.04396     -1.04751
    -0.32885     -1.71143
     1.39622     -0.44338
     0.95690      0.61386
     0.07656     -0.65611
     0.13608     -0.32512
    -0.24289      0.77318
    -0.19589      0.56888
    -1.24384     -1.45178
     1.66604     -1.36031
    -0.44108     -1.55664
    -1.66979     -0.98227
    -1.95424     -0.46009
    -0.32172      0.36014
    -1.28356     -1.14094
    -1.59715     -2.47719
    -0.53639     -1.86744
    -0.24950     -0.00035
     1.52241     -2.00790
     1.00364      0.56104
     1.19176      0.54989
    -0.61921      1.18591
     0.76668      0.23247
     0.34042     -0.53272
    -1.81759      0.11417
     0.43631     -2.57044
    -0.08972     -0.49100
     0.15638     -0.48915
     0.84821     -0.34313
    -1.30278     -0.61642
    -0.02274      0.49691
     1.93320     -0.65366
    -0.15770      0.12619
     0.51748     -1.46888
    -0.72793      0.46543
    -0.89651      0.27803
     0.88715      2.10390
    -1.21923     -0.64876
    -0.07624      0.26084
     0.75233     -0.19431
    -0.66978      0.58486
    -1.99691     -1.54916
    -0.40284      0.04471
    -0.03526     -1.19286
     0.61184      0.26493
     2.36252     -0.20929
     1.18266      0.23961
     0.74976     -0.02802
     0.21275      0.29354
    -1.53581      0.19360
    -0.02266     -0.24160
     0.18342      1.37896
    -2.01675     -0.97930
    -0.27302     -0.12526
     0.11922      2.87536
     0.31837      1.87477
     1.54462      0.12218
    -0.78866      0.08837
    -0.88056      1.35677
     0.48691      0.24493
     1.31351     -0.04129
     2.90111     -1.52911
     0.69541      2.04106
     1.38254      2.31814
    -1.77228      0.81906
     0.00183     -0.81415
     0.18007      0.25559
     1.59741     -0.92185
     0.07229     -1.69243
     1.72305     -0.17827
    -0.02604     -1.07143
     0.77628      1.36876
     0.24595     -0.17176
     0.10801      0.16843
     1.42763     -0.63365
    -1.55856      0.81401
    -1.14738      1.12061
    -0.00649     -0.17129
     2.64708     -0.32801
     2.85916     -0.65920
     0.39877     -0.82522
     0.91061      2.99857
    -0.36743      0.13010
    -0.11863     -0.50938
    -1.97396      0.42569
     0.39709     -1.67861
     0.69571     -1.09540
     0.61908      1.38060
     0.01611      0.32002
     0.80535     -0.19565
     0.80756      0.71576
     0.95725     -0.58452
     0.98535      1.30686
    -0.46337     -0.00810
     0.86625      0.60161
    -2.38250      0.17049
    -3.15902      0.11906
     0.89510     -1.56924
     0.77451     -0.48904
     0.37025      0.55745
    -0.02650      0.24417
    -0.26283     -1.02929
     0.72673      0.50322
    -0.74016     -0.06780
     0.25466      1.72292
     1.01082      1.03843
    -0.06264     -1.43945
    -2.52067      0.89110
    -0.60658      2.09268
    -0.38606      0.05182
    -0.03747      0.41065
     1.38041      0.52898
    -0.91716      0.14179
     0.18646      1.09299
     0.00594      1.83895
    -0.32260      0.57099
    -0.41749      1.01033
     0.07182      0.60812
     1.45098      1.93342
     0.36551      0.99935
    -0.24227      1.44588
     0.44004      0.69871
    -0.38154      0.03583
    -1.46638     -0.06787
     0.03391     -0.46995
     0.96081      0.62385
     0.76670      0.27660
     1.32755     -2.27053
     0.04899      1.51746
    -0.24988      1.42162
    -0.06591      0.10663
     0.39679      0.21399
    -0.01052      1.03168
    -0.95087      0.35693
    -0.12869     -1.40522
    -1.57456      0.14808
     0.93296     -0.19631
     1.39034     -1.88600
     0.23385     -0.48040
     0.74837      0.96389
    -0.74203      0.71692
     0.33928      1.20580
    -0.57944     -0.96302
    -0.74579      0.27053
     0.37367     -0.13071
     1.09287      1.37765
     0.48866     -0.91691
    -0.40405      1.77482
     0.77823     -0.13812
    -0.77280      0.99078
    -1.73199     -0.64417
     1.39101      0.97981
     1.17319     -1.06196
    -1.29354      0.55449
    -1.12988     -0.05971
    -0.61076      1.59247
     1.45943     -0.94908
    -1.10064      1.30272
     0.45442      0.28719
     0.24357      0.77030
    -2.02459     -0.63847
     2.13216     -0.22879
    -0.33061      0.55440
    -0.10806      0.99604
    -0.85220     -0.84038
     1.08529      1.76358
     0.75738      2.21454
     0.65167      0.06393
    -1.28172      0.02211
    -0.81609     -1.10027
    -0.00902      0.63258
     0.08860      0.44976
     2.29951      0.04750
     0.20326     -1.00946
     1.39101      0.89890
     0.48413     -1.20449
     1.24643     -1.94060
     0.42468     -0.98417
     1.19874     -0.11237
     0.32450      1.20787
     1.77059      0.47262
    -0.46532     -0.90199
     0.45704      1.07510
    -0.91895     -1.19988
    -1.20080     -0.51551
    -0.65749      0.38160
    -0.55932     -0.91328
     1.22322     -0.04839
     1.81313      0.54693
     2.03975     -1.31079
    -1.05196      0.38465
    -1.48769      0.30494
    -0.89790     -1.21291
     0.15580     -0.21875
    -0.64289     -0.22215
     1.19810      0.83649
    -1.68888     -1.46457
     0.80416     -2.43110
     1.69617      0.47752
     1.20073     -0.40542
    -0.87585      0.62892
     1.29890      0.03884
     0.18958      0.25961
    -1.89766     -1.73496
     0.36621      0.19943
    -2.15338      0.43611
    -0.23623     -2.23500
    -1.73260     -1.26274
    -1.35400      0.90189
    -1.15361      0.85274
    -0.09989      0.28587
    -0.21240      0.20078
     0.20140     -1.16167
    -0.25236      0.67188
     1.20394     -0.60804
    -0.51998     -1.05241
    -0.75296     -0.58379
     1.20299      0.69836
     0.48504      0.06018
     0.78516      0.12071
    -0.04247     -1.19051
     0.68817     -1.88499
     0.47422     -0.50754
    -0.09109      0.91685
     0.51664      1.51797
    -1.52150      1.01887
     1.02075     -0.22301
     0.45525      1.99818
    -0.17453     -0.57336
     0.58361     -0.96357
    -0.91689     -0.45001
    -1.48857     -0.73605
    -0.48288     -0.53006
     1.60052      0.41181
    -0.19921     -1.07323
     0.78894      1.77046
    -1.32594      0.37874
    -0.47875     -0.55140
     0.42640     -0.17787
    -1.86538     -0.66697
     0.95132      0.26418
     1.06268      0.38446
     1.11067     -0.39884
    -0.92679      0.01846
    -0.72255     -0.29840
     0.11978      0.34950
     0.38080      0.26817
    -0.06831      0.50590
    -0.35928     -2.20783
     0.32993     -0.54843
     1.14485      2.40473
     1.00272     -0.90860
     0.04375     -0.27265
    -0.39966      1.10359
    -1.35327      0.24335
     0.80331     -0.43434
    -0.98836      0.83947
     2.03167      0.24388
    -1.38391      0.82878
    -0.77279     -0.63484
     0.36447     -2.42897
    -1.72001      0.14186
     0.25747     -1.47695
     0.55917     -1.29201
    -0.43722     -1.49999
    -0.88689     -0.85321
     0.49230     -0.32516
     0.84462      0.54850
     0.41190      1.90116
     0.53818      0.41591
     1.76004      1.24389
    -0.66531      0.31670
     1.50270      0.09141
    -2.22712      1.36989
     0.40630     -0.21546
     1.46709     -0.33281
     0.13153      0.85300
    -0.34938      0.14162
    -0.13008     -1.45104
    -0.51993      0.09214
    -0.67982      0.08779
     0.51837     -0.41246
     0.07753     -0.59573
    -0.68689      0.03679
    -0.47172      0.23771
    -0.45202     -0.50931
     0.90938     -1.17439
     0.65019     -0.83541
     0.75359     -0.21854
     0.16650      0.15767
    -0.44594     -0.92602
     1.66778     -0.17784
    -1.28349      0.17923
     0.70254     -1.21879
     0.11240      1.29842
     0.68241     -0.52135
     1.05545      0.10640
     1.61069     -0.70794
     0.11439     -0.33050
    -2.93166      0.06556
     0.72249     -0.57569
     0.97341      2.19162
     0.52921     -1.66465
    -0.78140     -0.18749
     0.28055     -0.42595
     0.41563     -1.40440
     1.60332      1.05409
     1.97487     -1.14031
    -0.70956      1.59544
    -0.76717     -1.29506
    -1.68013     -0.03878
    -1.09082      1.19594
    -0.24568      0.86365
     0.29804     -0.37634
     0.34471     -0.55519
    -0.89333      0.15418
    -0.54659     -0.54810
     0.36951      0.17483
    -0.42633      0.09840
    -2.85213      0.47738
     0.45385     -0.32794
     0.62810      0.24356
     0.04940      0.47418
     0.95313      0.93110
