    36.02369     21.08205    -15.87929
    56.64770     48.03960    -16.63710
    57.67271     47.79107    -16.97160
    51.96746     46.94496    -11.19928
    36.02102     21.08305    -15.88724
    42.03644     29.61755     -7.46583
    41.96298     29.50003     -7.49753
    41.98798     29.46735     -7.51669
    52.57709     41.23470    -13.96496
    56.32472     65.62441    -22.65142
    53.72389     55.51616     -8.60256
    53.82269     55.75960     -8.66131
    36.04086     21.12905    -15.40161
    55.82665     57.29472     -9.79447
    55.81896     57.28546     -9.86111
    55.82398     57.28914     -9.78695
    55.82264     57.28581     -9.79625
    26.45372     20.64979    -12.63087
    42.59041     34.43993    -11.58167
    48.66335     42.40942    -10.28812
    48.52000     42.47638    -10.25433
    48.49645     42.47821    -10.25941
    40.26288     33.78975    -14.92501
    26.42938     20.63987    -12.69584
    26.42098     20.63745    -12.69143
    26.47222     20.65733    -12.60068
    35.41245     20.04976    -13.67816
    26.78377     38.55833    -12.54306
    26.65763     38.44285    -12.49631
    26.62523     38.45524    -12.47985
    36.03074     21.09702    -15.83604
    36.02824     21.08752    -15.84896
    36.02672     21.10056    -15.83378
    33.59470     25.96035    -10.91804
    33.60318     25.97297    -10.91452
    33.57644     26.00015    -10.93515
    51.48807     49.72369    -10.01939
    51.49090     49.78627     -9.67025
    51.48942     49.74356     -9.88317
    26.40517     20.63667    -12.73921
    42.79719     35.03056    -13.61495
    43.62830     28.38030    -11.01270
    36.03610     21.11580    -15.87546
    55.62992     64.48455    -22.33729
    55.63197     64.48639    -22.33839
    55.62835     64.46689    -22.28699
    55.62707     64.45913    -22.32403
    43.09685     31.48718     -8.18714
    40.16647     32.41096    -14.31345
    51.82233     52.16562     -9.09512
    30.35069     32.12262    -16.14270
    30.31447     32.14267    -16.12516
    30.31586     32.13941    -16.11996
    30.32374     32.13924    -16.12001
    35.41236     20.04830    -13.70506
    35.39989     20.06701    -13.72964
    34.56569     31.02789    -10.57091
    34.55394     31.03510    -10.46280
    34.54615     31.02878    -10.51172
    34.55008     31.02668    -10.50344
    51.96470     52.47400     -7.41437
    55.69781     56.26241    -14.36802
    55.69737     56.20858    -14.33638
    55.70266     56.23678    -14.35419
    42.95897     28.71350    -10.08832
    42.90854     28.76444    -10.12052
    42.91356     28.77199    -10.13408
    42.91408     28.77493    -10.12613
    26.49878     20.67706    -12.55704
    26.50671     20.66867    -12.56492
    26.52486     20.67112    -12.53007
    54.85455     50.09373    -13.53336
    34.51635     31.08835    -10.32771
    33.60170     25.90822    -10.88939
    33.59812     25.95563    -10.91838
    37.80971     31.39571    -11.04178
    36.05432     21.16171    -14.56876
    36.05124     21.15451    -14.64918
    36.05407     21.14579    -14.65127
    33.58462     38.08318    -17.94526
    50.51085     43.90778    -10.89139
    40.02920     31.29820     -9.37230
    39.30152     32.36890     -9.58771
    42.33760     28.62841    -11.83377
    26.42383     20.63102    -12.70303
    40.34838     32.49639    -11.33122
    40.26982     32.68645    -11.40817
    51.48939     49.71553    -10.04344
    40.43409     32.97257    -14.85814
    43.79657     35.25727    -13.95405
    40.58290     34.52860    -10.18869
    40.68911     34.44676    -10.20438
    26.42852     20.63882    -12.72296
    43.31473     28.17014     -9.53754
    43.13521     28.46524     -9.84946
    43.33355     28.14262     -9.56153
    60.86318     54.61550    -24.07244
    42.96003     28.72771    -10.07805
    35.40919     20.02221    -13.72607
    35.43166     20.00806    -13.69710
    39.39415     32.37327     -8.20398
    39.34535     32.37244     -8.20057
    55.63526     64.45538    -22.41085
    49.85769     36.98114    -12.38426
    49.85157     36.97810    -12.37975
    49.78196     36.88235    -12.29241
    59.58334     51.26791    -10.33176
    59.51841     51.00579    -10.42919
    42.70439     37.79540     -7.66833
    26.66507     38.61196    -12.70218
    29.35238     20.43989    -13.15291
    29.38159     20.32708    -13.17254
    29.38293     20.33619    -13.19995
    33.50346     20.37039    -12.66722
    33.42503     20.27741    -12.72435
    33.40447     20.29377    -12.72578
    33.43152     20.30300    -12.71551
    42.62698     34.53154    -11.50890
    26.86954     38.91052    -12.98969
    53.42205     54.92072     -8.25316
    35.41315     19.96534    -13.74146
    31.11862     42.59443    -13.51279
    42.62833     34.52597    -11.50240
    35.52207     37.06216    -14.63612
    35.52830     37.05510    -14.64467
    51.32588     44.83366    -11.46656
    42.67626     34.39489    -11.49337
    42.19883     33.48520    -12.71955
    42.20760     33.50650    -12.71788
    42.18992     33.49187    -12.73854
    52.65748     41.36842    -14.11043
    52.63628     41.33813    -14.08289
    52.63758     41.30976    -14.09207
    35.40729     20.10087    -13.55733
    31.32273     44.09262     -9.58464
    26.38838     20.62959    -12.73434
    43.82852     35.25750    -13.94243
    43.82997     35.27069    -13.93276
    18.51440     31.26729     -8.86126
    43.73780     41.53408    -10.20864
    40.58616     33.49008    -10.49847
    34.15300     44.92537    -12.89662
    33.56205     44.65079    -12.26380
    33.33129     44.53019    -11.99604
    45.27523     46.34245    -26.62001
    47.62420     47.50910    -26.54980
    45.27418     46.35328    -26.63531
    40.44299     32.98000    -14.88237
    40.47753     32.99267    -14.84690
    40.43563     32.98158    -14.85997
    32.48790     24.80388    -10.84762
    49.88435     37.03276    -12.39174
    19.94008     23.58196     -9.23179
    51.22086     38.93965    -13.14147
    48.59846     34.94280    -11.63099
    42.10137     37.29494    -11.13415
    47.97565     50.29294    -12.72382
    47.97221     50.26084    -12.69708
    47.99050     50.26409    -12.68418
    23.58173     35.72454    -11.79263
    23.79501     35.73882    -11.86979
    23.06442     37.09538     -9.04793
    23.05044     37.08938     -9.05105
    23.04990     37.12394     -9.01144
    59.85074     52.28180    -10.40474
    35.46045     20.01314    -13.67402
    40.36583     32.84561    -14.74007
    21.22131     23.51758    -10.46991
    24.18178     35.76022    -11.96171
    35.36053     20.06156    -13.75875
    48.26253     39.87934    -10.68401
    48.23939     39.82379    -10.69740
    48.20844     39.71686    -10.68501
    40.66883     34.23674    -10.23419
    40.73061     34.42942    -10.21258
    50.39454     43.72010    -10.81000
    47.39060     37.73260    -10.30010
    47.68889     37.79211     -9.29907
    47.68971     37.79139     -9.30363
    42.31990     28.72292    -11.61574
    42.33715     28.71832    -11.63093
    42.31394     28.70064    -11.65528
    40.37199     33.17563    -14.89424
    48.74022     35.46436    -11.72890
    48.76787     35.46841    -11.72663
    48.67527     35.35317    -11.68567
    48.27428     39.88897    -10.67577
    43.25650     34.51280     -9.97920
    37.33940     29.20870    -21.84140
    36.62302     24.37225     -8.83853
    21.46083     23.91593    -11.23438
    27.46950     21.05010    -13.79130
    20.13540     23.62243     -9.66690
    40.72006     31.38616     -7.66952
    40.71644     31.38864     -7.66158
    45.41002     42.93814     -7.68211
    42.75246     37.89420     -7.88506
    31.23285     43.86940     -9.77008
    31.22679     43.88327     -9.81382
    53.72357     45.69281    -13.46621
    53.75996     45.79962    -13.47889
    53.73828     45.73216    -13.48401
    53.74561     45.73753    -13.47072
    31.75371     35.89407    -15.32874
    31.71773     35.88785    -15.38189
    51.12219     40.91349    -12.27357
    34.53877     45.08739    -13.00847
    34.53804     45.11120    -13.06859
    34.92074     36.02121    -17.28880
    37.36511     29.75392    -10.94482
    51.13481     40.99554    -12.22377
    26.66405     38.73089    -12.90140
    26.74798     38.76005    -12.87638
    35.98948     21.05445    -15.92904
    35.99710     20.99494    -15.96268
    42.69569     37.91344     -7.66666
    42.71442     37.90272     -7.75329
    42.91500     31.80250    -17.05960
    35.46343     37.03838    -14.63249
    50.94906     40.79029    -12.18374
    51.20186     41.12905    -12.17922
    45.49342     42.97409     -7.64021
    45.43093     43.01440     -7.58078
    47.56839     35.17186    -11.02510
    31.28975     43.91949     -9.65036
    21.51854     22.81924    -11.62945
    21.45100     22.99482    -11.82987
    37.39556     32.49290    -11.42313
    43.74655     41.50653    -10.23672
    35.53575     37.08939    -14.63967
    35.55571     37.11241    -14.66630
    35.56420     37.09616    -14.64366
    42.69066     37.92881     -7.51481
    41.94209     36.77207    -11.84961
    36.60823     24.39059     -8.89620
    36.61761     24.38684     -8.92552
    26.59248     38.40130    -12.48592
    46.99550     34.16610     -9.91470
    33.57340     31.86200    -10.78330
    18.68265     31.12659     -9.29641
    18.54028     31.25954     -9.17923
    34.92117     45.88267     -9.35419
    41.96105     29.28522     -7.56321
    41.99520     29.35793     -7.58201
    49.45390     46.16210    -11.32420
    23.45720     25.47900    -13.28050
    52.13095     52.45615     -6.73458
    52.05049     52.32404     -6.46303
    26.55632     38.58049    -12.73437
    42.00666     28.91110     -7.75987
    51.80690     52.50850     -7.91148
    51.77731     52.50932     -7.99338
    33.58453     38.11829    -17.99812
    31.40150     43.64650     -9.47755
    33.52762     26.10347    -11.02831
    27.60050     32.67590    -17.18070
    41.03865     27.09102     -8.11177
    40.97257     27.08102     -8.12942
    53.03576     51.54069     -7.39687
    49.66860     57.84150    -23.36600
    34.69810     33.59550    -16.31990
    51.22859     38.93896    -13.13629
    21.56368     22.69422    -11.35584
    29.84947     36.38787    -13.41048
    41.33040     29.37208    -16.84348
    43.78998     35.33739    -13.88937
    31.31129     43.79493     -9.60548
    31.37373     43.79693     -9.65423
    33.61527     38.12882    -18.01429
    33.59539     38.12185    -18.03760
    23.07296     37.07457     -9.11283
    23.08153     37.06247     -9.09984
    41.93177     28.82533     -7.96367
    49.67497     45.30739    -10.21496
    27.85819     38.88833    -11.54371
    28.04479     38.96532    -11.45411
    28.08462     38.97201    -11.49877
    27.89112     38.91771    -11.47949
    39.30748     32.37360     -9.56019
    38.30370     23.94830     -8.91820
    23.13100     35.61900     -9.25200
    55.70235     56.30126    -14.38557
    55.87710     56.37610    -15.51020
    23.32847     35.73253    -11.69371
    39.88796     54.49145    -10.07223
    45.95803     43.31329     -7.36545
    26.78366     38.86031    -13.02508
    43.67668     35.23186    -13.90178
    41.97722     36.89430    -11.67140
    48.84476     35.64289    -11.75997
    48.80117     35.55621    -11.75571
    50.06556     43.80213    -10.43858
    35.50947     30.22935    -13.11910
    35.26797     30.72136    -12.94983
    51.22648     38.92801    -13.15221
    31.26453     43.79511     -9.65754
    20.15324     24.80181    -10.51700
    55.63670     51.39410    -13.11830
    54.91121     50.09779    -13.55362
    54.87245     50.05791    -13.56557
    45.30934     42.80972     -7.80260
    45.42607     42.80152     -7.78149
    33.28404     38.09285    -17.22033
    48.91895     42.23769    -10.36971
    48.82826     42.32249    -10.34581
    48.92007     42.34481    -10.25556
    43.05276     32.82208    -13.64059
    23.58013     24.40620    -13.96842
    33.95231     44.15649    -10.01138
    50.11383     43.92782    -10.51018
    50.76154     40.62259    -12.13959
    50.71863     40.63390    -12.10526
    17.48022     26.19648     -8.60049
    29.00794     39.64527    -11.09267
    29.04287     39.67183    -11.08855
    29.03918     39.71618    -11.11766
    50.17341     43.82321    -10.49516
    53.30030     40.94150    -15.02380
    23.61349     24.42713    -13.93284
    23.60910     24.43188    -13.94099
    52.16559     40.82359    -13.35967
    36.05150     36.83580    -16.65510
    34.93485     35.99902    -17.23052
    34.93018     36.00156    -17.23233
    20.06250     22.54315     -9.75815
    21.24250     23.52820    -10.46114
    49.87056     37.08324    -12.41818
    33.54885     38.06385    -17.92924
    33.48949     38.07552    -17.76885
    41.39105     29.40739    -16.71632
    41.35035     29.37264    -16.79850
    56.11370     65.20130    -24.32300
    43.80040     35.20457    -14.01085
    51.52484     45.05975    -11.47683
    51.58976     44.97476    -11.58587
    51.72821     52.40933     -8.84726
    33.16393     46.29308     -9.01231
    43.92690     43.35860    -25.81570
    51.67271     44.94986    -11.61988
    43.87240     46.62340    -23.87660
    45.63324     43.12882     -7.52541
    49.95794     37.16074    -12.45125
    49.95364     37.15928    -12.44037
    38.38798     31.45954     -7.60950
    37.81780     32.79150     -8.25670
    19.54294     28.14322     -8.11764
    20.94992     23.51042    -10.23798
    21.16193     23.43362    -10.33641
    21.15224     23.43745    -10.37793
    39.09470     36.69140     -8.59910
    38.46590     36.20860     -7.86160
    50.28912     43.74967    -10.65392
    21.51331     24.07832    -11.56382
    21.49480     24.04668    -11.55989
    52.84180     43.31282    -13.40860
    33.43110     37.96156    -17.74132
    37.32459     32.42100    -11.10465
    29.75154     36.36128    -13.57543
    45.18178     42.98874     -7.45391
    43.30450     28.23745     -9.70659
    50.84896     44.36946    -11.17474
    51.18648     44.85978    -11.43434
    37.85840     28.20460    -11.24300
    42.52436     38.02891     -7.11011
    49.79440     54.26780    -26.21010
    32.57927     22.46076     -9.65695
    32.82074     45.06328    -13.57866
    32.62895     45.24938    -13.81750
    32.65568     45.13664    -13.60594
    32.66077     45.15016    -13.60580
    51.14738     44.58234    -11.36904
    23.54800     37.18920    -10.53850
    36.68972     29.52069     -9.31080
    43.12454     31.52484     -8.21995
    37.94068     29.57197     -8.76672
    44.92470     31.47050    -10.29290
    48.81746     42.31464    -10.30428
    40.08249     54.85760    -10.24410
    42.02497     28.59229     -8.01741
    42.05479     28.77181     -7.85288
    42.33692     28.68230    -11.67289
    46.69087     32.80516     -6.86494
    46.67488     32.79431     -6.87550
    46.69720     32.79724     -6.87495
    25.08210     22.76080    -15.26680
    35.42583     20.10012    -13.36613
    35.57030     35.98860    -13.81830
    51.75630     52.57289     -8.09711
    31.66024     35.86982    -15.46046
    31.23876     43.69599     -9.51590
    40.73140     30.00080     -6.62840
    45.75293     43.20449     -7.50894
    26.84215     38.81230    -12.84942
    42.23779     33.56683    -12.50755
    35.79869     27.98964    -12.81006
    35.29808     20.12640    -13.88582
    50.36041     43.66007    -10.85313
    53.05829     43.54541    -13.65688
    38.27440     28.36460    -17.94510
    35.43211     20.01779    -13.58913
    31.11760     42.59271    -13.56884
    31.05331     42.58373    -13.56477
    18.51195     25.47500     -7.23508
    51.80600     51.99080     -5.95991
    35.50678     18.46384    -14.43065
    37.06258     30.72922    -18.56295
    38.25331     31.38649    -19.49709
    37.10522     30.69998    -18.50355
    39.66170     39.17189     -8.58844
    39.66590     39.16891     -8.58286
    51.22685     42.48563    -11.92022
    41.88688     29.24880    -13.66324
    51.90595     46.59235    -11.19105
    23.70370     37.25600     -7.08850
    45.88846     59.29852    -16.49476
    46.31780     59.10500    -13.12020
    45.91574     59.34018    -16.49334
    40.86798     38.43771     -9.37763
    28.64822     39.35405    -11.29698
    38.10897     27.87072    -15.38627
    17.48728     26.19962     -8.61711
    16.72220     26.36500     -9.86960
    49.88196     44.27771    -10.37352
    32.39993     24.99531    -10.58181
    26.55265     38.33275    -12.51009
    33.59221     47.66685    -11.85784
    52.13440     52.37881     -6.78566
    46.64577     39.57045    -14.24762
    36.11270     45.26220    -17.48320
    46.67160     39.58784    -14.29570
    46.68441     39.59878    -14.29137
    52.17411     52.47908     -6.76810
    29.25036     42.73746    -15.52522
    29.25254     42.75744    -15.49668
    58.57742     48.98332    -10.49505
    58.41718     47.55641    -11.14568
    58.40872     47.52579    -11.10752
    33.48549     47.60264    -11.85459
    38.40792     31.46126     -7.61200
    37.70199     21.23823    -17.09710
    37.72151     21.21917    -17.10260
    40.14294     28.66427     -8.30428
    40.15336     28.65303     -8.30662
    41.27144     35.34259    -11.77792
    20.28099     24.89664    -10.53544
    20.07700     24.83560    -11.54990
    43.67608     33.91223     -8.06309
    37.12319     27.46261    -22.02658
    52.00032     47.91398    -10.52307
    52.02534     47.90702    -10.54872
    52.02943     47.72302    -10.66012
    53.09266     51.59465     -7.35808
    21.62926     22.57149    -10.97054
    53.58323     49.77497    -11.73508
    49.18252     42.40459     -9.97837
    40.88918     26.96265     -8.16951
    42.62672     28.22600    -13.17590
    41.95892     36.79228    -11.88307
    37.02946     25.55067     -9.56969
    32.56691     24.61205    -11.14299
    32.53289     24.71426    -10.97498
    32.05500     23.83890    -10.58500
    41.02893     27.04922     -8.14336
    43.29588     34.36693    -11.65658
    43.73377     34.28565    -11.72245
    41.87400     29.09742    -13.72739
    41.88164     29.15413    -13.70964
    51.79639     52.43582     -8.19345
    21.63843     22.57697    -10.97234
    50.99959     40.69837    -12.28315
    51.04661     40.76569    -12.30892
    43.58669     33.95297     -8.11073
    43.63365     33.90452     -8.13134
    52.92986     51.58138     -7.34690
    41.27714     27.21452     -8.16041
    19.91651     23.58013     -9.31646
    50.23959     43.92507    -10.62178
    50.15836     43.94621    -10.45086
    19.89654     23.60463     -9.45459
    50.22578     43.82009    -10.54384
    48.88296     48.35110    -15.76298
    50.21050     49.60490    -15.33280
    48.86434     48.32890    -15.74342
    51.27675     51.01740     -7.36571
    29.76021     36.32323    -13.51188
    25.46360     21.12291    -12.94297
    56.39575     65.59845    -22.65147
    26.63686     20.73868    -12.25645
    26.67935     20.74335    -12.29072
    31.18336     42.61827    -13.50637
    31.19494     42.60177    -13.46949
    35.50853     18.49286    -14.38576
    51.38059     40.69068    -12.61288
    26.70327     20.90227    -11.36684
    53.01572     51.51379     -7.43877
    53.04808     51.47965     -7.42856
    36.62629     48.05790     -9.68283
    49.01544     41.90496    -10.50124
    35.77096     28.06365    -12.79530
    35.50146     27.94156    -10.65236
    40.79630     54.55709     -8.66089
    41.94656     29.13492     -7.70024
    48.92840     42.17352    -10.35668
    42.88975     31.02933     -7.98961
    51.65301     45.53002    -10.77415
    53.64154     49.81976    -11.70581
    29.41053     20.20642    -13.24349
    40.99821     27.17223     -8.08409
    47.45597     43.60091     -8.45498
    53.61652     52.48151     -8.42632
    53.57808     49.88003    -11.70055
    29.76838     36.31851    -13.40942
    29.85968     36.35175    -13.42660
    36.66995     29.53855     -9.27279
    23.06579     35.72554    -11.53412
    47.53138     43.64695     -8.16011
    48.99897     42.00611    -10.49241
    36.27805     25.53354     -8.40294
    42.54108     30.37993     -7.66863
    42.64731     30.52274     -7.79460
    51.37341     44.71386    -11.46344
    31.02893     43.08266     -9.45854
    50.99176     45.23479    -11.52291
    38.05033     27.91758    -15.35393
    20.20671     23.64328     -9.72138
    39.96140     37.24210     -9.47670
    26.08922     20.98704    -10.60657
    25.76452     20.97561    -10.44230
    25.73421     20.92569    -10.39215
    50.97393     42.70860    -11.69640
    51.72397     45.86017    -10.70497
    26.18371     20.65184    -12.93325
    34.82669     45.80124     -9.23538
    34.83857     45.82807     -9.24132
    34.85278     45.78054     -9.19136
    49.04321     44.16242    -12.75129
    29.64737     36.38579    -13.82888
    53.38580     49.79140    -11.79566
    53.54112     49.86505    -11.77813
    44.50801     40.32409    -13.17723
    37.46981     32.26554    -11.26979
    50.29973     43.83106    -10.76059
    32.68920     27.41650    -10.43760
    33.55840     46.62346    -13.84875
    36.69881     29.53176     -9.32680
    27.37580     19.40650    -13.56040
    22.40970     21.39250    -11.10800
    18.80457     31.05995     -9.53597
    43.73631     36.34241     -8.24889
    51.45745     41.63055    -12.27656
    36.17300     48.72740     -8.15300
    59.74864     52.17348    -10.03416
    53.48750     42.70070    -14.91330
    37.65792     32.70922    -13.15189
    36.65429     24.60752     -9.22368
    22.41520     22.65730     -9.38360
    42.01406     29.01017     -7.76096
    42.71885     34.47636    -11.56874
    42.68923     34.57261    -11.59278
    26.74357     20.75528    -12.01886
    21.46327     23.03686    -11.94389
    37.76335     31.60087    -11.12387
    37.80815     31.41533    -11.02107
    35.72472     29.11289    -10.13854
    45.19750     36.58100     -8.19230
    41.83961     27.76279     -8.25187
    42.39656     26.55862     -9.24335
    35.19277     30.97933    -13.04815
    34.82790     33.64310     -7.66290
    43.71652     33.99161     -8.01021
    30.00542     36.43475    -13.36633
    30.30066     36.66781    -13.36065
    23.84018     33.15777    -13.80352
    24.11910     31.65590    -14.19770
    40.11701     33.65682    -11.70732
    35.75009     28.31291    -13.06050
    35.77186     28.23301    -12.94359
    19.53566     28.14258     -8.12716
    48.47572     49.79872    -11.38305
    48.47414     49.88327    -11.34392
    48.48704     49.77169    -11.41509
    41.87589     33.76329    -11.55704
    42.40177     26.52689     -9.20532
    38.43990     52.98980    -10.40000
    40.36930     28.90750    -11.08900
    36.87768     25.22565     -9.57826
    53.03268     44.14803    -12.02909
    52.99070     44.19969    -12.03328
    55.58560     48.26350    -15.06370
    39.91320     28.22099     -6.75418
    39.94413     28.26289     -6.68412
    39.74127     54.33009    -10.00336
    42.24033     42.10554     -9.16246
    42.26027     42.03522     -9.23618
    42.29630     42.00835     -9.26356
    33.98845     48.03546    -11.65275
    35.70315     27.90744    -12.53789
    47.52370     36.89560    -10.84190
    35.75624     29.05540    -10.08400
    42.68011     34.30190    -11.49219
    35.74349     28.30954    -13.17427
    26.40855     38.32972    -12.48383
    17.86890     33.31230     -3.54400
    31.36463     44.11834     -9.53298
    42.59208     28.23328    -13.07000
    39.47210     53.71933    -11.67456
    42.16036     37.48591    -10.94063
    42.25552     39.79835     -9.91520
    53.45968     49.99237    -11.95206
    24.08008     33.31601    -13.87032
    42.76426     37.98751     -8.02829
    42.83731     38.14050     -8.18485
    34.63179     45.17653    -13.20945
    43.73373     41.63447    -10.18460
    37.12710     19.25490    -13.25670
    54.04540     50.53200     -8.91750
    26.29670     37.49390     -9.91120
    35.34384     30.55150    -12.93678
    19.44520     22.35050     -8.15680
    39.34200     34.16610    -12.78820
    59.96320     54.30510    -22.23780
    59.52880     54.04700    -21.11690
    59.65050     54.93570    -20.09180
    45.25123     46.31248    -26.59946
    49.85145     45.55731    -10.21951
    53.21497     43.73593    -13.82634
    28.34652     24.99885    -14.06886
    28.35808     25.00815    -14.10824
    36.51202     47.77483     -9.86060
    36.63955     48.01298     -9.71732
    38.99694     29.47240     -9.84333
    38.94597     29.54929     -9.88405
    36.71649     34.26805    -12.09164
    52.83508     49.51624    -11.92643
    30.71004     42.26124     -9.80211
    59.73563     51.97381    -10.14443
    52.29383     52.63304     -6.81857
    29.29034     33.63820    -11.62238
    29.27117     33.56919    -11.56332
    29.27571     33.69682    -11.69630
    35.86460     50.13430     -8.09360
    52.15470     38.42500    -10.76880
    39.40110     40.90210     -9.53460
    34.26826     48.28716    -11.37380
    36.47630     26.76740    -12.25440
    28.60700     35.49150    -11.00160
    28.47760     34.78550    -12.31300
    39.38041     32.37100     -8.16829
    23.15443     23.19049    -12.58910
    23.26962     23.12909    -12.46631
    23.16787     23.10623    -12.48490
    34.43110     43.09450    -20.58980
    34.05380     42.96560    -17.63400
    31.31016     34.21334    -16.47567
    31.36725     34.23271    -16.49764
    49.13010     49.32940    -10.31950
    49.59680     37.17130     -8.03180
    42.25620     29.92098     -7.55863
    59.97428     52.43268    -10.85054
    48.00910     42.82540    -15.32550
    33.71474     26.27513     -8.65468
    33.77406     26.01246     -8.55968
    28.69250     38.77950    -13.45680
    48.13980     62.62900    -16.83150
    37.77550     45.24520    -21.96600
    45.54010     42.65205     -7.81493
    50.79450     43.02741    -11.48667
    19.70630     27.26990    -14.20460
    25.71730     24.01840    -14.62910
    30.83653     42.21457     -9.95167
    30.78689     42.38288     -9.78853
    42.22886     37.99639     -6.28121
    42.27577     37.82048     -5.96721
    42.25576     37.79044     -5.96778
    39.43127     53.72415    -11.76131
    39.51727     53.79262    -11.68566
    39.40332     53.79045    -11.81699
    37.53750     35.57940    -10.89980
    47.52417     43.65337     -8.33853
    42.41671     26.55918     -9.26245
    38.17837     41.32131    -18.30145
    59.01260     51.52240     -8.65790
    35.48920     49.55510     -6.83640
    20.04596     22.50795     -7.27066
    42.43257     34.13401    -11.62998
    35.70148     29.88001    -13.41660
    42.09911     54.14859    -10.67779
    42.18847     54.07639    -10.78581
    42.15697     54.12316    -10.83879
    52.06020     59.89710    -22.93630
    52.62240     59.43380    -24.33510
    42.13907     32.68355     -7.21862
    38.07680     31.82080    -14.85930
    39.04506     31.21235    -14.54659
    38.95931     31.04571    -14.51898
    39.90612     28.16528     -6.79948
    32.35380     44.35800    -12.54240
    21.40969     23.62880    -11.74005
    47.70320     45.95270    -14.10210
    21.97390     25.77067    -11.94055
    38.33250     26.83410     -7.76300
    33.87230     31.44090    -13.88690
    37.73234     49.26782    -12.37727
    33.56230     46.55404    -13.81465
    32.95910     22.22350    -11.00510
    42.48480     32.09160    -14.74700
    39.61860     26.99760     -5.94330
    53.36559     54.76316     -8.02370
    53.36427     54.80404     -7.87468
    53.32418     54.75312     -8.09652
    26.02710     38.04688    -12.40186
    40.94891     38.57165     -9.48216
    23.59260     34.84070    -14.41390
    42.51550     29.76150     -8.96530
    41.41930     36.94940     -7.92720
    40.42672     32.86550    -11.11956
    50.60028     56.87208    -25.27692
    49.31240     57.36660    -24.91240
    50.62092     56.89192    -25.28728
    55.10430     56.03850     -8.77580
    31.75200     20.96740    -12.66180
    41.41570     53.02850     -7.48610
    26.88497     38.35437    -10.34600
    54.86480     59.73460     -8.00220
    56.67740     60.55160     -9.56270
    43.68563     36.35997     -8.28835
    36.18356     25.57136     -8.68931
    51.60423     45.54714    -10.57416
    35.20495     31.21301    -13.25381
    20.78430     28.26350     -8.84910
    45.07280     38.72260     -7.24850
    42.40290     27.14730    -11.33240
    40.98180     37.92530    -10.96230
    41.31760     52.31690    -14.82860
    42.22254     39.75542     -9.71106
    51.92310     46.75611    -11.38978
    52.86470     46.89590    -11.89150
    47.37651     35.13237    -10.89963
    42.80069     39.64105     -6.45297
    42.79531     39.68585     -6.50203
    35.65704     29.14038    -10.16426
    46.55995     38.09079    -14.93614
    56.48882     65.60483    -22.64670
    45.37977     40.93725    -12.54040
    45.36853     40.94805    -12.55730
    57.67689     47.79033    -16.98200
    36.70961     34.24365    -12.09556
    41.17830     32.06140    -12.24380
    18.61274     31.36615     -8.11344
    18.69280     31.44908     -7.90022
    18.72477     31.38951     -7.90022
    30.19360     15.51390    -22.92640
    30.12750     13.82510    -22.58130
    35.52574     27.92524    -10.67344
    47.53863     33.89615     -7.84525
    34.86110     25.91790    -13.95890
    33.73748     26.36254    -20.29996
    33.74245     26.32786    -20.57233
    33.56111     26.39343    -20.27180
    33.86374     26.37977    -20.26127
    51.77993     52.02943     -9.24669
    41.09240     40.21000    -10.34990
    52.90703     43.37475    -13.51939
    28.23451     39.06698    -11.55834
    24.24700     33.38884    -13.93360
    25.58180     33.56560    -13.92480
    24.36611     33.53467    -13.98326
    45.59025     42.53820     -7.78159
    32.75480     44.79920     -8.86670
    31.45530     35.89290    -12.17470
    41.57372     30.76790    -14.76094
    46.50875     38.13161    -14.88756
    56.27390     53.54740    -12.86100
    54.21142     53.14880    -11.74355
    33.98590     27.81760    -10.62090
    35.74300     31.87480     -8.37430
    20.07920     22.55945     -9.79215
    30.06371     19.47065    -13.19315
    41.98223     54.17088    -10.44967
    37.36829     29.73388    -10.97438
    45.38650     40.61960    -14.06780
    52.60150     51.17700    -10.47940
    31.40980     34.22868    -16.55944
    39.10879     31.34449    -14.58901
    50.11230     57.99950    -24.53740
    36.69930     22.92220     -7.11420
    17.89753     26.37894     -6.35860
    35.90560     30.36360    -10.71670
    58.58208     48.97998    -10.44845
    29.72291     19.78787    -13.23109
    34.25830     48.25633    -11.46925
    48.40604     42.66832     -8.48805
    25.31368     21.52495    -12.56572
    31.65200     37.81280    -17.97280
    40.18932     33.35047    -11.54591
    36.18544     25.51637     -8.59732
    51.94663     52.01028     -9.22364
    40.15992     32.16861    -11.67831
    25.43800     39.56780    -13.07590
    53.60428     52.49859     -8.40408
    37.65274     32.67749    -13.20577
    37.66362     32.66301    -13.17460
    43.30521     41.00265     -9.18210
    43.31519     41.03275     -9.17190
    18.34174     28.09984     -6.87564
    37.94672     29.58253     -8.68348
    58.90550     50.36640    -17.29480
    42.97515     38.50351    -12.35081
    42.90233     38.68074    -12.42191
    47.05613     45.06550     -9.18466
    33.26428     32.64568     -7.65918
    38.94700     35.32140     -8.27030
    43.03944     32.86262    -13.71441
    36.07480     27.07360    -21.39060
    37.09392     27.41216    -22.04060
    37.12207     27.39497    -22.01243
    40.77734     54.81747     -8.71114
    57.78140     45.95380    -19.94950
    37.76354     49.54994    -13.92891
    37.68276     49.26678    -12.43183
    37.77346     49.51446    -13.98359
    30.66160     41.06190    -14.08760
    34.68270     36.54420    -13.39960
    54.61300     43.71910    -15.58420
    40.71210     29.26760    -14.61570
    42.25635     39.84374    -10.02885
    38.40650     49.43370    -10.64190
    31.67064     21.74585    -11.38586
    31.66126     21.75995    -11.39384
    36.22108     25.51063     -8.46932
    34.27820     23.30980    -10.11930
    32.88900     42.85680    -13.01050
    35.86435     28.95664    -10.04571
    55.90230     62.32160    -24.12560
    51.72941     52.23950     -9.26348
    25.37660     34.78060     -9.73300
    40.17465     35.43074    -13.23483
    39.93560     36.78020    -12.50270
    32.35790     42.74610    -11.73460
    47.47770     44.19900    -13.70570
    57.84320     56.62030     -7.86500
    23.12567     23.12613    -12.55580
    38.88730     32.82940    -13.76680
    49.22880     39.52600    -14.66970
    60.88582     54.62720    -24.13616
    57.43748     65.54771    -23.97359
    57.45242     65.53429    -23.94801
    24.61980     38.97760    -13.19020
    35.61120     19.78610    -17.46600
    36.00020     19.98510    -18.45060
    45.66370     42.72548     -7.81972
    31.31558     43.48386     -9.31980
    25.33034     21.38178    -12.67334
    41.26906     35.31571    -11.75578
    41.73940     31.51360    -13.10320
    35.81231     46.69594     -8.80899
    47.95640     38.70150    -15.20240
    51.25005     50.98750     -7.39219
    40.27169     54.95748    -10.18197
    33.66206     26.48405     -8.76193
    51.88270     40.08390    -11.64370
    40.12522     31.81849    -11.95815
    38.12238     41.32840    -18.35072
    38.25986     41.34552    -18.28633
    37.59620     40.27070    -19.39160
    46.50560     40.92520    -10.37440
    40.11943     55.15121    -10.47101
    58.10880     48.58530     -9.03170
    26.86463     38.37133    -10.29450
    33.04490     37.15200    -15.08230
    40.61260     27.52830     -9.28980
    36.53060     30.71140    -12.32960
    33.56281     44.81359    -13.23312
    56.12880     66.11570    -20.89740
    44.41064     36.15990    -12.08585
    44.35196     36.18560    -12.06335
    43.83497     36.54698    -13.11241
    47.52877     33.92885     -7.78435
    47.88775     35.17600     -7.45860
    47.84325     35.18510     -7.52040
    18.17360     26.44880    -13.23670
    16.90820     27.37747     -5.85233
    25.84970     37.40030     -8.33290
    43.66942     36.38688     -8.37442
    37.82130     32.74550    -20.33430
    38.22839     31.42641    -19.55741
    42.26465     39.77150    -10.04656
    25.59659     22.65130    -13.38841
    25.62021     22.63460    -13.34649
    41.91020     56.49160    -10.16880
    35.79071     46.72812    -10.03062
    43.28200     34.31088     -7.97200
    49.75363     45.55238    -10.17560
    40.90694     38.50663     -9.40214
    44.85100     42.72200     -5.11700
    17.92717     26.34216     -6.30260
    41.99400     25.30230    -10.42310
    41.04740     27.61090     -6.81670
    45.71751     39.83184     -6.73943
    45.70889     39.86386     -6.72777
    36.08071     47.13235    -10.02961
    48.08534     40.00177    -14.66958
    35.20327     32.57348     -7.11186
    40.91060     34.23550    -16.75230
    47.58240     43.67306     -8.45740
    45.20679     37.88478    -13.12343
    31.77660     34.16000    -14.99030
    51.67557     41.84089    -12.59324
    35.54890     23.84040    -10.64570
    39.06028     29.45313     -9.83573
    30.29420     19.53580    -12.01570
    45.45240     34.36470     -9.65390
    48.05746     39.95353    -14.72692
    58.56975     56.41652    -10.34292
    58.91311     56.32918    -10.32201
    58.73445     56.38553    -10.35596
    33.90027     25.77664     -8.47392
    56.15560     63.33370    -20.96360
    33.97929     44.16821     -9.99272
    23.16380     34.64120    -10.43160
    28.68840     20.99970    -11.78360
    25.50603     38.25953     -6.59217
    33.08599     46.28850     -8.99922
    33.00601     46.31562     -8.93075
    54.89410     47.01979    -13.72377
    17.22100     27.36020     -4.82280
    16.87690     27.32673     -5.82567
    48.79140     41.78940    -15.56950
    49.00420     42.72730    -15.12510
    34.92133     46.92945    -12.21797
    34.88867     46.92175    -12.26073
    29.63310     27.52730    -12.52930
    17.78180     25.71350     -4.95540
    49.01080     57.13290    -22.80250
    48.74850     56.08120    -23.80340
    33.22192     32.66382     -7.73152
    35.76199     46.71206     -8.76361
    21.08920     24.26700     -8.87600
    30.83413     30.05188     -7.71519
    21.95520     25.81283    -11.97105
    45.03790     49.15630    -27.34960
    43.94640     28.53020    -14.08800
    32.37460     46.64870    -12.03440
    49.29340     34.98100     -9.35492
    22.59080     34.26580    -11.52790
    43.76523     36.42836    -13.19295
    48.43006     42.67658     -8.42515
    42.18690     38.59910    -13.81000
    19.12790     30.92560     -6.30180
    42.45096     34.95222    -13.56940
    39.27300     33.66610    -10.49120
    29.45460     41.52220    -10.40850
    49.26380     42.70740    -13.37530
    46.61479     46.33972     -6.55100
    46.61531     46.31318     -6.55660
    44.85030     47.70500     -5.77110
    22.82200     26.60730    -12.68810
    45.72804     37.35479     -9.66130
    31.67065     26.54286    -10.93746
    41.60940     28.84850    -15.20900
    39.67990     45.18180    -19.60970
    16.49600     29.29630    -16.03870
    36.05690     31.93960    -12.23170
    40.73700     52.99160    -11.98560
    47.02427     45.06940     -9.23694
    32.99360     28.94420    -10.75110
    25.89790     32.00640    -13.19250
    45.77066     37.37231     -9.70640
    49.41710     57.60880    -20.40500
    19.53190     29.85280     -9.96690
    42.73020     57.07150    -10.18100
    43.37440     57.70320     -9.08090
    22.23160     26.24140    -11.07290
    34.39270     46.57750    -10.45350
    30.77680     27.94290    -10.40010
    29.03240     25.43170    -13.00510
    33.30580     17.84170    -15.31120
    48.53230     48.02960    -14.10150
    31.42610     37.57310    -15.99920
    54.84870     47.02071    -13.78033
    35.25573     32.57022     -7.13494
    28.66000     27.01520    -12.69600
    43.80180     33.95610    -13.87500
    29.59280     44.43680    -13.51140
    29.59470     43.44750    -13.68520
    39.50520     27.73760    -15.44420
    33.94190     48.43720     -9.26220
    31.18540     46.23060    -15.59000
    31.45920     45.83530    -14.20260
    32.61773     22.41044     -9.70105
    43.01256     38.34051    -12.28998
    42.88980     26.81090    -14.48280
    39.41130     29.35850    -24.47000
    41.44500     25.02200     -7.22820
    19.21470     27.23210     -6.58750
    20.10430     22.30070    -18.06400
    20.62090     25.06050    -19.23630
    32.45150     26.30710     -7.97960
    32.83460     26.90890     -6.82700
    44.49619     40.32711    -13.25947
    22.41080     34.20410    -13.61540
    40.30490     24.11620     -6.60510
    28.08980     24.34570    -15.65960
    51.49680     58.01020    -19.51310
    51.66870     58.36500    -18.49070
    25.35550     39.39550    -15.87860
    43.55830     40.48090     -4.81850
    24.95080     36.45080    -12.90720
    35.16160     27.68090    -14.81930
    18.09360     27.16690     -5.57140
    29.89900     39.27480    -15.11640
    48.18280     45.75510     -8.67390
    43.59060     41.33300    -13.38000
    49.83630     62.97820    -21.28470
    41.54608     30.77140    -14.77806
    22.37170     22.43420    -14.22210
    41.24120     51.32250    -16.82890
    49.30850     34.94780     -9.39048
    29.80736     35.64224    -15.66007
    29.83744     35.72526    -15.66633
    52.85010     48.25360    -12.01490
    18.40336     28.14346     -6.88566
    33.35790     36.18270    -17.70980
    40.75640     54.49076     -8.60109
    50.03530     44.92620    -13.30080
    34.09100     20.91090    -11.28890
    41.92280     30.94300    -16.50350
    28.38260     18.26430    -13.36990
    32.53677     45.59214    -14.30553
    40.12675     35.38656    -13.28557
    30.90397     30.06942     -7.69361
    36.51050     41.11700    -17.67680
    45.27520     43.31500    -11.30130
    44.42800     43.26040    -10.56210
    22.11080     35.81240    -10.03390
    37.89704     44.13674    -23.53382
    37.90256     44.15316    -23.54248
    20.44677     25.00863    -10.58237
    45.18661     37.92142    -13.19397
    43.92220     35.09830     -8.69060
    42.32370     32.06870    -11.35800
    24.65100     21.18370    -14.69410
    24.61870     19.79740    -14.35230
    25.26470     35.40590     -8.72060
    53.12840     47.86480    -12.94110
    20.04274     22.44855     -7.23504
    31.65530     31.13650    -12.12480
    18.22420     26.13560    -10.30060
    29.95250     43.30100    -12.39860
    26.76010     18.81160     -7.32450
    33.16640     41.19940     -6.84530
    54.22000     47.13320    -12.60330
    35.21890     16.95400    -12.52680
    18.67370     24.49300    -17.50850
    34.17950     22.68200    -16.91630
    17.92970     28.00320     -8.32100
    33.59720     24.69260     -9.42220
    49.62000     41.68430    -14.51880
    50.55590     59.22670    -23.32330
    41.31240     33.17750     -8.21680
    34.81330     49.53270     -5.64460
    36.63240     51.07660     -5.95940
    48.73470     61.40290    -11.50270
    18.66220     28.18290    -10.38880
    28.73814     37.84007    -15.31260
    42.90985     34.72320     -7.73496
    51.12380     41.97430    -14.62060
    30.51638     34.34789    -13.67560
    36.50520     29.28750    -14.72760
    18.46230     24.44990     -8.45210
    25.50237     38.22837     -6.58223
    41.02310     53.09650    -10.14700
    47.11350     57.17400    -19.60400
    53.81820     51.38760     -9.57130
    32.90660     31.78430     -6.87190
    28.69656     37.84773    -15.28670
    37.71450     27.26970     -8.92110
    55.24880     46.48730    -15.04450
    35.09180     33.91190    -18.83450
    50.81190     59.01320    -24.33220
    23.18780     21.37000    -10.45080
    45.87200     42.71960    -10.18740
    34.51110     24.52160    -19.07710
    29.57350     28.33810    -19.65320
    39.48090     27.72830    -13.80310
    18.56335     25.41880     -7.23732
    49.00899     44.20508    -12.70011
    42.09003     32.71055     -7.18558
    37.76880     28.98520    -14.37940
    50.39170     58.06940    -21.00940
    54.19928     53.19240    -11.71445
    34.60750     38.02690    -21.63930
    25.71450     39.31980     -9.21900
    23.15820     21.42410     -5.53430
    30.84520     37.29310    -22.59600
    36.28260     48.65140    -11.37600
    38.50660     34.28780    -14.59280
    39.22560     43.62550    -27.10760
    39.82010     45.91080    -17.82930
    46.76820     37.76060    -12.27300
    31.64445     26.50984    -10.99444
    51.33430     57.48930    -23.73610
    50.96330     47.55530     -7.77730
    19.07150     25.24200     -9.09370
    50.60565     64.46040    -23.92008
    52.43970     64.98020    -23.98260
    50.59015     64.49530    -23.91792
    30.45032     34.34201    -13.67400
    43.91020     33.15360    -16.14580
    33.03550     45.98930    -10.87470
    37.56120     24.48320     -6.56660
    38.81100     22.74720    -10.33140
    19.91350     26.11470     -7.88740
    32.73970     25.93380    -17.92810
    18.82420     23.49530    -13.60770
    43.33410     56.46680    -13.13940
    28.78740     41.21090     -5.31540
    20.78460     29.74560     -9.72620
    22.21750     20.82420     -9.62620
    57.58050     64.72880    -20.73380
