    36.02200     21.08291    -15.82871
    56.64770     48.03960    -16.63710
    57.67450     47.79075    -16.97604
    51.94939     46.94179    -11.13709
    36.02160     21.08305    -15.82994
    42.04326     29.34929     -7.63786
    42.00767     29.27242     -7.64449
    42.01115     29.26608     -7.64794
    52.55862     41.23568    -13.95493
    56.39155     65.61145    -22.65010
    53.56955     55.21950     -8.36630
    53.70567     55.50342     -8.54407
    36.03013     21.10252    -15.55422
    55.82358     57.28965     -9.80746
    55.82246     57.28830     -9.81720
    55.82319     57.28884     -9.80636
    55.82300     57.28835     -9.80772
    26.47337     20.66604    -12.58686
    42.67103     34.37959    -11.56646
    48.81459     42.30106    -10.30670
    48.79165     42.31239    -10.30131
    48.78794     42.31279    -10.30206
    40.36475     33.16715    -14.83637
    26.46920     20.66441    -12.59744
    26.46796     20.66405    -12.59681
    26.47640     20.66723    -12.58188
    35.40642     20.04833    -13.67657
    26.65854     38.56377    -12.65693
    26.63699     38.54303    -12.64697
    26.63189     38.54443    -12.64426
    36.02305     21.08515    -15.82203
    36.02268     21.08375    -15.82403
    36.02246     21.08567    -15.82168
    33.58533     25.97992    -10.93150
    33.58656     25.98177    -10.93099
    33.58264     25.98579    -10.93404
    51.48924     49.73929     -9.92231
    51.48966     49.74882     -9.86920
    51.48944     49.74234     -9.90160
    26.46522     20.66381    -12.60455
    42.91856     35.05885    -13.67454
    43.62830     28.38030    -11.01270
    36.02381     21.08785    -15.82808
    55.63043     64.47253    -22.33917
    55.63072     64.47280    -22.33933
    55.63020     64.46996    -22.33181
    55.63001     64.46882    -22.33723
    43.03104     31.33822     -8.12724
    40.34516     32.88553    -14.71126
    51.80415     52.20650     -9.00132
    30.32977     32.13403    -16.12926
    30.32448     32.13696    -16.12669
    30.32468     32.13649    -16.12594
    30.32583     32.13646    -16.12594
    35.40639     20.04811    -13.68060
    35.40454     20.05085    -13.68430
    34.54932     31.03928    -10.48962
    34.54757     31.04039    -10.47364
    34.54645     31.03944    -10.48087
    34.54702     31.03914    -10.47965
    51.98197     52.46919     -7.33879
    55.69972     56.25374    -14.36206
    55.69966     56.24586    -14.35743
    55.70043     56.24999    -14.36004
    43.05510     28.57072     -9.95014
    43.04627     28.58031     -9.95677
    43.04680     28.58171     -9.95903
    43.04693     28.58205     -9.95779
    26.48077     20.67026    -12.57464
    26.48189     20.66902    -12.57586
    26.48490     20.66949    -12.57014
    54.87577     50.08468    -13.54830
    34.54203     31.04824    -10.45365
    33.58638     25.97224    -10.92727
    33.58583     25.97923    -10.93155
    37.69618     31.69089    -11.10645
    36.04969     21.14727    -14.80291
    36.04916     21.14605    -14.81863
    36.04957     21.14477    -14.81905
    33.53085     38.08099    -17.85947
    50.31218     43.89785    -10.69708
    40.02920     31.29820     -9.37230
    39.30406     32.37091     -9.57596
    42.33035     28.68142    -11.70398
    26.46830     20.66309    -12.59865
    40.27646     32.57391    -11.45434
    40.26222     32.70857    -11.45762
    51.48943     49.73807     -9.92597
    40.38727     33.00747    -14.80889
    43.78243     35.25810    -13.93885
    40.64688     34.33658    -10.24050
    40.66239     34.32296    -10.24336
    26.46886     20.66419    -12.60178
    43.12484     28.46522     -9.84607
    43.08867     28.52297     -9.90488
    43.12786     28.46080     -9.84922
    60.87284     54.62049    -24.09964
    43.05520     28.57288     -9.94871
    35.40591     20.04428    -13.68376
    35.40923     20.04221    -13.67940
    39.37635     32.37239     -8.19285
    39.36922     32.37227     -8.19235
    55.63121     64.46827    -22.34993
    49.87641     37.03102    -12.39258
    49.87550     37.03056    -12.39191
    49.86509     37.01615    -12.37895
    59.67639     51.65604    -10.32030
    59.58833     51.30203    -10.35223
    42.70876     37.92203     -7.71505
    26.64184     38.57317    -12.68192
    29.47533     20.20335    -13.19294
    29.48166     20.18378    -13.19603
    29.48175     20.18526    -13.20002
    33.45023     20.31980    -12.70222
    33.43871     20.30616    -12.71061
    33.43571     20.30855    -12.71082
    33.43967     20.30991    -12.70931
    42.69245     34.40477    -11.55595
    26.68499     38.63233    -12.73601
    53.45562     54.98683     -8.20723
    35.40650     20.03595    -13.68608
    31.13139     42.59764    -13.52275
    42.69265     34.40393    -11.55500
    35.52735     37.07364    -14.64269
    35.52826     37.07261    -14.64394
    51.31630     44.86882    -11.42629
    42.70056     34.38398    -11.55393
    42.20703     33.50844    -12.67848
    42.20832     33.51155    -12.67821
    42.20572     33.50939    -12.68129
    52.58977     41.27595    -14.00581
    52.58637     41.27118    -14.00131
    52.57077     41.25026    -13.97859
    35.40574     20.05584    -13.65845
    31.29350     43.83263     -9.59382
    26.46272     20.66276    -12.60392
    43.78712     35.25814    -13.93716
    43.78733     35.26008    -13.93574
    18.62430     31.26605     -8.75775
    43.73913     41.55476    -10.20980
    40.62693     33.97005    -10.37757
    34.18138     44.96893    -12.95383
    33.63228     44.72157    -12.52114
    33.45815     44.60091    -12.17532
    45.26810     46.33700    -26.61852
    47.62420     47.50910    -26.54980
    45.26795     46.33859    -26.62075
    40.38867     33.00911    -14.81275
    40.39370     33.01095    -14.80754
    40.38751     33.00910    -14.80929
    32.49594     24.78402    -10.88193
    49.88040     37.03873    -12.39376
    20.01313     23.60150     -9.44523
    51.22466     38.93614    -13.14305
    48.71625     35.33434    -11.70179
    42.04221     37.09625    -11.42452
    47.97890     50.27559    -12.70492
    47.97840     50.27090    -12.70102
    47.98107     50.27137    -12.69914
    23.58597     35.73413    -11.77455
    23.62821     35.73654    -11.79000
    23.06393     37.09006     -9.06218
    23.06189     37.08918     -9.06263
    23.06181     37.09424     -9.05683
    59.80369     52.12620    -10.35548
    35.41345     20.04295    -13.67592
    40.37657     32.98319    -14.78866
    21.18587     23.53861    -10.48947
    23.72658     35.74075    -11.82044
    35.39876     20.05005    -13.68869
    48.24860     39.83500    -10.68533
    48.24520     39.82682    -10.68728
    48.24062     39.81106    -10.68548
    40.65573     34.24879    -10.26185
    40.66554     34.28701    -10.25530
    50.29112     43.86735    -10.68135
    47.39060     37.73260    -10.30010
    47.68924     37.79180     -9.30102
    47.68936     37.79170     -9.30168
    42.32774     28.69539    -11.67173
    42.33026     28.69471    -11.67398
    42.32687     28.69211    -11.67758
    40.37831     33.04420    -14.81686
    48.73983     35.41879    -11.71770
    48.74393     35.41956    -11.71740
    48.72968     35.40066    -11.71102
    48.25032     39.83643    -10.68412
    43.25650     34.51280     -9.97920
    37.33940     29.20870    -21.84140
    36.62894     24.43968     -8.95801
    21.38447     23.72356    -11.15584
    27.46950     21.05010    -13.79130
    20.04558     23.60810     -9.51478
    40.71851     31.38722     -7.66613
    40.71799     31.38758     -7.66497
    45.50959     42.92302     -7.65456
    42.71752     37.93718     -7.75326
    31.27571     43.78657     -9.61891
    31.27486     43.78905     -9.62556
    53.73918     45.73354    -13.47368
    53.74451     45.74917    -13.47553
    53.74133     45.73930    -13.47628
    53.74240     45.74008    -13.47434
    31.71692     35.88542    -15.38128
    31.71163     35.88450    -15.38910
    51.09811     40.91741    -12.26812
    34.38287     45.05184    -13.04148
    34.38330     45.05557    -13.05054
    34.92745     36.00930    -17.25613
    37.36647     29.74536    -10.95744
    51.10155     40.93264    -12.26087
    26.65186     38.60132    -12.71867
    26.66468     38.60627    -12.71556
    36.01698     21.07881    -15.83642
    36.01807     21.07007    -15.84166
    42.70751     37.93953     -7.71493
    42.71093     37.93813     -7.73012
    42.91500     31.80250    -17.05960
    35.51877     37.07015    -14.64216
    51.04961     40.86302    -12.24596
    51.12600     40.97622    -12.26063
    45.52287     42.92942     -7.64771
    45.51342     42.93604     -7.63849
    47.48680     35.15507    -10.97175
    31.28440     43.79455     -9.60111
    21.52440     22.89245    -11.51712
    21.50566     22.98376    -11.54790
    37.45637     32.27214    -11.26041
    43.74041     41.55071    -10.21391
    35.52935     37.07762    -14.64322
    35.53228     37.08099    -14.64710
    35.53352     37.07861    -14.64380
    42.70560     37.94154     -7.68841
    41.99951     36.95501    -11.61481
    36.64661     24.50292     -9.01067
    36.64810     24.50282     -9.01537
    26.62613     38.53539    -12.64423
    46.99550     34.16610     -9.91470
    33.57340     31.86200    -10.78330
    18.64509     31.17646     -9.19623
    18.62247     31.19744     -9.17416
    34.86877     45.83186     -9.27001
    42.00611     29.21938     -7.66419
    42.01154     29.23329     -7.66567
    49.45390     46.16210    -11.32420
    23.45720     25.47900    -13.28050
    52.09413     52.41432     -6.74396
    52.07925     52.38797     -6.68611
    26.62467     38.56724    -12.68572
    42.00734     29.13186     -7.70462
    51.81444     52.48015     -8.03382
    51.80908     52.47980     -8.05237
    33.53119     38.08619    -17.86803
    31.29979     43.74880     -9.57374
    33.57544     26.00105    -10.94777
    27.60050     32.67590    -17.18070
    41.03977     27.09899     -8.13066
    41.02983     27.09734     -8.13322
    53.02611     51.54180     -7.39432
    49.66860     57.84150    -23.36600
    34.69810     33.59550    -16.31990
    51.22579     38.93604    -13.14230
    21.53881     22.83561    -11.44994
    29.86227     36.39899    -13.47408
    41.35331     29.38226    -16.79455
    43.78146     35.26985    -13.92936
    31.28706     43.77376     -9.59376
    31.29632     43.77461     -9.60109
    33.53587     38.08777    -17.87084
    33.53305     38.08676    -17.87446
    23.06519     37.08701     -9.07168
    23.06643     37.08524     -9.06978
    41.99612     29.11183     -7.73818
    49.74733     45.44791    -10.20504
    28.08609     39.00779    -11.48113
    28.11892     39.02241    -11.46650
    28.12546     39.02382    -11.47286
    28.09232     39.01295    -11.47133
    39.30494     32.37159     -9.57194
    38.30370     23.94830     -8.91820
    23.13100     35.61900     -9.25200
    55.70038     56.25942    -14.36463
    55.87710     56.37610    -15.51020
    23.53588     35.73493    -11.75508
    39.99991     54.70968    -10.17001
    45.59839     42.98826     -7.60163
    26.67178     38.62417    -12.74050
    43.68422     35.23571    -13.90577
    42.01345     37.00218    -11.55052
    48.75610     35.44769    -11.72280
    48.74928     35.43374    -11.72192
    50.20940     43.85919    -10.59609
    35.40029     30.49995    -13.10364
    35.32766     30.66698    -13.06410
    51.22548     38.93444    -13.14462
    31.28012     43.77384     -9.60161
    20.27219     24.88701    -10.54062
    55.63670     51.39410    -13.11830
    54.88405     50.08528    -13.55126
    54.87839     50.07945    -13.55300
    45.49314     42.90129     -7.67410
    45.51134     42.90059     -7.67073
    33.48073     38.08157    -17.73840
    48.85570     42.27267    -10.31980
    48.84099     42.28641    -10.31579
    48.85528     42.28976    -10.30209
    43.04708     32.83938    -13.67210
    23.59787     24.41947    -13.95048
    33.96383     44.16149    -10.00341
    50.23465     43.89231    -10.62289
    51.01097     40.82040    -12.23786
    51.00409     40.82185    -12.23244
    17.48323     26.19782     -8.60759
    28.91395     39.58302    -11.15240
    28.91988     39.58756    -11.15141
    28.91960     39.59425    -11.15554
    50.24397     43.87613    -10.62129
    53.30030     40.94150    -15.02380
    23.60275     24.42252    -13.94528
    23.60211     24.42322    -13.94647
    52.45550     41.12705    -13.80021
    36.05150     36.83580    -16.65510
    34.92951     36.00606    -17.24762
    34.92883     36.00643    -17.24788
    20.06963     22.55011     -9.77267
    21.18907     23.54023    -10.48839
    49.87846     37.04623    -12.39768
    33.52541     38.07812    -17.85663
    33.51553     38.07964    -17.83025
    41.36222     29.38745    -16.77587
    41.35624     29.38235    -16.78795
    56.11370     65.20130    -24.32300
    43.78300     35.25037    -13.94718
    51.37090     44.93611    -11.41981
    51.38038     44.92103    -11.43846
    51.78686     52.32475     -8.70433
    33.09691     46.29817     -8.98544
    43.92690     43.35860    -25.81570
    51.38787     44.90474    -11.45791
    43.87240     46.62340    -23.87660
    45.54579     42.95565     -7.62861
    49.89142     37.05788    -12.40268
    49.89078     37.05765    -12.40109
    38.39649     31.46027     -7.61057
    37.81780     32.79150     -8.25670
    19.53983     28.14295     -8.12170
    21.08663     23.50260    -10.34654
    21.16503     23.51097    -10.43772
    21.16394     23.51183    -10.44454
    39.09470     36.69140     -8.59910
    38.46590     36.20860     -7.86160
    50.27187     43.87109    -10.65474
    21.47253     23.83285    -11.53895
    21.46976     23.82720    -11.53871
    52.97727     43.46098    -13.56986
    33.50657     38.06287    -17.82526
    37.50867     32.11572    -11.18103
    29.84612     36.39438    -13.49962
    45.47460     42.93191     -7.61995
    43.12007     28.47988     -9.87514
    50.77221     44.32394    -11.06946
    51.29263     44.87096    -11.42048
    37.85840     28.20460    -11.24300
    42.66251     37.95327     -7.56864
    49.79440     54.26780    -26.21010
    32.59569     22.43928     -9.67577
    32.78798     45.15678    -13.66658
    32.66653     45.22960    -13.77306
    32.67223     45.20909    -13.73622
    32.67293     45.21116    -13.73635
    51.26654     44.79530    -11.43157
    23.54800     37.18920    -10.53850
    36.68668     29.52892     -9.30454
    43.03570     31.34504     -8.13262
    37.94326     29.57648     -8.73119
    44.92470     31.47050    -10.29290
    48.83934     42.28546    -10.30958
    40.03725     54.77926    -10.20294
    41.99927     28.98984     -7.78081
    42.01414     29.10422     -7.72184
    42.33023     28.68941    -11.68020
    46.68812     32.79982     -6.87080
    46.68578     32.79824     -6.87234
    46.68904     32.79866     -6.87226
    25.08210     22.76080    -15.26680
    35.40860     20.05576    -13.62976
    35.57030     35.98860    -13.81830
    51.80478     52.48853     -8.07535
    31.70317     35.88185    -15.40066
    31.27586     43.75650     -9.57980
    40.73140     30.00080     -6.62840
    45.56502     42.96847     -7.62511
    26.67923     38.61492    -12.71247
    42.21283     33.52055    -12.64695
    35.76301     28.11373    -12.87470
    35.38950     20.05955    -13.70777
    50.29249     43.84788    -10.69768
    53.01315     43.49981    -13.61073
    38.27440     28.36460    -17.94510
    35.40937     20.04366    -13.66322
    31.13121     42.59738    -13.53095
    31.12179     42.59606    -13.53039
    18.53389     25.45101     -7.23604
    52.02652     52.29302     -6.48859
    35.50753     18.47623    -14.41148
    37.08078     30.71674    -18.53760
    38.24267     31.40353    -19.52284
    37.08702     30.71246    -18.52890
    39.66349     39.17062     -8.58606
    39.66411     39.17018     -8.58524
    51.06020     42.63024    -11.76597
    41.88173     29.17882    -13.69469
    51.89101     46.58926    -11.14439
    23.70370     37.25600     -7.08850
    45.90011     59.31631    -16.49415
    46.31780     59.10500    -13.12020
    45.90409     59.32239    -16.49395
    40.90204     38.49535     -9.41426
    28.47268     39.26684    -11.33767
    38.08394     27.89072    -15.37247
    17.48427     26.19828     -8.61001
    16.72220     26.36500     -9.86960
    50.17862     43.93272    -10.58278
    32.48158     24.81538    -10.83816
    26.61920     38.52412    -12.64682
    33.82558     47.88493    -11.70606
    52.09443     52.40318     -6.75287
    46.66412     39.58347    -14.27376
    36.11270     45.26220    -17.48320
    46.66790     39.58601    -14.28078
    46.66977     39.58760    -14.28015
    52.10857     52.43023     -6.77349
    29.25129     42.74599    -15.51303
    29.25161     42.74891    -15.50887
    58.57941     48.98189    -10.47515
    58.41357     47.54334    -11.12939
    58.41233     47.53886    -11.12381
    33.77627     47.84643    -11.72444
    38.39941     31.46053     -7.61093
    37.71033     21.23009    -17.09945
    37.71317     21.22731    -17.10025
    40.14739     28.65947     -8.30528
    40.14891     28.65783     -8.30562
    41.27042     35.33111    -11.76847
    20.29161     24.90139    -10.54348
    20.07700     24.83560    -11.54990
    43.54989     34.04522     -8.03778
    37.11454     27.42900    -22.02654
    52.01454     47.83815    -10.58283
    52.01820     47.83704    -10.58663
    52.00995     47.67211    -10.69443
    53.03445     51.54971     -7.38863
    21.56217     22.74616    -11.33652
    53.46713     49.80704    -11.78657
    48.89628     42.29889    -10.25985
    41.01702     27.07962     -8.13909
    42.61194     28.22910    -13.13072
    42.00185     36.95758    -11.62022
    36.95005     25.37328     -9.55491
    32.50903     24.75248    -10.93018
    32.50321     24.76933    -10.90284
    32.05500     23.83890    -10.58500
    41.03822     27.09277     -8.13528
    42.84360     34.37879    -11.58514
    43.14823     34.36836    -11.62732
    41.87984     29.15655    -13.70413
    41.88096     29.16489    -13.70151
    51.80894     52.44041     -8.19267
    21.56348     22.74702    -11.33689
    51.05010     40.83461    -12.26087
    51.06562     40.86016    -12.26537
    43.53514     34.05284     -8.04415
    43.54353     34.04419     -8.04775
    53.01057     51.54778     -7.38698
    41.14494     27.18168     -8.14489
    20.01013     23.60132     -9.45834
    50.26396     43.89838    -10.64932
    50.24098     43.89516    -10.61401
    20.00804     23.60505     -9.47988
    50.25270     43.87555    -10.62949
    48.87501     48.34162    -15.75463
    50.21050     49.60490    -15.33280
    48.87229     48.33838    -15.75177
    51.26535     51.00463     -7.37702
    29.84761     36.38883    -13.48998
    25.54474     21.18697    -12.77828
    56.40200     65.60765    -22.65010
    26.51098     20.68799    -12.48376
    26.51699     20.68851    -12.48960
    31.14089     42.60112    -13.52178
    31.14260     42.59872    -13.51638
    35.50778     18.48047    -14.40492
    51.13025     40.86614    -12.32055
    26.61097     20.79380    -11.90921
    53.02318     51.53785     -7.40046
    53.02793     51.53285     -7.39898
    36.58552     47.94581     -9.74910
    48.87274     42.21994    -10.34130
    35.75896     28.12491    -12.87300
    35.51183     27.93459    -10.66136
    40.77957     54.61145     -8.65796
    42.00306     29.18745     -7.68854
    48.85755     42.26276    -10.31815
    42.85845     30.98889     -7.97522
    51.53539     45.29933    -11.08175
    53.47694     49.81415    -11.78197
    29.50667     20.13984    -13.20655
    41.03389     27.11091     -8.12659
    47.51356     43.63731     -8.36840
    53.61129     52.48880     -8.41682
    53.46711     49.82281    -11.78143
    29.84936     36.38829    -13.47440
    29.86360     36.39364    -13.47651
    36.68379     29.53153     -9.29899
    23.45924     35.73260    -11.71823
    47.52466     43.64411     -8.32419
    48.86958     42.23576    -10.33945
    36.22607     25.53294     -8.51920
    42.48278     30.28391     -7.70890
    42.58228     30.45364     -7.76522
    51.32248     44.84880    -11.42570
    31.20399     43.54247     -9.58202
    51.26563     44.93357    -11.43436
    38.07536     27.89758    -15.36773
    20.08426     23.60846     -9.54632
    39.96140     37.24210     -9.47670
    25.95180     20.96255    -10.55738
    25.86427     20.96305    -10.49293
    25.85926     20.95571    -10.48524
    50.99084     42.72950    -11.69470
    51.71058     45.83170    -10.80298
    26.39005     20.68301    -12.65412
    34.85487     45.81985     -9.25247
    34.85662     45.82378     -9.25336
    34.85866     45.81680     -9.24600
    49.02860     44.18063    -12.72944
    29.82879     36.39726    -13.53863
    53.43496     49.80815    -11.79639
    53.46073     49.82030    -11.79309
    44.50297     40.32538    -13.21233
    37.56107     32.01873    -11.18797
    50.27545     43.88425    -10.67231
    32.68920     27.41650    -10.43760
    33.56006     46.59383    -13.83419
    36.68801     29.53054     -9.30688
    27.37580     19.40650    -13.56040
    22.40970     21.39250    -11.10800
    18.66544     31.16452     -9.23845
    43.70287     36.36004     -8.29579
    51.21159     41.16919    -12.27478
    36.17300     48.72740     -8.15300
    59.77443     52.06293    -10.28865
    53.48750     42.70070    -14.91330
    37.65807     32.68703    -13.17369
    36.66820     24.58170     -9.09581
    22.41520     22.65730     -9.38360
    42.01237     29.16238     -7.70046
    42.70875     34.39664    -11.56510
    42.70395     34.41129    -11.56846
    26.53398     20.69316    -12.43128
    21.49905     23.07962    -11.62654
    37.64737     31.81697    -11.13847
    37.69563     31.69452    -11.10360
    35.74656     29.07338    -10.11270
    45.19750     36.58100     -8.19230
    41.61865     27.64777     -8.18321
    42.40378     26.54975     -9.23797
    35.31161     30.71914    -13.07889
    34.82790     33.64310     -7.66290
    43.55496     34.05775     -8.02965
    29.88699     36.40678    -13.46655
    29.93440     36.44313    -13.46386
    24.08678     33.31855    -13.88254
    24.11910     31.65590    -14.19770
    40.20208     33.29567    -11.53886
    35.75604     28.16523    -12.91683
    35.75917     28.15205    -12.89777
    19.53877     28.14285     -8.12310
    48.47849     49.81506    -11.38105
    48.47826     49.82747    -11.37530
    48.48015     49.81109    -11.38574
    42.44322     34.20819    -11.56039
    42.40454     26.54512     -9.23241
    38.43990     52.98980    -10.40000
    40.36930     28.90750    -11.08900
    36.81543     25.00860     -9.36869
    53.01476     44.17008    -12.03088
    53.00862     44.17763    -12.03149
    55.58560     48.26350    -15.06370
    39.91998     28.21705     -6.74715
    39.92452     28.22323     -6.73685
    39.96792     54.65851    -10.14316
    42.26192     42.05788     -9.21219
    42.26486     42.04755     -9.22302
    42.27014     42.04360     -9.22705
    33.93928     47.98822    -11.64063
    35.74889     28.09881    -12.83106
    47.52370     36.89560    -10.84190
    35.75133     29.06483    -10.10463
    42.68574     34.35868    -11.55369
    35.75512     28.16566    -12.93468
    26.59612     38.52147    -12.64140
    17.86890     33.31230     -3.54400
    31.29975     43.83659     -9.58610
    42.60686     28.23017    -13.11518
    39.45839     53.75114    -11.72577
    42.06652     37.17721    -11.32398
    42.25068     39.79325     -9.92445
    53.44766     49.83886    -11.81918
    24.12581     33.34438    -13.89366
    42.72036     37.95141     -7.77839
    42.73658     37.97309     -7.82051
    34.47343     45.08461    -13.06640
    43.73853     41.56950    -10.20626
    37.12710     19.25490    -13.25670
    54.04540     50.53200     -8.91750
    26.29670     37.49390     -9.91120
    35.35620     30.60214    -13.07425
    19.44520     22.35050     -8.15680
    39.34200     34.16610    -12.78820
    59.96320     54.30510    -22.23780
    59.52880     54.04700    -21.11690
    59.65050     54.93570    -20.09180
    45.26460     46.33263    -26.61552
    49.77382     45.48565    -10.20565
    53.03928     43.53134    -13.63898
    28.35146     25.00282    -14.08568
    28.35314     25.00418    -14.09142
    36.48294     47.76743     -9.81955
    36.58729     47.93892     -9.75433
    39.00048     29.48877     -9.85274
    38.99297     29.50006     -9.85872
    36.71355     34.25763    -12.09331
    53.34096     49.76183    -11.81872
    30.79023     42.35388     -9.80584
    59.75241     51.95403    -10.30911
    52.12692     52.45425     -6.78384
    29.28073     33.63524    -11.62660
    29.27793     33.62508    -11.61788
    29.27860     33.64389    -11.63749
    35.86460     50.13430     -8.09360
    52.15470     38.42500    -10.76880
    39.40110     40.90210     -9.53460
    34.05649     48.09229    -11.55522
    36.47630     26.76740    -12.25440
    28.60700     35.49150    -11.00160
    28.47760     34.78550    -12.31300
    39.37434     32.37206     -8.18764
    23.17565     23.14567    -12.53361
    23.19262     23.13664    -12.51553
    23.17768     23.13332    -12.51830
    34.43110     43.09450    -20.58980
    34.05380     42.96560    -17.63400
    31.35474     34.22322    -16.50573
    31.36311     34.22605    -16.50897
    49.13010     49.32940    -10.31950
    49.59680     37.17130     -8.03180
    42.12882     29.54929     -7.63578
    59.82810     52.16127    -10.43699
    48.00910     42.82540    -15.32550
    33.75414     26.16113     -8.62010
    33.76487     26.11641     -8.60367
    28.69250     38.77950    -13.45680
    48.13980     62.62900    -16.83150
    37.77550     45.24520    -21.96600
    45.52847     42.87701     -7.67677
    50.92433     42.83390    -11.61345
    19.70630     27.26990    -14.20460
    25.71730     24.01840    -14.62910
    30.79835     42.31307     -9.84459
    30.83750     42.47870     -9.77380
    42.26877     37.89939     -6.17619
    42.26344     37.86438     -6.07912
    42.26053     37.85993     -6.07908
    39.45236     53.75186    -11.73853
    39.46500     53.76187    -11.72738
    39.44824     53.76157    -11.74674
    37.53750     35.57940    -10.89980
    47.52358     43.64502     -8.35093
    42.40672     26.54983     -9.24076
    38.18562     41.33021    -18.31117
    59.01260     51.52240     -8.65790
    35.48920     49.55510     -6.83640
    20.04458     22.48259     -7.25545
    42.60371     34.32980    -11.56833
    35.48191     30.32045    -13.17207
    42.10604     54.13238    -10.68737
    42.11961     54.12164    -10.70414
    42.11509     54.12844    -10.71204
    52.06020     59.89710    -22.93630
    52.62240     59.43380    -24.33510
    42.11813     32.69508     -7.20451
    38.07680     31.82080    -14.85930
    39.03888     31.20269    -14.55082
    39.02592     31.17749    -14.54659
    39.91893     28.20888     -6.75381
    32.35380     44.35800    -12.54240
    21.46886     23.47200    -11.60378
    47.70320     45.95270    -14.10210
    21.96592     25.78867    -11.95357
    38.33250     26.83410     -7.76300
    33.87230     31.44090    -13.88690
    37.71118     49.26738    -12.40056
    33.56064     46.58367    -13.82921
    32.95910     22.22350    -11.00510
    42.48480     32.09160    -14.74700
    39.61860     26.99760     -5.94330
    53.40382     54.87477     -8.11088
    53.40318     54.87978     -8.08784
    53.41053     54.89876     -8.14139
    26.51390     38.44295    -12.59620
    40.91398     38.51510     -9.42968
    23.59260     34.84070    -14.41390
    42.51550     29.76150     -8.96530
    41.41930     36.94940     -7.92720
    40.30351     32.83699    -11.35589
    50.60909     56.88055    -25.28134
    49.31240     57.36660    -24.91240
    50.61211     56.88345    -25.28286
    55.10430     56.03850     -8.77580
    31.75200     20.96740    -12.66180
    41.41570     53.02850     -7.48610
    26.87629     38.36161    -10.32401
    54.86480     59.73460     -8.00220
    56.67740     60.55160     -9.56270
    43.69544     36.36262     -8.30159
    36.21194     25.53859     -8.56206
    51.65336     45.62794    -10.71256
    35.27886     30.83714    -13.09325
    20.78430     28.26350     -8.84910
    45.07280     38.72260     -7.24850
    42.40290     27.14730    -11.33240
    40.98180     37.92530    -10.96230
    41.31760     52.31690    -14.82860
    42.24575     39.78682     -9.89362
    51.92806     46.76351    -11.25300
    52.86470     46.89590    -11.89150
    47.45810     35.14916    -10.95298
    42.79839     39.66017     -6.47391
    42.79761     39.66673     -6.48109
    35.73652     29.07755    -10.11655
    46.53810     38.10821    -14.91541
    56.41569     65.60857    -22.64940
    45.37497     40.94186    -12.54762
    45.37333     40.94344    -12.55008
    57.67510     47.79065    -16.97756
    36.71255     34.25407    -12.09389
    41.17830     32.06140    -12.24380
    18.63970     31.36470     -8.19159
    18.65344     31.37898     -8.14714
    18.65809     31.37024     -8.14738
    30.19360     15.51390    -22.92640
    30.12750     13.82510    -22.58130
    35.51537     27.93221    -10.66444
    47.53442     33.91011     -7.81925
    34.86110     25.91790    -13.95890
    33.72795     26.36550    -20.34315
    33.72877     26.36022    -20.38415
    33.70164     26.37007    -20.33884
    33.74676     26.36802    -20.33735
    51.79880     52.15764     -9.11853
    41.09240     40.21000    -10.34990
    52.98823     43.47166    -13.58759
    28.15178     39.04036    -11.48040
    24.15272     33.35675    -13.90377
    25.58180     33.56560    -13.92480
    24.17258     33.37973    -13.91186
    45.53592     42.85936     -7.67251
    32.75480     44.79920     -8.86670
    31.45530     35.89290    -12.17470
    41.56192     30.76939    -14.76825
    46.53060     38.11419    -14.90829
    56.27390     53.54740    -12.86100
    54.20624     53.16742    -11.73113
    33.98590     27.81760    -10.62090
    35.74300     31.87480     -8.37430
    20.07207     22.55249     -9.77763
    29.68611     19.91495    -13.20486
    42.08806     54.13597    -10.65229
    37.36693     29.74244    -10.96176
    45.38650     40.61960    -14.06780
    52.60150     51.17700    -10.47940
    31.36936     34.22547    -16.51802
    39.04853     31.22267    -14.55718
    50.11230     57.99950    -24.53740
    36.69930     22.92220     -7.11420
    17.91018     26.36324     -6.33470
    35.90560     30.36360    -10.71670
    58.58009     48.98141    -10.46835
    29.57243     20.05148    -13.20558
    34.02438     48.06015    -11.58823
    48.41629     42.67185     -8.46120
    25.37888     21.35767    -12.70407
    31.65200     37.81280    -17.97280
    40.24674     32.99863    -11.46613
    36.21232     25.53052     -8.54830
    51.82344     52.15447     -9.11529
    40.24270     32.45277    -11.52866
    25.43800     39.56780    -13.07590
    53.60951     52.49130     -8.41358
    37.65731     32.68240    -13.18156
    37.65890     32.68029    -13.17701
    43.30947     41.01550     -9.17774
    43.31093     41.01990     -9.17626
    18.36804     28.11846     -6.87992
    37.94414     29.57802     -8.71901
    58.90550     50.36640    -17.29480
    42.96515     38.50743    -12.35367
    42.95413     38.53449    -12.36452
    47.04253     45.06716     -9.20698
    33.24620     32.65342     -7.69005
    38.94700     35.32140     -8.27030
    43.04512     32.84532    -13.68290
    36.07480     27.07360    -21.39060
    37.11026     27.42163    -22.02859
    37.11437     27.41911    -22.02448
    40.77684     54.65094     -8.66573
    57.78140     45.95380    -19.94950
    37.76777     49.53479    -13.95225
    37.70392     49.26722    -12.40854
    37.76923     49.52961    -13.96025
    30.66160     41.06190    -14.08760
    34.68270     36.54420    -13.39960
    54.61300     43.71910    -15.58420
    40.71210     29.26760    -14.61570
    42.25087     39.79997     -9.94162
    38.40650     49.43370    -10.64190
    31.66663     21.75187    -11.38927
    31.66527     21.75393    -11.39043
    36.21767     25.52962     -8.52915
    34.27820     23.30980    -10.11930
    32.88900     42.85680    -13.01050
    35.76744     29.05010    -10.09884
    55.90230     62.32160    -24.12560
    51.79085     52.18971     -9.11960
    25.37660     34.78060     -9.73300
    40.15420     35.41188    -13.25649
    39.93560     36.78020    -12.50270
    32.35790     42.74610    -11.73460
    47.47770     44.19900    -13.70570
    57.84320     56.62030     -7.86500
    23.17145     23.13625    -12.52872
    38.88730     32.82940    -13.76680
    49.22880     39.52600    -14.66970
    60.87616     54.62221    -24.10896
    57.44386     65.54198    -23.96267
    57.44604     65.54002    -23.95893
    24.61980     38.97760    -13.19020
    35.61120     19.78610    -17.46600
    36.00020     19.98510    -18.45060
    45.54799     42.88913     -7.67665
    31.28624     43.72026     -9.54912
    25.38240     21.33451    -12.72178
    41.27008     35.32719    -11.76523
    41.73940     31.51360    -13.10320
    35.79083     46.70282     -8.78962
    47.95640     38.70150    -15.20240
    51.26145     51.00027     -7.38088
    40.06791     54.79865    -10.19593
    33.74474     26.19694     -8.63789
    51.88270     40.08390    -11.64370
    40.20876     32.21651    -11.65892
    38.17738     41.33124    -18.31839
    38.19758     41.33376    -18.30893
    37.59620     40.27070    -19.39160
    46.50560     40.92520    -10.37440
    40.06156     54.85430    -10.25148
    58.10880     48.58530     -9.03170
    26.87331     38.36409    -10.31649
    33.04490     37.15200    -15.08230
    40.61260     27.52830     -9.28980
    36.53060     30.71140    -12.32960
    33.72477     44.90625    -13.05036
    56.12880     66.11570    -20.89740
    44.38559     36.17087    -12.07624
    44.37701     36.17463    -12.07296
    43.80525     36.49642    -13.14673
    47.53298     33.91489     -7.81035
    47.86876     35.17988     -7.48498
    47.86224     35.18122     -7.49402
    18.17360     26.44880    -13.23670
    16.89484     27.35581     -5.84095
    25.84970     37.40030     -8.33290
    43.69304     36.36658     -8.31423
    37.82130     32.74550    -20.33430
    38.23903     31.40937    -19.53166
    42.25208     39.78942     -9.94424
    25.60667     22.64417    -13.37051
    25.61013     22.64173    -13.36439
    41.91020     56.49160    -10.16880
    35.94022     46.93865    -10.02148
    43.45063     34.14717     -8.00578
    49.75939     45.48473    -10.19923
    40.90778     38.50549     -9.41791
    44.85100     42.72200     -5.11700
    17.91452     26.35786     -6.32650
    41.99400     25.30230    -10.42310
    41.04740     27.61090     -6.81670
    45.71383     39.84551     -6.73445
    45.71257     39.85019     -6.73275
    36.11719     47.19896     -9.97744
    48.07344     39.98118    -14.69405
    35.22567     32.57209     -7.12171
    40.91060     34.23550    -16.75230
    47.53210     43.64789     -8.36874
    45.19818     37.90042    -13.15354
    31.77660     34.16000    -14.99030
    51.37493     41.37755    -12.37262
    35.54890     23.84040    -10.64570
    39.00977     29.48592     -9.85161
    30.29420     19.53580    -12.01570
    45.45240     34.36470     -9.65390
    48.06936     39.97412    -14.70245
    58.71337     56.38312    -10.34079
    58.76543     56.36987    -10.33762
    58.73832     56.37836    -10.34264
    33.78533     26.07577     -8.58867
    56.15560     63.33370    -20.96360
    33.96777     44.16321    -10.00069
    23.16380     34.64120    -10.43160
    28.68840     20.99970    -11.78360
    25.50447     38.24622     -6.58793
    33.08544     46.29751     -8.98348
    33.07364     46.30149     -8.97342
    54.87472     47.02018    -13.74791
    17.22100     27.36020     -4.82280
    16.89026     27.34839     -5.83705
    48.79140     41.78940    -15.56950
    49.00420     42.72730    -15.12510
    34.90739     46.92616    -12.23623
    34.90261     46.92504    -12.24247
    29.63310     27.52730    -12.52930
    17.78180     25.71350     -4.95540
    49.01080     57.13290    -22.80250
    48.74850     56.08120    -23.80340
    33.24000     32.65608     -7.70065
    35.78347     46.70518     -8.78298
    21.08920     24.26700     -8.87600
    30.86394     30.05937     -7.70598
    21.96318     25.79483    -11.95803
    45.03790     49.15630    -27.34960
    43.94640     28.53020    -14.08800
    32.37460     46.64870    -12.03440
    49.29985     34.96683     -9.37010
    22.59080     34.26580    -11.52790
    43.79495     36.47891    -13.15863
    48.41981     42.67305     -8.45200
    42.18690     38.59910    -13.81000
    19.12790     30.92560     -6.30180
    42.64480     34.99619    -13.60281
    39.27300     33.66610    -10.49120
    29.45460     41.52220    -10.40850
    49.26380     42.70740    -13.37530
    46.61501     46.32839     -6.55339
    46.61509     46.32451     -6.55421
    44.85030     47.70500     -5.77110
    22.82200     26.60730    -12.68810
    45.74624     37.36227     -9.68055
    31.65947     26.52876    -10.96178
    41.60940     28.84850    -15.20900
    39.67990     45.18180    -19.60970
    16.49600     29.29630    -16.03870
    36.05690     31.93960    -12.23170
    40.73700     52.99160    -11.98560
    47.03787     45.06774     -9.21462
    32.99360     28.94420    -10.75110
    25.89790     32.00640    -13.19250
    45.75246     37.36483     -9.68715
    49.41710     57.60880    -20.40500
    19.53190     29.85280     -9.96690
    42.73020     57.07150    -10.18100
    43.37440     57.70320     -9.08090
    22.23160     26.24140    -11.07290
    34.39270     46.57750    -10.45350
    30.77680     27.94290    -10.40010
    29.03240     25.43170    -13.00510
    33.30580     17.84170    -15.31120
    48.53230     48.02960    -14.10150
    31.42610     37.57310    -15.99920
    54.86808     47.02032    -13.75619
    35.23333     32.57161     -7.12509
    28.66000     27.01520    -12.69600
    43.80180     33.95610    -13.87500
    29.59280     44.43680    -13.51140
    29.59470     43.44750    -13.68520
    39.50520     27.73760    -15.44420
    33.94190     48.43720     -9.26220
    31.18540     46.23060    -15.59000
    31.45920     45.83530    -14.20260
    32.60131     22.43192     -9.68223
    42.97095     38.48260    -12.34439
    42.88980     26.81090    -14.48280
    39.41130     29.35850    -24.47000
    41.44500     25.02200     -7.22820
    19.21470     27.23210     -6.58750
    20.10430     22.30070    -18.06400
    20.62090     25.06050    -19.23630
    32.45150     26.30710     -7.97960
    32.83460     26.90890     -6.82700
    44.50123     40.32582    -13.22437
    22.41080     34.20410    -13.61540
    40.30490     24.11620     -6.60510
    28.08980     24.34570    -15.65960
    51.49680     58.01020    -19.51310
    51.66870     58.36500    -18.49070
    25.35550     39.39550    -15.87860
    43.55830     40.48090     -4.81850
    24.95080     36.45080    -12.90720
    35.16160     27.68090    -14.81930
    18.09360     27.16690     -5.57140
    29.89900     39.27480    -15.11640
    48.18280     45.75510     -8.67390
    43.59060     41.33300    -13.38000
    49.83630     62.97820    -21.28470
    41.55788     30.76991    -14.77075
    22.37170     22.43420    -14.22210
    41.24120     51.32250    -16.82890
    49.30205     34.96197     -9.37530
    29.82020     35.67767    -15.66274
    29.82460     35.68983    -15.66366
    52.85010     48.25360    -12.01490
    18.37706     28.12484     -6.88138
    33.35790     36.18270    -17.70980
    40.77373     54.60131     -8.64909
    50.03530     44.92620    -13.30080
    34.09100     20.91090    -11.28890
    41.92280     30.94300    -16.50350
    28.38260     18.26430    -13.36990
    32.64801     45.29145    -13.86170
    40.14720     35.40542    -13.26391
    30.87416     30.06193     -7.70282
    36.51050     41.11700    -17.67680
    45.27520     43.31500    -11.30130
    44.42800     43.26040    -10.56210
    22.11080     35.81240    -10.03390
    37.89940     44.14375    -23.53752
    37.90020     44.14615    -23.53878
    20.31681     24.91844    -10.55056
    45.19522     37.90578    -13.16386
    43.92220     35.09830     -8.69060
    42.32370     32.06870    -11.35800
    24.65100     21.18370    -14.69410
    24.61870     19.79740    -14.35230
    25.26470     35.40590     -8.72060
    53.12840     47.86480    -12.94110
    20.04412     22.47391     -7.25025
    31.65530     31.13650    -12.12480
    18.22420     26.13560    -10.30060
    29.95250     43.30100    -12.39860
    26.76010     18.81160     -7.32450
    33.16640     41.19940     -6.84530
    54.22000     47.13320    -12.60330
    35.21890     16.95400    -12.52680
    18.67370     24.49300    -17.50850
    34.17950     22.68200    -16.91630
    17.92970     28.00320     -8.32100
    33.59720     24.69260     -9.42220
    49.62000     41.68430    -14.51880
    50.55590     59.22670    -23.32330
    41.31240     33.17750     -8.21680
    34.81330     49.53270     -5.64460
    36.63240     51.07660     -5.95940
    48.73470     61.40290    -11.50270
    18.66220     28.18290    -10.38880
    28.72039     37.84334    -15.30154
    43.27658     34.33199     -7.92047
    51.12380     41.97430    -14.62060
    30.48818     34.34538    -13.67492
    36.50520     29.28750    -14.72760
    18.46230     24.44990     -8.45210
    25.50393     38.24168     -6.58647
    41.02310     53.09650    -10.14700
    47.11350     57.17400    -19.60400
    53.81820     51.38760     -9.57130
    32.90660     31.78430     -6.87190
    28.71431     37.84446    -15.29776
    37.71450     27.26970     -8.92110
    55.24880     46.48730    -15.04450
    35.09180     33.91190    -18.83450
    50.81190     59.01320    -24.33220
    23.18780     21.37000    -10.45080
    45.87200     42.71960    -10.18740
    34.51110     24.52160    -19.07710
    29.57350     28.33810    -19.65320
    39.48090     27.72830    -13.80310
    18.54141     25.44279     -7.23636
    49.02360     44.18687    -12.72196
    42.11097     32.69902     -7.19969
    37.76880     28.98520    -14.37940
    50.39170     58.06940    -21.00940
    54.20446     53.17378    -11.72687
    34.60750     38.02690    -21.63930
    25.71450     39.31980     -9.21900
    23.15820     21.42410     -5.53430
    30.84520     37.29310    -22.59600
    36.28260     48.65140    -11.37600
    38.50660     34.28780    -14.59280
    39.22560     43.62550    -27.10760
    39.82010     45.91080    -17.82930
    46.76820     37.76060    -12.27300
    31.65563     26.52394    -10.97012
    51.33430     57.48930    -23.73610
    50.96330     47.55530     -7.77730
    19.07150     25.24200     -9.09370
    50.59903     64.47530    -23.91916
    52.43970     64.98020    -23.98260
    50.59677     64.48040    -23.91884
    30.47852     34.34452    -13.67468
    43.91020     33.15360    -16.14580
    33.03550     45.98930    -10.87470
    37.56120     24.48320     -6.56660
    38.81100     22.74720    -10.33140
    19.91350     26.11470     -7.88740
    32.73970     25.93380    -17.92810
    18.82420     23.49530    -13.60770
    43.33410     56.46680    -13.13940
    28.78740     41.21090     -5.31540
    20.78460     29.74560     -9.72620
    22.21750     20.82420     -9.62620
    57.58050     64.72880    -20.73380
