    36.02810     21.09757    -15.58959
    56.64770     48.03960    -16.63710
    57.63800     47.79720    -16.88520
    52.01406     47.59267    -10.66674
    36.02810     21.09757    -15.58960
    41.95215     29.08537     -7.68731
    41.95213     29.08528     -7.68740
    41.95215     29.08523     -7.68742
    52.55249     41.23231    -13.94858
    56.08768     65.61337    -22.66295
    53.72517     55.56478     -8.65670
    53.72518     55.56486     -8.65670
    36.02828     21.09799    -15.58325
    55.82306     57.28879     -9.80967
    55.82305     57.28878     -9.80975
    55.82306     57.28879     -9.80966
    55.82306     57.28878     -9.80967
    26.45302     20.68143    -12.56868
    42.87858     34.59676    -11.58341
    48.84355     42.27998    -10.31053
    48.84336     42.28007    -10.31048
    48.84333     42.28008    -10.31049
    40.37768     33.01582    -14.79931
    26.45298     20.68141    -12.56878
    26.45297     20.68141    -12.56877
    26.45304     20.68144    -12.56864
    35.40537     20.04813    -13.67621
    26.77460     38.65867    -12.73870
    26.77451     38.65852    -12.73861
    26.77449     38.65854    -12.73859
    36.02811     21.09759    -15.58952
    36.02811     21.09758    -15.58954
    36.02811     21.09759    -15.58951
    33.58371     25.98330    -10.93383
    33.58372     25.98332    -10.93383
    33.58369     25.98335    -10.93386
    51.48944     49.74210     -9.90491
    51.48944     49.74218     -9.90448
    51.48944     49.74213     -9.90474
    26.45294     20.68141    -12.56884
    43.71502     35.21930    -13.90434
    43.62830     28.38030    -11.01270
    36.02812     21.09761    -15.58958
    55.63051     64.47049    -22.33949
    55.63051     64.47049    -22.33949
    55.63051     64.47047    -22.33943
    55.63051     64.47046    -22.33948
    42.90464     31.11075     -8.01073
    40.37752     33.01350    -14.79828
    51.80784     52.48966     -8.03154
    30.32622     32.13597    -16.12698
    30.32617     32.13599    -16.12695
    30.32618     32.13599    -16.12695
    30.32619     32.13599    -16.12695
    35.40537     20.04813    -13.67625
    35.40536     20.04815    -13.67628
    34.54650     31.04128    -10.47560
    34.54649     31.04129    -10.47547
    34.54648     31.04128    -10.47553
    34.54648     31.04128    -10.47552
    51.80981     52.48802     -8.01852
    55.70004     56.25227    -14.36105
    55.70004     56.25220    -14.36101
    55.70005     56.25224    -14.36103
    43.07886     28.53551     -9.91674
    43.07878     28.53559     -9.91679
    43.07879     28.53560     -9.91681
    43.07879     28.53560     -9.91680
    26.45308     20.68146    -12.56857
    26.45309     20.68145    -12.56858
    26.45312     20.68146    -12.56853
    54.87937     50.08315    -13.55083
    34.54644     31.04135    -10.47531
    33.58372     25.98324    -10.93380
    33.58371     25.98330    -10.93383
    37.59553     31.93165    -11.16217
    36.02881     21.09918    -15.56403
    36.02880     21.09916    -15.56423
    36.02881     21.09915    -15.56424
    33.52001     38.08049    -17.84062
    50.23539     43.96146    -10.62912
    40.02920     31.29820     -9.37230
    39.30450     32.37125     -9.57397
    42.31560     28.70911    -11.63396
    26.45297     20.68140    -12.56879
    40.32087     32.44297    -11.35158
    40.32083     32.44303    -11.35162
    51.48944     49.74209     -9.90494
    40.37787     33.01451    -14.79908
    43.71540     35.21937    -13.90457
    40.65632     34.29455    -10.20657
    40.65644     34.29441    -10.20659
    26.45297     20.68141    -12.56882
    43.07943     28.53464     -9.91588
    43.07913     28.53512     -9.91636
    43.07945     28.53460     -9.91591
    60.73120     54.54730    -23.70100
    43.07886     28.53553     -9.91672
    35.40537     20.04810    -13.67627
    35.40540     20.04808    -13.67624
    39.32103     32.38205     -8.37025
    39.32097     32.38205     -8.37025
    55.63052     64.47046    -22.33958
    49.87970     37.03967    -12.39408
    49.87969     37.03967    -12.39408
    49.87960     37.03955    -12.39397
    59.48775     50.90781    -10.47484
    59.48775     50.90779    -10.47486
    42.70017     37.85178     -7.50007
    26.77448     38.65879    -12.73895
    29.32323     20.43034    -13.19629
    29.32321     20.43029    -13.19630
    29.32321     20.43029    -13.19634
    33.44116     20.31118    -12.70819
    33.44106     20.31107    -12.70826
    33.44104     20.31108    -12.70826
    33.44107     20.31110    -12.70825
    42.87859     34.59682    -11.58332
    26.77463     38.65915    -12.73933
    53.72509     55.56468     -8.65669
    35.40538     20.04803    -13.67629
    31.13356     42.59818    -13.52444
    42.87860     34.59681    -11.58331
    35.52825     37.07559    -14.64381
    35.52825     37.07558    -14.64382
    51.42215     45.10371    -11.36685
    42.87871     34.59671    -11.58330
    42.20581     33.49111    -12.74379
    42.20582     33.49113    -12.74378
    42.20580     33.49111    -12.74381
    52.55275     41.23264    -13.94901
    52.55272     41.23260    -13.94897
    52.55259     41.23243    -13.94878
    35.40537     20.04819    -13.67607
    31.23633     43.78194     -9.70542
    26.45292     20.68140    -12.56884
    43.71544     35.21937    -13.90456
    43.71545     35.21939    -13.90455
    18.64568     31.17352     -9.32041
    43.75790     41.27610    -10.29754
    40.65641     34.29415    -10.20660
    34.02984     44.85301    -12.52722
    34.02533     44.85102    -12.52397
    34.01879     44.84810    -12.51918
    45.37665     46.49979    -26.74779
    47.62420     47.50910    -26.54980
    45.37665     46.49981    -26.74781
    40.37788     33.01452    -14.79912
    40.37792     33.01454    -14.79907
    40.37787     33.01452    -14.79909
    32.49743     24.78033    -10.88823
    49.87973     37.03974    -12.39409
    20.03206     23.60486     -9.48854
    51.22531     38.93554    -13.14332
    48.64277     35.38606    -11.66463
    41.97403     36.86344    -11.68800
    47.97945     50.27264    -12.70172
    47.97945     50.27261    -12.70169
    47.97947     50.27261    -12.70167
    23.58713     35.73577    -11.77168
    23.58748     35.73579    -11.77181
    23.06385     37.08915     -9.06460
    23.06383     37.08915     -9.06460
    23.06383     37.08919     -9.06456
    59.85160     52.54080    -10.50670
    35.40543     20.04809    -13.67621
    40.37778     33.01431    -14.79892
    21.29063     23.69902    -10.69141
    23.58830     35.73583    -11.77206
    35.40531     20.04814    -13.67631
    48.24621     39.82739    -10.68555
    48.24618     39.82732    -10.68557
    48.24614     39.82720    -10.68555
    40.65643     34.29431    -10.20659
    40.65649     34.29438    -10.20660
    50.23516     43.96131    -10.62890
    47.39060     37.73260    -10.30010
    47.68930     37.79175     -9.30135
    47.68930     37.79175     -9.30135
    42.31560     28.70918    -11.63381
    42.31562     28.70918    -11.63382
    42.31559     28.70916    -11.63385
    40.37779     33.01481    -14.79915
    48.64295     35.38668    -11.66475
    48.64302     35.38670    -11.66477
    48.64289     35.38656    -11.66472
    48.24622     39.82740    -10.68554
    43.25650     34.51280     -9.97920
    37.33940     29.20870    -21.84140
    36.59319     24.35572     -8.92793
    21.29432     23.70417    -10.69931
    27.46950     21.05010    -13.79130
    20.03232     23.60491     -9.48911
    40.71825     31.38740     -7.66555
    40.71825     31.38740     -7.66555
    45.44028     43.11784     -7.55950
    42.70018     37.85183     -7.50011
    31.23628     43.78175     -9.70551
    31.23627     43.78176     -9.70555
    53.74183     45.74047    -13.47495
    53.74188     45.74059    -13.47496
    53.74185     45.74051    -13.47497
    53.74186     45.74052    -13.47495
    31.71063     35.88393    -15.39027
    31.71058     35.88393    -15.39033
    51.10597     40.93856    -12.23897
    34.03216     44.85400    -12.52881
    34.03214     44.85401    -12.52885
    34.92858     36.00728    -17.25059
    37.34200     29.89950    -10.73010
    51.10600     40.93868    -12.23891
    26.77444     38.65900    -12.73927
    26.77451     38.65895    -12.73916
    36.02806     21.09753    -15.58967
    36.02807     21.09746    -15.58972
    42.70015     37.85188     -7.50000
    42.70016     37.85188     -7.50003
    42.91500     31.80250    -17.05960
    35.52818     37.07556    -14.64381
    51.10571     40.93834    -12.23887
    51.10611     40.93890    -12.23885
    45.44040     43.11790     -7.55943
    45.44035     43.11790     -7.55939
    48.64261     35.38649    -11.66456
    31.23634     43.78177     -9.70543
    21.57771     22.69899    -11.45702
    21.57766     22.69912    -11.45738
    37.59335     31.93692    -11.16355
    43.75790     41.27610    -10.29756
    35.52826     37.07562    -14.64381
    35.52829     37.07565    -14.64385
    35.52830     37.07563    -14.64382
    42.70017     37.85194     -7.49991
    41.97399     36.86332    -11.68824
    36.59318     24.35573     -8.92795
    36.59319     24.35572     -8.92798
    26.77450     38.65848    -12.73857
    46.99550     34.16610     -9.91470
    33.57340     31.86200    -10.78330
    18.64582     31.17341     -9.32057
    18.64565     31.17357     -9.32044
    34.80915     45.79126     -9.21388
    41.95217     29.08502     -7.68752
    41.95218     29.08507     -7.68753
    49.45390     46.16210    -11.32420
    23.45720     25.47900    -13.28050
    51.98909     52.28714     -6.67758
    51.98926     52.28656     -6.67476
    26.77434     38.65887    -12.73915
    41.95227     29.08458     -7.68778
    51.80792     52.48967     -8.03068
    51.80788     52.48968     -8.03075
    33.52001     38.08054    -17.84069
    31.23650     43.78160     -9.70532
    33.58363     25.98347    -10.93397
    27.60050     32.67590    -17.18070
    41.12224     27.17800     -8.14100
    41.12215     27.17798     -8.14102
    53.02446     51.54200     -7.39388
    49.66860     57.84150    -23.36600
    34.69810     33.59550    -16.31990
    51.22532     38.93554    -13.14331
    21.57775     22.69890    -11.45660
    29.86486     36.40138    -13.48536
    41.35722     29.38401    -16.78619
    43.71541     35.21942    -13.90453
    31.23638     43.78170     -9.70541
    31.23645     43.78167     -9.70543
    33.52005     38.08055    -17.84071
    33.52002     38.08054    -17.84074
    23.06386     37.08913     -9.06468
    23.06387     37.08911     -9.06466
    41.95219     29.08441     -7.68808
    50.22961     43.96673    -10.62599
    28.38681     39.22257    -11.27388
    28.38864     39.22371    -11.27323
    28.38868     39.22372    -11.27327
    28.38690     39.22264    -11.27379
    39.30450     32.37125     -9.57393
    38.30370     23.94830     -8.91820
    23.13100     35.61900     -9.25200
    55.70005     56.25231    -14.36107
    55.87710     56.37610    -15.51020
    23.58672     35.73578    -11.77152
    39.93468     54.58371    -10.22685
    45.44114     43.11819     -7.55913
    26.77453     38.65909    -12.73938
    43.71533     35.21936    -13.90453
    41.97400     36.86336    -11.68817
    48.64318     35.38695    -11.66485
    48.64306     35.38681    -11.66481
    50.23467     43.96127    -10.62842
    35.53200     30.22160    -13.26410
    34.98366     31.00218    -12.78568
    51.22531     38.93553    -13.14333
    31.23632     43.78169     -9.70543
    19.98063     24.68973    -10.45875
    55.63670     51.39410    -13.11830
    54.87944     50.08316    -13.55085
    54.87939     50.08311    -13.55087
    45.44008     43.11770     -7.55967
    45.44020     43.11775     -7.55963
    33.51960     38.08050    -17.83963
    48.84388     42.27975    -10.31063
    48.84376     42.27986    -10.31060
    48.84388     42.27989    -10.31049
    43.12270     32.60930    -13.25310
    23.60088     24.42172    -13.94744
    33.75490     44.07080    -10.14780
    50.23475     43.96142    -10.62853
    51.10505     40.93731    -12.23887
    51.10500     40.93733    -12.23883
    17.48375     26.19805     -8.60879
    28.44961     39.26508    -11.25414
    28.44968     39.26513    -11.25412
    28.44969     39.26519    -11.25416
    50.23482     43.96129    -10.62852
    53.30030     40.94150    -15.02380
    23.60092     24.42174    -13.94740
    23.60092     24.42175    -13.94741
    52.55164     41.23141    -13.94730
    36.05150     36.83580    -16.65510
    34.92860     36.00725    -17.25052
    34.92860     36.00726    -17.25052
    19.94550     22.42890     -9.51990
    21.29066     23.69904    -10.69140
    49.87971     37.03980    -12.39412
    33.51996     38.08047    -17.84059
    33.51988     38.08048    -17.84038
    41.35729     29.38405    -16.78604
    41.35725     29.38401    -16.78614
    56.11370     65.20130    -24.32300
    43.71541     35.21931    -13.90464
    51.42295     45.10481    -11.36686
    51.42303     45.10473    -11.36695
    51.80781     52.48974     -8.03129
    33.68610     46.32820     -9.09230
    43.92690     43.35860    -25.81570
    51.42302     45.10457    -11.36704
    43.87240     46.62340    -23.87660
    45.44065     43.11802     -7.55931
    49.87982     37.03989    -12.39416
    49.87981     37.03989    -12.39415
    38.39794     31.46040     -7.61075
    37.81780     32.79150     -8.25670
    19.53930     28.14290     -8.12239
    21.28982     23.69872    -10.69047
    21.29037     23.69868    -10.69088
    21.29049     23.69886    -10.69120
    39.09470     36.69140     -8.59910
    38.46590     36.20860     -7.86160
    50.23505     43.96125    -10.62877
    21.30052     23.71299    -10.71287
    21.30051     23.71295    -10.71284
    52.70950     43.26080    -12.96090
    33.51981     38.08035    -17.84034
    37.59384     31.93550    -11.16287
    29.86472     36.40135    -13.48557
    45.44006     43.11777     -7.55929
    43.07939     28.53476     -9.91612
    50.23824     43.96318    -10.63134
    51.42196     45.10370    -11.36681
    37.85840     28.20460    -11.24300
    42.70014     37.85201     -7.49981
    49.79440     54.26780    -26.21010
    32.36700     22.73850     -9.41360
    32.63253     45.13190    -13.60006
    32.63250     45.13192    -13.60012
    32.63250     45.13190    -13.60004
    32.63250     45.13192    -13.60004
    51.42168     45.10290    -11.36690
    23.54800     37.18920    -10.53850
    36.68616     29.53032     -9.30348
    42.90477     31.11099     -8.01087
    37.90870     29.51620     -9.20670
    44.92470     31.47050    -10.29290
    48.84375     42.27985    -10.31055
    39.93472     54.58379    -10.22685
    41.95231     29.08383     -7.68830
    41.95234     29.08434     -7.68795
    42.31562     28.70914    -11.63387
    46.68765     32.79891     -6.87179
    46.68763     32.79890     -6.87180
    46.68766     32.79891     -6.87180
    25.08210     22.76080    -15.26680
    35.40539     20.04819    -13.67583
    35.57030     35.98860    -13.81830
    51.80786     52.48974     -8.03090
    31.71051     35.88390    -15.39043
    31.23628     43.78166     -9.70533
    40.73140     30.00080     -6.62840
    45.44082     43.11810     -7.55929
    26.77462     38.65898    -12.73910
    42.20584     33.49114    -12.74372
    35.84983     28.17228    -12.88904
    35.40524     20.04822    -13.67647
    50.23513     43.96125    -10.62893
    53.27200     43.68720    -13.77790
    38.27440     28.36460    -17.94510
    35.40540     20.04809    -13.67611
    31.13356     42.59818    -13.52450
    31.13348     42.59817    -13.52450
    18.22650     25.78710     -7.22260
    51.98898     52.28617     -6.67402
    35.50766     18.47833    -14.40823
    37.08387     30.71462    -18.53329
    38.39140     31.16530    -19.16280
    37.08393     30.71458    -18.53321
    39.66380     39.17040     -8.58565
    39.66380     39.17040     -8.58565
    51.11052     40.94760    -12.23838
    41.88085     29.16685    -13.70006
    51.48682     45.25937    -11.30231
    23.70370     37.25600     -7.08850
    45.90208     59.31933    -16.49405
    46.31780     59.10500    -13.12020
    45.90212     59.31937    -16.49405
    40.61180     37.98210     -9.23020
    28.42056     39.24531    -11.26325
    38.07968     27.89412    -15.37012
    17.48375     26.19805     -8.60881
    16.72220     26.36500     -9.86960
    50.23403     43.96225    -10.62816
    32.49731     24.78058    -10.88787
    26.77448     38.65841    -12.73861
    33.34677     47.42599    -11.88916
    51.98863     52.28771     -6.68162
    46.66724     39.58567    -14.27820
    36.11270     45.26220    -17.48320
    46.66727     39.58570    -14.27825
    46.66728     39.58571    -14.27825
    51.98912     52.28715     -6.67764
    29.25145     42.74744    -15.51097
    29.25145     42.74746    -15.51093
    58.54600     49.00590    -10.80920
    58.41296     47.54112    -11.12662
    58.41294     47.54108    -11.12658
    33.34673     47.42601    -11.88914
    38.39796     31.46040     -7.61075
    37.71174     21.22871    -17.09985
    37.71176     21.22869    -17.09985
    40.14814     28.65866     -8.30545
    40.14816     28.65864     -8.30545
    41.28890     35.53910    -11.93980
    19.98067     24.68977    -10.45875
    20.07700     24.83560    -11.54990
    43.73932     33.83989     -8.09813
    37.25960     27.95640    -22.01910
    52.01420     47.59575    -10.66573
    52.01423     47.59574    -10.66576
    52.01424     47.59542    -10.66590
    53.02453     51.54206     -7.39383
    21.57784     22.69868    -11.45579
    53.62518     49.78881    -11.64336
    48.84421     42.27996    -10.31014
    41.12203     27.17782     -8.14107
    42.70280     28.30250    -13.45980
    41.97400     36.86332    -11.68832
    37.25860     26.01720     -9.38420
    32.49754     24.78007    -10.88863
    32.49749     24.78021    -10.88840
    32.05500     23.83890    -10.58500
    41.12222     27.17794     -8.14104
    42.87996     34.59630    -11.58360
    42.88197     34.59557    -11.58393
    41.88083     29.16667    -13.70014
    41.88084     29.16674    -13.70012
    51.80790     52.48962     -8.03090
    21.57786     22.69868    -11.45579
    51.10543     40.93754    -12.23905
    51.10584     40.93832    -12.23903
    43.73926     33.83988     -8.09820
    43.73927     33.83988     -8.09821
    53.02434     51.54204     -7.39382
    41.12320     27.17877     -8.14113
    20.03203     23.60486     -9.48865
    50.23498     43.96147    -10.62873
    50.23479     43.96145    -10.62844
    20.03202     23.60489     -9.48882
    50.23495     43.96134    -10.62862
    48.87366     48.34001    -15.75321
    50.21050     49.60490    -15.33280
    48.87364     48.33999    -15.75319
    51.45540     51.21750     -7.18850
    29.86474     36.40130    -13.48549
    26.45024     20.68179    -12.57159
    56.08772     65.61333    -22.66295
    26.45350     20.68159    -12.56764
    26.45355     20.68159    -12.56769
    31.13363     42.59821    -13.52443
    31.13365     42.59819    -13.52439
    35.50766     18.47837    -14.40818
    51.10629     40.93826    -12.23942
    26.45464     20.68248    -12.56239
    53.02444     51.54196     -7.39393
    53.02448     51.54192     -7.39392
    36.55310     48.42310     -9.43340
    48.84402     42.27932    -10.31081
    35.84980     28.17238    -12.88904
    35.32530     28.06000    -10.49940
    41.06240     54.33840     -8.88160
    41.95218     29.08485     -7.68770
    48.84390     42.27967    -10.31062
    42.90429     31.11004     -8.01040
    51.43467     45.13258    -11.35493
    53.62525     49.78886    -11.64333
    29.32320     20.43023    -13.19639
    41.12219     27.17810     -8.14097
    47.04650     43.26580     -8.80150
    53.70850     52.35310     -8.59350
    53.62517     49.78893    -11.64332
    29.86475     36.40130    -13.48536
    29.86487     36.40134    -13.48538
    36.68614     29.53034     -9.30343
    23.58609     35.73576    -11.77122
    47.57040     43.54900     -7.57720
    48.84399     42.27945    -10.31079
    36.65310     25.74060     -8.08790
    42.90387     31.10927     -8.00998
    42.90400     31.10951     -8.01016
    51.42218     45.10351    -11.36685
    31.23617     43.78138     -9.70523
    51.42214     45.10477    -11.36704
    38.07962     27.89418    -15.37008
    20.03264     23.60492     -9.48936
    39.96140     37.24210     -9.47670
    25.89224     20.96046    -10.51220
    25.89152     20.96046    -10.51167
    25.89148     20.96040    -10.51161
    50.84600     42.42360    -11.45200
    51.48529     45.25418    -11.30348
    26.45248     20.68143    -12.56933
    34.80910     45.79121     -9.21380
    34.80912     45.79125     -9.21381
    34.80914     45.79119     -9.21375
    49.23480     43.92360    -13.03780
    29.86458     36.40137    -13.48589
    53.62510     49.78887    -11.64336
    53.62515     49.78888    -11.64336
    44.57090     40.30800    -12.73990
    37.59431     31.93462    -11.16290
    50.23508     43.96136    -10.62891
    32.68920     27.41650    -10.43760
    33.53690     47.00590    -14.03660
    36.68617     29.53033     -9.30350
    27.37580     19.40650    -13.56040
    22.40970     21.39250    -11.10800
    18.64593     31.17335     -9.32076
    44.10090     36.21740     -7.96960
    51.10703     40.94052    -12.23882
    36.17300     48.72740     -8.15300
    59.57630     52.31920     -9.54200
    53.48750     42.70070    -14.91330
    37.65170     33.05820    -12.82550
    36.59316     24.35576     -8.92813
    22.41520     22.65730     -9.38360
    41.95227     29.08467     -7.68780
    42.87877     34.59674    -11.58340
    42.87870     34.59681    -11.58342
    26.45370     20.68163    -12.56717
    21.57762     22.69930    -11.45797
    37.59509     31.93279    -11.16246
    37.59553     31.93168    -11.16214
    35.77910     29.39600    -10.34890
    45.19750     36.58100     -8.19230
    41.12768     27.18315     -8.14149
    42.25630     26.70410     -9.31170
    34.98364     31.00222    -12.78572
    34.82790     33.64310     -7.66290
    43.73937     33.83999     -8.09806
    29.86506     36.40145    -13.48530
    29.86544     36.40174    -13.48528
    23.36830     32.83080    -13.76790
    24.11910     31.65590    -14.19770
    40.05050     33.80270    -11.96700
    35.84972     28.17263    -12.88910
    35.84977     28.17255    -12.88907
    19.53930     28.14290     -8.12241
    48.47896     49.81785    -11.38070
    48.47896     49.81795    -11.38065
    48.47897     49.81782    -11.38074
