    43.28014     40.92702     -9.20771
    28.78920     42.20030     -7.79720
    39.09470     36.69140     -8.59910
    39.28601     32.35668     -9.65926
    40.05000     32.03040    -13.85310
    43.78139     41.27411    -10.36392
    55.80061     57.27074    -10.09077
    33.30580     17.84170    -15.31120
    52.62422     41.39629    -14.07627
    40.72584     33.02955    -14.79593
    37.71450     27.26970     -8.92110
    44.10090     36.21740     -7.96960
    41.86601     29.58294     -7.39072
    41.49530     50.84940    -19.94120
    42.51180     40.97500    -13.80150
    51.74280     40.33200    -13.01160
    35.83890     21.28830    -22.06900
    53.32963     43.82079    -13.88009
    31.42610     37.57310    -15.99920
    50.62280     64.47660    -16.25290
    19.56371     28.14508     -8.09043
    46.47498     39.44473    -14.06109
    41.91326     36.78843    -11.77764
    49.00420     42.72730    -15.12510
    40.76161     55.12920     -9.53091
    33.85020     20.85440    -17.85220
    40.14350     54.97720    -10.27270
    19.51489     28.14072     -8.15437
    42.24819     28.90342    -11.32980
    22.41520     22.65730     -9.38360
    39.48090     27.72830    -13.80310
    26.49713     20.73571    -12.48652
    35.56401     36.98047    -14.56275
    35.54678     36.88469    -14.61795
    38.07680     31.82080    -14.85930
    33.68610     46.32820     -9.09230
    42.61540     39.20370    -12.64280
    48.99345     41.32920    -10.72790
    25.49080     20.60090    -10.04270
    53.13649     49.80457    -11.76994
    39.64951     39.18052     -8.60461
    32.26050     23.49600     -7.53170
    33.03550     45.98930    -10.87470
    41.82890     27.51893     -8.36864
    40.61260     27.52830     -9.28980
    47.52370     36.89560    -10.84190
    56.20380     62.35240    -17.98270
    42.27193     39.90556     -9.74299
    28.37070     40.67040    -13.65690
    48.44917     40.21694    -10.57050
    26.01109     38.54911    -12.90677
    34.88110     31.81330    -15.48400
    29.73340     19.42490    -13.11390
    31.57156     43.21934     -8.78178
    49.61920     48.86400     -8.04130
    39.16824     31.43312    -14.53720
    34.04746     20.87335    -11.62196
    34.93250     18.55510     -9.84340
    46.50560     40.92520    -10.37440
    25.40740     21.19280    -10.60350
    40.11364     28.69591     -8.29772
    40.18266     28.62139     -8.31318
    28.55040     22.23620    -13.10380
    43.92220     52.07090    -24.33980
    32.46250     22.66190    -12.75660
    20.02297     22.50455     -9.67765
    49.59680     37.17130     -8.03180
    48.32255     40.08774    -10.68105
    30.44380     29.95390     -7.83580
    43.65839     41.27376     -9.98378
    44.85030     47.70500     -5.77110
    57.39974     65.58164    -24.03826
    42.79486     35.05495    -12.88750
    34.88623     36.08292    -17.45844
    42.60295     30.44205     -7.60369
    42.69245     30.19051     -7.62053
    37.74590     26.71980    -18.65540
    40.37840     31.45620    -12.25050
    51.84531     48.10598    -10.37906
    63.40510     57.52930    -24.39110
    52.25920     46.10750     -8.11370
    41.30010     36.23470    -22.85650
    50.37859     37.64861    -12.64265
    36.51202     24.44871     -9.35985
    42.17605     33.40415    -12.78652
    42.22684     33.57861    -12.65761
    46.05780     43.53244     -7.39090
    35.44168     27.98176    -10.60045
    51.74259     41.91667    -12.84114
    55.32970     50.29490    -13.58700
    32.36700     22.73850     -9.41360
    41.91020     56.49160    -10.16880
    55.65010     64.33064    -22.64907
    55.62840     64.54825    -22.35018
    55.63357     64.59421    -22.23770
    21.23814     23.43139    -10.42643
    36.53060     30.71140    -12.32960
    55.61102     64.38656    -22.28241
    33.36174     20.11626    -12.79614
    33.23134     20.22424    -12.80382
    33.32072     20.20380    -12.79484
    53.74620     49.22670    -11.74510
    50.64320     64.37588    -23.92530
    38.46590     36.20860     -7.86160
    30.65410     37.20860    -13.55440
    45.45240     34.36470     -9.65390
    42.42207     37.73772     -5.78396
    42.23638     28.71647    -11.61269
    37.76880     28.98520    -14.37940
    25.26470     35.40590     -8.72060
    57.06300     65.65740    -22.61570
    18.84880     25.10670     -7.24980
    23.91740     33.37870    -13.67230
    39.18560     26.66160    -12.13460
    55.81684     57.26581     -9.76098
    18.74560     28.38570     -6.94130
    55.82478     57.28758     -9.71171
    55.84377     57.32616     -9.75284
    52.60150     51.17700    -10.47940
    47.70320     45.95270    -14.10210
    40.09472     33.78030    -11.80940
    32.73970     25.93380    -17.92810
    36.72810     47.79033    -10.06375
    33.66494     38.20499    -18.34535
    21.52974     23.57398    -10.43147
    51.27384     44.65561    -11.39257
    20.06460     22.85260     -7.47730
    45.83177     43.35866     -7.35782
    29.03240     25.43170    -13.00510
    32.90660     31.78430     -6.87190
    26.85917     20.88302    -11.82991
    29.45460     41.52220    -10.40850
    50.24429     40.31441    -11.90757
    30.26400     41.81480     -9.64650
    49.01058     35.95439    -11.84883
    32.74983     45.07110    -13.60451
    59.68804     52.28484     -9.83072
    33.99364     20.82695    -12.03364
    30.88837     43.72956     -9.47960
    46.20570     32.72890    -11.25580
    50.63400     45.82140    -11.79040
    52.56108     41.06894    -13.95967
    33.79877     26.20974    -20.34435
    57.78140     45.95380    -19.94950
    58.43596     47.62433    -11.23034
    52.73999     51.56281     -7.32948
    18.67370     24.49300    -17.50850
    42.74246     38.07954     -7.19624
    32.58410     28.10750    -21.45320
    37.07670     32.53390    -10.52110
    34.17950     22.68200    -16.91630
    43.25650     34.51280     -9.97920
    53.39492     51.85649     -7.17887
    31.82845     43.33513     -9.20079
    42.28298     28.37683     -7.80420
    48.21850     44.87510    -16.80700
    33.18354     44.43560    -11.80078
    17.99950     27.85760     -6.82000
    36.89860     25.25720     -9.77340
    36.09120     31.10600    -21.94950
    42.13340     42.51670     -8.73110
    45.22510     43.24015     -7.52041
    51.49212     49.65945    -10.30483
    34.65515     45.68050     -9.08849
    52.99560     54.49480     -8.31370
    42.34911     26.60486     -9.26246
    50.35991     37.65259    -12.57385
    30.97649     43.92192    -10.21722
    33.31830     15.36970    -29.73350
    34.97180     46.01840     -9.58380
    39.27300     33.66610    -10.49120
    49.31240     57.36660    -24.91240
    35.35089     20.40154    -13.23391
    35.36136     20.27127    -13.80274
    39.51430     29.31540     -9.78150
    43.71230     42.22020    -10.05090
    39.87973     28.25250     -6.78125
    38.50660     34.28780    -14.59280
    48.13980     62.62900    -16.83150
    29.95250     43.30100    -12.39860
    43.39081     28.15888     -9.57268
    43.77602     35.30135    -13.93180
    25.54469     22.68797    -13.48049
    58.02680     56.46750    -10.19170
    41.92380     46.97900    -10.85520
    56.69980     52.80560     -9.72560
    42.87656     30.88011     -8.04373
    50.67385     56.94281    -25.31384
    45.76582     42.10159     -7.56541
    21.04004     23.42088    -10.27745
    33.59720     24.69260     -9.42220
    31.45530     35.89290    -12.17470
    42.25388     28.72774     -7.98318
    52.50790     51.65660     -9.31420
    36.73473     34.33272    -12.08122
    40.49860     54.33360     -8.28780
    23.36830     32.83080    -13.76790
    33.77210     36.87920    -15.91220
    20.96570     25.33730    -10.77470
    39.66329     54.15890    -10.03091
    38.01200     49.27370    -12.06950
    35.66484     28.56055    -13.19779
    48.89590     49.17800     -6.85120
    35.75787     37.24936    -14.63716
    25.56560     24.15150    -16.35860
    45.18402     42.79059     -8.04462
    31.18540     46.23060    -15.59000
    19.53708     27.47941    -14.46254
    46.46720     44.59930    -16.69510
    38.66770     30.50110    -14.48330
    23.59260     34.84070    -14.41390
    30.94220     23.06340    -14.43650
    35.86460     50.13430     -8.09360
    46.76820     37.76060    -12.27300
    51.74276     45.47202    -11.46529
    55.84660     65.81250    -22.64950
    33.16640     41.19940     -6.84530
    31.68130     13.26550    -28.55530
    42.43180     32.52240     -7.41580
    36.90690     24.60850    -16.54050
    31.69656     21.70683    -11.36382
    23.07790     37.11829     -8.98417
    47.63055     37.77710     -9.52271
    34.62124     31.03611    -10.81602
    55.90230     62.32160    -24.12560
    26.39001     20.62197    -12.68201
    26.50108     21.06480    -10.62181
    42.79532     28.87727    -10.40168
    41.06240     54.33840     -8.88160
    34.73297     45.94777     -9.29686
    44.75430     36.00940    -12.21760
    26.67570     23.94420    -17.96450
    33.71776     38.10786    -17.94940
    37.95707     29.60057     -8.54114
    30.77474     42.61186     -9.71384
    46.23380     38.35080    -14.62660
    24.56300     33.11890    -14.05930
    42.40079     28.58106    -11.74514
    37.97049     41.22722    -18.28696
    52.05289     47.99471    -10.55829
    34.47747     48.31279    -11.33728
    31.56840     42.76799    -13.32796
    41.41930     36.94940     -7.92720
    17.22100     27.36020     -4.82280
    43.47787     35.20546    -13.94179
    49.79846     36.66474    -12.32607
    49.76427     36.65675    -12.30411
    34.72500     36.61666    -13.76155
    31.45920     45.83530    -14.20260
    36.05690     31.93960    -12.23170
    35.45322     20.11761    -13.57308
    41.73940     31.51360    -13.10320
    46.33920     54.49780     -6.72030
    49.29960     45.32370    -10.05180
    45.07280     38.72260     -7.24850
    40.71210     29.26760    -14.61570
    35.42434     20.30776    -12.97422
    17.72980     26.58700     -6.67540
    60.81976     54.59307    -23.95025
    35.43786     19.89016    -13.82807
    33.01980     46.13820     -9.24140
    27.21540     11.38560     -5.57460
    21.58962     22.57188    -11.40425
    21.63567     22.49564    -10.84441
    45.38513     43.11315     -7.63621
    42.26104     41.86197     -9.41918
    35.56091     19.81229    -13.71255
    31.09271     43.75563     -9.79944
    17.86890     33.31230     -3.54400
    29.37841     33.80733    -11.73561
    34.27820     23.30980    -10.11930
    46.91680     37.05580     -7.52600
    39.37855     53.41961    -11.73607
    50.93788     44.87401    -11.24157
    53.34330     50.53100    -12.59780
    34.43110     43.09450    -20.58980
    22.23160     26.24140    -11.07290
    27.14378     38.42850    -12.27811
    20.11873     22.59805     -9.87265
    36.65310     25.74060     -8.08790
    27.62337     38.89317    -11.47405
    36.00675     25.28312     -8.64702
    29.59280     44.43680    -13.51140
    41.47632     30.78025    -14.82130
    32.55730     46.47620     -8.53200
    35.10889     20.26840    -14.02115
    42.29960     39.33190    -10.46130
    39.90120     54.17310    -11.57920
    58.38994     47.45787    -11.02286
    20.78460     29.74560     -9.72620
    43.24610     44.68840    -18.05850
    56.67740     60.55160     -9.56270
    43.12270     32.60930    -13.25310
    51.01743     40.36374    -12.50509
    40.67927     34.19499    -10.16987
    23.84950     21.80500    -18.29680
    50.39007     43.53566    -10.43163
    33.48590     32.55070     -7.28060
    35.74621     19.91254    -13.54407
    37.12854     27.11865    -21.94506
    35.47060     46.80540     -8.50090
    37.25860     26.01720     -9.38420
    41.07063     26.99561     -8.05652
    41.79730     32.87170     -6.98840
    30.89780     34.07140    -16.32190
    42.18140     37.45475    -10.88652
    54.52760     50.24690    -13.29360
    26.88650     20.61341    -11.78547
    49.47780     46.84670     -7.65100
    30.98020     30.79970    -11.61570
    26.37432     20.59375    -12.73729
    53.14246     51.11941     -7.63888
    45.25522     43.08276     -7.79920
    28.38526     25.03005    -14.20087
    37.33820     30.54020    -18.17900
    33.70609     26.62550     -8.71847
    30.84520     37.29310    -22.59600
    18.34936     31.34185     -8.72661
    40.54860     38.45990    -19.46670
    26.44772     38.81596    -13.23841
    36.07480     27.07360    -21.39060
    51.27157     41.38855    -11.95733
    30.13360     42.60420     -4.39510
    49.26380     42.70740    -13.37530
    41.20967     29.32292    -17.10263
    23.70370     37.25600     -7.08850
    45.14782     46.12749    -26.43647
    40.70601     31.39577     -7.63868
    55.15210     47.01460    -13.40230
    42.45275     28.84108    -11.32217
    59.85162     52.48186    -10.48975
    26.37084     20.61521    -12.90146
    36.70097     29.47115     -9.33547
    33.53690     47.00590    -14.03660
    44.00830     36.33610    -11.93160
    49.72271     36.66905    -12.06599
    26.40457     20.55455    -12.79408
    52.05830     52.08280    -12.49850
    46.25010     42.80640     -8.13050
    51.98064     52.12718     -8.88766
    51.82108     52.61226     -7.81762
    42.62920     37.96120     -7.62416
    51.07140     50.78740     -7.56940
    41.37620     26.79190    -13.86710
    51.67861     52.53883     -8.03648
    42.66908     37.98091     -7.68856
    45.47530     58.13070    -13.98000
    51.88270     40.08390    -11.64370
    39.67809     39.16028     -8.56669
    51.07440     64.27430    -26.02480
    45.68870     59.75300     -9.77230
    22.98340     37.07975     -9.00251
    33.62241     26.74650     -8.92423
    43.59060     41.33300    -13.38000
    48.00910     42.82540    -15.32550
    40.94530     27.64962     -7.12584
    50.76990     43.05370    -11.78840
    46.53930     48.89540    -29.01360
    51.19521     38.96259    -13.13176
    42.26369     28.50423     -8.09610
    34.62525     30.96078    -10.50391
    34.39270     46.57750    -10.45350
    41.97130     54.33057    -10.60159
    41.99400     25.30230    -10.42310
    26.76010     18.81160     -7.32450
    35.76093     29.10675     -9.93410
    57.66074     47.79318    -16.94181
    33.77363     26.24206    -20.75825
    39.61860     26.99760     -5.94330
    28.66000     27.01520    -12.69600
    22.84053     22.92527    -12.59632
    17.50688     26.20834     -8.66319
    49.16752     41.49280    -10.73077
    42.20340     37.64505    -10.83328
    51.66160     51.57890     -5.51110
    34.53465     30.97476    -10.65643
    25.31040     35.08090     -6.68600
    27.35485     39.27843    -12.97597
    32.59794     24.62701    -11.06834
    54.86480     59.73460     -8.00220
    29.25031     20.08008    -13.46649
    50.20001     40.40899    -11.89183
    29.78310     42.14760     -6.74570
    59.01260     51.52240     -8.65790
    50.84600     42.42360    -11.45200
    51.85052     52.18249     -8.24127
    51.66001     52.84542     -8.20843
    42.60900     38.16170     -7.05510
    32.68920     27.41650    -10.43760
    41.06950     48.15990    -22.65070
    51.87500     52.36431     -7.30467
    52.05986     52.30011     -6.73543
    26.73277     38.87544    -13.37493
    56.15560     63.33370    -20.96360
    43.81805     35.51382    -13.76799
    32.56520     42.55953    -11.10352
    46.09600     59.61560    -16.48390
    40.73140     30.00080     -6.62840
    28.72240     33.36090    -21.77620
    33.91360     48.26540    -11.90360
    21.09421     23.27829    -10.19521
    26.77680     26.24690     -8.44700
    38.43990     52.98980    -10.40000
    38.33326     31.45482     -7.60263
    37.74413     49.61937    -13.82189
    54.61300     43.71910    -15.58420
    35.97220     35.29770     -7.24670
    48.92921     48.40620    -15.81157
    35.63167     37.18786    -14.62338
    29.02021     39.53162    -10.94143
    36.55730     20.97570    -22.42480
    51.48980     52.57529     -9.55339
    41.78658     29.27246     -7.40755
    51.15357     41.05741    -12.26930
    42.48480     32.09160    -14.74700
    57.49016     65.50036    -23.88334
    29.98150     19.03190    -22.11260
    39.93560     36.78020    -12.50270
    26.82228     38.40664    -10.18734
    42.56000     53.62470    -10.79050
    35.67422     28.35772    -13.58481
    35.45818     20.15885    -13.65826
    29.31304     20.39566    -13.08764
    42.73020     57.07150    -10.18100
    19.26150     23.58400     -9.60780
    35.39125     19.56175    -13.83113
    23.75847     35.64707    -11.86445
    42.65429     28.14406    -13.19522
    59.45470     56.11050    -10.11790
    23.52800     19.46980    -17.71530
    40.61180     37.98210     -9.23020
    52.67990     43.17696    -13.14192
    20.19850     23.79344     -9.58865
    48.53230     48.02960    -14.10150
    36.34840     28.48200     -9.93870
    48.18280     45.75510     -8.67390
    32.96240     26.56410    -20.26920
    49.45390     46.16210    -11.32420
    31.87280     20.59970    -17.55220
    41.84140     25.26080    -20.14920
    44.15820     51.70280    -22.33160
    33.35790     36.18270    -17.70980
    41.37620     28.71030     -8.58010
    18.94370     30.87802     -9.54912
    20.02410     22.10390     -7.02840
    23.85310     18.00990    -15.17350
    42.51550     29.76150     -8.96530
    29.19120     22.91110    -11.09790
    51.46685     44.42017    -11.46393
    29.24494     42.68784    -15.59611
    50.03530     44.92620    -13.30080
    16.24830     26.70990     -7.07820
    53.30830     54.98830     -8.61170
    53.58990     54.50910     -7.85230
    22.21750     20.82420     -9.62620
    37.82130     32.74550    -20.33430
    40.73700     52.99160    -11.98560
    36.59677     29.58001     -9.13394
    38.33250     26.83410     -7.76300
    29.28866     39.81767    -10.95699
    52.78764     41.72355    -14.27234
    26.58369     20.67193    -12.46609
    36.82960     30.88900    -18.88750
    26.42863     20.60994    -12.76784
    32.88900     42.85680    -13.01050
    45.38650     40.61960    -14.06780
    45.31438     46.36631    -26.62020
    43.33410     56.46680    -13.13940
    34.97370     17.34560     -5.57550
    33.32376     44.55810    -12.08282
    24.61870     19.79740    -14.35230
    36.50520     29.28750    -14.72760
    43.50451     36.39932     -8.34858
    21.02591     23.30094    -10.44571
    31.82110     26.73250    -10.61010
    47.54713     43.63605     -7.77441
    36.65537     24.32300     -8.62564
    36.54153     24.37711     -8.88388
    31.29430     30.16740     -7.57300
    20.78430     28.26350     -8.84910
    51.41240     51.50900     -9.36490
    36.05903     21.21328    -15.18464
    31.45234     43.77689     -9.72604
    21.69824     22.53212    -10.85380
    55.68190     55.99506    -14.21539
    55.70623     56.32056    -14.54130
    53.85576     55.93790     -8.67438
    39.14318     32.37767     -8.44226
    35.61120     19.78610    -17.46600
    56.64770     48.03960    -16.63710
    35.28730     27.86250    -11.92430
    28.68840     20.99970    -11.78360
    54.12120     53.47290    -11.52730
    27.46992     26.67823    -23.57084
    39.57405     32.38561     -8.48171
    27.53508     26.75317    -23.62306
    49.19327     41.84900    -10.45263
    39.88480     44.21870    -21.71450
    55.74239     56.60255    -14.75612
    41.99760     36.80042    -12.06863
    25.77538     20.49473    -13.50585
    37.35727     29.80333    -10.87194
    17.47130     26.22080    -16.68800
    42.63656     34.89428    -11.39101
    42.62762     34.91697    -11.42191
    23.54800     37.18920    -10.53850
    53.64787     52.43774     -8.48331
    37.91520     46.93580    -17.84970
    48.46830     50.40500    -11.10960
    50.12525     44.22094    -10.54426
    23.18780     21.37000    -10.45080
    43.41982     41.16268     -9.34134
    53.90850     46.36430    -13.48500
    21.08920     24.26700     -8.87600
    49.26025     35.05393     -9.27679
    21.63826     24.20999    -11.39653
    16.70280     28.13760     -8.25010
    35.52111     19.73798    -13.43463
    23.84173     35.69463    -11.91135
    38.88730     32.82940    -13.76680
    30.22980     15.70690    -15.74770
    43.55729     28.08300    -10.02093
    36.10404     21.17148    -15.54449
    35.16500     31.33740    -20.25100
    21.86010     30.31000    -12.24100
    48.79411     35.41974    -11.71376
    53.61340     50.19850    -11.50370
    45.79350     49.08670    -22.09160
    47.61448     43.76653     -8.21330
    31.55562     44.66405     -9.14842
    34.82790     33.64310     -7.66290
    23.13100     35.61900     -9.25200
    29.59470     43.44750    -13.68520
    43.37440     57.70320     -9.08090
    40.30490     24.11620     -6.60510
    46.73820     44.13290    -14.70880
    60.04190     52.49623    -11.11643
    51.91760     46.53651    -11.19696
    42.18690     38.59910    -13.81000
    49.89749     44.27162    -10.48246
    38.30370     23.94830     -8.91820
    52.33880     49.18170    -12.15110
    36.04557     21.13074    -15.72524
    32.35380     44.35800    -12.54240
    33.65859     25.84439    -10.86397
    31.62260     37.76740    -24.24120
    31.65670     26.49830    -13.11930
    41.31760     52.31690    -14.82860
    39.96140     37.24210     -9.47670
    53.39584     49.95222    -11.72490
    50.11230     57.99950    -24.53740
    18.22650     25.78710     -7.22260
    51.97980     66.01210    -13.33990
    18.46230     24.44990     -8.45210
    31.06488     42.52360    -13.79530
    28.13346     38.68384    -11.46112
    50.97420     64.75490    -13.94920
    52.62240     59.43380    -24.33510
    55.62775     64.41796    -22.14842
    39.75890     31.97410    -11.77980
    45.31490     37.68860    -12.74570
    26.29670     37.49390     -9.91120
    41.41570     53.02850     -7.48610
    45.56780     26.47630    -13.16380
    39.40110     40.90210     -9.53460
    30.33820     37.81790    -19.32930
    32.82340     36.71140     -9.76700
    40.74529     55.21820     -9.12189
    42.67071     30.66877     -7.93510
    38.86510     29.23100     -9.70040
    45.87200     42.71960    -10.18740
    49.13649     42.49813    -10.13488
    47.12072     45.05758     -9.07871
    26.45124     20.61323    -12.89863
    41.30960     24.86390    -11.86560
    29.57132     36.17513    -13.31166
    32.86989     22.16076    -10.27217
    48.34233     42.64118     -8.94434
    22.09300     25.50220    -11.74630
    33.04490     37.15200    -15.08230
    30.66160     41.06190    -14.08760
    37.81780     32.79150     -8.25670
    18.30952     31.51542     -9.14326
    30.75430     38.13270    -23.40750
    40.25120     26.42010     -8.33950
    44.18910     36.80790    -12.90870
    41.82718     29.79673     -7.31911
    41.88839     29.51472     -7.46314
    17.09460     27.67970     -6.01110
    18.40350     23.62630     -6.44820
    26.87941     38.34865    -12.17786
    35.57030     35.98860    -13.81830
    45.19750     36.58100     -8.19230
    47.04650     43.26580     -8.80150
    59.76086     52.05082     -9.84382
    39.40961     32.36479     -8.05565
    31.33896     44.59084     -9.42930
    19.30420     23.76400     -5.94350
    23.15820     21.42410     -5.53430
    30.80026     42.68584     -9.49756
    51.14482     44.45058    -11.45194
    52.17960     44.94770    -11.98430
    23.59760     29.32030    -13.29600
    42.70420     34.73401    -11.67910
    47.98627     42.62708    -10.18081
    34.96190     35.96780    -17.15993
    24.86780     14.60160     -8.73950
    41.64348     30.75905    -14.71770
    51.54992     58.11984    -19.19716
    41.84334     28.79916    -13.84200
    36.09453     21.11987    -15.59846
    23.18240     23.62950    -12.90730
    33.63759     25.86918    -10.85770
    29.57350     28.33810    -19.65320
    48.79140     41.78940    -15.56950
    39.43535     53.41219    -11.43443
    49.79440     54.26780    -26.21010
    51.49041     49.85172     -9.42550
    51.48445     49.74447    -10.02550
    51.48957     49.74351     -9.80208
    43.92220     35.09830     -8.69060
    64.62510     57.33450    -26.74960
    41.63540     29.62380    -16.22510
    40.25232     32.68977    -14.66069
    37.48920     37.95930    -10.00680
    30.24730      9.53290    -16.80930
    41.17152     26.84587     -8.18063
    42.76360     39.95040     -6.79170
    36.07612     21.19374    -15.53471
    43.91020     33.15360    -16.14580
    41.15710     25.76320    -17.02690
    30.90720     34.38270    -13.68510
    30.58232     32.00635    -16.26334
    56.27390     53.54740    -12.86100
    33.58380     46.17160    -13.62680
    16.49600     29.29630    -16.03870
    42.82239     33.99805    -11.13171
    53.68954     45.58345    -13.53223
    47.90630     39.69190    -15.03790
    33.70472     26.01698    -10.85193
    51.87464     52.33043     -6.48060
    40.47210     33.39660    -10.26310
    53.34570     55.09370     -7.23380
    29.65260     35.21490    -15.62790
    33.52754     26.16791    -10.98228
    56.32880     65.41420    -22.67640
    48.52698     49.56065    -11.57781
    47.55734     33.83401     -7.96098
    40.12900     23.35350    -20.44900
    22.92807     22.91213    -12.34518
    25.35550     39.39550    -15.87860
    23.45720     25.47900    -13.28050
    30.19360     15.51390    -22.92640
    28.38260     18.26430    -13.36990
    37.65100     21.28806    -17.08276
    19.95043     23.52249     -9.11232
    48.13410     35.12560     -7.11650
    26.62653     37.84799    -12.53041
    52.43970     64.98020    -23.98260
    32.45060     42.66267    -11.45238
    41.98760     42.60780    -23.76900
    45.41007     40.90814    -12.49482
    26.74100     38.61170     -8.38330
    45.33823     40.97716    -12.60288
    33.00160     37.30590    -17.48690
    45.03790     49.15630    -27.34960
    33.87230     31.44090    -13.88690
    41.92280     30.94300    -16.50350
    26.59978     20.66455    -12.41884
    31.18925     44.07536     -9.82745
    30.18372     32.21590    -16.07403
    40.92580     27.62060    -20.48360
    43.13800     38.74330     -8.40660
    37.77550     45.24520    -21.96600
    37.74650     30.73250    -21.58330
    49.01080     57.13290    -22.80250
    42.88980     26.81090    -14.48280
    52.18666     47.79366    -10.60915
    31.73037     35.90119    -15.37198
    31.93907     35.93657    -15.06311
    36.05150     36.83580    -16.65510
    43.61940     55.57070    -14.36970
    41.73150     38.22390     -6.33720
    45.54160     35.85340    -10.33930
    40.50440     32.90129    -14.84374
    42.29583     37.56878     -5.79974
    42.27631     28.51909    -12.07630
    37.57471     32.93002    -12.78032
    42.87281     33.86905    -11.19389
    46.61343     46.40939     -6.53631
    47.62498     37.78203     -9.49150
    40.61118     32.93104    -15.02736
    40.49497     32.85377    -14.83771
    50.60842     43.53753    -10.88313
    32.02910     31.05970     -8.60630
    31.53807     34.31365    -16.50690
    34.51110     24.52160    -19.07710
    53.02441     44.19863    -12.05091
    44.85100     42.72200     -5.11700
    55.23120     49.96620     -3.99030
    32.45150     26.30710     -7.97960
    39.24246     31.62228    -14.67960
    35.54675     18.42004    -14.33425
    47.93041     50.20449    -12.68127
    39.58591     54.12010     -9.84539
    35.16160     27.68090    -14.81930
    48.04886     50.23222    -12.60388
    33.38660     39.33160    -21.26650
    48.73470     61.40290    -11.50270
    35.90560     30.36360    -10.71670
    18.32590     31.22631     -8.28547
    44.07740     34.40930     -7.68060
    49.65020     45.83650    -10.00310
    41.89070     27.41477     -8.24346
    45.70820     59.02310    -16.50420
    27.69900     39.58950     -6.07220
    53.73564     45.60897    -13.44216
    36.85830     28.50460    -18.88580
    34.05280     30.90560     -8.18960
    29.01340     37.78940    -15.48410
    40.92780     36.06200     -8.53970
    33.83101     38.29624    -18.27367
    37.79287     49.44503    -14.09061
    36.14400     37.72220     -9.44070
    16.01460     27.88150    -21.06910
    30.77680     27.94290    -10.40010
    41.06698     34.48458    -10.27788
    40.03757     28.46014     -6.42759
    17.78180     25.71350     -4.95540
    50.39170     58.06940    -21.00940
    42.24295     40.16418    -10.12425
    41.02310     53.09650    -10.14700
    35.76459     20.96152    -16.21263
    25.52350     14.22830    -15.46170
    23.25280     28.10120     -9.25690
    30.60572     42.52029    -13.64211
    48.55670     34.15770    -11.53860
    32.99440     14.82930    -12.25890
    40.43020     35.66650    -12.96410
    50.82506     43.74261    -11.08685
    41.44500     25.02200     -7.22820
    36.05458     21.20860    -14.28447
    41.89600     44.71240    -16.53980
    40.72370     32.85370    -11.02800
    34.99117     46.94592    -12.12650
    47.47770     44.19900    -13.70570
    46.84646     39.71877    -14.45979
    25.51528     38.33805     -6.61722
    35.73707     37.41500    -14.80927
    30.05950     34.30720    -13.66450
    49.44740     43.51780    -10.21040
    47.84349     43.81011     -8.64934
    37.73580     28.16890    -15.18040
    37.53750     35.57940    -10.89980
    34.93096     35.98338    -17.16742
    42.75617     35.00229    -11.94373
    37.94681     31.55419    -11.17287
    43.86868     34.24176    -11.69620
    39.67990     45.18180    -19.60970
    25.58180     33.56560    -13.92480
    25.90568     38.33242    -12.54101
    53.04842     51.63369     -7.37186
    22.64780     24.30780     -8.40420
    43.54789     33.70888     -8.27679
    52.72790     53.25290     -7.06790
    49.07734     42.32869    -10.45923
    33.88524     44.12738    -10.05772
    55.63670     51.39410    -13.11830
    39.32809     32.38916     -9.11668
    20.84940     19.39410    -12.48970
    37.12710     19.25490    -13.25670
    38.46264     31.46598     -7.61887
    21.56285     22.63704    -11.28408
    39.41130     29.35850    -24.47000
    29.23350     19.06460    -10.50650
    43.60950     33.71839     -8.35063
    51.12380     41.97430    -14.62060
    43.83270     34.72650    -14.62230
    39.89990     55.50770    -10.95180
    30.85250     26.72530     -8.67040
    39.84189     27.94466     -7.02978
    39.12410     54.15180    -12.24050
    40.36550     34.36050    -14.79840
    20.17477     24.88701    -10.75693
    41.95736     29.73894     -7.19504
    36.14594     21.32672    -15.84871
    36.05449     21.14572    -14.94076
    49.13010     49.32940    -10.31950
    43.94640     28.53020    -14.08800
    28.58642     39.36666    -11.87280
    53.81820     51.38760     -9.57130
    23.42497     24.31111    -14.13501
    44.78650     33.24100    -14.99930
    53.29760     56.71430    -24.11930
    48.23650     40.26340    -14.35860
    41.60940     28.84850    -15.20900
    42.16106     39.67317     -9.30647
    52.94197     51.40877     -7.63013
    49.85750     46.81460    -14.13820
    26.72103     21.06119    -11.00684
    35.65432     29.29446    -10.24717
    52.17710     64.52120    -13.20430
    63.63890     59.54110    -21.47440
    43.87240     46.62340    -23.87660
    28.69250     38.77950    -13.45680
    41.91460     29.79770    -13.38820
    33.24073     47.45919    -11.85976
    51.87653     46.74341    -11.66166
    35.80220     28.99540    -18.40000
    50.21050     49.60490    -15.33280
    37.84601     41.31228    -18.51014
    37.37613     29.68447    -11.04726
    35.53601     30.27418    -12.91343
    49.22880     39.52600    -14.66970
    36.24020     25.94300     -9.14970
    35.53379     30.24512    -13.10727
    41.07930     38.99670    -13.70690
    18.08720     28.36950    -18.64750
    53.12840     47.86480    -12.94110
    48.56253     35.37478    -11.69805
    40.36930     28.90750    -11.08900
    47.96013     50.39219    -12.82925
    27.31895     39.25017    -12.87013
    57.84320     56.62030     -7.86500
    26.69824     38.87941    -13.18784
    59.59970     51.27030    -15.21760
    36.63240     51.07660     -5.95940
    42.18864     28.49564     -7.74542
    16.69050     27.02450     -5.66690
    32.91921     22.19544    -10.67733
    35.58510     32.54980     -7.27980
    38.44290     46.34840    -21.20660
    39.34200     34.16610    -12.78820
    22.97985     37.29997     -8.74623
    39.81800     33.21350    -19.45400
    35.21890     16.95400    -12.52680
    38.42350     27.61940    -15.55980
    49.02181     35.70681    -11.85840
    38.27440     28.36460    -17.94510
    33.90460     29.79770    -20.04260
    22.59080     34.26580    -11.52790
    35.02450     30.91736    -12.68043
    58.10880     48.58530     -9.03170
    51.85773     46.21846    -10.61116
    43.17575     31.78259     -8.26834
    22.37170     22.43420    -14.22210
    32.37460     46.64870    -12.03440
    42.47703     26.59558     -9.36647
    37.74642     31.17193    -10.91195
    40.73049     31.37903     -7.69242
    42.91500     31.80250    -17.05960
    42.10004     54.29494    -11.18314
    40.60200     44.28370    -25.14600
    43.73991     33.65464     -8.07668
    32.83460     26.90890     -6.82700
    42.32370     32.06870    -11.35800
    43.41330     36.47810    -13.21160
    24.95080     36.45080    -12.90720
    42.39326     26.43015     -9.06716
    33.30397     26.53089    -11.37498
    29.38364     20.67686    -12.99162
    33.41531     38.13294    -17.51335
    28.89630     24.24160    -22.32350
    49.34165     34.87487     -9.46861
    42.96950     33.07540    -14.10190
    26.40900     20.62293    -12.63270
    29.72590     36.59750    -13.31606
    55.80075     56.45649    -15.10566
    23.16626     36.93142     -9.25494
    32.62301     24.42956    -11.46544
    47.11350     57.17400    -19.60400
    36.71932     48.05321     -9.67350
    16.29530     25.38540    -13.04020
    52.06020     59.89710    -22.93630
    14.74470     26.86100    -13.31690
    41.28810     33.63060    -11.38810
    52.05344     52.44193     -6.58738
    54.22000     47.13320    -12.60330
    34.09500     14.30000     -5.67740
    37.33940     29.20870    -21.84140
    35.31170     42.41710    -24.22580
    40.07440     32.75510    -11.53880
    30.12750     13.82510    -22.58130
    49.41710     57.60880    -20.40500
    60.92924     54.64963    -24.25835
    52.17110     48.81070     -7.24050
    22.40970     21.39250    -11.10800
    46.02590     37.47730     -9.97650
    51.87001     41.81713    -12.53426
    40.91060     34.23550    -16.75230
    21.87920     21.46820    -19.03910
    45.36880     46.52944    -26.79364
    50.96330     47.55530     -7.77730
    25.71450     39.31980     -9.21900
    44.92470     31.47050    -10.29290
    35.50465     18.38636    -14.54075
    50.55260     64.57982    -23.91270
    46.61667     46.24351     -6.57129
    43.92690     43.35860    -25.81570
    43.27595     31.80531     -8.38656
    58.74370     56.50450    -10.61200
    48.47640     42.69252     -8.30381
    28.70307     39.38394    -11.35263
    50.73279     59.07917    -24.02043
    30.36394     19.48868    -12.36856
    45.73887     39.75245     -6.76836
    50.89628     40.83500    -12.16252
    48.85207     42.51033    -10.50233
    48.94657     42.39766    -10.32599
    36.06925     25.30378     -8.31528
    41.25413     29.26088    -16.98437
    25.08210     22.76080    -15.26680
    28.78740     41.21090     -5.31540
    42.68111     28.23164    -13.34148
    42.67415     37.95663     -8.30371
    49.52240     37.42330    -12.56050
    39.87120     35.15080    -13.55630
    55.58560     48.26350    -15.06370
    33.61703     25.57160    -10.77485
    38.09030     31.64760    -19.89170
    24.88740     35.81880    -12.08690
    36.51050     41.11700    -17.67680
    27.37580     19.40650    -13.56040
    43.61260     47.63450    -22.50900
    51.43686     45.26713    -10.42081
    57.58050     64.72880    -20.73380
    20.12073     24.85859    -11.19527
    37.93033     29.55393     -8.90906
    19.74280     24.46950    -10.51520
    30.54960     36.45220    -13.17450
    27.60050     32.67590    -17.18070
    48.28284     42.61930    -10.03811
    35.97316     27.61929    -12.87795
    47.62420     47.50910    -26.54980
    40.56730     32.13090    -11.16440
    32.49140     46.06630    -14.73250
    17.46062     26.18776     -8.55441
    44.52838     40.31888    -13.03560
    36.28260     48.65140    -11.37600
    38.92830     32.46170    -20.73760
    32.75480     44.79920     -8.86670
    41.09240     40.21000    -10.34990
    25.28165     21.21000    -12.96503
    31.65530     31.13650    -12.12480
    36.69930     22.92220     -7.11420
    55.24880     46.48730    -15.04450
    32.58348     45.16082    -13.84989
    35.78713     28.65795    -12.96161
    48.01820     39.04500    -10.59740
    48.18991     39.88126    -10.82078
    35.91500     29.45310    -13.74450
    45.81940     50.76700     -8.41320
    42.87366     28.80973    -10.20680
    39.94450     33.59470    -15.11710
    21.64437     24.22580    -11.57694
    40.85968     27.11626     -8.10400
    44.47582     40.33232    -13.40110
    37.44814     32.92304    -12.14599
    36.66890     25.06560    -12.30700
    49.71470     61.23100    -21.37650
    25.45570     37.62070    -12.37960
    33.52710     38.05157    -17.90948
    27.85132     38.79968    -11.30074
    28.60700     35.49150    -11.00160
    39.62240     33.09510    -16.80600
    35.74300     31.87480     -8.37430
    34.84647     20.42275    -14.41793
    30.12240     27.94340     -5.97000
    31.22390     22.78460     -7.89610
    29.63310     27.52730    -12.52930
    36.00020     19.98510    -18.45060
    34.06720     18.10510    -11.82880
    52.64330     43.07334    -13.36568
    15.13174     27.72852    -12.32012
    29.13880     33.13810    -11.20400
    31.75200     20.96740    -12.66180
    28.34960     22.73430    -11.34640
    36.69137     34.17898    -12.10598
    51.76059     45.44154    -11.54264
    34.77705     45.08090    -12.83636
    38.94700     35.32140     -8.27030
    29.57098     36.42552    -13.78362
    31.63534     21.79897    -11.41588
    31.45718     35.81406    -15.74421
    24.65100     21.18370    -14.69410
    29.26459     33.94087    -11.96579
    28.01250     36.51400    -17.31020
    25.43800     39.56780    -13.07590
    53.30030     40.94150    -15.02380
    46.70730     32.84024     -6.82632
    46.60413     32.76881     -6.89610
    46.74966     32.78695     -6.89358
    25.84970     37.40030     -8.33290
    46.00440     61.43460    -21.12490
    53.57293     52.54236     -8.34709
    29.25796     42.80706    -15.42579
    36.17300     48.72740     -8.15300
    46.99550     34.16610     -9.91470
    50.42754     43.42019    -10.64041
    18.17360     26.44880    -13.23670
    35.48920     49.55510     -6.83640
    53.13729     44.02167    -12.01989
    53.92914     55.74470     -8.67682
    54.29500     49.71630    -11.49200
    36.11270     45.26220    -17.48320
    44.42800     43.26040    -10.56210
    18.22420     26.13560    -10.30060
    45.27520     43.31500    -11.30130
    29.62609     36.13895    -13.58954
    37.62503     32.66652    -13.33355
    35.58552     27.88504    -10.72535
    43.63485     28.26600    -10.71589
    27.78770     28.79800    -19.31580
    54.28950     52.86830    -11.93070
    33.41670     41.00530    -19.54690
    47.67550     35.34070    -11.09520
    35.40960     36.15610     -7.26410
    52.45676     40.90977    -13.54649
    26.64508     38.44023    -12.16133
    23.75872     24.51295    -13.77542
    35.15930     33.41870    -13.77510
    29.80121     36.07922    -13.30503
    39.22560     43.62550    -27.10760
    45.47280     37.24980     -9.39120
    42.64220     57.91170    -11.87480
    58.27590     48.50580    -21.62960
    15.19396     27.85908    -12.67108
    46.65810     43.30610     -7.10530
    31.62333     34.24945    -16.76870
    50.17822     44.37646    -10.16932
    41.31240     33.17750     -8.21680
    34.87802     45.51821     -8.89327
    41.77898     29.29438     -7.67210
    30.86667     42.53137    -13.55689
    42.28925     33.50875    -12.43022
    36.07378     21.08759    -14.94897
    35.94444     27.72471    -12.74895
    34.77730     36.70624    -14.20895
    45.42410     53.69910    -18.28400
    33.57340     31.86200    -10.78330
    36.47630     26.76740    -12.25440
    34.81883     46.90528    -12.35220
    51.96179     46.84490    -11.34402
    35.54890     23.84040    -10.64570
    23.16380     34.64120    -10.43160
    21.83610     26.08130    -12.16530
    43.80180     33.95610    -13.87500
    25.37660     34.78060     -9.73300
    33.47690     25.76140     -8.52640
    59.52880     54.04700    -21.11690
    59.96320     54.30510    -22.23780
    42.79001     28.82841    -10.19228
    42.88379     28.90079    -10.13472
    42.25127     33.68074    -12.05529
    18.13660     24.28790    -14.47240
    20.10430     22.30070    -18.06400
    31.65200     37.81280    -17.97280
    41.96370     34.84260    -13.72640
    37.77250     21.16934    -17.11694
    23.89830     23.17180    -12.25690
    51.65848     45.40702    -10.95078
    29.24317     40.09329    -11.19537
    32.57614     45.10574    -13.49974
    32.61205     45.19543    -13.49706
    33.18971     38.23478    -16.82705
    33.98590     27.81760    -10.62090
    35.92349     46.50752     -9.88464
    23.98760     27.03520    -18.04650
    22.76109     35.71585    -11.31460
    50.31073     43.41125    -10.82651
    37.80058     31.37882    -10.89626
    43.11440     34.63950     -8.11160
    42.83195     28.89357    -10.22513
    51.45540     51.21750     -7.18850
    43.55830     40.48090     -4.81850
    16.72220     26.36500     -9.86960
    44.07300     35.25035    -13.90558
    33.94190     48.43720     -9.26220
    25.34005     21.17330    -12.67607
    23.10725     37.01469     -9.33451
    29.99220     36.15260    -15.69850
    36.78370     30.24430     -7.26690
    27.46950     21.05010    -13.79130
    22.11080     35.81240    -10.03390
    34.34260     25.38720     -8.32890
    47.59690     35.23550     -7.86250
    34.60750     38.02690    -21.63930
    18.95780     30.98288     -9.82008
    43.80202     34.24814    -11.76160
    63.63940     57.09060    -22.95500
    37.88185     44.09149    -23.50994
    28.79540     42.26900     -5.23270
    54.95650     45.64500     -8.92050
    40.02920     31.29820     -9.37230
    47.51367     37.75697     -9.88860
    33.00030     32.75880     -8.11010
    29.49636     36.52861    -14.42944
    35.09180     33.91190    -18.83450
    27.59870     38.96105    -11.34296
    47.51006     33.99099     -7.66862
    38.81100     22.74720    -10.33140
    37.45870     32.25080    -11.38510
    41.17830     32.06140    -12.24380
    48.03750     49.49930    -22.54640
    39.50520     27.73760    -15.44420
    40.14938     33.75260    -11.61460
    36.95926     27.20945    -22.11164
    19.53190     29.85280     -9.96690
    34.69810     33.59550    -16.31990
    35.91910     20.27250    -16.44740
    50.80916     44.64276    -11.21715
    42.49005     34.46671    -11.90323
    31.58730     42.63941    -13.20294
    35.44590     31.54780    -13.74020
    49.50716     44.44692    -10.49316
    34.34070     45.23720    -10.94800
    32.04260     44.71850     -5.76230
    32.26410     14.60940     -8.98340
    48.81740     44.44390    -12.41360
    46.91000     34.96830    -10.59250
    56.11370     65.20130    -24.32300
    54.04540     50.53200     -8.91750
    36.62417     48.31016     -9.46591
    25.23250     22.06810    -12.32240
    34.71350     45.20833    -13.19627
    48.69890     45.74370    -18.25660
    27.16220     41.81880     -6.56650
    39.99460     35.01500    -10.09830
    44.78877     42.62877     -7.88997
    18.70050     31.93540     -7.73090
    22.41080     34.20410    -13.61540
    36.75227     29.54873     -9.42458
    18.52950     28.89560     -9.05130
    24.61980     38.97760    -13.19020
    26.17554     20.53311    -13.00733
    35.91050     47.22430     -9.90920
    48.56096     35.25973    -11.66543
    41.00739     38.69460     -9.40583
    22.87641     35.78835    -11.55550
    35.60650     34.44040     -8.91420
    28.42130     37.89840    -15.11520
    34.95460     29.07880    -16.89440
    38.19730     27.22970    -12.56530
    18.82420     23.49530    -13.60770
    22.09320     20.36050    -13.91980
    50.86240     63.58390    -10.17290
    43.35261     28.01442     -9.45423
    28.47760     34.78550    -12.31300
    36.62193     24.30896     -8.92422
    27.22047     21.04190    -11.89993
    58.56686     48.99091    -10.60065
    45.68753     39.94325     -6.69884
    39.32370     35.12960    -22.01330
    25.71730     24.01840    -14.62910
    46.95968     45.07732     -9.34289
    34.01732     43.06020    -17.29037
    23.89290     30.19230    -17.38090
    30.95157     43.87682    -10.01324
    46.67771     39.58694    -14.36818
    55.71364     56.07466    -14.28120
    59.65050     54.93570    -20.09180
    58.59264     48.97239    -10.34285
    56.12880     66.11570    -20.89740
    51.23329     38.88551    -13.20216
    43.54469     36.48438     -8.65882
    41.24120     51.32250    -16.82890
    40.14180     50.56540    -15.18710
    46.31780     59.10500    -13.12020
    20.09727     23.66508     -9.55667
    20.10801     23.64457     -9.11713
    37.40310     49.26090    -12.73960
    49.62000     41.68430    -14.51880
    26.92732     38.31906    -10.45316
    29.11120     15.29010    -10.75820
    51.24780     38.95751    -13.09708
    31.77660     34.16000    -14.99030
    46.04730     45.19440     -7.92790
    48.81809     48.27380    -15.69483
    50.08300     56.19730     -9.08960
    34.03748     43.00790    -17.48033
    42.75497     37.83195     -8.08678
    48.46082     49.57145    -11.45359
    19.44520     22.35050     -8.15680
    31.49400     26.32020    -11.32180
    24.11910     31.65590    -14.19770
    48.01442     42.66390    -10.13211
    51.61558     58.25536    -18.80664
    29.89900     39.27480    -15.11640
    34.56276     30.95945    -10.61484
    34.83385     45.35840    -13.62277
    38.65150     30.00710    -10.12700
    34.39523     48.41661    -11.04182
    20.85450     23.71730    -11.83920
    50.98617     40.65602    -12.48630
    40.98180     37.92530    -10.96230
    18.66220     28.18290    -10.38880
    41.27737     35.40934    -11.83291
    25.67211     22.59793    -13.25441
    54.00120     64.80940    -19.34930
    50.41420     45.61530    -10.45770
    38.39140     31.16530    -19.16280
    30.50810     19.00410     -7.59800
    41.10391     38.82440     -9.70427
    42.12666     33.45289    -12.88728
    50.63501     59.16073    -23.63507
    26.58062     38.76046    -12.87899
    32.51888     24.76462    -10.83920
    19.91350     26.11470     -7.88740
    50.20576     43.47400    -10.33447
    25.49312     38.14985     -6.55718
    51.07740     53.31000    -15.06350
    41.26313     35.24896    -11.70079
    56.56050     60.99320    -19.21710
    37.85840     28.20460    -11.24300
    41.77376     54.22086    -10.04577
    45.03290     31.48270    -15.08140
    52.15470     38.42500    -10.76880
    33.45277     47.39281    -11.91854
    58.97410     64.07940    -21.15830
    37.91775     44.19841    -23.56636
    37.59620     40.27070    -19.39160
    50.54735     56.82119    -25.25036
    45.07850     38.11760    -13.57170
    27.23190     17.19050    -14.70600
    53.40087     43.98591    -14.00641
    45.85810     52.15090    -21.02200
    37.25960     27.95640    -22.01910
    19.13530     31.12420     -7.73140
    32.05500     23.83890    -10.58500
    42.63540     35.00150     -7.31870
    18.09490     26.13410     -5.98580
    54.78520     49.71150    -13.77100
    43.14430     38.52590    -12.33230
    16.96380     23.96540    -10.14870
    42.43686     41.82783     -9.45032
    26.80230     12.92620     -8.95300
    49.83906     36.78766    -12.28913
    34.81330     49.53270     -5.64460
    40.81910     27.69748     -7.50796
    32.99360     28.94420    -10.75110
    49.99483     44.03308    -10.94158
    32.21300     25.39170    -10.08300
    43.23058     28.18970     -9.29139
    41.87836     28.94954    -13.82790
    15.83380     25.39500     -6.60680
    51.33430     57.48930    -23.73610
    37.69380     32.45395    -13.25876
    33.73870     44.44520    -13.45860
    31.84828     43.61936     -9.70101
    46.83490     37.87160    -15.19710
    34.94280     31.08704    -12.89097
    44.64619     42.66710     -7.23988
    42.76480     37.11010     -7.60620
    38.78060     41.50510    -18.19780
    36.02767     21.15496    -15.91070
    52.31239     52.46900     -6.65590
    20.62090     25.06050    -19.23630
    34.00740     44.91780    -12.65660
    53.48750     42.70070    -14.91330
    33.60523     38.20923    -18.12874
    64.60260     55.96750    -25.49600
    57.68886     47.78822    -17.01179
    26.68688     38.14963    -12.21716
    55.10430     56.03850     -8.77580
    34.29800     26.53040    -20.23200
    21.54543     23.05260    -12.37759
    22.82200     26.60730    -12.68810
    19.21470     27.23210     -6.58750
    19.63062     27.36359    -14.31996
    28.08980     24.34570    -15.65960
    34.87390     32.59390     -6.96700
    25.12850     32.76800    -17.31850
    21.48641     22.87884    -11.94274
    54.59070     47.02590    -14.10180
    48.74850     56.08120    -23.80340
    34.86110     25.91790    -13.95890
    49.30620     64.84760    -26.27330
    31.26960     42.03460    -10.31950
    23.64064     24.47863    -13.91984
    60.42100     50.59010    -20.36510
    51.51511     52.74510     -8.80924
    35.37874     29.34466    -10.42249
    19.07150     25.24200     -9.09370
    52.86470     46.89590    -11.89150
    40.02470     24.98110    -13.12710
    21.65396     24.33711    -11.63503
    49.66860     57.84150    -23.36600
    58.90550     50.36640    -17.29480
    43.05960     37.79990    -12.10010
    24.61480     34.10060    -14.12640
    25.89790     32.00640    -13.19250
    31.33950     24.58480     -7.06100
    59.50855     50.98419    -10.44836
    52.53816     41.10649    -13.87059
    41.89874     36.67135    -11.89093
    42.40290     27.14730    -11.33240
    31.37160     34.32400     -9.00520
    50.19370     62.41980    -26.10540
    40.54080     41.92350    -11.80240
    47.95640     38.70150    -15.20240
    18.09360     27.16690     -5.57140
    30.19315     32.19363    -16.03862
    52.85010     48.25360    -12.01490
    19.12790     30.92560     -6.30180
    51.23869     41.31044    -12.08456
    34.31030     31.41100     -9.64690
    36.02311     46.56008     -9.43526
    34.04636     44.19732     -9.94638
    44.37590     30.46530    -13.50520
    29.34586     20.56277    -13.14379
    44.03612     35.34700    -13.86228
    28.31934     24.97695    -13.97623
    49.83630     62.97820    -21.28470
    59.46695     50.83141    -10.50134
    38.40650     49.43370    -10.64190
    49.23480     43.92360    -13.03780
    41.00810     31.56480    -19.21380
    30.45016     19.43042    -12.80474
    53.63202     45.45568    -13.42100
    17.92970     28.00320     -8.32100
    39.77640     26.12720    -22.34250
    37.56120     24.48320     -6.56660
    40.85713     34.40806    -10.22263
    51.53450     42.60210    -12.15950
    30.32021     32.15236    -16.08661
    45.71208     42.07611     -7.77419
    42.83240     39.37650     -6.16330
    49.48140     42.50165     -9.52054
    39.82010     45.91080    -17.82930
