    43.50715     41.15120     -9.64536
    28.78920     42.20030     -7.79720
    39.09470     36.69140     -8.59910
    39.34223     32.37681     -8.69940
    40.05000     32.03040    -13.85310
    43.53404     41.16859     -9.70955
    55.82144     57.28752     -9.82989
    33.30580     17.84170    -15.31120
    52.60983     41.28526    -13.97633
    40.51347     32.87898    -14.83277
    37.71450     27.26970     -8.92110
    44.10090     36.21740     -7.96960
    41.85104     29.51978     -7.41432
    41.49530     50.84940    -19.94120
    42.51180     40.97500    -13.80150
    51.74280     40.33200    -13.01160
    35.83890     21.28830    -22.06900
    53.36514     43.90309    -13.94305
    31.42610     37.57310    -15.99920
    50.62280     64.47660    -16.25290
    19.53938     28.14291     -8.12230
    46.64694     39.56888    -14.27851
    41.93646     36.75351    -11.91198
    49.00420     42.72730    -15.12510
    40.75348     55.17356     -9.32704
    33.85020     20.85440    -17.85220
    40.14350     54.97720    -10.27270
    19.53922     28.14289     -8.12250
    42.39251     28.72370    -11.44352
    22.41520     22.65730     -9.38360
    39.48090     27.72830    -13.80310
    26.57657     20.71831    -12.35340
    35.64470     37.13392    -14.64086
    35.64465     37.13362    -14.64103
    38.07680     31.82080    -14.85930
    33.68610     46.32820     -9.09230
    42.61540     39.20370    -12.64280
    49.09902     41.62392    -10.62865
    25.49080     20.60090    -10.04270
    53.39244     49.98781    -11.66926
    39.66376     39.17043     -8.58571
    32.26050     23.49600     -7.53170
    33.03550     45.98930    -10.87470
    41.85970     27.46701     -8.30624
    40.61260     27.52830     -9.28980
    47.52370     36.89560    -10.84190
    56.20380     62.35240    -17.98270
    42.22981     39.90171     -9.70811
    28.37070     40.67040    -13.65690
    48.32094     40.06246    -10.69040
    25.95855     38.44110    -12.72446
    34.88110     31.81330    -15.48400
    29.73340     19.42490    -13.11390
    31.73587     43.39687     -9.23133
    49.61920     48.86400     -8.04130
    39.20523     31.52741    -14.60818
    34.02063     20.85022    -11.82716
    34.93250     18.55510     -9.84340
    46.50560     40.92520    -10.37440
    25.40740     21.19280    -10.60350
    40.14804     28.65877     -8.30543
    40.14826     28.65853     -8.30547
    28.55040     22.23620    -13.10380
    43.92220     52.07090    -24.33980
    32.46250     22.66190    -12.75660
    20.07070     22.55115     -9.77485
    49.59680     37.17130     -8.03180
    48.32055     40.06206    -10.69075
    30.44380     29.95390     -7.83580
    43.52597     41.16363     -9.68996
    44.85030     47.70500     -5.77110
    57.44481     65.54113    -23.96104
    42.78290     35.03868    -12.59586
    34.92624     36.01159    -17.26254
    42.71081     30.55625     -7.80909
    42.70856     30.54768     -7.80299
    37.74590     26.71980    -18.65540
    40.37840     31.45620    -12.25050
    52.02772     47.96522    -10.51508
    63.40510     57.52930    -24.39110
    52.25920     46.10750     -8.11370
    41.30010     36.23470    -22.85650
    50.36928     37.65059    -12.60836
    36.58249     24.36471     -8.94968
    42.21390     33.52465    -12.56408
    42.21405     33.52520    -12.56368
    45.81083     43.36675     -7.44019
    35.46513     27.91571    -10.94946
    51.80610     41.86705    -12.68818
    55.32970     50.29490    -13.58700
    32.36700     22.73850     -9.41360
    41.91020     56.49160    -10.16880
    55.63023     64.45514    -22.33453
    55.63016     64.45581    -22.33361
    55.63018     64.45596    -22.33326
    21.18982     23.40494    -10.36009
    36.53060     30.71140    -12.32960
    55.63011     64.45531    -22.33340
    33.30478     20.18123    -12.79826
    33.30437     20.18157    -12.79828
    33.30465     20.18150    -12.79826
    53.74620     49.22670    -11.74510
    50.59804     64.47753    -23.91902
    38.46590     36.20860     -7.86160
    30.65410     37.20860    -13.55440
    45.45240     34.36470     -9.65390
    42.35915     37.65351     -5.79183
    42.39248     28.72311    -11.44440
    37.76880     28.98520    -14.37940
    25.26470     35.40590     -8.72060
    57.06300     65.65740    -22.61570
    18.84880     25.10670     -7.24980
    23.91740     33.37870    -13.67230
    39.18560     26.66160    -12.13460
    55.82149     57.28751     -9.82886
    18.74560     28.38570     -6.94130
    55.82151     57.28758     -9.82871
    55.82157     57.28769     -9.82884
    52.60150     51.17700    -10.47940
    47.70320     45.95270    -14.10210
    40.12197     33.76649    -11.71230
    32.73970     25.93380    -17.92810
    36.69483     48.04885     -9.72945
    33.58249     38.17168    -17.90396
    21.19264     23.40652    -10.36074
    51.12848     44.60725    -11.35703
    20.06460     22.85260     -7.47730
    45.70452     43.30332     -7.49156
    29.03240     25.43170    -13.00510
    32.90660     31.78430     -6.87190
    26.68027     20.80457    -12.01525
    29.45460     41.52220    -10.40850
    50.22222     40.36155    -11.89972
    30.26400     41.81480     -9.64650
    48.83061     35.58486    -11.77119
    32.63075     45.13308    -13.61277
    59.82575     52.32696    -10.28721
    34.02047     20.85008    -11.82844
    31.16622     43.86364     -9.75570
    46.20570     32.72890    -11.25580
    50.63400     45.82140    -11.79040
    52.57783     41.20000    -13.91714
    33.78624     26.22585    -20.55066
    57.78140     45.95380    -19.94950
    58.41302     47.54136    -11.12692
    53.02794     51.47651     -7.46830
    18.67370     24.49300    -17.50850
    42.67925     37.99368     -7.65496
    32.58410     28.10750    -21.45320
    37.07670     32.53390    -10.52110
    34.17950     22.68200    -16.91630
    43.25650     34.51280     -9.97920
    53.39492     51.85649     -7.17887
    31.73767     43.40114     -9.24037
    42.24741     28.52565     -7.90690
    48.21850     44.87510    -16.80700
    33.25343     44.49666    -11.94136
    17.99950     27.85760     -6.82000
    36.89860     25.25720     -9.77340
    36.09120     31.10600    -21.94950
    42.13340     42.51670     -8.73110
    45.34340     43.08452     -7.65212
    51.48900     49.75412     -9.86955
    34.79515     45.77859     -9.19299
    52.99560     54.49480     -8.31370
    42.40629     26.54372     -9.23213
    50.36922     37.65061    -12.60814
    31.14099     43.91686     -9.77282
    33.31830     15.36970    -29.73350
    34.79659     45.78191     -9.19734
    39.27300     33.66610    -10.49120
    49.31240     57.36660    -24.91240
    35.32298     20.14978    -13.74191
    35.37509     20.07591    -13.70653
    39.51430     29.31540     -9.78150
    43.71230     42.22020    -10.05090
    39.90970     28.21171     -6.76500
    38.50660     34.28780    -14.59280
    48.13980     62.62900    -16.83150
    29.95250     43.30100    -12.39860
    43.45111     28.13953     -9.85529
    43.82929     35.33286    -13.87857
    25.60820     22.64309    -13.36780
    58.02680     56.46750    -10.19170
    41.92380     46.97900    -10.85520
    56.69980     52.80560     -9.72560
    42.71518     30.57082     -7.82049
    50.61080     56.88219    -25.28220
    45.73903     42.08889     -7.66948
    21.18921     23.40491    -10.35963
    33.59720     24.69260     -9.42220
    31.45530     35.89290    -12.17470
    42.24732     28.52674     -7.90746
    52.50790     51.65660     -9.31420
    36.71312     34.25609    -12.09356
    40.49860     54.33360     -8.28780
    23.36830     32.83080    -13.76790
    33.77210     36.87920    -15.91220
    20.96570     25.33730    -10.77470
    39.62472     54.13956     -9.93844
    38.01200     49.27370    -12.06950
    35.70859     28.52552    -13.24791
    48.89590     49.17800     -6.85120
    35.64542     37.13509    -14.64129
    25.56560     24.15150    -16.35860
    45.13256     42.93071     -7.67177
    31.18540     46.23060    -15.59000
    19.58370     27.42168    -14.39147
    46.46720     44.59930    -16.69510
    38.66770     30.50110    -14.48330
    23.59260     34.84070    -14.41390
    30.94220     23.06340    -14.43650
    35.86460     50.13430     -8.09360
    46.76820     37.76060    -12.27300
    51.64923     45.39740    -11.07399
    55.84660     65.81250    -22.64950
    33.16640     41.19940     -6.84530
    31.68130     13.26550    -28.55530
    42.43180     32.52240     -7.41580
    36.90690     24.60850    -16.54050
    31.66605     21.75276    -11.38977
    23.06236     37.08727     -9.06814
    47.58986     37.77205     -9.63392
    34.58608     30.98294    -10.64832
    55.90230     62.32160    -24.12560
    26.50061     20.67420    -12.50925
    26.66033     21.02412    -11.00166
    42.72925     28.83451    -10.52381
    41.06240     54.33840     -8.88160
    34.79567     45.77980     -9.19425
    44.75430     36.00940    -12.21760
    26.67570     23.94420    -17.96450
    33.58265     38.17138    -17.90273
    37.94374     29.57732     -8.72453
    30.78746     42.64874     -9.60604
    46.23380     38.35080    -14.62660
    24.56300     33.11890    -14.05930
    42.39299     28.72269    -11.44481
    37.90844     41.26962    -18.39820
    52.02836     47.96488    -10.51563
    34.43648     48.36454    -11.19001
    31.24564     42.62218    -13.44960
    41.41930     36.94940     -7.92720
    17.22100     27.36020     -4.82280
    43.82645     35.33265    -13.87864
    49.78118     36.69446    -12.24657
    49.78107     36.69443    -12.24650
    34.75107     36.66131    -13.98456
    31.45920     45.83530    -14.20260
    36.05690     31.93960    -12.23170
    35.37604     20.07440    -13.70509
    41.73940     31.51360    -13.10320
    46.33920     54.49780     -6.72030
    49.29960     45.32370    -10.05180
    45.07280     38.72260     -7.24850
    40.71210     29.26760    -14.61570
    35.39262     20.09123    -13.66056
    17.72980     26.58700     -6.67540
    60.87433     54.62126    -24.10382
    35.40819     20.04922    -13.66579
    33.01980     46.13820     -9.24140
    27.21540     11.38560     -5.57460
    21.57855     22.70890    -11.50024
    21.58635     22.68103    -11.42381
    45.45355     43.15002     -7.60227
    42.34868     41.84495     -9.43470
    35.40925     20.04807    -13.66514
    31.17254     43.88553     -9.74706
    17.86890     33.31230     -3.54400
    29.32168     33.87389    -11.85034
    34.27820     23.30980    -10.11930
    46.91680     37.05580     -7.52600
    39.40686     53.41591    -11.58572
    51.12459     44.60980    -11.35529
    53.34330     50.53100    -12.59780
    34.43110     43.09450    -20.58980
    22.23160     26.24140    -11.07290
    26.76179     38.32638    -12.40498
    20.07100     22.55145     -9.77545
    36.65310     25.74060     -8.08790
    27.80400     38.83204    -11.38457
    36.03790     25.29342     -8.48167
    29.59280     44.43680    -13.51140
    41.55964     30.76968    -14.76966
    32.55730     46.47620     -8.53200
    35.34732     20.12254    -13.72146
    42.29960     39.33190    -10.46130
    39.90120     54.17310    -11.57920
    58.41288     47.54084    -11.12628
    20.78460     29.74560     -9.72620
    43.24610     44.68840    -18.05850
    56.67740     60.55160     -9.56270
    43.12270     32.60930    -13.25310
    51.02689     40.70246    -12.38062
    40.84636     34.34925    -10.21760
    23.84950     21.80500    -18.29680
    50.46438     43.51948    -10.70139
    33.48590     32.55070     -7.28060
    35.44982     19.97282    -13.65109
    37.04416     27.16391    -22.02809
    35.47060     46.80540     -8.50090
    37.25860     26.01720     -9.38420
    41.03406     26.98594     -8.11354
    41.79730     32.87170     -6.98840
    30.89780     34.07140    -16.32190
    42.19237     37.54960    -10.85998
    54.52760     50.24690    -13.29360
    26.84952     20.88023    -11.77094
    49.47780     46.84670     -7.65100
    30.98020     30.79970    -11.61570
    26.48053     20.66008    -12.56294
    53.03396     51.46690     -7.47514
    45.28892     43.04346     -7.65734
    28.35240     25.00358    -14.08890
    37.33820     30.54020    -18.17900
    33.66438     26.68581     -8.82103
    30.84520     37.29310    -22.59600
    18.32832     31.36113     -8.71847
    40.54860     38.45990    -19.46670
    26.60929     38.70646    -12.96410
    36.07480     27.07360    -21.39060
    51.14752     41.11855    -12.15484
    30.13360     42.60420     -4.39510
    49.26380     42.70740    -13.37530
    41.23183     29.29200    -17.04368
    23.70370     37.25600     -7.08850
    45.26699     46.32070    -26.59769
    40.71821     31.38743     -7.66547
    55.15210     47.01460    -13.40230
    42.57339     28.78297    -10.95013
    59.82864     52.33020    -10.29899
    26.42191     20.64639    -12.64183
    36.68339     29.53311     -9.29812
    33.53690     47.00590    -14.03660
    44.00830     36.33610    -11.93160
    49.78094     36.69447    -12.24576
    26.48062     20.65996    -12.56312
    52.05830     52.08280    -12.49850
    46.25010     42.80640     -8.13050
    51.88014     52.26827     -8.24930
    51.84328     52.45856     -7.75576
    42.67890     37.99332     -7.65628
    51.07140     50.78740     -7.56940
    41.37620     26.79190    -13.86710
    51.81303     52.47097     -7.90117
    42.67903     37.99338     -7.65648
    45.47530     58.13070    -13.98000
    51.88270     40.08390    -11.64370
    39.66384     39.17037     -8.58559
    51.07440     64.27430    -26.02480
    45.68870     59.75300     -9.77230
    23.06206     37.08715     -9.06820
    33.66412     26.68619     -8.82167
    43.59060     41.33300    -13.38000
    48.00910     42.82540    -15.32550
    40.88240     27.67348     -7.31631
    50.76990     43.05370    -11.78840
    46.53930     48.89540    -29.01360
    51.22534     38.93529    -13.14363
    42.24735     28.52604     -7.90781
    34.58610     30.98271    -10.64735
    34.39270     46.57750    -10.45350
    41.94394     54.28705    -10.58258
    41.99400     25.30230    -10.42310
    26.76010     18.81160     -7.32450
    35.60481     29.25262    -10.20456
    57.67476     47.79071    -16.97669
    33.78616     26.22595    -20.55194
    39.61860     26.99760     -5.94330
    28.66000     27.01520    -12.69600
    22.88416     22.91872    -12.47114
    17.48382     26.19808     -8.60897
    49.09853     41.64926    -10.61875
    42.19243     37.55020    -10.85982
    51.66160     51.57890     -5.51110
    34.58582     30.98275    -10.64783
    25.31040     35.08090     -6.68600
    27.33696     39.26434    -12.92321
    32.58000     24.60713    -11.12415
    54.86480     59.73460     -8.00220
    29.31893     20.41080    -13.17817
    50.22208     40.36185    -11.89968
    29.78310     42.14760     -6.74570
    59.01260     51.52240     -8.65790
    50.84600     42.42360    -11.45200
    51.85682     52.39982     -7.87531
    51.65561     52.60051     -8.45794
    42.67847     37.99516     -7.64849
    32.68920     27.41650    -10.43760
    41.06950     48.15990    -22.65070
    51.89001     52.42360     -7.57832
    51.94119     52.40982     -7.29166
    26.61078     38.70693    -12.96479
    56.15560     63.33370    -20.96360
    43.82942     35.33352    -13.87807
    32.50808     42.61094    -11.27741
    46.09600     59.61560    -16.48390
    40.73140     30.00080     -6.62840
    28.72240     33.36090    -21.77620
    33.91360     48.26540    -11.90360
    21.18894     23.40425    -10.35928
    26.77680     26.24690     -8.44700
    38.43990     52.98980    -10.40000
    38.39775     31.46038     -7.61072
    37.76842     49.53247    -13.95583
    54.61300     43.71910    -15.58420
    35.97220     35.29770     -7.24670
    48.87382     48.34021    -15.75338
    35.64502     37.13490    -14.64125
    28.97074     39.63504    -11.25337
    36.55730     20.97570    -22.42480
    51.58036     52.64838     -8.76078
    41.85066     29.51775     -7.41495
    51.08414     40.91777    -12.26319
    42.48480     32.09160    -14.74700
    57.44509     65.54087    -23.96056
    29.98150     19.03190    -22.11260
    39.93560     36.78020    -12.50270
    26.87464     38.36299    -10.31984
    42.56000     53.62470    -10.79050
    35.70862     28.52489    -13.24911
    35.37605     20.07453    -13.70535
    29.31981     20.41484    -13.17493
    42.73020     57.07150    -10.18100
    19.26150     23.58400     -9.60780
    35.47473     19.81553    -13.68547
    23.79997     35.67078    -11.88783
    42.66766     28.18771    -13.26812
    59.45470     56.11050    -10.11790
    23.52800     19.46980    -17.71530
    40.61180     37.98210     -9.23020
    52.66166     43.12531    -13.25345
    20.08889     23.65682     -9.34445
    48.53230     48.02960    -14.10150
    36.34840     28.48200     -9.93870
    48.18280     45.75510     -8.67390
    32.96240     26.56410    -20.26920
    49.45390     46.16210    -11.32420
    31.87280     20.59970    -17.55220
    41.84140     25.26080    -20.14920
    44.15820     51.70280    -22.33160
    33.35790     36.18270    -17.70980
    41.37620     28.71030     -8.58010
    18.95073     30.93029     -9.68418
    20.02410     22.10390     -7.02840
    23.85310     18.00990    -15.17350
    42.51550     29.76150     -8.96530
    29.19120     22.91110    -11.09790
    51.21656     44.55591    -11.39504
    29.25143     42.74726    -15.51121
    50.03530     44.92620    -13.30080
    16.24830     26.70990     -7.07820
    53.30830     54.98830     -8.61170
    53.58990     54.50910     -7.85230
    22.21750     20.82420     -9.62620
    37.82130     32.74550    -20.33430
    40.73700     52.99160    -11.98560
    36.68306     29.53345     -9.29749
    38.33250     26.83410     -7.76300
    29.10056     39.75541    -11.14026
    52.73714     41.62242    -14.21175
    26.57856     20.71879    -12.35277
    36.82960     30.88900    -18.88750
    26.50073     20.67416    -12.50952
    32.88900     42.85680    -13.01050
    45.38650     40.61960    -14.06780
    45.26774     46.32192    -26.59871
    43.33410     56.46680    -13.13940
    34.97370     17.34560     -5.57550
    33.25387     44.49704    -11.94224
    24.61870     19.79740    -14.35230
    36.50520     29.28750    -14.72760
    43.52454     36.44172     -8.50322
    21.18791     23.40390    -10.35982
    31.82110     26.73250    -10.61010
    47.67161     43.74649     -8.24048
    36.58294     24.36432     -8.94740
    36.58258     24.36448     -8.94820
    31.29430     30.16740     -7.57300
    20.78430     28.26350     -8.84910
    51.41240     51.50900     -9.36490
    36.02380     21.14024    -15.44543
    31.36054     43.72561     -9.58030
    21.58655     22.68114    -11.42384
    55.72877     56.29964    -14.58790
    55.72981     56.30696    -14.59739
    53.89234     55.84160     -8.67560
    39.34199     32.37692     -8.68758
    35.61120     19.78610    -17.46600
    56.64770     48.03960    -16.63710
    35.46221     27.91439    -10.96837
    28.68840     20.99970    -11.78360
    54.12120     53.47290    -11.52730
    27.50240     26.71558    -23.59687
    39.34368     32.37695     -8.68763
    27.50260     26.71582    -23.59703
    49.08992     42.03547    -10.43161
    39.88480     44.21870    -21.71450
    55.73037     56.31084    -14.60207
    41.93672     36.75355    -11.91289
    25.77538     20.49473    -13.50585
    37.36667     29.74408    -10.95933
    17.47130     26.22080    -16.68800
    42.66114     34.82270    -11.81275
    42.66111     34.82277    -11.81285
    23.54800     37.18920    -10.53850
    53.61052     52.48989     -8.41541
    37.91520     46.93580    -17.84970
    48.46830     50.40500    -11.10960
    49.97248     44.25168    -10.53748
    23.18780     21.37000    -10.45080
    43.52255     41.16150     -9.68165
    53.90850     46.36430    -13.48500
    21.08920     24.26700     -8.87600
    49.30082     34.96468     -9.37240
    21.64551     24.25749    -11.53573
    16.70280     28.13760     -8.25010
    35.42058     20.02900    -13.65940
    23.80023     35.67092    -11.88797
    38.88730     32.82940    -13.76680
    30.22980     15.70690    -15.74770
    43.45163     28.13930     -9.85668
    36.02380     21.14001    -15.44694
    35.16500     31.33740    -20.25100
    21.86010     30.31000    -12.24100
    48.80393     35.55127    -11.76027
    53.39925     49.99341    -11.66550
    45.79350     49.08670    -22.09160
    47.67226     43.74708     -8.24294
    31.44763     44.62756     -9.28843
    34.82790     33.64310     -7.66290
    23.13100     35.61900     -9.25200
    29.59470     43.44750    -13.68520
    43.37440     57.70320     -9.08090
    40.30490     24.11620     -6.60510
    46.73820     44.13290    -14.70880
    59.85126     52.35843    -10.39385
    51.90090     46.54642    -11.14851
    42.18690     38.59910    -13.81000
    49.87909     44.29075    -10.52845
    38.30370     23.94830     -8.91820
    52.33880     49.18170    -12.15110
    36.02362     21.13986    -15.44807
    32.35380     44.35800    -12.54240
    33.60664     25.92914    -10.90175
    31.62260     37.76740    -24.24120
    31.65670     26.49830    -13.11930
    41.31760     52.31690    -14.82860
    39.96140     37.24210     -9.47670
    53.39489     49.98973    -11.66806
    50.11230     57.99950    -24.53740
    18.22650     25.78710     -7.22260
    51.97980     66.01210    -13.33990
    18.46230     24.44990     -8.45210
    31.15313     42.60262    -13.48564
    27.80889     38.82981    -11.38456
    50.97420     64.75490    -13.94920
    52.62240     59.43380    -24.33510
    55.63016     64.45541    -22.33298
    39.75890     31.97410    -11.77980
    45.31490     37.68860    -12.74570
    26.29670     37.49390     -9.91120
    41.41570     53.02850     -7.48610
    45.56780     26.47630    -13.16380
    39.40110     40.90210     -9.53460
    30.33820     37.81790    -19.32930
    32.82340     36.71140     -9.76700
    40.75342     55.17384     -9.32576
    42.71102     30.55696     -7.81012
    38.86510     29.23100     -9.70040
    45.87200     42.71960    -10.18740
    49.16267     42.35457    -10.13904
    47.04045     45.06742     -9.21039
    26.48077     20.66014    -12.56344
    41.30960     24.86390    -11.86560
    29.63328     36.30183    -13.59682
    32.89447     22.17805    -10.47412
    48.24219     42.64398     -9.54865
    22.09300     25.50220    -11.74630
    33.04490     37.15200    -15.08230
    30.66160     41.06190    -14.08760
    37.81780     32.79150     -8.25670
    18.32820     31.36167     -8.71977
    30.75430     38.13270    -23.40750
    40.25120     26.42010     -8.33950
    44.18910     36.80790    -12.90870
    41.85109     29.52108     -7.41376
    41.85111     29.51957     -7.41454
    17.09460     27.67970     -6.01110
    18.40350     23.62630     -6.44820
    26.72971     38.38082    -12.49945
    35.57030     35.98860    -13.81830
    45.19750     36.58100     -8.19230
    47.04650     43.26580     -8.80150
    59.82576     52.32571    -10.28616
    39.34317     32.37689     -8.68631
    31.44695     44.62733     -9.28930
    19.30420     23.76400     -5.94350
    23.15820     21.42410     -5.53430
    30.78754     42.64896     -9.60536
    51.12808     44.60661    -11.35722
    52.17960     44.94770    -11.98430
    23.59760     29.32030    -13.29600
    42.68145     34.85793    -11.94277
    48.19679     42.63793     -9.78118
    34.92648     36.01123    -17.26162
    24.86780     14.60160     -8.73950
    41.56016     30.76962    -14.76934
    51.58265     58.18739    -19.00251
    41.86080     28.87412    -13.83497
    36.02377     21.13982    -15.44768
    23.18240     23.62950    -12.90730
    33.60657     25.92921    -10.90173
    29.57350     28.33810    -19.65320
    48.79140     41.78940    -15.56950
    39.40704     53.41589    -11.58478
    49.79440     54.26780    -26.21010
    51.48899     49.75487     -9.86612
    51.48897     49.75438     -9.86868
    51.48899     49.75438     -9.86799
    43.92220     35.09830     -8.69060
    64.62510     57.33450    -26.74960
    41.63540     29.62380    -16.22510
    40.50753     32.87484    -14.83017
    37.48920     37.95930    -10.00680
    30.24730      9.53290    -16.80930
    41.03437     26.98548     -8.11392
    42.76360     39.95040     -6.79170
    36.02372     21.14008    -15.44691
    43.91020     33.15360    -16.14580
    41.15710     25.76320    -17.02690
    30.90720     34.38270    -13.68510
    30.34147     32.13171    -16.12550
    56.27390     53.54740    -12.86100
    33.58380     46.17160    -13.62680
    16.49600     29.29630    -16.03870
    42.81039     33.98912    -11.23959
    53.68575     45.54947    -13.46534
    47.90630     39.69190    -15.03790
    33.60678     25.92967    -10.90171
    51.98717     52.40210     -7.01877
    40.47210     33.39660    -10.26310
    53.34570     55.09370     -7.23380
    29.65260     35.21490    -15.62790
    33.55593     26.03051    -10.98090
    56.32880     65.41420    -22.67640
    48.49400     49.56603    -11.51589
    47.53377     33.91226     -7.81525
    40.12900     23.35350    -20.44900
    22.88444     22.91868    -12.47036
    25.35550     39.39550    -15.87860
    23.45720     25.47900    -13.28050
    30.19360     15.51390    -22.92640
    28.38260     18.26430    -13.36990
    37.71156     21.22888    -17.09980
    20.08812     23.65598     -9.34297
    48.13410     35.12560     -7.11650
    26.74864     38.17667    -12.32876
    52.43970     64.98020    -23.98260
    32.50772     42.61126    -11.27849
    41.98760     42.60780    -23.76900
    45.37426     40.94254    -12.54868
    26.74100     38.61170     -8.38330
    45.37404     40.94276    -12.54902
    33.00160     37.30590    -17.48690
    45.03790     49.15630    -27.34960
    33.87230     31.44090    -13.88690
    41.92280     30.94300    -16.50350
    26.57874     20.71881    -12.35244
    31.24118     44.07107     -9.63365
    30.33957     32.13268    -16.12461
    40.92580     27.62060    -20.48360
    43.13800     38.74330     -8.40660
    37.77550     45.24520    -21.96600
    37.74650     30.73250    -21.58330
    49.01080     57.13290    -22.80250
    42.88980     26.81090    -14.48280
    52.02878     47.96425    -10.51579
    31.69465     35.88173    -15.41431
    31.69593     35.88201    -15.41246
    36.05150     36.83580    -16.65510
    43.61940     55.57070    -14.36970
    41.73150     38.22390     -6.33720
    45.54160     35.85340    -10.33930
    40.51113     32.87742    -14.83192
    42.35875     37.65299     -5.79187
    42.35717     28.70980    -11.54355
    37.58266     32.76587    -12.87731
    42.81115     33.98782    -11.23854
    46.61504     46.32671     -6.55375
    47.58984     37.77206     -9.63382
    40.51146     32.87752    -14.83249
    40.51110     32.87728    -14.83190
    50.46506     43.51949    -10.70279
    32.02910     31.05970     -8.60630
    31.58057     34.28165    -16.63739
    34.51110     24.52160    -19.07710
    53.08067     44.11042    -12.03545
    44.85100     42.72200     -5.11700
    55.23120     49.96620     -3.99030
    32.45150     26.30710     -7.97960
    39.20547     31.52799    -14.60862
    35.52577     18.40325    -14.43718
    47.97965     50.27608    -12.70473
    39.62448     54.13944     -9.93786
    35.16160     27.68090    -14.81930
    47.98001     50.27616    -12.70449
    33.38660     39.33160    -21.26650
    48.73470     61.40290    -11.50270
    35.90560     30.36360    -10.71670
    18.32825     31.36077     -8.71710
    44.07740     34.40930     -7.68060
    49.65020     45.83650    -10.00310
    41.85990     27.46669     -8.30586
    45.70820     59.02310    -16.50420
    27.69900     39.58950     -6.07220
    53.68589     45.54955    -13.46506
    36.85830     28.50460    -18.88580
    34.05280     30.90560     -8.18960
    29.01340     37.78940    -15.48410
    40.92780     36.06200     -8.53970
    33.58357     38.17205    -17.90506
    37.76858     49.53193    -13.95667
    36.14400     37.72220     -9.44070
    16.01460     27.88150    -21.06910
    30.77680     27.94290    -10.40010
    40.84806     34.35045    -10.21807
    39.91079     28.21425     -6.76185
    17.78180     25.71350     -4.95540
    50.39170     58.06940    -21.00940
    42.23011     39.90422     -9.71222
    41.02310     53.09650    -10.14700
    35.84589     21.02129    -16.11933
    25.52350     14.22830    -15.46170
    23.25280     28.10120     -9.25690
    30.85987     42.54277    -13.59420
    48.55670     34.15770    -11.53860
    32.99440     14.82930    -12.25890
    40.43020     35.66650    -12.96410
    50.47055     43.52229    -10.70821
    41.44500     25.02200     -7.22820
    36.06204     21.16722    -14.85501
    41.89600     44.71240    -16.53980
    40.72370     32.85370    -11.02800
    34.90527     46.92566    -12.23900
    47.47770     44.19900    -13.70570
    46.64854     39.57007    -14.28016
    25.50423     38.24424     -6.58729
    35.64548     37.13593    -14.64187
    30.05950     34.30720    -13.66450
    49.44740     43.51780    -10.21040
    47.67390     43.74789     -8.24738
    37.73580     28.16890    -15.18040
    37.53750     35.57940    -10.89980
    34.92638     36.01128    -17.26164
    42.68221     34.86010    -11.94463
    37.83163     31.36889    -10.99425
    43.83545     34.24494    -11.72880
    39.67990     45.18180    -19.60970
    25.58180     33.56560    -13.92480
    25.95822     38.44043    -12.72332
    53.10288     51.54981     -7.41236
    22.64780     24.30780     -8.40420
    43.63217     33.69401     -8.23483
    52.72790     53.25290     -7.06790
    49.08405     42.24082    -10.33420
    33.96555     44.16224    -10.00222
    55.63670     51.39410    -13.11830
    39.34270     32.37691     -8.69320
    20.84940     19.39410    -12.48970
    37.12710     19.25490    -13.25670
    38.39815     31.46042     -7.61078
    21.57843     22.70946    -11.50080
    39.41130     29.35850    -24.47000
    29.23350     19.06460    -10.50650
    43.63236     33.69404     -8.23506
    51.12380     41.97430    -14.62060
    43.83270     34.72650    -14.62230
    39.89990     55.50770    -10.95180
    30.85250     26.72530     -8.67040
    39.90797     28.20691     -6.77047
    39.12410     54.15180    -12.24050
    40.36550     34.36050    -14.79840
    20.14783     24.87284    -10.97542
    41.85139     29.52051     -7.41344
    36.03942     21.15068    -15.44026
    36.04140     21.15179    -15.37795
    49.13010     49.32940    -10.31950
    43.94640     28.53020    -14.08800
    28.77547     39.45607    -11.42827
    53.81820     51.38760     -9.57130
    23.59178     24.42561    -13.96161
    44.78650     33.24100    -14.99930
    53.29760     56.71430    -24.11930
    48.23650     40.26340    -14.35860
    41.60940     28.84850    -15.20900
    42.22897     39.89721     -9.70056
    53.02981     51.47261     -7.47139
    49.85750     46.81460    -14.13820
    26.80945     20.91192    -11.60892
    35.60393     29.25345    -10.20609
    52.17710     64.52120    -13.20430
    63.63890     59.54110    -21.47440
    43.87240     46.62340    -23.87660
    28.69250     38.77950    -13.45680
    41.91460     29.79770    -13.38820
    33.34642     47.42610    -11.88906
    51.90898     46.62356    -11.26861
    35.80220     28.99540    -18.40000
    50.21050     49.60490    -15.33280
    37.90806     41.26988    -18.39890
    37.36673     29.74372    -10.95987
    35.53490     30.25970    -13.01005
    49.22880     39.52600    -14.66970
    36.24020     25.94300     -9.14970
    35.53490     30.25960    -13.01065
    41.07930     38.99670    -13.70690
    18.08720     28.36950    -18.64750
    53.12840     47.86480    -12.94110
    48.80008     35.54680    -11.75889
    40.36930     28.90750    -11.08900
    47.97974     50.27666    -12.70519
    27.33684     39.26426    -12.92289
    57.84320     56.62030     -7.86500
    26.62515     38.66750    -12.90663
    59.59970     51.27030    -15.21760
    36.63240     51.07660     -5.95940
    42.24712     28.52602     -7.90672
    16.69050     27.02450     -5.66690
    32.89463     22.17815    -10.47538
    35.58510     32.54980     -7.27980
    38.44290     46.34840    -21.20660
    39.34200     34.16610    -12.78820
    23.06192     37.08803     -9.06716
    39.81800     33.21350    -19.45400
    35.21890     16.95400    -12.52680
    38.42350     27.61940    -15.55980
    48.80603     35.55369    -11.76122
    38.27440     28.36460    -17.94510
    33.90460     29.79770    -20.04260
    22.59080     34.26580    -11.52790
    34.98378     31.00194    -12.78537
    58.10880     48.58530     -9.03170
    51.88427     46.39137    -10.90805
    43.22569     31.79391     -8.32727
    22.37170     22.43420    -14.22210
    32.37460     46.64870    -12.03440
    42.40669     26.54369     -9.23245
    37.83101     31.36770    -10.99344
    40.71829     31.38737     -7.66563
    42.91500     31.80250    -17.05960
    41.94554     54.28730    -10.58838
    40.60200     44.28370    -25.14600
    43.63277     33.69384     -8.23421
    32.83460     26.90890     -6.82700
    42.32370     32.06870    -11.35800
    43.41330     36.47810    -13.21160
    24.95080     36.45080    -12.90720
    42.40643     26.54318     -9.23152
    33.30397     26.53089    -11.37498
    29.32037     20.41735    -13.17337
    33.53547     38.17590    -17.77790
    28.89630     24.24160    -22.32350
    49.30108     34.96412     -9.37300
    42.96950     33.07540    -14.10190
    26.50128     20.67426    -12.50787
    29.63376     36.30314    -13.59683
    55.73033     56.30900    -14.60127
    23.06274     37.08642     -9.06938
    32.58008     24.60651    -11.12539
    47.11350     57.17400    -19.60400
    36.69437     48.05150     -9.72626
    16.29530     25.38540    -13.04020
    52.06020     59.89710    -22.93630
    14.74470     26.86100    -13.31690
    41.28810     33.63060    -11.38810
    51.95419     52.41373     -7.19784
    54.22000     47.13320    -12.60330
    34.09500     14.30000     -5.67740
    37.33940     29.20870    -21.84140
    35.31170     42.41710    -24.22580
    40.07440     32.75510    -11.53880
    30.12750     13.82510    -22.58130
    49.41710     57.60880    -20.40500
    60.87467     54.62144    -24.10478
    52.17110     48.81070     -7.24050
    22.40970     21.39250    -11.10800
    46.02590     37.47730     -9.97650
    51.80650     41.86675    -12.68722
    40.91060     34.23550    -16.75230
    21.87920     21.46820    -19.03910
    45.26791     46.32242    -26.59925
    50.96330     47.55530     -7.77730
    25.71450     39.31980     -9.21900
    44.92470     31.47050    -10.29290
    35.52563     18.40315    -14.43782
    50.59776     64.47817    -23.91898
    46.61506     46.32619     -6.55385
    43.92690     43.35860    -25.81570
    43.22601     31.79399     -8.32763
    58.74370     56.50450    -10.61200
    48.41109     42.66757     -8.66737
    28.84144     39.51374    -11.36373
    50.68405     59.11982    -23.82835
    30.40692     19.45964    -12.58597
    45.71328     39.84755     -6.73371
    51.08142     40.91169    -12.26575
    49.08238     42.31784    -10.29433
    49.08335     42.24264    -10.33325
    36.03810     25.29348     -8.48063
    41.23197     29.29180    -17.04332
    25.08210     22.76080    -15.26680
    28.78740     41.21090     -5.31540
    42.66774     28.18799    -13.26858
    42.67915     37.99273     -7.66081
    49.52240     37.42330    -12.56050
    39.87120     35.15080    -13.55630
    55.58560     48.26350    -15.06370
    33.61784     25.90375    -10.88369
    38.09030     31.64760    -19.89170
    24.88740     35.81880    -12.08690
    36.51050     41.11700    -17.67680
    27.37580     19.40650    -13.56040
    43.61260     47.63450    -22.50900
    51.64565     45.39523    -11.06100
    57.58050     64.72880    -20.73380
    20.14767     24.87276    -10.97678
    37.94366     29.57718     -8.72567
    19.74280     24.46950    -10.51520
    30.54960     36.45220    -13.17450
    27.60050     32.67590    -17.18070
    48.19945     42.63783     -9.77650
    35.95884     27.67184    -12.81365
    47.62420     47.50910    -26.54980
    40.56730     32.13090    -11.16440
    32.49140     46.06630    -14.73250
    17.48368     26.19802     -8.60863
    44.50218     40.32558    -13.21778
    36.28260     48.65140    -11.37600
    38.92830     32.46170    -20.73760
    32.75480     44.79920     -8.86670
    41.09240     40.21000    -10.34990
    25.31076     21.19171    -12.82100
    31.65530     31.13650    -12.12480
    36.69930     22.92220     -7.11420
    55.24880     46.48730    -15.04450
    32.63023     45.13336    -13.61354
    35.70897     28.52582    -13.24718
    48.01820     39.04500    -10.59740
    48.32014     40.06142    -10.69118
    35.91500     29.45310    -13.74450
    45.81940     50.76700     -8.41320
    42.73782     28.83661    -10.50032
    39.94450     33.59470    -15.11710
    21.64553     24.25753    -11.53629
    41.03340     26.98632     -8.11368
    44.50202     40.32562    -13.21892
    37.57853     32.77434    -12.85492
    36.66890     25.06560    -12.30700
    49.71470     61.23100    -21.37650
    25.45570     37.62070    -12.37960
    33.53604     38.17575    -17.77949
    27.80527     38.83150    -11.38414
    28.60700     35.49150    -11.00160
    39.62240     33.09510    -16.80600
    35.74300     31.87480     -8.37430
    35.01306     20.34305    -14.16541
    30.12240     27.94340     -5.97000
    31.22390     22.78460     -7.89610
    29.63310     27.52730    -12.52930
    36.00020     19.98510    -18.45060
    34.06720     18.10510    -11.82880
    52.66154     43.12499    -13.25415
    15.16275     27.79360    -12.49506
    29.13880     33.13810    -11.20400
    31.75200     20.96740    -12.66180
    28.34960     22.73430    -11.34640
    36.71298     34.25561    -12.09364
    51.64995     45.39770    -11.07649
    34.77481     45.21546    -13.21728
    38.94700     35.32140     -8.27030
    29.63286     36.30331    -13.60069
    31.66585     21.75304    -11.38993
    31.69215     35.88106    -15.41782
    24.65100     21.18370    -14.69410
    29.32132     33.87431    -11.85106
    28.01250     36.51400    -17.31020
    25.43800     39.56780    -13.07590
    53.30030     40.94150    -15.02380
    46.68710     32.79880     -6.87186
    46.68678     32.79857     -6.87207
    46.68723     32.79863     -6.87207
    25.84970     37.40030     -8.33290
    46.00440     61.43460    -21.12490
    53.61028     52.49021     -8.41499
    29.25147     42.74764    -15.51069
    36.17300     48.72740     -8.15300
    46.99550     34.16610     -9.91470
    50.46450     43.51912    -10.70203
    18.17360     26.44880    -13.23670
    35.48920     49.55510     -6.83640
    53.08103     44.10988    -12.03535
    53.89256     55.84100     -8.67560
    54.29500     49.71630    -11.49200
    36.11270     45.26220    -17.48320
    44.42800     43.26040    -10.56210
    18.22420     26.13560    -10.30060
    45.27520     43.31500    -11.30130
    29.63293     36.30215    -13.60039
    37.58367     32.76350    -12.88333
    35.46558     27.91541    -10.94985
    43.46669     28.14396     -9.91235
    27.78770     28.79800    -19.31580
    54.28950     52.86830    -11.93070
    33.41670     41.00530    -19.54690
    47.67550     35.34070    -11.09520
    35.40960     36.15610     -7.26410
    52.55813     41.14687    -13.87860
    26.69258     38.47962    -12.64082
    23.59319     24.42643    -13.96007
    35.15930     33.41870    -13.77510
    29.63444     36.29995    -13.59422
    39.22560     43.62550    -27.10760
    45.47280     37.24980     -9.39120
    42.64220     57.91170    -11.87480
    58.27590     48.50580    -21.62960
    15.16295     27.79400    -12.49614
    46.65810     43.30610     -7.10530
    31.58083     34.28145    -16.63821
    49.97273     44.25249    -10.53563
    41.31240     33.17750     -8.21680
    34.79548     45.77655     -9.19056
    41.85063     29.51781     -7.41577
    31.14739     42.60142    -13.48756
    42.21425     33.52498    -12.56297
    36.04142     21.15152    -15.37770
    35.95876     27.67216    -12.81325
    34.75123     36.66159    -13.98594
    45.42410     53.69910    -18.28400
    33.57340     31.86200    -10.78330
    36.47630     26.76740    -12.25440
    34.90473     46.92554    -12.23970
    51.90925     46.62387    -11.26762
    35.54890     23.84040    -10.64570
    23.16380     34.64120    -10.43160
    21.83610     26.08130    -12.16530
    43.80180     33.95610    -13.87500
    25.37660     34.78060     -9.73300
    33.47690     25.76140     -8.52640
    59.52880     54.04700    -21.11690
    59.96320     54.30510    -22.23780
    42.73010     28.83454    -10.52074
    42.76721     28.84635    -10.41976
    42.21413     33.52551    -12.56181
    18.13660     24.28790    -14.47240
    20.10430     22.30070    -18.06400
    31.65200     37.81280    -17.97280
    41.96370     34.84260    -13.72640
    37.71194     21.22852    -17.09990
    23.89830     23.17180    -12.25690
    51.64861     45.39698    -11.07126
    29.16346     39.81880    -11.09279
    32.63021     45.13319    -13.61245
    32.63032     45.13347    -13.61244
    33.25942     38.20331    -17.03913
    33.98590     27.81760    -10.62090
    35.97315     46.53372     -9.66065
    23.98760     27.03520    -18.04650
    22.81857     35.75199    -11.43468
    50.46301     43.51846    -10.70139
    37.83117     31.36835    -10.99339
    43.11440     34.63950     -8.11160
    42.73266     28.83534    -10.51416
    51.45540     51.21750     -7.18850
    43.55830     40.48090     -4.81850
    16.72220     26.36500     -9.86960
    43.83066     35.33285    -13.87842
    33.94190     48.43720     -9.26220
    25.31094     21.19159    -12.82010
    23.06245     37.08694     -9.06923
    29.99220     36.15260    -15.69850
    36.78370     30.24430     -7.26690
    27.46950     21.05010    -13.79130
    22.11080     35.81240    -10.03390
    34.34260     25.38720     -8.32890
    47.59690     35.23550     -7.86250
    34.60750     38.02690    -21.63930
    18.95077     30.93061     -9.68502
    43.83525     34.24496    -11.72900
    63.63940     57.09060    -22.95500
    37.89974     44.14478    -23.53806
    28.79540     42.26900     -5.23270
    54.95650     45.64500     -8.92050
    40.02920     31.29820     -9.37230
    47.58950     37.77199     -9.63506
    33.00030     32.75880     -8.11010
    29.63099     36.30734    -13.61089
    35.09180     33.91190    -18.83450
    27.80283     38.83276    -11.38405
    47.53363     33.91274     -7.81435
    38.81100     22.74720    -10.33140
    37.45870     32.25080    -11.38510
    41.17830     32.06140    -12.24380
    48.03750     49.49930    -22.54640
    39.50520     27.73760    -15.44420
    40.12213     33.76641    -11.71170
    37.04364     27.16419    -22.02861
    19.53190     29.85280     -9.96690
    34.69810     33.59550    -16.31990
    35.91910     20.27250    -16.44740
    51.12397     44.60873    -11.35532
    42.65907     34.81755    -11.81075
    31.24570     42.62178    -13.44921
    35.44590     31.54780    -13.74020
    49.62571     44.39717    -10.50426
    34.34070     45.23720    -10.94800
    32.04260     44.71850     -5.76230
    32.26410     14.60940     -8.98340
    48.81740     44.44390    -12.41360
    46.91000     34.96830    -10.59250
    56.11370     65.20130    -24.32300
    54.04540     50.53200     -8.91750
    36.69377     48.05413     -9.72337
    25.23250     22.06810    -12.32240
    34.77461     45.21586    -13.21840
    48.69890     45.74370    -18.25660
    27.16220     41.81880     -6.56650
    39.99460     35.01500    -10.09830
    44.91260     42.76348     -7.66326
    18.70050     31.93540     -7.73090
    22.41080     34.20410    -13.61540
    36.68355     29.53335     -9.29839
    18.52950     28.89560     -9.05130
    24.61980     38.97760    -13.19020
    26.37725     20.62838    -12.71698
    35.91050     47.22430     -9.90920
    48.78140     35.52324    -11.75119
    41.05550     38.75930     -9.55459
    22.81893     35.75221    -11.43542
    35.60650     34.44040     -8.91420
    28.42130     37.89840    -15.11520
    34.95460     29.07880    -16.89440
    38.19730     27.22970    -12.56530
    18.82420     23.49530    -13.60770
    22.09320     20.36050    -13.91980
    50.86240     63.58390    -10.17290
    43.45018     28.13870     -9.85156
    28.47760     34.78550    -12.31300
    36.58283     24.36427     -8.94832
    26.93161     20.89077    -11.80128
    58.57971     48.98168    -10.47215
    45.71312     39.84815     -6.73349
    39.32370     35.12960    -22.01330
    25.71730     24.01840    -14.62910
    47.03995     45.06748     -9.21121
    34.02737     43.03413    -17.38506
    23.89290     30.19230    -17.38090
    31.17174     43.88598     -9.74785
    46.64802     39.56967    -14.27988
    55.72983     56.30619    -14.59658
    59.65050     54.93570    -20.09180
    58.57979     48.98162    -10.47135
    56.12880     66.11570    -20.89740
    51.22546     38.93505    -13.14385
    43.52466     36.44198     -8.50418
    41.24120     51.32250    -16.82890
    40.14180     50.56540    -15.18710
    46.31780     59.10500    -13.12020
    20.08858     23.65642     -9.34435
    20.08861     23.65636     -9.34299
    37.40310     49.26090    -12.73960
    49.62000     41.68430    -14.51880
    26.87496     38.36271    -10.32066
    29.11120     15.29010    -10.75820
    51.22550     38.93527    -13.14352
    31.77660     34.16000    -14.99030
    46.04730     45.19440     -7.92790
    48.87348     48.33979    -15.75302
    50.08300     56.19730     -9.08960
    34.02743     43.03397    -17.38564
    42.67936     37.99275     -7.65833
    48.49380     49.56607    -11.51551
    19.44520     22.35050     -8.15680
    31.49400     26.32020    -11.32180
    24.11910     31.65590    -14.19770
    48.19688     42.63804     -9.78103
    51.58285     58.18781    -19.00129
    29.89900     39.27480    -15.11640
    34.58590     30.98270    -10.64770
    34.77498     45.21632    -13.21973
    38.65150     30.00710    -10.12700
    34.43622     48.36486    -11.18909
    20.85450     23.71730    -11.83920
    51.07527     40.89106    -12.27742
    40.98180     37.92530    -10.96230
    18.66220     28.18290    -10.38880
    41.27027     35.32940    -11.76706
    25.60860     22.64281    -13.36710
    54.00120     64.80940    -19.34930
    50.41420     45.61530    -10.45770
    38.39140     31.16530    -19.16280
    30.50810     19.00410     -7.59800
    41.05580     38.75970     -9.55551
    42.21374     33.52481    -12.56439
    50.68375     59.12008    -23.82715
    26.67931     38.53315    -12.70152
    32.57975     24.60755    -11.12344
    19.91350     26.11470     -7.88740
    50.46130     43.51800    -10.69840
    25.50417     38.24366     -6.58711
    51.07740     53.31000    -15.06350
    41.27023     35.32890    -11.76664
    56.56050     60.99320    -19.21710
    37.85840     28.20460    -11.24300
    41.94090     54.28628    -10.57214
    45.03290     31.48270    -15.08140
    52.15470     38.42500    -10.76880
    33.34708     47.42590    -11.88924
    58.97410     64.07940    -21.15830
    37.89986     44.14512    -23.53824
    37.59620     40.27070    -19.39160
    50.61040     56.88181    -25.28200
    45.07850     38.11760    -13.57170
    27.23190     17.19050    -14.70600
    53.36536     43.90361    -13.94345
    45.85810     52.15090    -21.02200
    37.25960     27.95640    -22.01910
    19.13530     31.12420     -7.73140
    32.05500     23.83890    -10.58500
    42.63540     35.00150     -7.31870
    18.09490     26.13410     -5.98580
    54.78520     49.71150    -13.77100
    43.14430     38.52590    -12.33230
    16.96380     23.96540    -10.14870
    42.34922     41.84485     -9.43480
    26.80230     12.92620     -8.95300
    49.78130     36.69484    -12.24646
    34.81330     49.53270     -5.64460
    40.88200     27.67362     -7.31749
    32.99360     28.94420    -10.75110
    49.97150     44.25046    -10.54029
    32.21300     25.39170    -10.08300
    43.44674     28.13824     -9.83955
    41.86090     28.87458    -13.83493
    15.83380     25.39500     -6.60680
    51.33430     57.48930    -23.73610
    37.58492     32.76043    -12.88890
    33.73870     44.44520    -13.45860
    31.73884     43.40587     -9.24974
    46.83490     37.87160    -15.19710
    34.98352     31.00246    -12.78603
    44.82561     42.69816     -7.64756
    42.76480     37.11010     -7.60620
    38.78060     41.50510    -18.19780
    36.02354     21.13990    -15.44973
    51.99820     52.40173     -6.96992
    20.62090     25.06050    -19.23630
    34.00740     44.91780    -12.65660
    53.48750     42.70070    -14.91330
    33.58230     38.17170    -17.90329
    64.60260     55.96750    -25.49600
    57.67484     47.79069    -16.97691
    26.74323     38.34281    -12.44719
    55.10430     56.03850     -8.77580
    34.29800     26.53040    -20.23200
    21.56551     22.75601    -11.62740
    22.82200     26.60730    -12.68810
    19.21470     27.23210     -6.58750
    19.58400     27.42132    -14.39103
    28.08980     24.34570    -15.65960
    34.87390     32.59390     -6.96700
    25.12850     32.76800    -17.31850
    21.57690     22.71398    -11.51387
    54.59070     47.02590    -14.10180
    48.74850     56.08120    -23.80340
    34.86110     25.91790    -13.95890
    49.30620     64.84760    -26.27330
    31.26960     42.03460    -10.31950
    23.59282     24.42632    -13.96052
    60.42100     50.59010    -20.36510
    51.61434     52.63333     -8.60567
    35.60266     29.25396    -10.20730
    19.07150     25.24200     -9.09370
    52.86470     46.89590    -11.89150
    40.02470     24.98110    -13.12710
    21.64556     24.25788    -11.53647
    49.66860     57.84150    -23.36600
    58.90550     50.36640    -17.29480
    43.05960     37.79990    -12.10010
    24.61480     34.10060    -14.12640
    25.89790     32.00640    -13.19250
    31.33950     24.58480     -7.06100
    59.48781     50.90804    -10.47477
    52.60932     41.28375    -13.97528
    41.93642     36.75315    -11.91233
    42.40290     27.14730    -11.33240
    31.37160     34.32400     -9.00520
    50.19370     62.41980    -26.10540
    40.54080     41.92350    -11.80240
    47.95640     38.70150    -15.20240
    18.09360     27.16690     -5.57140
    30.33960     32.13261    -16.12450
    52.85010     48.25360    -12.01490
    19.12790     30.92560     -6.30180
    51.09910     40.97423    -12.23195
    34.31030     31.41100     -9.64690
    35.97345     46.53388     -9.65925
    33.96605     44.16246    -10.00188
    44.37590     30.46530    -13.50520
    29.31991     20.41536    -13.17511
    43.83055     35.33315    -13.87828
    28.35220     25.00342    -14.08820
    49.83630     62.97820    -21.28470
    59.48769     50.90756    -10.47493
    38.40650     49.43370    -10.64190
    49.23480     43.92360    -13.03780
    41.00810     31.56480    -19.21380
    30.40718     19.45946    -12.58733
    53.68557     45.54908    -13.46500
    17.92970     28.00320     -8.32100
    39.77640     26.12720    -22.34250
    37.56120     24.48320     -6.56660
    40.84741     34.35021    -10.21790
    51.53450     42.60210    -12.15950
    30.33999     32.13248    -16.12465
    45.73887     42.08881     -7.67012
    42.83240     39.37650     -6.16330
    49.48140     42.50165     -9.52054
    39.82010     45.91080    -17.82930
