    57.63800     47.79720    -16.88520
    56.64770     48.03960    -16.63710
    41.90650     29.67240     -7.37420
    41.70240     29.92610     -7.32470
    42.04320     29.77480     -6.99990
    52.55570     41.11970    -13.94420
    43.62830     28.38030    -11.01270
    43.09470     31.76420     -8.17270
    42.81280     28.88880    -10.38760
    42.92480     28.72710    -10.20650
    42.70580     28.77600    -10.16850
    42.81560     28.94660    -10.25450
    54.52760     50.24690    -13.29360
    50.87320     43.83210    -11.13710
    42.25670     28.46040    -12.39310
    43.41170     28.24950     -9.62580
    43.31170     27.87130     -9.31570
    43.13870     28.28030     -9.16570
    60.73120     54.54730    -23.70100
    42.95130     28.96550    -10.01780
    49.82650     36.61650    -12.45510
    49.73700     36.59560    -12.39760
    49.62820     36.62780    -11.77420
    59.54220     51.10780    -10.40550
    59.43330     50.70780    -10.54420
    51.33390     44.73050    -11.35530
    52.57150     41.45510    -13.99270
    52.61570     41.02140    -14.17740
    52.88430     41.84360    -14.39740
    49.93280     36.93830    -12.35840
    51.14630     39.00690    -13.11250
    48.55670     34.15770    -11.53860
    59.85160     52.54080    -10.50670
    48.01820     39.04500    -10.59740
    50.71740     43.54250    -10.97450
    47.69660     37.78530     -9.34220
    47.68200     37.79820     -9.26050
    47.39060     37.73260    -10.30010
    42.20940     28.95970    -11.22230
    42.11030     28.72930    -11.53900
    42.49680     28.91690    -11.42740
    48.89510     35.42000    -11.66260
    48.47730     35.44120    -11.72940
    48.47320     35.14000    -11.64400
    53.90850     46.36430    -13.48500
    53.69570     45.63860    -13.64080
    53.81640     45.70540    -13.40500
    53.54510     45.30410    -13.34960
    51.24850     41.03710    -12.43410
    51.21380     41.32830    -12.08030
    50.74960     40.84380    -11.88090
    51.29990     41.53280    -11.74720
    47.67550     35.34070    -11.09520
    46.99550     34.16610     -9.91470
    41.72430     29.12070     -7.22520
    41.96510     29.49380     -7.56380
    42.08110     28.43070     -7.49170
    41.15190     27.01710     -7.92980
    40.72900     27.16060     -8.18190
    51.28400     38.99360    -13.02170
    41.37620     28.71030     -8.58010
    38.30370     23.94830     -8.91820
    48.97900     36.07840    -11.80560
    49.08120     35.67710    -11.94550
    51.24600     38.80510    -13.29680
    55.32970     50.29490    -13.58700
    55.63670     51.39410    -13.11830
    54.78520     49.71150    -13.77100
    50.28010     40.23790    -11.92030
    50.16420     40.48550    -11.87910
    53.30030     40.94150    -15.02380
    52.36640     40.79710    -13.18610
    49.52240     37.42330    -12.56050
    51.74360     45.50160    -11.61110
    51.79030     45.42180    -11.81360
    52.17960     44.94770    -11.98430
    50.39370     37.64540    -12.69830
    50.34480     37.65580    -12.51820
    50.50620     43.33960    -10.69370
    52.70950     43.26080    -12.96090
    43.64950     28.01040    -10.05220
    51.07620     44.35720    -11.58720
    43.35700     31.82370     -8.48220
    44.92470     31.47050    -10.29290
    42.35560     28.33120     -7.70150
    42.27760     28.45320     -8.40980
    42.49830     28.47640    -11.70940
    40.73140     30.00080     -6.62840
    53.27200     43.68720    -13.77790
    51.53450     42.60210    -12.15950
    41.91460     29.79770    -13.38820
    58.47320     47.75900    -11.39820
    58.35270     47.32320    -10.85500
    58.54600     49.00590    -10.80920
    40.05780     28.75620     -8.28520
    40.23850     28.56110     -8.32570
    53.74620     49.22670    -11.74510
    40.25120     26.42010     -8.33950
    42.70280     28.30250    -13.45980
    41.18030     26.76930     -8.29280
    41.81500     28.67750    -13.85340
    41.90670     29.07120    -13.81650
    51.04190     40.25460    -12.42030
    50.96270     40.60780    -12.69470
    41.94070     27.33050     -8.14220
    51.74280     40.33200    -13.01160
    41.70440     29.17810     -7.91780
    43.00190     31.00520     -8.02000
    51.69280     45.43780    -10.70080
    54.29500     49.71630    -11.49200
    40.71700     27.73620     -7.81710
    42.55190     30.52750     -7.38870
    42.59630     30.60040     -8.09680
    51.65030     44.33350    -11.45880
    50.84600     42.42360    -11.45200
    51.97310     41.73660    -12.28600
    59.57630     52.31920     -9.54200
    53.48750     42.70070    -14.91330
    42.30610     28.92800     -8.00590
    41.77890     27.60320     -8.46990
    42.25630     26.70410     -9.31170
    42.37190     26.24670     -8.80040
    40.36930     28.90750    -11.08900
    52.93310     44.34180    -12.07600
    53.22860     43.87850    -11.99480
    55.58560     48.26350    -15.06370
    39.79110     28.32650     -6.85890
    40.14780     28.51990     -6.23470
    47.52370     36.89560    -10.84190
    42.63260     28.07320    -13.07690
    59.52880     54.04700    -21.11690
    59.96320     54.30510    -22.23780
    59.65050     54.93570    -20.09180
    53.45850     44.11950    -14.10860
    59.84340     51.93080     -9.97880
    52.15470     38.42500    -10.76880
    49.59680     37.17130     -8.03180
    42.75530     30.03980     -7.72420
    60.12700     52.47630    -11.38910
    50.76990     43.05370    -11.78840
    42.59120     26.67980     -9.58400
    59.01260     51.52240     -8.65790
    42.43180     32.52240     -7.41580
    39.86460     27.77390     -7.10620
    39.61860     26.99760     -5.94330
    42.51550     29.76150     -8.96530
    42.40290     27.14730    -11.33240
    52.86470     46.89590    -11.89150
    46.91000     34.96830    -10.59250
    57.71160     47.78420    -17.06840
    47.59560     33.70700     -8.19750
    52.61370     42.98950    -13.54670
