    57.63800     47.79720    -16.88520
    56.64770     48.03960    -16.63710
    60.73120     54.54730    -23.70100
    59.54220     51.10780    -10.40550
    59.43330     50.70780    -10.54420
    59.85160     52.54080    -10.50670
    58.47320     47.75900    -11.39820
    58.35270     47.32320    -10.85500
    58.54600     49.00590    -10.80920
    59.57630     52.31920     -9.54200
    59.52880     54.04700    -21.11690
    59.96320     54.30510    -22.23780
    59.65050     54.93570    -20.09180
    59.84340     51.93080     -9.97880
    60.12700     52.47630    -11.38910
    59.01260     51.52240     -8.65790
    57.71160     47.78420    -17.06840
