    57.63800     47.79720    -16.88520
    56.64770     48.03960    -16.63710
    41.90650     29.67240     -7.37420
    41.70240     29.92610     -7.32470
    42.04320     29.77480     -6.99990
    52.55570     41.11970    -13.94420
    55.84660     65.81250    -22.64950
    27.24650     38.46660    -12.31210
    26.91410     38.34330    -12.20210
    26.60290     38.47580    -11.98990
    43.62830     28.38030    -11.01270
    55.62150     64.69590    -22.33910
    55.65760     64.72650    -22.35330
    55.57600     64.27260    -22.16170
    55.61980     64.35480    -21.81090
    43.09470     31.76420     -8.17270
    34.68880     30.92520    -10.27110
    34.45160     30.96180    -10.67040
    34.52520     30.92170    -10.56150
    42.81280     28.88880    -10.38760
    42.92480     28.72710    -10.20650
    42.70580     28.77600    -10.16850
    42.81560     28.94660    -10.25450
    34.31030     31.41100     -9.64690
    37.75260     31.06900    -11.01550
    33.85600     38.00920    -17.80500
    39.25610     32.33310     -9.79730
    40.02920     31.29820     -9.37230
    40.56730     32.13090    -11.16440
    39.99460     35.01500    -10.09830
    40.83350     34.50890    -10.22080
    43.41170     28.24950     -9.62580
    43.31170     27.87130     -9.31570
    43.13870     28.28030     -9.16570
    60.73120     54.54730    -23.70100
    42.95130     28.96550    -10.01780
    38.95460     32.37530     -8.33670
    39.68740     32.38880     -8.40380
    55.68840     64.23520    -23.12010
    49.82650     36.61650    -12.45510
    49.73700     36.59560    -12.39760
    49.62820     36.62780    -11.77420
    26.49920     38.73180    -12.72970
    42.52750     34.94650    -11.22680
    27.38390     39.30130    -13.06160
    30.91300     42.54530    -13.31790
    42.55090     34.88710    -11.14590
    35.45840     36.87870    -14.52300
    35.55780     36.75220    -14.67250
    42.78160     34.10240    -11.08140
    52.57150     41.45510    -13.99270
    52.61570     41.02140    -14.17740
    52.88430     41.84360    -14.39740
    18.39610     31.29900     -8.74470
    40.47210     33.39660    -10.26310
    34.00740     44.91780    -12.65660
    45.39720     46.42220    -26.62780
    45.35610     46.57740    -26.86780
    47.62420     47.50910    -26.54980
    49.93280     36.93830    -12.35840
    51.14630     39.00690    -13.11250
    48.55670     34.15770    -11.53860
    23.69110     35.60860    -11.82650
    23.90910     35.73310    -11.94930
    23.09120     37.15600     -8.84000
    22.84380     37.05510     -8.88800
    22.98850     37.43620     -8.66370
    24.88740     35.81880    -12.08690
    40.61030     34.05460    -10.14710
    41.17140     34.47370    -10.30340
    47.69660     37.78530     -9.34220
    47.68200     37.79820     -9.26050
    42.20940     28.95970    -11.22230
    48.89510     35.42000    -11.66260
    48.47730     35.44120    -11.72940
    48.47320     35.14000    -11.64400
    43.25650     34.51280     -9.97920
    36.70850     24.34220     -8.49940
    40.68620     31.40930     -7.59520
    40.75030     31.36550     -7.73590
    31.77800     35.93940    -15.32520
    32.01110     35.93530    -14.94590
    34.86620     45.03140    -12.69740
    34.57770     45.19160    -13.14710
    34.82130     36.19870    -17.77640
    37.34200     29.89950    -10.73010
    26.37060     38.85190    -13.36430
    26.79580     38.92090    -13.14130
    34.81960     36.77870    -14.57090
    47.67550     35.34070    -11.09520
    35.89720     37.27380    -14.59660
    35.60370     37.26880    -14.55720
    35.72770     37.51570    -14.97210
    36.47430     24.38480     -8.75300
    36.68480     24.20640     -8.85860
    26.66840     38.12210    -12.14740
    46.99550     34.16610     -9.91470
    33.57340     31.86200    -10.78330
    18.93230     30.79320     -9.32990
    18.27080     31.61220     -9.32150
    41.72430     29.12070     -7.22520
    41.96510     29.49380     -7.56380
    25.92510     38.55360    -12.93660
    42.08110     28.43070     -7.49170
    33.56140     38.27460    -18.27450
    27.60050     32.67590    -17.18070
    41.15190     27.01710     -7.92980
    40.72900     27.16060     -8.18190
    49.66860     57.84150    -23.36600
    51.28400     38.99360    -13.02170
    29.79580     36.63900    -13.03090
    33.62010     38.25470    -18.64210
    33.96220     38.39710    -18.30230
    23.28970     36.80480     -9.38320
    23.13520     37.02280     -9.59150
    41.37620     28.71030     -8.58010
    27.56060     38.88720    -11.66020
    28.22450     38.65940    -11.62270
    27.49600     39.06490    -11.31700
    39.35290     32.40940     -9.35060
    38.30370     23.94830     -8.91820
    23.13100     35.61900     -9.25200
    22.96970     35.84700    -11.75040
    26.88620     38.91050    -13.63110
    48.97900     36.07840    -11.80560
    49.08120     35.67710    -11.94550
    51.24600     38.80510    -13.29680
    33.12670     38.27640    -16.56090
    53.30030     40.94150    -15.02380
    35.01940     35.89730    -16.99490
    36.05150     36.83580    -16.65510
    34.93840     35.93810    -17.01450
    49.52240     37.42330    -12.56050
    33.33060     38.14170    -17.42220
    33.46360     37.93570    -17.78580
    56.11370     65.20130    -24.32300
    43.92690     43.35860    -25.81570
    43.87240     46.62340    -23.87660
    50.39370     37.64540    -12.69830
    50.34480     37.65580    -12.51820
    38.22860     31.44580     -7.58950
    37.81780     32.79150     -8.25670
    19.60320     28.14860     -8.03870
    33.00160     37.30590    -17.48690
    37.07670     32.53390    -10.52110
    29.56960     36.50470    -13.95370
    43.64950     28.01040    -10.05220
    49.79440     54.26780    -26.21010
    32.36700     22.73850     -9.41360
    32.94310     44.97050    -13.59110
    32.50760     45.20540    -14.23350
    32.48840     45.06120    -13.31680
    32.58240     45.29600    -13.30980
    23.54800     37.18920    -10.53850
    36.72950     29.37060     -9.39610
    43.35700     31.82370     -8.48220
    37.90870     29.51620     -9.20670
    44.92470     31.47050    -10.29290
    42.35560     28.33120     -7.70150
    42.27760     28.45320     -8.40980
    46.74010     32.90750     -6.75240
    46.47000     32.72050     -6.93510
    46.85100     32.76800     -6.92850
    35.57030     35.98860    -13.81830
    31.31370     35.75800    -15.93160
    40.73140     30.00080     -6.62840
    27.28990     39.22730    -12.78450
    53.27200     43.68720    -13.77790
    31.13280     42.51390    -14.00880
    30.46830     42.50910    -13.78710
    46.09600     59.61560    -16.48390
    45.70820     59.02310    -16.50420
    32.21300     25.39170    -10.08300
    26.60780     37.72540    -12.70170
    46.37310     39.37770    -13.85260
    36.11270     45.26220    -17.48320
    46.91070     39.77430    -14.42960
    46.70280     39.59460    -14.52730
    29.23440     42.59140    -15.73390
    29.26850     42.90350    -15.28800
    38.56730     31.47500     -7.63200
    40.05780     28.75620     -8.28520
    40.23850     28.56110     -8.32570
    43.91380     33.59100     -7.82100
    40.25120     26.42010     -8.33950
    42.09640     36.87650    -12.32140
    37.25860     26.01720     -9.38420
    41.18030     26.76930     -8.29280
    43.92260     34.23660    -11.64330
    43.74810     34.25330    -11.81450
    43.41110     33.73300     -8.34490
    43.57240     33.75790     -8.53820
    41.94070     27.33050     -8.14220
    49.01910     48.51330    -15.90600
    50.21050     49.60490    -15.33280
    48.72820     48.16670    -15.60040
    29.58680     36.05260    -13.74660
    56.32880     65.41420    -22.67640
    31.55310     42.87200    -13.42910
    31.60260     42.53540    -13.10180
    35.32530     28.06000    -10.49940
    41.70440     29.17810     -7.91780
    43.00190     31.00520     -8.02000
    40.71700     27.73620     -7.81710
    29.44340     36.14730    -13.01910
    30.00170     36.06470    -13.25050
    36.45670     29.65560     -8.86850
    22.66780     35.65720    -11.11970
    36.65310     25.74060     -8.08790
    42.55190     30.52750     -7.38870
    42.59630     30.60040     -8.09680
    29.46360     36.53930    -14.64220
    44.57090     40.30800    -12.73990
    33.53690     47.00590    -14.03660
    36.86380     29.57370     -9.62940
    18.96920     31.06770    -10.03930
    44.10090     36.21740     -7.96960
    53.48750     42.70070    -14.91330
    36.46470     24.55600     -9.74810
    42.30610     28.92800     -8.00590
    42.84370     34.63110    -11.76310
    37.73260     31.40210    -10.68040
    35.77910     29.39600    -10.34890
    45.19750     36.58100     -8.19230
    41.77890     27.60320     -8.46990
    42.25630     26.70410     -9.31170
    34.82790     33.64310     -7.66290
    44.07740     34.40930     -7.68060
    30.65410     37.20860    -13.55440
    30.54960     36.45220    -13.17450
    23.36830     32.83080    -13.76790
    24.11910     31.65590    -14.19770
    19.47540     28.13720     -8.20610
    41.28810     33.63060    -11.38810
    42.37190     26.24670     -8.80040
    40.36930     28.90750    -11.08900
    36.89860     25.25720     -9.77340
    55.58560     48.26350    -15.06370
    39.79110     28.32650     -6.85890
    40.14780     28.51990     -6.23470
    47.52370     36.89560    -10.84190
    35.75280     28.97740     -9.74860
    42.91360     33.76470    -11.24420
    25.89700     38.23350    -12.36410
    17.86890     33.31230     -3.54400
    23.91740     33.37870    -13.67230
    34.94840     45.43300    -13.83550
    59.52880     54.04700    -21.11690
    59.96320     54.30510    -22.23780
    45.03630     45.99570    -26.35090
    53.45850     44.11950    -14.10860
    38.86510     29.23100     -9.70040
    38.65150     30.00710    -10.12700
    29.47050     33.69930    -11.54940
    29.13880     33.13810    -11.20400
    29.17250     34.04890    -12.15200
    52.15470     38.42500    -10.76880
    28.47760     34.78550    -12.31300
    39.47170     32.35270     -7.83520
    34.43110     43.09450    -20.58980
    34.05380     42.96560    -17.63400
    30.89780     34.07140    -16.32190
    31.46910     34.36560    -16.29510
    49.59680     37.17130     -8.03180
    42.75530     30.03980     -7.72420
    48.00910     42.82540    -15.32550
    33.77380     26.52760     -8.55200
    33.47690     25.76140     -8.52640
    28.69250     38.77950    -13.45680
    48.13980     62.62900    -16.83150
    37.77550     45.24520    -21.96600
    42.59120     26.67980     -9.58400
    38.07120     41.15840    -18.10640
    42.18230     33.75670    -11.71630
    52.62240     59.43380    -24.33510
    52.06020     59.89710    -22.93630
    42.43180     32.52240     -7.41580
    39.86460     27.77390     -7.10620
    32.35380     44.35800    -12.54240
    47.70320     45.95270    -14.10210
    38.33250     26.83410     -7.76300
    33.58380     46.17160    -13.62680
    39.61860     26.99760     -5.94330
    25.45570     37.62070    -12.37960
    23.59260     34.84070    -14.41390
    42.51550     29.76150     -8.96530
    40.72370     32.85370    -11.02800
    49.31240     57.36660    -24.91240
    50.77620     57.04120    -25.36520
    50.44500     56.72280    -25.19900
    43.47200     36.33050     -8.09760
    36.24020     25.94300     -9.14970
    20.78430     28.26350     -8.84910
    41.31760     52.31690    -14.82860
    46.91000     34.96830    -10.59250
    35.19970     29.32170    -10.45540
    46.83490     37.87160    -15.19710
    57.71160     47.78420    -17.06840
    18.29450     31.19380     -8.08010
    18.70050     31.93540     -7.73090
    19.13530     31.12420     -7.73140
    47.59560     33.70700     -8.19750
    52.61370     42.98950    -13.54670
    28.55920     39.37800    -12.15530
    24.56300     33.11890    -14.05930
    25.58180     33.56560    -13.92480
    24.61480     34.10060    -14.12640
     0.00000      0.00000      0.00000
     0.00000      0.00000      0.00000
     0.00000      0.00000      0.00000
     0.00000      0.00000      0.00000
     0.00000      0.00000      0.00000
     0.00000      0.00000      0.00000
     0.00000      0.00000      0.00000
     0.00000      0.00000      0.00000
     0.00000      0.00000      0.00000
     0.00000      0.00000      0.00000
     0.00000      0.00000      0.00000
     0.00000      0.00000      0.00000
     0.00000      0.00000      0.00000
     0.00000      0.00000      0.00000
     0.00000      0.00000      0.00000
     0.00000      0.00000      0.00000
     0.00000      0.00000      0.00000
     0.00000      0.00000      0.00000
     0.00000      0.00000      0.00000
     0.00000      0.00000      0.00000
     0.00000      0.00000      0.00000
     0.00000      0.00000      0.00000
     0.00000      0.00000      0.00000
     0.00000      0.00000      0.00000
     0.00000      0.00000      0.00000
     0.00000      0.00000      0.00000
     0.00000      0.00000      0.00000
     0.00000      0.00000      0.00000
     0.00000      0.00000      0.00000
     0.00000      0.00000      0.00000
     0.00000      0.00000      0.00000
     0.00000      0.00000      0.00000
     0.00000      0.00000      0.00000
     0.00000      0.00000      0.00000
     0.00000      0.00000      0.00000
     0.00000      0.00000      0.00000
     0.00000      0.00000      0.00000
     0.00000      0.00000      0.00000
     0.00000      0.00000      0.00000
     0.00000      0.00000      0.00000
     0.00000      0.00000      0.00000
     0.00000      0.00000      0.00000
     0.00000      0.00000      0.00000
     0.00000      0.00000      0.00000
     0.00000      0.00000      0.00000
     0.00000      0.00000      0.00000
     0.00000      0.00000      0.00000
     0.00000      0.00000      0.00000
     0.00000      0.00000      0.00000
     0.00000      0.00000      0.00000
     0.00000      0.00000      0.00000
     0.00000      0.00000      0.00000
     0.00000      0.00000      0.00000
     0.00000      0.00000      0.00000
     0.00000      0.00000      0.00000
     0.00000      0.00000      0.00000
     0.00000      0.00000      0.00000
     0.00000      0.00000      0.00000
     0.00000      0.00000      0.00000
     0.00000      0.00000      0.00000
     0.00000      0.00000      0.00000
     0.00000      0.00000      0.00000
     0.00000      0.00000      0.00000
     0.00000      0.00000      0.00000
     0.00000      0.00000      0.00000
     0.00000      0.00000      0.00000
     0.00000      0.00000      0.00000
     0.00000      0.00000      0.00000
     0.00000      0.00000      0.00000
     0.00000      0.00000      0.00000
     0.00000      0.00000      0.00000
     0.00000      0.00000      0.00000
     0.00000      0.00000      0.00000
     0.00000      0.00000      0.00000
     0.00000      0.00000      0.00000
     0.00000      0.00000      0.00000
     0.00000      0.00000      0.00000
     0.00000      0.00000      0.00000
     0.00000      0.00000      0.00000
     0.00000      0.00000      0.00000
     0.00000      0.00000      0.00000
     0.00000      0.00000      0.00000
     0.00000      0.00000      0.00000
     0.00000      0.00000      0.00000
     0.00000      0.00000      0.00000
     0.00000      0.00000      0.00000
     0.00000      0.00000      0.00000
     0.00000      0.00000      0.00000
     0.00000      0.00000      0.00000
     0.00000      0.00000      0.00000
     0.00000      0.00000      0.00000
     0.00000      0.00000      0.00000
     0.00000      0.00000      0.00000
     0.00000      0.00000      0.00000
     0.00000      0.00000      0.00000
     0.00000      0.00000      0.00000
     0.00000      0.00000      0.00000
     0.00000      0.00000      0.00000
     0.00000      0.00000      0.00000
     0.00000      0.00000      0.00000
     0.00000      0.00000      0.00000
     0.00000      0.00000      0.00000
     0.00000      0.00000      0.00000
     0.00000      0.00000      0.00000
     0.00000      0.00000      0.00000
     0.00000      0.00000      0.00000
     0.00000      0.00000      0.00000
     0.00000      0.00000      0.00000
     0.00000      0.00000      0.00000
     0.00000      0.00000      0.00000
     0.00000      0.00000      0.00000
     0.00000      0.00000      0.00000
     0.00000      0.00000      0.00000
     0.00000      0.00000      0.00000
     0.00000      0.00000      0.00000
     0.00000      0.00000      0.00000
     0.00000      0.00000      0.00000
     0.00000      0.00000      0.00000
     0.00000      0.00000      0.00000
     0.00000      0.00000      0.00000
     0.00000      0.00000      0.00000
     0.00000      0.00000      0.00000
     0.00000      0.00000      0.00000
     0.00000      0.00000      0.00000
     0.00000      0.00000      0.00000
     0.00000      0.00000      0.00000
     0.00000      0.00000      0.00000
     0.00000      0.00000      0.00000
     0.00000      0.00000      0.00000
     0.00000      0.00000      0.00000
     0.00000      0.00000      0.00000
     0.00000      0.00000      0.00000
     0.00000      0.00000      0.00000
     0.00000      0.00000      0.00000
     0.00000      0.00000      0.00000
     0.00000      0.00000      0.00000
     0.00000      0.00000      0.00000
     0.00000      0.00000      0.00000
     0.00000      0.00000      0.00000
     0.00000      0.00000      0.00000
     0.00000      0.00000      0.00000
     0.00000      0.00000      0.00000
     0.00000      0.00000      0.00000
     0.00000      0.00000      0.00000
     0.00000      0.00000      0.00000
     0.00000      0.00000      0.00000
     0.00000      0.00000      0.00000
     0.00000      0.00000      0.00000
     0.00000      0.00000      0.00000
     0.00000      0.00000      0.00000
     0.00000      0.00000      0.00000
     0.00000      0.00000      0.00000
     0.00000      0.00000      0.00000
