     3.06982      3.34868     -4.11649
     2.67944      2.87017     -3.04158
     2.05830      2.12061     -4.57316
     3.07646      3.07079     -2.48532
     2.04003      0.24978     -4.86593
    -0.37802      0.48694     -3.62371
     0.64078      1.39862     -2.80063
     3.65650      3.48251     -4.70365
     2.92460      2.96039     -2.43780
     1.39801      1.91431     -3.51576
     3.58663      3.35542     -3.08004
     1.09712      0.56468     -4.49399
     1.91172      2.72753     -4.29612
     1.08390      1.37230     -4.08428
     2.25404      3.16473     -3.77060
     3.32124      3.26215     -3.36549
     0.09547     -0.02036     -2.70165
     1.95089      1.46824     -3.34483
     2.54802      3.31620     -4.28289
     2.63559      2.42523     -4.66320
     0.47869      0.58003     -3.89516
     0.72766     -0.25660     -3.50150
     0.97592      0.75902     -2.75059
     0.52358      0.90343     -3.34998
     0.27640      0.43828     -4.69440
     1.75931      2.13847     -3.47100
     1.45228      0.43474     -3.51527
     0.66370      1.02510     -4.85814
     1.87389      3.01009     -2.69492
     0.24271      0.38501     -4.00089
     2.91010      2.10152     -3.14802
     2.57944      2.11042     -2.89136
     2.79399      2.67796     -4.06826
     2.80871      1.54624     -4.37317
     1.61674      2.03232     -3.29025
     1.55170      1.36853     -4.95335
     1.96642      2.58290     -3.97608
     0.35047      0.90761     -4.14365
     3.07343      3.31691     -3.09435
     1.04686      0.58892     -2.97294
     2.12960      0.67712     -3.73275
     1.77518      1.21024     -4.54348
    -0.10723      0.65013     -4.91194
     3.36418      3.50925     -2.62880
     2.93323      3.32528     -3.65871
     1.18391      1.39106     -4.38979
     2.25338      1.41883     -2.85817
     1.78064      1.51379     -4.74397
     3.44545      2.74430     -2.97218
     1.94609      1.51939     -3.87088
     0.42101      0.98167     -7.06795
     3.52934      2.87115     -5.49939
     2.03057      2.98544     -5.37148
     0.92149      0.35596     -5.34670
     1.39234      0.96833     -6.24308
     1.97833      1.20021     -6.14786
     1.15045      2.15436     -6.36184
     1.35579      1.49979     -5.73383
     3.08477      3.07210     -6.89363
     0.31176      0.24081     -7.30590
     2.81316      2.19348     -5.72485
     1.97743      1.48196     -6.29609
     1.07090      0.60986     -7.00816
     0.61622      0.48998     -7.20927
     1.43957      0.25445     -6.97019
     3.09271      3.32259     -7.23781
     0.94165      0.87013     -6.75922
    -0.05199      0.35580     -5.94531
     2.75124      2.79475     -5.23529
     3.33450      2.82144     -7.07476
     0.74904      1.61690     -7.35365
     3.53656      3.40155     -6.72607
     2.55030      3.06989     -6.04728
     0.75861      0.20114     -7.13651
     0.90493      2.29466     -5.03625
     0.74924      2.13201     -6.39226
     3.73851      2.58997     -6.36144
     2.56874      2.67439     -5.39590
     0.08891      1.48068     -7.47404
     2.91707      4.10935     -5.63535
     1.82721      1.88867     -5.09956
     0.62863      0.41128     -5.16167
     2.29720      2.05852     -6.07879
     2.08604      1.33156     -6.32653
     0.24331      0.00788     -6.61032
     1.21984      1.27180     -5.20987
     2.50083      1.75995     -6.76466
     3.65997      2.20413     -6.26082
     1.10136      1.08248     -5.46836
     1.74873      1.91880     -5.53662
     0.71558     -0.01874     -6.03105
     2.49064      2.84930     -5.76023
     1.66191      2.71060     -6.84711
     0.23399      0.30929     -6.60758
     3.55200      3.37857     -7.42056
     1.88545      1.78236     -6.75352
     1.82191      2.61251     -7.25335
     2.02210      2.44420     -5.69094
     3.10386      3.58433     -5.61309
     2.79927      2.12395     -5.95837
    -1.93209     -1.83960     -7.04509
    -2.97895     -3.43815     -6.40606
     0.01598     -0.40724     -6.16243
    -1.87284     -1.73672     -5.49384
    -3.21598     -1.81534     -5.00850
    -2.23526     -2.49189     -5.74391
    -0.45519     -0.95295     -6.76787
    -3.50164     -2.96948     -6.69605
    -2.37444     -2.36248     -5.76141
    -3.07833     -2.76603     -6.47343
    -1.93619     -3.13922     -7.33569
    -3.29660     -3.27499     -5.98862
    -2.07204     -2.21623     -5.18373
    -1.43819     -0.69728     -6.10184
    -1.05912     -0.53914     -6.94253
    -2.74404     -1.78481     -5.28415
    -1.50861     -2.02380     -6.49668
    -0.13826     -0.56761     -6.93616
    -3.46984     -2.88415     -5.52441
    -1.80110     -3.84297     -5.26331
    -1.53889     -2.18882     -6.75159
    -0.67068     -0.95762     -5.86706
     0.23935     -1.11559     -7.09582
    -3.48166     -1.74523     -6.43082
    -1.11975     -1.05536     -6.22375
    -2.62916     -2.61171     -7.20039
    -3.44794     -3.58931     -7.49146
    -0.59606      0.13814     -5.20426
    -1.00019     -1.37451     -6.59658
    -2.76552     -1.19778     -7.47183
    -0.45501     -0.53097     -6.12632
    -2.04678     -2.35713     -5.16482
    -3.00114     -2.97216     -6.54731
    -0.95508     -1.21269     -7.25593
    -3.73165     -3.19163     -5.66279
    -1.35893     -1.74750     -7.25779
    -0.39976     -0.13485     -6.65275
    -4.08074     -2.90753     -6.26993
    -1.59997     -1.38060     -5.36122
    -0.81357     -0.37520     -5.41648
    -1.87696     -1.15247     -5.29710
    -1.83018     -2.18727     -7.01783
    -0.83217     -0.86079     -5.96292
    -0.17537      0.00475     -6.89458
    -3.32904     -2.94174     -5.85817
    -0.06716     -1.25269     -7.22766
    -0.76722     -1.59666     -5.87292
    -2.93900     -2.80531     -7.40725
    -1.64252     -1.70374     -6.30039
    -0.82481     -1.89435     -5.64942
    -2.04025     -3.30828     -4.57469
     0.10307     -0.67660     -4.13523
    -3.06008     -2.82967     -4.38980
    -3.57847     -3.16636     -3.70059
    -1.76445     -2.29590     -3.41052
    -3.30119     -2.69044     -3.67018
    -2.88126     -2.12403     -3.92289
    -1.97270     -1.72151     -4.38875
    -2.50100     -3.17691     -3.78972
    -2.59759     -2.71022     -3.01731
    -1.22380     -1.39700     -4.40795
    -0.75071     -1.54602     -3.08321
    -1.70942     -1.87533     -4.83339
    -2.54523     -1.74015     -3.47944
    -3.30989     -3.90534     -2.69316
    -0.41186     -0.74869     -3.87112
    -0.12604     -0.06354     -3.83785
    -0.55413     -0.26207     -4.32662
    -2.39727     -2.01220     -4.04347
    -2.69676     -2.67978     -4.49947
    -1.46068     -0.89463     -4.19378
    -0.34073      0.02144     -3.06103
    -1.52072     -0.46949     -4.71197
    -0.73704     -0.37031     -2.70710
    -2.96946     -2.47927     -4.94392
    -3.11109     -3.51956     -4.58810
    -0.14811     -1.17693     -3.35686
    -1.21650     -1.94870     -3.01758
    -0.60571     -1.34592     -4.74710
    -1.27602     -1.75417     -4.78166
    -0.26833     -0.65483     -2.84910
    -1.45141     -1.98173     -3.49140
    -2.73180     -2.21572     -2.65237
    -1.61412     -2.20328     -4.51554
    -2.59232     -1.74482     -3.27815
    -2.11009     -2.54763     -3.36255
    -3.14959     -2.56099     -3.18218
    -2.40958     -1.72333     -3.79251
    -0.33951     -0.01883     -2.56498
    -1.85131     -0.93015     -4.08171
    -1.61538     -1.62668     -2.71878
    -1.05315     -1.83850     -4.18795
    -3.66583     -3.48950     -2.82224
    -3.36404     -3.71456     -2.46483
    -0.25884     -0.37342     -2.92709
    -0.35098     -1.20787     -4.91580
    -3.17398     -3.06203     -3.93744
    -3.19256     -3.39973     -3.30893
    -0.01150     -1.75644     -3.62461
    -0.56180     -1.37231     -2.61549
