    35.98912     21.03136    -15.60151
    57.36681     47.86527    -16.87261
    57.33167     47.87383    -16.86254
    51.99866     46.97437    -11.06893
    35.98834     21.03197    -15.60684
    42.03380     29.40286     -7.69169
    42.02841     29.43134     -7.68156
    42.03725     29.42777     -7.66836
    52.67814     41.33687    -14.09132
    55.91859     64.87257    -22.46018
    53.75017     55.32557     -8.38667
    53.71651     55.26802     -8.35565
    35.97854     21.02758    -15.49642
    55.82149     57.28751     -9.82935
    55.82290     57.28765     -9.80455
    55.82341     57.28892     -9.80099
    55.82443     57.29105     -9.80386
    26.38381     20.75302    -12.60740
    42.62013     34.24211    -11.74729
    48.76133     42.37113    -10.18825
    48.78600     42.37230    -10.18706
    48.76274     42.37446    -10.18305
    40.32706     33.07824    -14.78435
    26.38066     20.75110    -12.61476
    26.38606     20.75200    -12.61789
    26.38822     20.75370    -12.59698
    35.52576     20.09161    -13.81339
    26.84791     38.65212    -12.48116
    26.77125     38.63157    -12.52800
    26.74647     38.62604    -12.52014
    35.99051     21.03312    -15.58326
    35.98989     21.02957    -15.59141
    35.98891     21.03449    -15.58173
    33.30054     25.94685    -10.86126
    33.34558     26.02000    -10.86374
    33.31166     26.05415    -10.85888
    51.48936     49.75580     -9.85759
    51.48888     49.74562     -9.91365
    51.48919     49.74764     -9.89013
    26.37427     20.75211    -12.63935
    43.52826     35.18207    -13.75522
    42.90220     28.56891    -10.48382
    35.99352     21.04215    -15.60669
    55.85971     64.76883    -22.41572
    55.86129     64.77096    -22.41685
    55.84078     64.71493    -22.37816
    55.84086     64.69023    -22.34378
    42.85593     31.36737     -7.99368
    40.08458     32.71660    -14.65779
    51.90179     52.18881     -8.66268
    30.33555     32.13088    -16.13298
    30.32171     32.13854    -16.12627
    30.32224     32.13730    -16.12428
    30.32525     32.13723    -16.12430
    35.52400     20.12002    -13.84840
    35.53120     20.10573    -13.83628
    34.56916     31.02584    -10.54175
    34.57369     31.01827    -10.51413
    34.55489     31.02961    -10.52585
    34.56326     31.02389    -10.52324
    52.24954     52.14094     -7.40465
    55.72697     56.27346    -14.53778
    55.72811     56.28998    -14.55528
    55.72967     56.28046    -14.54819
    42.87798     28.58609    -10.46044
    42.90259     28.58135    -10.40671
    42.88959     28.58478    -10.42208
    42.88383     28.58676    -10.44284
    26.40219     20.75469    -12.57850
    26.40564     20.75052    -12.58482
    26.40939     20.75092    -12.57513
    54.97883     50.33544    -13.44482
    34.53498     31.05422    -10.48866
    33.30208     25.94396    -10.86147
    33.17859     25.72987    -10.85072
    37.60720     31.79478    -11.14295
    35.57200     20.22307    -13.91256
    35.88687     20.88464    -15.16052
    35.80209     20.71508    -14.84887
    33.52014     38.07561    -17.82089
    50.54153     44.15394    -10.87908
    39.21356     32.16590     -8.71117
    39.27054     32.11977     -8.73553
    42.51502     28.51239    -11.61127
    26.37968     20.74801    -12.62388
    40.42839     33.05457    -11.34272
    40.48438     32.57582    -11.58941
    51.48934     49.74090     -9.93019
    40.32127     32.97856    -14.77078
    43.61107     35.18642    -13.80212
    40.51586     33.97902    -10.64352
    40.53903     33.89460    -10.71001
    26.38217     20.75141    -12.63766
    42.94935     28.55160    -10.31663
    42.95695     28.52842    -10.27254
    42.94575     28.54807    -10.26846
    60.87017     54.61911    -24.09211
    42.90846     28.58711    -10.38549
    35.51874     20.04984    -13.82052
    35.52251     20.03995    -13.80483
    39.06746     32.15037     -8.47087
    39.15960     32.15665     -8.54909
    55.85911     64.75010    -22.43659
    49.70867     36.78602    -12.28294
    49.70264     36.77983    -12.27902
    49.66886     36.73583    -12.24438
    59.64448     51.76844    -10.17345
    59.63678     51.72963    -10.18469
    42.62523     37.82413     -7.57584
    26.69234     38.63781    -12.59951
    29.51119     20.15489    -12.96193
    29.49083     20.19135    -12.96215
    29.50840     20.16177    -12.98431
    33.47530     20.31279    -12.70919
    33.46723     20.31879    -12.70987
    33.47316     20.31814    -12.70893
    33.49914     20.33593    -12.69747
    42.65657     34.32439    -11.64859
    26.83633     38.68929    -12.58157
    53.61755     55.16370     -8.29693
    35.51232     19.99833    -13.81998
    31.18883     42.50034    -13.50745
    42.66496     34.33431    -11.62549
    35.43700     36.90040    -14.44560
    35.44202     36.89957    -14.45260
    50.91059     44.68523    -11.04513
    42.68640     34.28245    -11.64587
    42.51752     33.80565    -12.30116
    42.55903     33.95119    -12.11342
    42.51120     33.71508    -12.43135
    52.68285     41.35421    -14.09911
    52.68940     41.34113    -14.11027
    52.73003     41.40857    -14.15826
    35.50318     20.09129    -13.76122
    31.24944     43.70325     -9.59355
    26.36442     20.74977    -12.63563
    43.63667     35.18875    -13.80183
    43.63728     35.19238    -13.80121
    18.69368     31.18584     -8.76413
    43.21452     41.50941     -9.66775
    40.50279     33.74392    -10.81523
    33.52726     44.99968    -13.08270
    33.26236     44.87396    -12.89659
    33.34642     44.95376    -13.03873
    45.27007     46.33851    -26.61893
    45.26967     46.34265    -26.62478
    47.62420     47.50910    -26.54980
    40.33602     33.00092    -14.77118
    40.32308     32.98846    -14.77296
    40.32787     32.98799    -14.78468
    32.67526     24.92338    -10.84520
    49.76233     36.86631    -12.31226
    20.23646     23.45232     -9.53076
    51.24784     39.47588    -12.93153
    48.66081     35.38464    -11.66343
    41.87668     37.11716    -11.40351
    48.27717     49.99510    -11.97110
    48.30321     49.98213    -11.92030
    48.25323     50.03046    -12.04477
    23.45394     35.51542    -11.62235
    23.48190     35.52831    -11.63817
    23.12838     36.95278     -9.24435
    23.12301     36.95001     -9.24543
    23.12508     36.96149     -9.23715
    59.68119     51.88493    -10.21054
    35.54325     20.05394    -13.78691
    40.27871     32.93080    -14.74747
    21.23150     23.28663    -10.74742
    24.01487     35.81099    -11.96353
    35.50711     20.10429    -13.85269
    48.29883     39.93608    -10.66810
    48.27170     39.86128    -10.66649
    48.28310     39.90008    -10.67449
    40.52333     33.84003    -10.74366
    40.56132     33.89317    -10.73409
    50.48561     44.08128    -10.84965
    47.45614     37.61929     -9.85200
    47.45616     37.62018     -9.84845
    47.37488     37.59519     -9.91362
    42.77603     28.59582    -10.69173
    42.73635     28.57974    -10.79808
    42.77952     28.58702    -10.71110
    40.31224     33.02255    -14.78511
    48.71335     35.48695    -11.68985
    48.68498     35.46750    -11.68253
    48.67903     35.45222    -11.67737
    48.30907     39.95154    -10.66558
    42.74398     34.35350    -11.48677
    37.07087     27.93260    -21.90233
    36.51014     25.01649     -8.89254
    21.38348     23.32607    -11.00693
    26.43450     20.75656    -12.69493
    20.47204     23.50681     -9.95555
    40.71756     31.38787     -7.66403
    40.71894     31.38693     -7.66707
    45.57024     42.92240     -7.65421
    42.62682     37.87732     -7.61069
    31.22818     43.66230     -9.63232
    31.22413     43.64263     -9.62613
    54.03292     46.08718    -13.55699
    53.95405     45.97370    -13.54317
    53.95843     45.97784    -13.53840
    53.89946     45.88403    -13.53270
    31.69824     35.77782    -15.43572
    31.70637     35.77941    -15.42291
    51.24341     40.95306    -12.32674
    33.79513     45.03810    -13.10523
    33.74506     45.05353    -13.12985
    35.13473     36.16028    -17.14296
    37.56925     29.52290    -10.32933
    51.23703     40.98323    -12.30513
    26.65937     38.64798    -12.64092
    26.71364     38.65186    -12.61532
    35.97728     21.02224    -15.62933
    35.98275     20.99818    -15.66266
    42.59921     37.90811     -7.49774
    42.61287     37.88961     -7.55795
    42.91500     31.80250    -17.05960
    35.41742     36.89370    -14.44170
    51.18557     40.91149    -12.28053
    51.24614     41.02867    -12.29156
    45.56832     42.93048     -7.63872
    45.57900     42.92465     -7.64553
    48.55750     35.40717    -11.60010
    31.24666     43.67278     -9.60046
    21.43200     23.16260    -11.04691
    21.41591     23.24252    -11.11191
    37.57768     32.32610    -11.80556
    43.22918     41.50715     -9.68596
    35.45403     36.92023    -14.45829
    35.44549     36.91554    -14.45371
    35.45484     36.93057    -14.47317
    42.59128     37.95114     -7.34285
    41.85184     36.94381    -11.52596
    36.50558     25.01656     -8.90703
    36.51164     25.00818     -8.91183
    26.72452     38.61176    -12.54588
    47.09937     34.65945    -10.38293
    34.50081     31.08020    -10.53025
    18.74377     31.09666     -8.96304
    18.69568     31.16901     -8.87045
    35.09430     46.29233     -9.42036
    42.01660     29.34443     -7.69730
    42.03564     29.37880     -7.70763
    50.41362     45.14233    -10.84260
    23.48619     24.60195    -13.57814
    52.24168     52.13629     -7.16865
    52.27147     52.14465     -7.23462
    26.61151     38.62760    -12.62792
    42.00620     29.19539     -7.74630
    52.21638     52.17405     -7.55813
    52.13371     52.18551     -7.72919
    33.51745     38.08354    -17.84114
    31.26267     43.61396     -9.57529
    33.29670     26.08952    -10.87622
    27.60050     32.67590    -17.18070
    41.05828     27.46254     -8.13421
    41.00500     27.49196     -8.11981
    52.46160     52.05692     -7.40452
    49.59592     57.29121    -23.97115
    34.69810     33.59550    -16.31990
    51.25097     39.47847    -12.92849
    21.40216     23.18721    -10.98553
    29.91859     36.41306    -13.45225
    41.36253     29.36633    -16.71813
    43.62035     35.23233    -13.77295
    31.24562     43.63790     -9.59966
    31.26530     43.65468     -9.60305
    33.52241     38.08687    -17.85625
    33.52958     38.08957    -17.84647
    23.13771     36.93457     -9.27158
    23.13524     36.94205     -9.27889
    41.77272     28.89663     -7.87320
    50.25370     44.55830    -10.67005
    27.16336     38.73810    -12.21666
    27.79338     38.95169    -11.78416
    27.94964     39.01249    -11.61036
    27.32421     38.78560    -12.07145
    39.19688     32.16449     -8.66429
    38.30370     23.94830     -8.91820
    23.13661     36.86483     -9.27389
    55.72985     56.30032    -14.56121
    55.73536     56.29644    -14.59578
    23.34119     35.46227    -11.55883
    40.05174     54.50844    -10.31312
    45.75374     42.98165     -7.64866
    26.71718     38.66389    -12.65407
    43.59177     35.18701    -13.79336
    41.85874     37.00451    -11.48384
    49.14543     36.05085    -11.94348
    48.92046     35.74482    -11.81237
    50.19834     43.83048    -10.68889
    35.46561     30.76977    -12.97269
    35.42949     30.85639    -12.94081
    51.24799     39.20053    -13.05092
    31.23432     43.62928     -9.60366
    20.33094     23.73706    -10.05989
    55.02172     50.35512    -13.45123
    55.08658     50.46549    -13.41474
    54.98217     50.30314    -13.46671
    45.56794     42.90552     -7.66566
    45.53650     42.89750     -7.66700
    33.48684     38.07496    -17.75110
    48.83547     42.37437    -10.19426
    48.83760     42.35256    -10.22390
    48.82384     42.36167    -10.22746
    42.54802     33.28516    -13.04127
    23.47950     24.43094    -13.60026
    33.96064     44.16011    -10.00561
    50.38019     44.18575    -10.76158
    51.15046     40.86113    -12.27995
    51.14769     40.86965    -12.27794
    17.28726     26.24222     -8.94071
    28.46406     39.30308    -11.40223
    28.58421     39.38063    -11.35455
    28.56795     39.38589    -11.37713
    50.35935     44.04083    -10.73941
    52.74690     41.36996    -14.18869
    23.49162     24.45374    -13.58358
    23.49098     24.45967    -13.58907
    51.84421     41.09924    -13.02627
    35.14931     36.15843    -17.11556
    35.21184     36.20571    -17.08236
    35.14682     36.15889    -17.11664
    20.25712     23.40284     -9.64026
    21.26913     23.27758    -10.76259
    49.76601     36.89599    -12.32598
    33.50336     38.07582    -17.80093
    33.50930     38.07231    -17.81671
    41.38191     29.36725    -16.65454
    41.36633     29.36342    -16.70835
    56.87898     65.43852    -23.79671
    43.62754     35.15669    -13.83071
    51.29095     45.17607    -11.21118
    51.29668     45.17127    -11.22517
    51.90992     52.22321     -8.48871
    34.18944     46.11004     -9.20543
    43.92690     43.35860    -25.81570
    51.34848     45.02967    -11.26449
    43.87240     46.62340    -23.87660
    45.60651     42.93939     -7.63133
    49.80684     36.93093    -12.34369
    49.80314     36.92714    -12.33687
    38.89326     32.06634     -8.24982
    38.90097     32.17721     -8.35766
    19.89085     28.17694     -8.32477
    20.96803     23.36602    -10.45363
    20.99737     23.31360    -10.42935
    21.21478     23.27420    -10.74114
    38.91966     36.18301     -8.33162
    38.87402     36.13137     -8.28112
    50.43691     44.02684    -10.81894
    21.41759     23.37563    -11.11376
    21.44715     23.50049    -11.21181
    52.93608     43.68825    -13.11694
    33.48916     38.04973    -17.79204
    37.55613     31.96693    -11.18111
    29.90056     36.41042    -13.49359
    45.53405     42.90799     -7.62274
    42.95426     28.54657    -10.33530
    50.85432     44.67343    -11.01609
    50.64600     44.40977    -10.91862
    37.59644     29.17635    -10.98127
    42.54966     38.00347     -7.14545
    49.79440     54.26780    -26.21010
    32.56455     22.31149    -10.14734
    33.25713     45.01022    -13.16373
    33.09439     45.09433    -13.28868
    33.19133     45.00415    -13.15829
    33.21566     45.01901    -13.16293
    50.75356     44.45034    -10.99575
    23.15888     36.94912     -9.34486
    36.37668     29.20502     -9.83306
    42.86836     31.36423     -8.00760
    37.71905     29.50898     -9.55742
    44.92470     31.47050    -10.29290
    48.82161     42.35904    -10.20164
    40.28466     54.68961    -10.03820
    42.00396     29.14895     -7.77351
    41.99797     29.07041     -7.83997
    42.71957     28.55873    -10.88774
    46.68888     32.80130     -6.86918
    46.68277     32.79715     -6.87321
    46.69129     32.79827     -6.87300
    25.08210     22.76080    -15.26680
    35.51984     20.07511    -13.73676
    35.42650     36.85668    -14.40597
    52.08950     52.21670     -7.90587
    31.63843     35.48050    -15.57493
    31.22763     43.63131     -9.58315
    41.95439     29.45087     -7.61189
    45.63510     42.95750     -7.63660
    26.85499     38.68770    -12.53538
    42.59097     34.10125    -11.89287
    35.81008     28.09262    -12.91713
    35.51214     20.14417    -13.90000
    50.43476     44.01823    -10.83967
    53.01640     43.62285    -13.41124
    38.27440     28.36460    -17.94510
    35.51986     20.04382    -13.76560
    31.18929     42.49655    -13.52728
    31.10450     42.50444    -13.54642
    17.89412     26.70449     -6.22224
    52.18421     52.10796     -7.00678
    35.50722     19.59534    -13.96191
    37.09206     30.70900    -18.52188
    37.07574     30.72020    -18.54462
    38.13804     31.72814    -19.72703
    40.12026     38.78008     -8.92095
    40.13788     38.76693     -8.92918
    51.28204     41.30623    -12.26358
    41.99714     28.90220    -13.79412
    51.75584     46.09667    -11.25031
    23.70370     37.25600     -7.08850
    45.90731     59.32732    -16.49378
    45.89689     59.31138    -16.49432
    46.31780     59.10500    -13.12020
    40.46214     38.45694     -9.21664
    28.27512     39.19448    -11.49270
    38.53228     27.82048    -15.41101
    17.28183     26.24528     -8.96096
    17.22683     26.25724     -9.05142
    50.33264     44.22745    -10.73817
    32.87955     25.39902    -10.80886
    26.68234     38.59034    -12.58641
    33.93542     47.58648    -11.83913
    52.28655     52.11475     -7.29508
    47.01321     39.23667    -14.56508
    36.11270     45.26220    -17.48320
    47.21275     39.32717    -14.61031
    47.14496     39.28357    -14.60825
    52.31745     52.13890     -7.27562
    29.25103     42.74363    -15.51640
    29.25187     42.75127    -15.50550
    58.45232     48.15434    -10.76821
    58.45180     48.04969    -10.85570
    58.45853     48.41101    -10.54590
    33.82451     47.57298    -11.83767
    38.94164     32.08416     -8.28960
    37.70802     21.23234    -17.09880
    37.71548     21.22506    -17.10090
    40.78708     27.83581     -7.96809
    40.83035     27.76857     -7.98656
    41.50923     36.38728    -11.83706
    20.33114     23.80667    -10.10759
    20.22797     24.11112    -10.43969
    43.62773     33.99625     -8.10068
    36.97907     27.62313    -21.89947
    52.03311     47.41385    -10.86262
    52.04307     47.40168    -10.87904
    52.03456     47.23715    -10.95662
    52.50804     52.06211     -7.38790
    21.35866     23.14852    -10.80424
    53.45445     49.79089    -11.81551
    48.86805     42.39519    -10.15549
    40.98885     27.43675     -8.13879
    42.24525     28.73251    -13.61583
    41.90133     37.01528    -11.54424
    36.54878     25.16483     -8.95444
    32.67908     24.91617    -10.85197
    32.60172     24.79234    -10.88447
    32.56269     24.75182    -10.84926
    41.15160     27.38768     -8.22777
    42.74813     34.28291    -11.66657
    42.73550     34.28263    -11.67562
    41.99357     28.85340    -13.83111
    41.98988     28.86914    -13.83345
    52.14568     52.14308     -7.87615
    21.37061     23.14981    -10.81251
    51.19977     40.77128    -12.34802
    51.21998     40.90920    -12.32901
    43.61266     33.99996     -8.11577
    43.61624     34.00002     -8.12026
    52.35638     52.07283     -7.36696
    41.27113     27.56569     -8.19458
    20.22352     23.45210     -9.57621
    50.44621     44.22341    -10.79937
    50.41610     44.24320    -10.75767
    20.23283     23.54231     -9.73701
    50.40899     44.07706    -10.77476
    48.87721     48.34424    -15.75694
    50.21050     49.60490    -15.33280
    48.87009     48.33576    -15.74946
    52.19933     52.03697     -7.36635
    29.89957     36.39619    -13.48422
    26.28826     20.82073    -12.66857
    55.92558     64.85055    -22.45794
    26.42839     20.76351    -12.48695
    26.44799     20.76589    -12.49789
    31.25195     42.53076    -13.48310
    31.25942     42.52465    -13.47192
    35.51989     19.82019    -13.85146
    51.27536     40.77648    -12.41948
    26.41294     20.79881    -12.17839
    52.55502     51.99199     -7.43375
    52.47563     52.04179     -7.47044
    36.36870     47.75730     -9.63415
    48.82632     42.24001    -10.26059
    35.80595     28.10379    -12.90542
    35.86536     28.84193    -10.18487
    40.67489     54.66225     -9.73671
    42.02101     29.33232     -7.72955
    48.83554     42.31371    -10.21801
    42.72317     30.94721     -7.92347
    51.23877     45.12515    -11.14673
    53.47973     49.80815    -11.80475
    29.52123     20.12810    -13.00573
    40.89613     27.65518     -7.98614
    47.51975     43.49332     -8.38871
    52.76066     52.05928     -7.61627
    53.45922     49.82933    -11.80753
    29.90246     36.39661    -13.45333
    29.92187     36.39835    -13.45802
    36.39307     29.22583     -9.80066
    23.26417     35.39728    -11.48863
    47.50234     43.49938     -8.28707
    48.84535     42.27729    -10.25894
    36.51001     25.12101     -8.87025
    42.12707     29.59568     -7.69593
    42.24954     29.85663     -7.75892
    50.98955     44.69038    -11.09254
    31.17816     43.47744     -9.60606
    51.09518     45.11495    -11.15108
    38.47385     27.84403    -15.39554
    20.47618     23.52204     -9.95099
    40.26094     38.06502     -9.18955
    26.05311     20.91688    -10.75835
    26.06906     20.93309    -10.79151
    26.25892     20.88572    -11.19665
    50.54600     43.61704    -11.01988
    51.41469     45.48200    -11.15341
    26.33697     20.75032    -12.67967
    34.92004     46.18884     -9.34331
    34.95994     46.21937     -9.35577
    34.97680     46.19586     -9.32988
    49.24864     43.34312    -13.19889
    29.85549     36.41845    -13.56256
    53.42686     49.80765    -11.82286
    53.44295     49.81337    -11.82396
    44.99899     40.62865    -13.06862
    37.57643     31.94506    -11.21194
    50.43753     44.11081    -10.83251
    33.20473     26.39838    -10.78955
    33.41064     46.07355    -13.67509
    36.42743     29.23470     -9.85892
    27.37580     19.40650    -13.56040
    21.52676     22.95320    -10.94697
    18.76834     31.06166     -9.08924
    44.00897     36.48018     -8.30243
    51.31080     41.06275    -12.34103
    35.99521     49.24885     -8.08653
    59.63722     51.84456    -10.09133
    52.87007     41.58229    -14.32014
    37.80373     32.66483    -12.94629
    36.50935     25.02250     -8.96107
    21.42983     23.08766    -10.62644
    42.03805     29.30076     -7.74651
    42.67431     34.28897    -11.68887
    42.67741     34.32524    -11.69132
    26.43581     20.75441    -12.46246
    21.50500     23.24711    -11.26516
    37.60403     31.88974    -11.19792
    37.59931     31.86154    -11.15803
    36.04342     29.09664    -10.02515
    44.25481     36.54580     -8.37827
    41.27877     27.64525     -8.18997
    41.70774     27.09140     -8.60734
    35.36433     30.88699    -12.99861
    34.97839     32.75619     -7.47680
    43.63180     34.02030     -8.09460
    29.95655     36.43907    -13.46379
    29.97422     36.40300    -13.42763
    24.20335     33.24298    -13.96337
    24.13728     32.88974    -13.98389
    40.39663     33.52665    -11.17731
    35.78165     28.21160    -12.97825
    35.78953     28.20787    -12.96856
    19.88760     28.17665     -8.32812
    48.38004     49.93307    -11.72289
    48.36494     49.92339    -11.77928
    48.37418     49.91357    -11.74091
    40.63154     33.71300    -10.97102
    41.73551     27.06363     -8.61098
    39.32381     53.54287    -11.28960
    40.36930     28.90750    -11.08900
    36.52821     25.08415     -8.96225
    52.72262     44.07295    -12.30871
    52.85088     43.91652    -12.59745
    55.58560     48.26350    -15.06370
    40.39369     27.86079     -7.34268
    40.26617     27.90697     -7.06154
    40.18550     54.63697    -10.02898
    42.88004     41.70779     -9.46042
    42.97935     41.62938     -9.53048
    43.06286     41.58660     -9.57468
    34.00462     47.67224    -11.80365
    35.79505     28.07240    -12.76496
    47.43531     37.54756     -9.98636
    36.07085     29.05053     -9.98518
    42.68208     34.25170    -11.67641
    35.76883     28.19753    -13.08057
    26.62850     38.60320    -12.59441
    17.86890     33.31230     -3.54400
    31.28317     43.71767     -9.56558
    42.24607     28.70407    -13.46818
    39.54845     53.70138    -11.42220
    41.87323     37.16477    -11.36747
    41.92960     39.70534     -9.94683
    53.44269     49.84680    -11.85914
    24.25884     33.40667    -13.97404
    42.65184     37.91633     -7.66646
    42.63210     37.88415     -7.67906
    33.90977     45.07609    -13.15488
    43.18873     41.55862     -9.65542
    35.77232     19.88325    -13.69028
    54.04540     50.53200     -8.91750
    26.80294     38.17336    -10.38080
    35.47006     30.77503    -12.94929
    20.03062     23.16903     -9.01635
    39.99539     33.68902    -11.87782
    59.69448     54.37736    -21.16400
    59.72496     54.35008    -21.31708
    59.67866     54.45369    -20.98256
    45.26090     46.32705    -26.61108
    50.64401     44.74317    -10.86911
    53.05544     43.69686    -13.44225
    28.53224     25.11629    -13.78749
    28.53713     25.11855    -13.75659
    36.21536     47.44753     -9.69956
    36.37686     47.69331     -9.69181
    38.45691     29.53294     -9.66527
    38.37800     29.57275     -9.72453
    36.78887     34.09940    -12.06672
    53.38440     49.77629    -11.83903
    30.65057     42.46109     -9.83244
    59.65747     51.83340    -10.14942
    52.31649     52.18579     -7.30967
    29.08776     33.98672    -11.70870
    29.09402     33.94015    -11.68633
    29.04503     34.07706    -11.73462
    35.86932     49.49767     -7.82492
    52.15470     38.42500    -10.76880
    39.40110     40.90210     -9.53460
    34.07199     47.75457    -11.72814
    35.86870     27.95714    -12.78630
    28.83726     34.58511    -11.64224
    28.94821     34.28017    -11.74520
    39.07976     32.14897     -8.43012
    23.26082     23.70949    -13.00696
    23.05259     23.24798    -12.59124
    23.13882     23.26562    -12.61501
    34.43110     43.09450    -20.58980
    34.05380     42.96560    -17.63400
    31.41439     34.27769    -16.22032
    31.44909     34.40596    -16.14913
    48.45889     49.85577    -11.56459
    49.59680     37.17130     -8.03180
    42.11169     29.52179     -7.71671
    59.73092     51.94964    -10.33657
    48.58778     42.46867    -15.33446
    33.51183     26.23178     -8.42251
    33.50624     26.20382     -8.41593
    27.42256     38.82522    -12.44825
    48.13980     62.62900    -16.83150
    37.77550     45.24520    -21.96600
    45.58331     42.88564     -7.66253
    50.51214     43.93236    -10.92968
    19.70630     27.26990    -14.20460
    25.71730     24.01840    -14.62910
    31.15652     43.42840     -9.63555
    31.01673     43.07496     -9.71217
    42.48604     38.03126     -6.81227
    42.48591     38.03825     -6.91308
    42.45735     38.02655     -6.72300
    39.55447     53.65891    -11.57194
    39.61630     53.82483    -11.39133
    39.52816     53.69567    -11.57771
    37.53750     35.57940    -10.89980
    47.51716     43.57090     -8.36030
    42.18096     26.79360     -8.97732
    38.06747     41.15505    -18.51810
    59.55800     51.79886     -9.90073
    35.81045     49.53548     -7.68502
    19.95911     23.05421     -8.65244
    42.59198     34.19141    -11.76414
    35.75472     28.55567    -13.09274
    42.00846     54.17192    -10.58750
    42.03430     54.14585    -10.60942
    42.02964     54.16168    -10.64145
    52.62240     59.43380    -24.33510
    52.06020     59.89710    -22.93630
    42.85323     31.60393     -7.95316
    38.89194     31.60394    -14.49168
    39.02357     31.66236    -14.47060
    38.91857     31.51524    -14.50275
    40.42630     27.82566     -7.40131
    33.19445     44.94313    -13.06068
    21.37839     23.32574    -11.09931
    47.70320     45.95270    -14.10210
    22.12868     25.75934    -11.86690
    38.33250     26.83410     -7.76300
    35.09332     31.01500    -13.17424
    37.91380     49.36291    -12.17868
    33.40517     45.22356    -13.25900
    32.31594     22.02824    -10.80931
    42.66819     32.81859    -13.83614
    40.12919     27.79929     -6.85809
    53.56193     55.09028     -8.24989
    53.58811     55.10810     -8.24480
    53.57156     55.10618     -8.20979
    26.54521     38.54377    -12.59249
    41.60535     39.37909     -9.84268
    24.25118     33.74574    -14.04992
    42.08413     29.39566     -7.80210
    42.53256     37.79521     -7.60303
    40.46958     33.35289    -11.12420
    50.02857     57.33408    -24.74830
    50.15034     57.27845    -24.86513
    50.13021     57.27532    -24.85479
    53.91539     55.45251     -8.46611
    31.89462     21.58286    -11.66437
    41.41570     53.02850     -7.48610
    27.36409     38.62412    -11.21208
    56.67740     60.55160     -9.56270
    54.86480     59.73460     -8.00220
    43.88267     36.51747     -8.27844
    36.50596     25.13229     -8.92413
    50.90480     44.77116    -10.98615
    35.38323     30.90436    -13.02142
    19.95470     28.18314     -8.36459
    45.50147     39.44425     -6.91628
    42.67464     28.43441    -10.97243
    41.81304     37.29492    -11.28123
    41.31760     52.31690    -14.82860
    41.89935     39.66757     -9.92524
    51.80884     46.27787    -11.26113
    52.02685     46.86967    -11.17201
    47.17513     34.74628    -10.48948
    42.71697     39.35997     -6.51739
    42.57019     38.59265     -6.61950
    35.95159     29.05302    -10.09665
    47.03188     38.96746    -14.71299
    56.36419     65.16655    -22.92377
    45.03712     40.65366    -13.03759
    45.02828     40.65286    -13.06206
    57.36977     47.86465    -16.87702
    36.82256     34.00927    -12.05645
    40.60182     32.22919    -11.84905
    18.68613     31.21597     -8.59078
    18.69320     31.27135     -8.40070
    18.72328     31.24323     -8.30646
    30.19360     15.51390    -22.92640
    30.12750     13.82510    -22.58130
    35.87238     28.78249    -10.24268
    47.67663     34.47991     -7.66098
    34.86110     25.91790    -13.95890
    33.72378     26.37784    -20.38095
    33.72120     26.37916    -20.41324
    33.69476     26.38746    -20.38828
    33.73866     26.38537    -20.38688
    51.88542     52.13149     -8.81458
    41.85443     39.69376     -9.97934
    52.96861     43.55970    -13.37874
    28.17071     39.13751    -11.62621
    24.30813     33.40015    -13.98213
    24.40722     33.48169    -13.98739
    24.32392     33.51873    -13.99849
    45.59054     42.89158     -7.64323
    32.90604     45.68980     -8.98045
    30.49205     36.25164    -13.00285
    41.77870     30.74190    -14.63390
    46.96689     39.08379    -14.62586
    56.27390     53.54740    -12.86100
    54.28950     52.86830    -11.93070
    33.64853     27.42870    -10.62955
    35.26624     32.54839     -7.61522
    20.57719     23.40496    -10.03571
    29.66668     19.99819    -12.96443
    41.50939     54.37500    -10.17100
    37.54612     29.38425    -10.90833
    45.02379     40.63301    -13.15524
    52.03302     51.90052     -9.31641
    31.43175     34.28136    -16.26254
    39.09814     31.76854    -14.46569
    50.04888     57.35898    -24.71399
    36.69930     22.92220     -7.11420
    17.80708     26.88109     -6.11416
    34.77426     30.78952    -10.51609
    58.44627     48.55709    -10.32072
    29.58066     20.06931    -12.97344
    34.07856     47.68956    -11.78610
    48.64966     42.51051     -9.89949
    26.07473     21.16112    -12.72507
    31.65200     37.81280    -17.97280
    40.45571     33.59521    -11.00755
    36.49329     25.07715     -8.91115
    51.92858     52.09563     -8.90553
    40.46016     32.43956    -11.67572
    26.45408     38.69413    -12.70462
    52.65222     52.08523     -7.53969
    37.88001     32.64441    -13.08773
    37.85357     32.64326    -13.01986
    43.14522     41.49082     -9.60951
    43.15028     41.52847     -9.60362
    17.80951     27.01011     -6.11629
    38.16295     29.55539     -9.29553
    58.90550     50.36640    -17.29480
    42.71663     38.53662    -12.67898
    42.77028     38.46641    -12.59053
    47.37503     44.13480     -8.69888
    34.00649     32.70615     -7.52452
    38.88680     36.09648     -8.29073
    42.59865     33.14237    -13.33179
    36.94859     27.52486    -21.88790
    36.88638     27.47533    -21.86545
    36.93764     27.53209    -21.89794
    40.59836     54.71763     -9.73270
    57.78140     45.95380    -19.94950
    37.71624     49.45230    -13.35813
    37.71253     49.45160    -13.50370
    37.73218     49.41435    -13.06997
    31.07433     42.32740    -13.60871
    35.38900     36.85806    -14.37640
    54.61300     43.71910    -15.58420
    41.76210     28.95935    -14.05845
    41.90698     39.70594     -9.97109
    38.11399     49.36138    -11.50362
    31.97255     21.71343    -11.45082
    31.97194     21.72682    -11.44077
    36.49350     25.08329     -8.87062
    34.93710     23.60363    -10.32062
    31.67763     42.62808    -13.15876
    36.08084     29.01607    -10.00169
    55.90230     62.32160    -24.12560
    51.87776     52.16599     -8.83587
    25.37660     34.78060     -9.73300
    40.43657     36.17641    -12.52914
    40.60428     36.07651    -12.45947
    32.29847     42.75707    -12.53464
    47.47770     44.19900    -13.70570
    57.84320     56.62030     -7.86500
    23.03985     23.25125    -12.60990
    38.60100     32.19585    -13.88647
    47.93741     39.53828    -14.70292
    60.87883     54.62359    -24.11649
    56.95761     65.46293    -23.74870
    56.97201     65.46315    -23.70573
    26.17257     38.72787    -12.77958
    35.81910     19.95982    -17.72944
    35.83182     19.95087    -17.81614
    45.62888     42.92167     -7.66622
    31.24531     43.60110     -9.55927
    26.33129     20.78096    -12.61224
    42.47192     34.41378    -11.64005
    40.86068     31.95863    -12.18615
    35.37542     46.48258     -9.44780
    47.43003     39.26732    -14.71212
    51.97015     51.80971     -7.35446
    40.45969     54.68571     -9.92551
    33.50798     26.25250     -8.44616
    51.24306     40.87068    -12.29544
    40.55720     32.19919    -11.84325
    38.04566     41.14421    -18.55030
    37.98772     41.05023    -18.64437
    38.09988     41.17850    -18.50217
    46.50560     40.92520    -10.37440
    40.13072     54.66640    -10.25404
    58.40197     48.64404    -10.04854
    26.83166     38.21574    -10.40442
    33.04490     37.15200    -15.08230
    41.00698     27.56902     -8.17409
    35.53566     30.85299    -12.88421
    33.44149     44.99376    -13.12974
    56.12880     66.11570    -20.89740
    44.24732     36.41947    -12.66459
    44.21542     36.42502    -12.66809
    44.22391     36.45276    -12.72945
    47.71106     34.60298     -7.59873
    47.69462     34.60131     -7.62178
    47.68284     34.53127     -7.62605
    18.17360     26.44880    -13.23670
    17.68076     27.01576     -5.98275
    25.84970     37.40030     -8.33290
    43.96254     36.48657     -8.33056
    38.06612     31.93172    -19.87348
    38.10707     31.80689    -19.79289
    41.90161     39.66664     -9.97316
    25.56623     22.18298    -13.08115
    25.62658     21.99836    -13.01311
    42.56009     56.99056     -9.93049
    35.38022     46.50360     -9.53022
    43.60339     34.02808     -8.10861
    50.21883     44.78135    -10.65610
    40.47557     38.59840     -9.18884
    44.85100     42.72200     -5.11700
    17.81702     26.80172     -6.05974
    41.99400     25.30230    -10.42310
    40.74398     27.67986     -7.72609
    45.53942     39.51034     -6.88601
    45.54522     39.53972     -6.87377
    35.91262     47.08719     -9.62233
    47.66334     39.48867    -14.66426
    34.94256     32.70635     -7.45375
    40.91060     34.23550    -16.75230
    47.60312     43.53669     -8.43377
    44.48966     36.77455    -12.66698
    31.48258     34.39888    -16.01296
    51.33316     41.10204    -12.39122
    35.04495     23.65304    -10.34853
    38.55190     29.52822     -9.71939
    29.68435     19.98345    -12.90966
    45.45240     34.36470     -9.65390
    47.54183     39.42742    -14.67462
    58.70898     56.37267    -10.31661
    58.76745     56.35772    -10.31289
    58.73664     56.37104    -10.32635
    33.56941     26.16401     -8.42452
    55.87439     64.30344    -21.94806
    33.97096     44.16459     -9.99849
    23.16575     35.24532    -11.36201
    29.36884     20.30004    -12.85390
    25.53320     38.49030     -6.66580
    33.13370     45.95158     -9.00165
    33.10995     45.97324     -8.97880
    54.26843     46.36425    -13.59638
    17.62577     27.01794     -5.87544
    17.62585     27.00419     -5.92848
    48.61939     42.46196    -15.32960
    48.61651     42.42995    -15.34370
    34.17788     47.54679    -11.86775
    34.14729     47.53296    -11.88888
    29.16505     27.28099    -12.60948
    17.77876     26.69640     -5.89780
    49.20619     57.07211    -23.43387
    49.12174     56.90556    -23.47593
    33.46410     32.67289     -7.64034
    35.17840     46.34551     -9.35000
    20.38725     23.56339     -9.71839
    30.44380     29.95390     -7.83580
    22.18893     25.91330    -11.93213
    45.03790     49.15630    -27.34960
    42.73788     28.60947    -13.64682
    33.60425     47.45614    -11.86968
    49.19440     35.19880     -9.12160
    23.14439     35.22961    -11.40307
    43.75188     35.58201    -13.45756
    47.72092     43.37307     -8.44737
    42.63514     38.56906    -12.84113
    18.87633     31.18271     -7.51101
    43.41228     35.13996    -13.76658
    40.43247     33.74443    -10.81819
    30.29801     42.05675     -9.97394
    49.24996     43.28788    -13.21421
    44.85030     47.70500     -5.77110
    46.61495     46.33152     -6.55273
    46.61515     46.32138     -6.55487
    22.29558     25.96980    -12.05630
    45.76686     37.24713     -9.45943
    32.93001     26.28156    -10.74292
    41.77167     28.95373    -14.14783
    39.67990     45.18180    -19.60970
    16.49600     29.29630    -16.03870
    35.58659     30.96538    -12.81529
    39.68781     53.60313    -11.61377
    47.15694     44.77335     -9.06712
    32.99360     28.94420    -10.75110
    25.89790     32.00640    -13.19250
    46.44253     37.42938     -9.72651
    49.41710     57.60880    -20.40500
    18.86034     30.90818     -9.28272
    42.64307     57.05712     -9.88205
    42.77816     57.17343     -9.75324
    22.18485     25.90657    -11.87351
    34.99415     46.27958     -9.46263
    30.77680     27.94290    -10.40010
    28.57626     25.14324    -13.69565
    33.30580     17.84170    -15.31120
    48.53230     48.02960    -14.10150
    31.42610     37.57310    -15.99920
    54.23890     46.34960    -13.61329
    35.09989     32.66925     -7.49755
    29.12805     27.26151    -12.61582
    43.61831     35.11329    -13.81644
    29.72677     43.78970    -13.60915
    29.79863     43.66456    -13.62037
    38.61111     27.81187    -15.41506
    33.94190     48.43720     -9.26220
    31.48904     45.93218    -14.84984
    31.62902     45.82210    -14.64033
    32.57947     22.27926    -10.21005
    42.74513     38.32956    -12.52500
    42.88980     26.81090    -14.48280
    39.41130     29.35850    -24.47000
    41.44500     25.02200     -7.22820
    17.98171     26.98156     -6.20212
    20.10430     22.30070    -18.06400
    20.62090     25.06050    -19.23630
    33.35268     26.28696     -8.26169
    33.10451     26.45047     -7.85503
    44.98934     40.62155    -13.12928
    22.41080     34.20410    -13.61540
    40.30490     24.11620     -6.60510
    28.08980     24.34570    -15.65960
    51.57954     58.18097    -19.02100
    51.58596     58.19423    -18.98280
    25.35550     39.39550    -15.87860
    43.55830     40.48090     -4.81850
    24.63751     36.13108    -12.35012
    35.58936     28.10830    -13.68641
    17.75312     26.95056     -5.99579
    29.89900     39.27480    -15.11640
