    36.00560     21.05374    -15.67081
    57.38404     47.86101    -16.87561
    57.29239     47.88334    -16.84938
    52.02701     47.01330    -11.08183
    36.00330     21.05501    -15.68339
    42.02757     29.44967     -7.64258
    42.01082     29.51329     -7.61901
    42.03386     29.50330     -7.58500
    52.66005     41.27964    -14.07049
    55.93719     64.99588    -22.49983
    53.83557     55.46067     -8.47331
    53.77107     55.33537     -8.40878
    35.98322     21.05061    -15.42462
    55.81896     57.28546     -9.86111
    55.82264     57.28581     -9.79625
    55.82398     57.28914     -9.78695
    55.82665     57.29472     -9.79447
    26.38840     20.72893    -12.62659
    42.58615     34.25066    -11.75879
    48.68760     42.39480    -10.18727
    48.75092     42.39855    -10.18293
    48.69165     42.40292    -10.17448
    40.35878     33.22736    -14.81250
    26.38069     20.72378    -12.64453
    26.39460     20.72636    -12.65250
    26.39907     20.73104    -12.60121
    35.50852     20.14686    -13.79095
    26.89801     38.63585    -12.46542
    26.78428     38.59428    -12.49262
    26.73119     38.58191    -12.46795
    36.01004     21.05935    -15.62757
    36.00810     21.04968    -15.64703
    36.00593     21.06301    -15.62396
    33.44571     25.97354    -10.88596
    33.47317     26.00034    -10.89135
    33.39535     26.07442    -10.88235
    51.48964     49.76909     -9.79323
    51.48836     49.74267     -9.93877
    51.48919     49.74785     -9.87770
    26.36585     20.72567    -12.70470
    43.42714     35.16203    -13.71860
    42.95181     28.57272    -10.48178
    36.01667     21.08138    -15.68221
    55.80832     64.76967    -22.42473
    55.81190     64.77422    -22.42676
    55.76961     64.65518    -22.35108
    55.77451     64.60691    -22.27667
    42.90687     31.45153     -8.03024
    39.98243     32.57352    -14.55307
    51.84998     52.21747     -8.78668
    30.35069     32.12262    -16.14270
    30.31447     32.14267    -16.12516
    30.31586     32.13941    -16.11996
    30.32374     32.13924    -16.12001
    35.49211     20.18497    -13.83465
    35.51098     20.15383    -13.80797
    34.56170     31.04863    -10.57655
    34.57203     31.03046    -10.50444
    34.52645     31.05620    -10.53500
    34.54667     31.04307    -10.52820
    52.18137     52.19304     -7.34529
    55.72213     56.24985    -14.50274
    55.72508     56.29298    -14.54829
    55.72917     56.26812    -14.52985
    42.88584     28.61702    -10.42700
    42.93767     28.60441    -10.31614
    42.90771     28.61338    -10.34681
    42.89717     28.61862    -10.39036
    26.43358     20.73456    -12.55659
    26.44245     20.72410    -12.57233
    26.45148     20.72543    -12.54873
    54.92108     50.29434    -13.44369
    34.47957     31.11494    -10.43786
    33.44963     25.96772    -10.88631
    33.28231     25.70355    -10.85389
    37.63859     31.62064    -11.06048
    35.60733     20.40809    -13.96327
    35.87989     20.90029    -15.04481
    35.83240     20.79895    -14.88434
    33.53672     38.07482    -17.82890
    50.55175     44.02731    -10.90367
    39.33708     32.19818     -8.94212
    39.46789     32.07703     -8.98320
    42.44455     28.49555    -11.90289
    26.37849     20.71577    -12.66694
    40.38893     32.89116    -11.41765
    40.43478     32.45634    -11.58159
    51.48957     49.73038     -9.98171
    40.35110     32.97866    -14.78217
    43.63399     35.17283    -13.83839
    40.50609     34.19720    -10.43997
    40.57649     34.05823    -10.54954
    26.38575     20.72441    -12.70096
    43.03938     28.52732    -10.12922
    43.05072     28.46740    -10.03410
    43.02162     28.51833    -10.02308
    60.86318     54.61550    -24.07244
    42.94849     28.61929    -10.27140
    35.49051     20.05017    -13.81028
    35.50001     20.02808    -13.77250
    39.05390     32.16977     -8.44337
    39.25199     32.18090     -8.59328
    55.80693     64.72069    -22.47901
    49.73179     36.80175    -12.29959
    49.71944     36.79026    -12.29143
    49.65550     36.70872    -12.21580
    59.63588     51.67662    -10.20645
    59.61657     51.57887    -10.23594
    42.67571     37.72029     -7.71100
    26.65806     38.62405    -12.62853
    29.47095     20.19699    -12.97455
    29.42693     20.28285    -12.97652
    29.46476     20.21393    -13.03226
    33.46983     20.29889    -12.71375
    33.44875     20.31459    -12.71550
    33.46425     20.31288    -12.71306
    33.53208     20.35934    -12.68312
    42.66404     34.42193    -11.55756
    26.92669     38.73760    -12.63750
    53.55984     55.11402     -8.28925
    35.47396     19.93199    -13.81087
    31.15029     42.51061    -13.51875
    42.67482     34.41665    -11.53869
    35.44266     36.90575    -14.45665
    35.45563     36.90338    -14.47474
    51.08000     44.75920    -11.14543
    42.73968     34.31916    -11.54448
    42.41690     33.58179    -12.56168
    42.48524     33.78320    -12.32407
    42.39857     33.50619    -12.70440
    52.66776     41.32134    -14.08500
    52.68260     41.28648    -14.11101
    52.76388     41.44356    -14.20457
    35.45156     20.14844    -13.66402
    31.27176     43.83397     -9.58447
    26.34053     20.71914    -12.69503
    43.69795     35.17733    -13.83795
    43.69930     35.18626    -13.83668
    18.65269     31.22663     -8.73636
    43.34328     41.44665     -9.75191
    40.49631     33.74625    -10.75237
    33.65683     44.97458    -13.02750
    33.13625     44.69584    -12.58720
    33.30272     44.87501    -12.92370
    45.27523     46.34245    -26.62001
    45.27418     46.35328    -26.63531
    47.62420     47.50910    -26.54980
    40.38734     33.03360    -14.78162
    40.35495     33.00319    -14.78727
    40.36688     33.00114    -14.81754
    32.57503     24.78283    -10.83403
    49.79719     36.90878    -12.33105
    20.16848     23.43094     -9.35477
    51.24970     39.36088    -12.98438
    48.60829     35.23256    -11.63341
    41.91389     37.19811    -11.34019
    48.19866     50.04719    -12.14366
    48.25690     50.02141    -12.03412
    48.15017     50.12803    -12.30292
    23.52647     35.59678    -11.68942
    23.58076     35.61769    -11.71792
    23.11809     36.97858     -9.20267
    23.10403     36.97141     -9.20550
    23.10955     37.00115     -9.18412
    59.72182     51.96504    -10.28296
    35.55251     20.06121    -13.72829
    40.24641     32.86345    -14.72568
    21.24714     23.27906    -10.72063
    24.23525     35.89818    -12.08064
    35.44959     20.14902    -13.84719
    48.31162     39.97365    -10.66720
    48.24177     39.78070    -10.66292
    48.27102     39.88083    -10.68389
    40.54061     33.94328    -10.61311
    40.63378     34.06003    -10.60592
    50.49715     43.94997    -10.87133
    47.55900     37.66408     -9.78778
    47.55914     37.66627     -9.77880
    47.38828     37.60996     -9.94771
    42.69443     28.65026    -10.82736
    42.62261     28.61321    -11.02135
    42.70824     28.62814    -10.86563
    40.32443     33.08873    -14.81754
    48.71760     35.46887    -11.68649
    48.65218     35.42743    -11.67240
    48.64067     35.39198    -11.66120
    48.33817     40.01346    -10.66060
    42.85366     34.41721    -11.24504
    37.19332     28.30613    -21.91371
    36.50858     24.93017     -8.85482
    21.40267     23.44836    -11.10125
    26.52183     20.74009    -12.84488
    20.38796     23.54195     -9.89310
    40.71644     31.38864     -7.66158
    40.72006     31.38616     -7.66952
    45.53190     42.92416     -7.66335
    42.67576     37.86034     -7.78518
    31.22067     43.73890     -9.68347
    31.21170     43.69211     -9.66659
    54.01380     46.08476    -13.55124
    53.85950     45.85605    -13.52596
    53.86904     45.86436    -13.51308
    53.75349     45.66990    -13.50621
    31.70907     35.82965    -15.41242
    31.73011     35.83304    -15.37939
    51.23683     40.94631    -12.32090
    34.16569     45.05095    -13.07877
    34.07001     45.09110    -13.13868
    35.09429     36.14421    -17.18815
    37.54256     29.67647    -10.52445
    51.22117     41.01729    -12.26819
    26.59382     38.65138    -12.72526
    26.70568     38.65897    -12.67108
    35.97358     21.02864    -15.73765
    35.98672     20.96424    -15.81772
    42.61442     37.87993     -7.60556
    42.64593     37.88628     -7.68446
    42.91500     31.80250    -17.05960
    35.39176     36.88863    -14.44694
    51.10238     40.85409    -12.21333
    51.24151     41.12213    -12.23347
    45.52680     42.94516     -7.62292
    45.55410     42.92974     -7.64068
    48.35729     35.30894    -11.47889
    31.26703     43.76136     -9.60137
    21.47818     23.06424    -11.17071
    21.43529     23.24425    -11.30447
    37.49768     32.52660    -11.86805
    43.37613     41.44363     -9.79614
    35.48662     36.95686    -14.48893
    35.46447     36.94486    -14.47727
    35.48839     36.98345    -14.52733
    42.61246     37.95508     -7.32887
    41.86538     36.85250    -11.59820
    36.49655     24.93031     -8.89236
    36.51242     24.90893     -8.90476
    26.69201     38.54741    -12.52506
    47.04376     34.59570    -10.30470
    34.39694     31.17558    -10.54638
    18.75626     31.05168     -9.10425
    18.64685     31.20817     -8.94266
    35.10503     46.25276     -9.45137
    41.99014     29.32105     -7.65230
    42.03476     29.39683     -7.68126
    50.06556     45.54224    -10.78377
    23.49382     24.81547    -13.58879
    52.14684     52.19354     -6.90239
    52.20915     52.21470     -7.04553
    26.48958     38.60101    -12.68521
    41.97923     28.99233     -7.76397
    52.13956     52.26713     -7.57875
    51.99163     52.28738     -7.82761
    33.52944     38.09544    -17.88133
    31.31265     43.61882     -9.53413
    33.36045     26.15206    -10.92959
    27.60050     32.67590    -17.18070
    41.08241     27.36260     -8.16073
    40.97964     27.41583     -8.15142
    52.61105     52.00237     -7.40882
    49.53732     57.42222    -23.76750
    34.69810     33.59550    -16.31990
    51.25793     39.36443    -12.97782
    21.44218     23.12272    -11.06720
    29.88596     36.42912    -13.44629
    41.35023     29.36743    -16.75702
    43.65477     35.28368    -13.76858
    31.26711     43.67813     -9.59802
    31.31666     43.71672     -9.60780
    33.54220     38.10403    -17.92037
    33.56103     38.11115    -17.89494
    23.14220     36.93148     -9.27292
    23.13566     36.95090     -9.29190
    41.69420     28.76219     -7.96484
    49.97768     44.79887    -10.47684
    27.32247     38.76763    -12.06102
    27.87445     38.94321    -11.69961
    27.94546     38.97432    -11.50787
    27.48700     38.82015    -11.87428
    39.30972     32.19635     -8.84133
    38.30370     23.94830     -8.91820
    23.13921     36.75072     -9.27869
    55.72962     56.32001    -14.56371
    55.74398     56.30971    -14.65384
    23.30377     35.50868    -11.57350
    39.92189     54.46073    -10.39552
    45.99556     43.07258     -7.64904
    26.71912     38.68950    -12.76727
    43.58563     35.17447    -13.81614
    41.87656     36.97176    -11.51024
    49.11854     36.00456    -11.92101
    48.95191     35.75681    -11.82901
    49.93384     43.58140    -10.53929
    35.51249     30.62209    -12.99539
    35.42686     30.83587    -12.90875
    51.24400     39.08977    -13.09862
    31.23869     43.65868     -9.60790
    20.17163     23.95263    -10.13383
    55.03032     50.34169    -13.46166
    55.18954     50.61542    -13.37060
    54.93196     50.21299    -13.50003
    45.52654     42.88039     -7.69321
    45.44683     42.86042     -7.69667
    33.45057     38.07367    -17.64859
    48.87730     42.40609    -10.19823
    48.88040     42.35290    -10.27068
    48.84521     42.37590    -10.28101
    42.56946     33.18567    -13.14731
    23.48736     24.42635    -13.67583
    33.95231     44.15649    -10.01138
    50.27423     44.13662    -10.67681
    51.01916     40.73865    -12.21583
    51.01176     40.75894    -12.21107
    17.32054     26.23300     -8.87402
    28.61648     39.38075    -11.31272
    28.79260     39.50853    -11.25180
    28.75786     39.52725    -11.30695
    50.23301     43.88024    -10.62324
    52.80320     41.34168    -14.27745
    23.51804     24.47978    -13.62950
    23.51561     24.49198    -13.64181
    52.03726     41.11656    -13.22133
    35.13169     36.13890    -17.11699
    35.29251     36.26081    -17.03203
    35.12523     36.14014    -17.11978
    20.18708     23.28816     -9.57341
    21.30646     23.27428    -10.71181
    49.80059     36.97785    -12.36304
    33.49313     38.07555    -17.77740
    33.50847     38.06627    -17.81822
    41.40050     29.36978    -16.59209
    41.36011     29.35979    -16.73167
    56.83440     65.42596    -23.95556
    43.67668     35.10044    -13.90857
    51.40839     45.24060    -11.28446
    51.41994     45.22884    -11.31906
    51.79071     52.32425     -8.63405
    34.00639     46.11733     -9.16920
    43.92690     43.35860    -25.81570
    51.55475     44.98111    -11.41695
    43.87240     46.62340    -23.87660
    45.62355     42.96720     -7.60365
    49.89646     37.05406    -12.40243
    49.88817     37.04609    -12.38544
    38.70151     31.96810     -7.99766
    38.68797     32.24840     -8.23308
    19.85908     28.17385     -8.30203
    20.95758     23.36288    -10.37137
    20.99776     23.27470    -10.32060
    21.21071     23.24634    -10.71461
    38.96083     36.25519     -8.37953
    38.84314     36.12331     -8.24943
    50.39786     43.84602    -10.80415
    21.44674     23.55844    -11.29183
    21.51369     23.84126    -11.48406
    52.92463     43.63213    -13.09989
    33.45625     38.00746    -17.75472
    37.51374     32.02388    -11.12005
    29.84855     36.41977    -13.54615
    45.44033     42.88760     -7.58109
    43.05520     28.51427    -10.17085
    50.97835     44.75941    -11.09241
    50.68272     44.41428    -10.94085
    37.63731     28.96281    -11.10146
    42.53120     38.03929     -6.99507
    49.79440     54.26780    -26.21010
    32.58608     22.37694     -9.99221
    33.12187     45.00771    -13.22081
    32.82295     45.13975    -13.48269
    32.98770     44.99625    -13.20642
    33.03699     45.03192    -13.21673
    50.85792     44.42950    -11.09340
    23.19680     36.96946     -9.46226
    36.47159     29.27709     -9.67368
    42.93844     31.44259     -8.06595
    37.69454     29.52615     -9.43343
    44.92470     31.47050    -10.29290
    48.84085     42.36718    -10.21631
    40.17585     54.74208    -10.08009
    41.99921     28.94450     -7.81256
    42.01777     28.84644     -7.95482
    42.60509     28.56342    -11.18522
    46.69087     32.80516     -6.86494
    46.67488     32.79431     -6.87550
    46.69720     32.79724     -6.87495
    25.08210     22.76080    -15.26680
    35.49349     20.11203    -13.60490
    35.41639     36.79295    -14.35484
    51.92515     52.35445     -8.07419
    31.63265     35.56615    -15.56395
    31.22085     43.66329     -9.55454
    41.82126     29.55988     -7.44383
    45.69560     43.01345     -7.61748
    26.92944     38.72277    -12.55715
    42.53631     33.99527    -11.99309
    35.83962     28.01588    -12.85837
    35.45931     20.23308    -13.95091
    50.38982     43.82946    -10.85551
    53.04878     43.58849    -13.54323
    38.27440     28.36460    -17.94510
    35.49327     20.03845    -13.67662
    31.15538     42.50265    -13.56798
    30.95843     42.53301    -13.60179
    18.01759     26.44604     -6.44948
    52.03922     52.13005     -6.59298
    35.46904     19.06361    -14.17996
    37.10522     30.69998    -18.50355
    37.06258     30.72922    -18.56295
    38.18507     31.60008    -19.62968
    39.97022     38.97465     -8.78572
    40.00863     38.95180     -8.79965
    51.30957     41.75383    -12.16207
    41.94047     28.99130    -13.74910
    51.83520     46.21575    -11.27757
    23.70370     37.25600     -7.08850
    45.91574     59.34018    -16.49334
    45.88846     59.29852    -16.49476
    46.31780     59.10500    -13.12020
    40.54572     38.33374     -9.28744
    28.40183     39.25639    -11.41059
    38.52184     27.81234    -15.41719
    17.30715     26.24081     -8.92558
    17.16741     26.27111     -9.15488
    50.16808     44.21904    -10.62925
    32.75845     25.27621    -10.74942
    26.63658     38.50293    -12.59462
    33.86817     47.56121    -11.85756
    52.23824     52.14068     -7.17778
    46.81128     39.26222    -14.46003
    36.11270     45.26220    -17.48320
    47.11852     39.40547    -14.55846
    46.99720     39.32187    -14.55700
    52.30825     52.20145     -7.13291
    29.25036     42.73746    -15.52522
    29.25254     42.75744    -15.49668
    58.45761     47.99967    -10.95537
    58.44123     47.84620    -10.99722
    58.48128     48.48470    -10.59370
    33.63087     47.53894    -11.85077
    38.80553     32.01060     -8.07350
    37.70199     21.23823    -17.09710
    37.72151     21.21917    -17.10260
    40.64604     28.04096     -8.03185
    40.73117     27.89520     -8.04597
    41.49731     36.02231    -11.88941
    20.17590     24.09971    -10.21990
    20.12702     24.46579    -10.79425
    43.64282     33.97582     -8.08889
    37.00667     27.64701    -21.91369
    52.02380     47.63271    -10.72405
    52.05010     47.61114    -10.76089
    52.05767     47.38898    -10.88095
    52.71278     52.01752     -7.36814
    21.42574     23.02095    -10.74934
    53.47511     49.75952    -11.80097
    48.96371     42.45715    -10.10106
    40.92524     27.28607     -8.18882
    42.37419     28.64176    -13.43666
    41.98489     37.00602    -11.66133
    36.60762     25.30705     -9.01408
    32.58686     24.76688    -10.85155
    32.54447     24.66352    -10.94127
    32.45705     24.58002    -10.84790
    41.18991     27.24990     -8.26880
    42.89592     34.32270    -11.59817
    42.86524     34.32466    -11.61763
    41.93343     28.86233    -13.83708
    41.92929     28.90097    -13.83903
    52.04560     52.17471     -8.06802
    21.45123     23.02519    -10.76279
    51.13824     40.64735    -12.32515
    51.18229     40.84564    -12.32965
    43.60345     33.98551     -8.12831
    43.61282     33.98568     -8.14008
    52.40064     52.03194     -7.30010
    41.41720     27.54993     -8.21185
    20.12543     23.41919     -9.44617
    50.37871     44.16410    -10.74027
    50.33634     44.22246    -10.65003
    20.10952     23.53814     -9.65605
    50.33679     43.94903    -10.70174
    48.88296     48.35110    -15.76298
    50.21050     49.60490    -15.33280
    48.86434     48.32890    -15.74342
    52.05751     51.93950     -7.30182
    29.84412     36.38309    -13.52326
    26.17656     20.85447    -12.75945
    55.95737     64.94370    -22.49890
    26.50010     20.75469    -12.38104
    26.55047     20.76196    -12.40677
    31.28928     42.57819    -13.47260
    31.30507     42.56104    -13.44579
    35.50143     19.55177    -13.92243
    51.31609     40.66322    -12.48819
    26.48821     20.82649    -11.83744
    52.80631     51.84495     -7.46691
    52.65311     51.95778     -7.51914
    36.42993     47.93982     -9.56454
    48.84602     42.06882    -10.35516
    35.82815     28.04242    -12.83087
    35.66055     28.63575    -10.34552
    40.87014     54.66957     -9.49307
    42.00243     29.29614     -7.73341
    48.87418     42.25354    -10.25311
    42.77743     30.94879     -7.94345
    51.35910     45.21475    -11.15437
    53.54055     49.80432    -11.77305
    29.49036     20.13412    -13.08622
    40.86959     27.64291     -8.00569
    47.46865     43.41523     -8.38316
    53.19694     52.00606     -7.83138
    53.48713     49.85964    -11.78009
    29.84635     36.38557    -13.44707
    29.89411     36.39080    -13.46174
    36.48956     29.31833     -9.60414
    23.16076     35.38324    -11.43220
    47.42678     43.44136     -8.12986
    48.89609     42.16417    -10.35274
    36.50752     25.19626     -8.79672
    42.21090     29.80671     -7.65289
    42.37887     30.14244     -7.79002
    51.20528     44.74931    -11.22633
    31.14022     43.36923     -9.59458
    51.14676     45.25100    -11.25055
    38.37429     27.87276    -15.37747
    20.40202     23.57777     -9.88131
    40.19455     37.65555     -9.25826
    25.95470     20.91575    -10.58268
    25.98706     20.95989    -10.64922
    26.27316     20.91240    -11.00439
    50.72091     43.16268    -11.28055
    51.52773     45.64785    -11.10005
    26.27335     20.71821    -12.80217
    34.81684     46.08810     -9.29595
    34.89535     46.15814     -9.32212
    34.93755     46.09744     -9.25587
    49.24759     43.38716    -13.18666
    29.80211     36.42126    -13.66826
    53.40342     49.80338    -11.81989
    53.44515     49.81816    -11.82287
    44.97235     40.61352    -13.03418
    37.56651     31.96647    -11.19907
    50.38693     44.01459    -10.83922
    33.11728     26.67221    -10.75211
    33.50533     46.39329    -13.78045
    36.55930     29.33538     -9.74520
    27.37580     19.40650    -13.56040
    21.70829     22.58922    -10.96488
    18.80248     30.99646     -9.34411
    43.99680     36.43966     -8.27429
    51.39158     41.19541    -12.34661
    36.10107     49.05989     -8.31105
    59.62214     51.87306    -10.00969
    53.01781     41.82132    -14.48226
    37.73153     32.71810    -12.92420
    36.50589     24.94520     -9.03221
    21.63145     22.89283    -10.36807
    42.04912     29.22504     -7.77381
    42.71346     34.34550    -11.64346
    42.72006     34.43316    -11.65807
    26.51753     20.73166    -12.32560
    21.64065     23.24128    -11.62671
    37.63566     31.83850    -11.17696
    37.62113     31.77818    -11.08546
    35.98141     29.17203    -10.05844
    44.54424     36.59891     -8.44913
    41.40288     27.66141     -8.22959
    41.95063     26.94012     -8.77639
    35.28679     30.90625    -13.03910
    34.98977     32.87174     -7.43860
    43.65349     34.03866     -8.07301
    29.98069     36.49805    -13.47999
    30.01477     36.40697    -13.39569
    24.11244     33.08551    -13.92596
    23.99402     32.47024    -14.00428
    40.31888     33.50520    -11.34590
    35.77661     28.27762    -12.97727
    35.79576     28.27051    -12.95728
    19.85060     28.17308     -8.31080
    48.42049     49.92370    -11.60567
    48.39005     49.89099    -11.73194
    48.40723     49.87099    -11.64790
    40.83138     33.77226    -11.07985
    41.99626     26.88462     -8.76679
    39.06360     53.39434    -11.02761
    40.36930     28.90750    -11.08900
    36.55458     25.10192     -9.03484
    52.64048     44.18760    -12.15288
    52.82908     44.01144    -12.28698
    55.58560     48.26350    -15.06370
    40.22536     27.98803     -7.11713
    40.15067     27.97123     -6.79075
    40.04759     54.58276    -10.04594
    42.59969     41.89040     -9.28889
    42.81367     41.71211     -9.44467
    43.00078     41.61815     -9.54138
    34.01157     47.76316    -11.77492
    35.76748     27.97431    -12.58317
    47.51356     37.48397    -10.12721
    36.04399     29.04840     -9.96091
    42.73312     34.25269    -11.60666
    35.75532     28.23650    -13.19705
    26.52139     38.53812    -12.60528
    17.86890     33.31230     -3.54400
    31.35748     43.86531     -9.51278
    42.33368     28.60712    -13.26652
    39.52515     53.68444    -11.41336
    41.90275     37.29613    -11.26263
    42.01231     39.77135     -9.93753
    53.44449     49.90512    -11.91457
    24.23011     33.41240    -13.94745
    42.72436     37.96953     -7.84998
    42.67247     37.88828     -7.87520
    34.34079     45.14138    -13.22011
    43.28826     41.56793     -9.72705
    36.12939     19.69724    -13.52973
    54.04540     50.53200     -8.91750
    26.71257     38.08819    -10.26438
    35.51939     30.63573    -12.93795
    19.87021     22.96752     -8.66006
    39.75548     33.90356    -12.25914
    59.68608     54.35348    -21.17331
    59.75827     54.29897    -21.51935
    59.65401     54.53118    -20.76780
    45.25123     46.31248    -26.59946
    50.58126     44.96283    -10.79031
    53.14534     43.77745    -13.61387
    28.50702     25.10125    -13.85146
    28.51914     25.10676    -13.77189
    36.31178     47.52080     -9.76984
    36.46091     47.79185     -9.71172
    38.64172     29.50486     -9.66920
    38.48747     29.60311     -9.79497
    36.76268     34.16948    -12.07471
    53.29356     49.72201    -11.86184
    30.57756     42.28921     -9.85056
    59.66896     51.84066    -10.14470
    52.30557     52.31766     -7.20762
    29.16526     33.83074    -11.70464
    29.17166     33.73261    -11.64614
    29.07651     34.01208    -11.77349
    35.85409     49.57428     -7.80367
    52.15470     38.42500    -10.76880
    39.40110     40.90210     -9.53460
    34.15420     47.95373    -11.58969
    35.95362     27.70910    -12.65597
    28.68464     34.97334    -11.56259
    28.88045     34.40587    -11.80825
    39.09440     32.16772     -8.34861
    23.26581     23.61543    -12.97306
    22.98723     23.18528    -12.51587
    23.20439     23.22133    -12.56789
    34.43110     43.09450    -20.58980
    34.05380     42.96560    -17.63400
    31.37762     34.23998    -16.27643
    31.43740     34.38345    -16.19034
    48.59331     49.74863    -11.26958
    49.59680     37.17130     -8.03180
    42.18651     29.65735     -7.70397
    59.83488     52.11589    -10.57149
    48.55541     42.49296    -15.33214
    33.57002     26.22400     -8.50246
    33.55496     26.15145     -8.48523
    27.82642     38.93063    -12.63751
    48.13980     62.62900    -16.83150
    37.77550     45.24520    -21.96600
    45.56616     42.82826     -7.68496
    50.54931     43.66900    -11.05305
    19.70630     27.26990    -14.20460
    25.71730     24.01840    -14.62910
    31.09580     43.26960     -9.66623
    30.90550     42.67882     -9.79437
    42.41485     38.03171     -6.43482
    42.39976     38.07051     -6.61006
    42.37193     37.99822     -6.36042
    39.56361     53.65757    -11.66062
    39.63750     53.88269    -11.43922
    39.49743     53.75120    -11.67726
    37.53750     35.57940    -10.89980
    47.47210     43.59443     -8.30084
    42.31515     26.71691     -9.11056
    38.09099     41.18674    -18.46675
    59.43988     51.77131     -9.57595
    35.72926     49.62755     -7.50099
    19.89806     22.93523     -8.29734
    42.52010     34.13620    -11.77968
    35.72952     29.01617    -13.19027
    42.04839     54.16302    -10.62438
    42.10750     54.09855    -10.67152
    42.09184     54.14148    -10.75105
    52.62240     59.43380    -24.33510
    52.06020     59.89710    -22.93630
    42.82934     31.83411     -7.90046
    38.82044     31.53460    -14.56343
    39.02669     31.56303    -14.49723
    38.88438     31.33283    -14.57030
    40.26897     27.91444     -7.20371
    32.99465     44.85396    -12.97609
    21.34791     23.44022    -11.27187
    47.70320     45.95270    -14.10210
    22.03638     25.57945    -11.78749
    38.33250     26.83410     -7.76300
    34.71542     31.18816    -13.40761
    37.91577     49.33766    -12.05638
    33.40391     45.41543    -13.38850
    32.38632     22.07483    -10.76213
    42.69408     32.66171    -14.09032
    39.98803     27.69736     -6.63443
    53.44351     54.95389     -8.18752
    53.50495     54.99281     -8.16916
    53.46899     54.99588     -8.08310
    26.37353     38.39727    -12.59059
    41.50397     39.23264     -9.83460
    24.16006     34.04423    -14.12874
    42.15539     29.43657     -7.92294
    42.43408     37.64922     -7.77197
    40.47418     33.25611    -11.13332
    49.98944     57.35577    -24.77909
    50.26047     57.22587    -25.00338
    50.21254     57.21614    -24.98433
    54.19098     55.71170     -8.62832
    31.80602     21.43910    -11.89739
    41.41570     53.02850     -7.48610
    27.24886     38.52240    -11.01730
    56.67740     60.55160     -9.56270
    54.86480     59.73460     -8.00220
    43.70713     36.54110     -8.22167
    36.49638     25.22478     -8.93617
    51.05775     44.92806    -10.99233
    35.33670     30.95034    -13.09867
    20.02392     28.18984     -8.40492
    45.45890     39.36025     -6.95414
    42.51843     28.24909    -11.32302
    41.71896     37.50411    -11.10766
    41.31760     52.31690    -14.82860
    41.94031     39.68076     -9.88332
    51.88125     46.34066    -11.38383
    52.11830     46.85694    -11.30465
    47.23075     34.81003    -10.56770
    42.75510     39.53948     -6.52386
    42.61626     38.88583     -6.50032
    35.79596     29.10027    -10.19826
    46.90192     38.64613    -14.82020
    56.54036     65.33975    -22.97741
    45.07139     40.67831    -12.95519
    45.04855     40.67655    -13.01787
    57.39175     47.85941    -16.88715
    36.84876     33.93920    -12.04846
    40.65033     32.10848    -11.93463
    18.62359     31.28060     -8.50001
    18.66456     31.35934     -8.23687
    18.73363     31.28229     -8.07711
    30.19360     15.51390    -22.92640
    30.12750     13.82510    -22.58130
    35.70305     28.50650    -10.47295
    47.65435     34.36628     -7.71375
    34.86110     25.91790    -13.95890
    33.73049     26.37038    -20.36257
    33.72376     26.37384    -20.44696
    33.65474     26.39554    -20.38175
    33.76935     26.39010    -20.37808
    51.82549     52.09705     -8.98774
    41.82339     39.74880    -10.02402
    52.92955     43.42654    -13.47142
    28.24619     39.17246    -11.67515
    24.35393     33.39300    -13.96913
    24.59282     33.55328    -13.97977
    24.38155     33.63852    -14.00620
    45.58437     42.84343     -7.63456
    32.68552     45.44538     -8.96545
    30.96784     36.11703    -12.62451
    41.77870     30.74190    -14.63390
    46.74103     38.92185    -14.60949
    56.27390     53.54740    -12.86100
    54.28950     52.86830    -11.93070
    33.78670     27.62544    -10.59767
    35.43218     32.38782     -7.75663
    20.50584     23.33890     -9.96127
    29.82715     19.83906    -12.97593
    41.60898     54.34079    -10.11896
    37.51750     29.42710    -10.96974
    45.03776     40.62570    -13.25661
    52.19299     51.67706     -9.65193
    31.42419     34.25047    -16.38161
    39.17209     31.77211    -14.49576
    50.04963     57.41864    -24.70195
    36.69930     22.92220     -7.11420
    17.83766     26.84717     -6.21277
    35.03507     30.49942    -10.51033
    58.45950     48.72525    -10.19373
    29.62733     19.99924    -13.00106
    34.17368     47.79882    -11.73220
    48.48097     42.67133     -9.59212
    25.77554     21.49558    -12.81885
    31.65200     37.81280    -17.97280
    40.43608     33.57949    -11.02646
    36.46389     25.08463     -8.90289
    51.94904     52.03060     -9.08870
    40.37510     32.29977    -11.69857
    26.21437     38.78724    -12.83030
    52.98564     52.05941     -7.69379
    37.85639     32.67517    -13.16898
    37.82008     32.66766    -13.04692
    43.18181     41.38787     -9.61190
    43.19911     41.48357     -9.59880
    17.85264     27.14973     -6.22127
    38.01821     29.57332     -9.00637
    58.90550     50.36640    -17.29480
    42.71852     38.62148    -12.69996
    42.84463     38.46482    -12.50571
    47.30249     44.42886     -8.84070
    33.76109     32.69165     -7.51771
    38.87687     36.03284     -8.27491
    42.65720     33.04654    -13.53246
    36.94194     27.43059    -21.88577
    36.78887     27.32613    -21.82878
    36.91281     27.44817    -21.91199
    40.72582     54.80452     -9.47302
    57.78140     45.95380    -19.94950
    37.69484     49.47890    -13.51300
    37.72023     49.45684    -13.64993
    37.70823     49.40037    -12.99791
    30.91531     42.09807    -13.73890
    35.31911     36.79758    -14.27868
    54.61300     43.71910    -15.58420
    41.57174     29.04009    -14.25790
    41.95473     39.77424    -10.00105
    38.18386     49.36973    -11.30880
    31.94338     21.70633    -11.47066
    31.93798     21.73724    -11.45180
    36.46475     25.10041     -8.79796
    34.85504     23.56603    -10.29938
    31.97126     42.71246    -12.98796
    36.07827     28.96705     -9.99630
    55.90230     62.32160    -24.12560
    51.80816     52.18758     -9.03249
    25.37660     34.78060     -9.73300
    40.24302     36.25785    -12.62364
    40.55055     36.02124    -12.51816
    32.41610     42.77310    -12.37169
    47.47770     44.19900    -13.70570
    57.84320     56.62030     -7.86500
    22.95341     23.19215    -12.56297
    38.68130     32.36455    -13.83636
    48.27861     39.60894    -14.73100
    60.88582     54.62720    -24.13616
    57.03611     65.48875    -23.83520
    57.07875     65.49078    -23.73737
    25.62874     38.86210    -12.95931
    35.80915     19.96683    -17.66160
    35.84178     19.94386    -17.88399
    45.68086     42.92062     -7.69471
    31.26856     43.58910     -9.49170
    26.25740     20.79639    -12.63530
    42.19428     34.61631    -11.57291
    41.12137     31.78200    -12.46885
    35.51442     46.53636     -9.43767
    47.54622     39.20807    -14.79933
    51.60072     51.40107     -7.34866
    40.49747     54.73028     -9.87009
    33.55766     26.27905     -8.56062
    51.24683     40.75342    -12.24390
    40.53801     32.03474    -11.91968
    38.03688     41.16192    -18.54700
    37.89680     40.92992    -18.77739
    38.17276     41.24447    -18.42919
    46.50560     40.92520    -10.37440
    40.02533     54.74863    -10.42468
    58.35732     48.74011     -9.75348
    26.77284     38.18757    -10.30486
    33.04490     37.15200    -15.08230
    40.95284     27.55401     -8.29374
    35.66839     30.83365    -12.78684
    33.49004     44.95997    -13.14297
    56.12880     66.11570    -20.89740
    44.25842     36.38352    -12.56506
    44.18021     36.40510    -12.57088
    44.19988     36.47463    -12.72356
    47.74197     34.67766     -7.55514
    47.69918     34.67429     -7.61503
    47.66953     34.49610     -7.62421
    18.17360     26.44880    -13.23670
    17.56503     27.14910     -5.92494
    25.84970     37.40030     -8.33290
    43.88796     36.45775     -8.35086
    38.01430     32.08322    -19.97752
    38.11110     31.78604    -19.78762
    41.94504     39.67656    -10.00784
    25.51892     22.36247    -13.15720
    25.55787     22.14561    -13.04656
    42.43369     56.88635    -10.02201
    35.50443     46.56926     -9.64243
    43.57924     34.05899     -8.10962
    49.91560     45.16057    -10.46396
    40.56823     38.60164     -9.22887
    44.85100     42.72200     -5.11700
    17.86501     26.66148     -6.07937
    41.99400     25.30230    -10.42310
    40.70134     27.69451     -7.57862
    45.55621     39.52905     -6.87676
    45.57064     39.60437     -6.84546
    36.01887     47.15365     -9.67167
    47.92685     39.66082    -14.66339
    34.91804     32.74168     -7.37827
    40.91060     34.23550    -16.75230
    47.68210     43.51713     -8.48812
    44.69401     37.03498    -12.70057
    31.51667     34.33417    -15.86550
    51.43537     41.28417    -12.46564
    35.12701     23.69063    -10.36976
    38.82939     29.49555     -9.78386
    29.86853     19.80526    -12.83469
    45.45240     34.36470     -9.65390
    47.71473     39.55037    -14.69883
    58.66301     56.38148    -10.31332
    58.81508     56.34261    -10.30366
    58.73500     56.37731    -10.33884
    33.70274     26.05742     -8.48758
    55.91670     63.89846    -21.53718
    33.97929     44.16821     -9.99272
    23.05270     35.09026    -11.20435
    29.14890     20.52440    -12.70636
    25.53320     38.49030     -6.66580
    33.09438     46.00824     -8.99609
    33.04369     46.06558     -8.93886
    54.48075     46.61596    -13.62311
    17.44997     27.14657     -5.67738
    17.44012     27.11563     -5.80405
    48.63795     42.47556    -15.31940
    48.63029     42.39204    -15.35623
    34.40259     47.44920    -11.92872
    34.33553     47.41856    -11.98172
    29.19475     27.29662    -12.60439
    17.78988     26.41063     -5.69868
    49.17712     57.08911    -23.32601
    48.99885     56.71229    -23.45632
    33.34101     32.66512     -7.69117
    35.27372     46.36307     -9.25839
    20.39864     23.66422     -9.55074
    30.44380     29.95390     -7.83580
    22.17174     25.95213    -11.93305
    45.03790     49.15630    -27.34960
    43.20219     28.48512    -13.70384
    33.18297     47.28212    -11.91804
    49.19440     35.19880     -9.12160
    22.99731     35.04960    -11.31187
    43.79245     35.77478    -13.33307
    47.86670     43.23745     -8.41525
    42.52797     38.67243    -13.07043
    18.98613     31.11139     -7.09936
    43.14049     35.06401    -13.74396
    40.31777     33.75269    -10.75723
    30.08269     41.85389    -10.05094
    49.25101     43.24384    -13.22644
    44.85030     47.70500     -5.77110
    46.61479     46.33972     -6.55100
    46.61531     46.31318     -6.55660
    22.42704     26.07414    -12.22814
    45.62694     37.18694     -9.35640
    32.55475     26.53135    -10.62935
    41.61960     29.01483    -14.45755
    39.67990     45.18180    -19.60970
    16.49600     29.29630    -16.03870
    35.78252     31.11543    -12.62474
    39.88361     53.51135    -11.74497
    47.10018     44.90769     -9.15542
    32.99360     28.94420    -10.75110
    25.89790     32.00640    -13.19250
    46.13670     37.40622     -9.73175
    49.41710     57.60880    -20.40500
    18.99748     30.70538     -9.54926
    42.62507     57.03889     -9.91648
    42.92794     57.30058     -9.62164
    22.16699     25.94042    -11.78751
    34.89611     46.24461     -9.57166
    30.77680     27.94290    -10.40010
    28.61980     25.17028    -13.61586
    33.30580     17.84170    -15.31120
    48.53230     48.02960    -14.10150
    31.42610     37.57310    -15.99920
    54.41495     46.59241    -13.66972
    35.22227     32.66523     -7.47725
    29.09835     27.24588    -12.62091
    43.65559     34.99140    -13.86865
    29.67332     43.88279    -13.60081
    29.85208     43.57147    -13.62871
    38.72150     27.79135    -15.42689
    33.94190     48.43720     -9.26220
    31.40057     46.00176    -14.98226
    31.71750     45.75252    -14.50791
    32.63236     22.30218    -10.13140
    42.76823     38.13811    -12.36869
    42.88980     26.81090    -14.48280
    39.41130     29.35850    -24.47000
    41.44500     25.02200     -7.22820
    18.25085     27.09641     -6.39428
    20.10430     22.30070    -18.06400
    20.62090     25.06050    -19.23630
    33.23522     26.32357     -8.18547
    32.82483     26.61672     -7.44494
    44.94773     40.59567    -13.18961
    22.41080     34.20410    -13.61540
    40.30490     24.11620     -6.60510
    28.08980     24.34570    -15.65960
    51.57438     58.17033    -19.05168
    51.59112     58.20487    -18.95212
    25.35550     39.39550    -15.87860
    43.55830     40.48090     -4.81850
    24.78455     36.21621    -12.44862
    35.43641     27.96490    -14.21095
    17.73278     27.00217     -5.94185
    29.89900     39.27480    -15.11640
