    36.04384     21.09641    -15.84872
    57.51743     47.82790    -16.89404
    56.97609     47.95997    -16.74392
    52.04935     47.04102    -11.11853
    36.02714     21.10626    -15.90472
    41.96914     29.60625     -7.43398
    41.86095     29.80263     -7.38753
    42.01199     29.70633     -7.26161
    52.57900     41.13560    -13.96518
    55.98819     65.52839    -22.59300
    53.90441     55.87260     -8.67687
    53.94760     55.56306     -8.62274
    36.02108     21.18810    -15.12323
    55.79662     57.26738    -10.14137
    55.81955     57.26787     -9.72597
    55.82837     57.29044     -9.66632
    55.84690     57.32882     -9.71491
    26.37087     20.65978    -12.63207
    42.41589     34.31493    -11.84205
    48.20831     42.58035    -10.18914
    48.50081     42.57335    -10.13371
    48.23969     42.61741    -10.12779
    40.36397     33.97596    -14.84054
    26.34025     20.62692    -12.71199
    26.42088     20.64754    -12.75968
    26.40547     20.66331    -12.56060
    35.47142     20.16436    -13.70623
    27.08281     38.56576    -12.34756
    26.87681     38.47485    -12.31332
    26.66638     38.47198    -12.18005
    36.07718     21.12894    -15.66058
    36.06336     21.06756    -15.74397
    36.04936     21.15310    -15.64568
    33.61446     25.92102    -10.90456
    33.67332     26.00272    -10.87842
    33.50256     26.14936    -10.92248
    51.49194     49.86515     -9.33794
    51.48378     49.72783    -10.10985
    51.48923     49.74576     -9.78258
    26.29843     20.64091    -12.99325
    42.91095     35.09901    -13.38283
    43.28568     28.51433    -10.71373
    36.11403     21.27567    -15.90222
    55.68415     64.69928    -22.37134
    55.70077     64.71775    -22.37975
    55.63970     64.43436    -22.26429
    55.65000     64.36691    -22.01654
    43.03387     31.64550     -8.13719
    39.91441     32.17609    -14.16592
    51.89409     52.20787     -8.99311
    30.48982     32.04664    -16.23228
    30.24825     32.18050    -16.11611
    30.25778     32.15819    -16.08050
    30.31090     32.15749    -16.08029
    35.45658     20.27681    -13.85970
    35.48108     20.18515    -13.78168
    34.62576     31.06170    -10.84567
    34.66408     30.96442    -10.39836
    34.45355     31.05454    -10.59371
    34.54457     31.00503    -10.54864
    51.97023     52.34530     -7.33536
    55.68612     56.05665    -14.24264
    55.69906     56.32387    -14.49932
    55.73025     56.16696    -14.39756
    42.84448     28.78040    -10.42170
    42.96107     28.67633    -10.20709
    42.83823     28.71156    -10.23299
    42.86338     28.80674    -10.31006
    26.50601     20.76197    -12.39189
    26.56690     20.69636    -12.46539
    26.59955     20.70006    -12.36944
    54.59481     50.18963    -13.35954
    34.34751     31.27623    -10.02050
    33.63724     25.89090    -10.90778
    33.45008     25.53154    -10.75653
    37.73357     31.19549    -11.02020
    35.91710     20.97253    -14.02324
    35.96014     21.05336    -14.77949
    35.93153     20.92926    -14.71447
    33.66847     38.05812    -17.85088
    50.73374     43.88415    -11.06648
    39.34838     32.26877     -9.47873
    39.82578     31.65510     -9.32747
    42.34810     28.50301    -12.24121
    26.34114     20.57756    -12.81737
    40.21895     32.78652    -11.47969
    40.48953     32.21791    -11.39852
    51.49217     49.65606    -10.33974
    40.43490     32.86622    -14.82015
    43.71934     35.18101    -13.96250
    40.31686     34.76369    -10.14358
    40.74316     34.40188    -10.21438
    26.40231     20.63747    -12.98663
    43.25991     28.36776     -9.79482
    43.20034     28.06714     -9.48277
    43.09506     28.36930     -9.47086
    60.80325     54.58453    -23.90378
    42.95580     28.80311    -10.07927
    35.42307     19.94263    -13.88354
    35.50023     19.87793    -13.72957
    38.98988     32.29886     -8.34239
    39.53120     32.32454     -8.53864
    55.70031     64.42323    -22.73353
    49.77305     36.73480    -12.35807
    49.72543     36.70941    -12.32678
    49.59144     36.59009    -12.01078
    59.58172     51.30771    -10.33014
    59.50137     50.92933    -10.45317
    42.72750     37.35821     -7.72361
    26.57248     38.67806    -12.73273
    29.31633     20.35839    -12.98408
    29.35532     20.59988    -12.96729
    29.35883     20.40253    -13.23510
    33.43325     20.17862    -12.75012
    33.29396     20.28837    -12.76026
    33.39360     20.27269    -12.74617
    33.80918     20.55717    -12.56217
    42.53163     34.73521    -11.39251
    27.26285     39.08094    -12.94601
    53.40585     55.02922     -8.42756
    35.37458     19.60587    -13.95339
    31.03771     42.57377    -13.44255
    42.57056     34.70018    -11.30081
    35.46255     36.91374    -14.50404
    35.53468     36.87942    -14.60491
    51.28236     44.76395    -11.32146
    42.80142     34.23503    -11.30038
    42.22549     33.41487    -12.72628
    42.27508     33.58412    -12.69760
    42.19717     33.40228    -12.95153
    52.58433     41.36040    -14.00019
    52.65759     41.13556    -14.13104
    52.85248     41.71104    -14.32922
    35.34288     20.35084    -13.25613
    31.26266     44.34875     -9.57347
    26.15575     20.59161    -12.93006
    43.97724     35.18081    -13.92151
    43.98422     35.22331    -13.92096
    18.51152     31.29599     -8.72349
    43.58613     41.35775     -9.96902
    40.50340     33.56588    -10.49466
    34.00805     44.88804    -12.79867
    33.04205     44.40153    -11.84963
    33.29566     44.68543    -12.53221
    45.32245     46.37727    -26.62829
    45.31312     46.44800    -26.73007
    47.62420     47.50910    -26.54980
    40.63742     33.11625    -14.76749
    40.44534     32.97960    -14.83410
    40.50983     32.94500    -15.02185
    32.51953     24.75860    -10.80155
    49.87185     36.95612    -12.35535
    20.11061     23.57653     -8.97159
    51.21408     39.12549    -13.07922
    48.57119     34.58051    -11.58847
    42.03165     37.27943    -11.13260
    47.99886     50.10255    -12.52021
    48.16142     50.11997    -12.31889
    47.95483     50.40731    -12.84786
    23.64891     35.67963    -11.80197
    23.80292     35.72946    -11.87396
    23.07113     37.12652     -8.96137
    22.97520     37.08622     -8.98144
    23.02459     37.24751     -8.87054
    59.83398     52.33496    -10.42992
    35.73219     19.96802    -13.56863
    40.14599     32.65187    -14.59981
    21.23973     23.40185    -10.56723
    24.62827     35.86982    -12.15070
    35.19814     20.16488    -13.94035
    48.34055     40.09741    -10.66553
    48.06774     39.28698    -10.62242
    48.19879     39.79744    -10.76463
    40.59099     34.04385    -10.32766
    40.95897     34.38310    -10.38514
    50.60285     43.67675    -10.94897
    47.64931     37.78081     -9.46005
    47.64623     37.78624     -9.42038
    47.41587     37.71598    -10.14850
    42.39333     28.85649    -11.12267
    42.29131     28.74425    -11.42402
    42.53935     28.81704    -11.23375
    40.20737     33.37962    -14.98253
    48.79927     35.46429    -11.68174
    48.56633     35.40996    -11.68670
    48.54752     35.25063    -11.64334
    48.47090     40.24445    -10.62615
    43.09577     34.49719    -10.29324
    37.32414     28.96927    -21.87538
    36.57550     24.52694     -8.62760
    21.49678     23.90514    -11.17981
    27.11798     20.89960    -13.55369
    20.21047     23.60870     -9.88616
    40.70588     31.39585     -7.63840
    40.73062     31.37895     -7.69270
    45.35463     42.99752     -7.75798
    42.81062     37.82941     -8.01471
    31.04325     43.93063    -10.13423
    31.02843     43.82109    -10.00553
    53.97054     46.20307    -13.52767
    53.71960     45.69063    -13.53720
    53.76838     45.72330    -13.44595
    53.63503     45.43465    -13.46082
    31.74755     35.90733    -15.34910
    31.87031     35.91441    -15.15661
    51.24831     40.96070    -12.36747
    34.65020     45.04183    -12.91067
    34.47894     45.15998    -13.15769
    34.87797     36.09728    -17.49755
    37.43425     29.92763    -10.69044
    51.20184     41.22416    -12.14115
    26.50055     38.78227    -13.07027
    26.76004     38.78954    -12.95297
    35.82681     20.94715    -16.14525
    35.93396     20.62084    -16.28875
    42.60996     37.88325     -7.64149
    42.69870     37.94091     -7.73324
    42.91500     31.80250    -17.05960
    35.15891     36.84270    -14.49150
    50.85190     40.78564    -12.00895
    51.27175     41.48822    -11.98316
    45.31454     43.11197     -7.51224
    45.46129     43.01165     -7.62034
    47.86449     35.29075    -11.21636
    31.28669     44.02837     -9.66958
    21.55531     22.63096    -11.54581
    21.41902     23.10147    -11.85065
    37.39831     32.76154    -11.86665
    43.71604     41.34363    -10.18602
    35.69811     37.17578    -14.63184
    35.57010     37.12212    -14.58299
    35.63580     37.28106    -14.78380
    42.74010     38.03013     -7.19408
    41.85622     36.60326    -11.81068
    36.48723     24.53198     -8.82827
    36.58615     24.43709     -8.88673
    26.63936     38.29605    -12.32489
    46.97623     34.34690    -10.06746
    33.92385     31.56896    -10.68144
    18.82448     30.91303     -9.32964
    18.42994     31.39206     -9.20835
    35.10361     46.10133     -9.64505
    41.84432     29.20457     -7.42303
    42.01602     29.44115     -7.59262
    49.71780     46.02786    -11.14303
    23.47663     25.32641    -13.36717
    51.92506     52.25291     -6.35528
    52.09555     52.42863     -6.60085
    26.13499     38.54708    -12.82394
    42.00644     28.58582     -7.65220
    51.93750     52.52835     -7.74319
    51.71526     52.49777     -7.99359
    33.58464     38.17726    -18.12937
    31.63530     43.44473     -9.27820
    33.35610     26.45468    -11.24069
    27.60050     32.67590    -17.18070
    41.12550     27.11723     -8.00001
    40.86634     27.22024     -8.17754
    52.97490     51.70509     -7.36713
    49.62137     57.74573    -23.43656
    34.69810     33.59550    -16.31990
    51.26853     39.12653    -13.04291
    21.48828     22.84892    -11.28918
    29.86645     36.49780    -13.22032
    41.26334     29.36917    -16.99438
    43.72939     35.55712    -13.69697
    31.34874     43.73128     -9.62914
    31.61470     43.78817     -9.73181
    33.64311     38.21722    -18.33077
    33.77833     38.26803    -18.17934
    23.19334     36.88575     -9.31174
    23.14090     36.99333     -9.41659
    41.49320     28.65689     -8.26918
    49.57000     45.15070    -10.16285
    27.54215     38.82139    -11.74006
    28.07830     38.82563    -11.59134
    27.92838     38.83565    -11.27884
    27.57079     38.90413    -11.50145
    39.38577     32.30711     -9.22266
    38.30370     23.94830     -8.91820
    23.15737     35.97878     -9.31364
    55.72705     56.49580    -14.58106
    55.81280     56.39770    -15.11064
    23.14577     35.76923    -11.69069
    39.80235     54.26069    -10.25948
    46.50501     43.29013     -7.34541
    26.83251     38.90975    -13.30162
    43.50626     35.18274    -13.86121
    41.91877     36.85326    -11.58425
    49.08313     36.01597    -11.87647
    49.05629     35.77687    -11.90006
    49.61708     43.46573    -10.31803
    35.52995     30.37476    -13.14320
    35.26326     30.75779    -12.73654
    51.23330     38.88419    -13.20386
    31.18960     43.65982     -9.67598
    19.88093     24.37621    -10.40533
    55.15729     50.30844    -13.52449
    55.57629     51.17779    -13.21053
    54.83456     49.91666    -13.64839
    45.35159     42.74969     -7.92960
    44.98611     42.68113     -7.92813
    33.23061     38.12024    -16.97300
    49.03446     42.51312    -10.13572
    49.00723     42.32518    -10.44063
    48.82435     42.44126    -10.52484
    42.84287     32.89299    -13.28257
    23.43587     24.26288    -14.00663
    33.87560     44.12320    -10.06439
    49.99280     44.16189    -10.46861
    50.52247     40.45060    -12.04567
    50.47654     40.55670    -12.02265
    17.45970     26.18735     -8.55224
    28.90649     39.49614    -11.07252
    29.23027     39.74927    -10.97158
    29.07887     39.92568    -11.27165
    50.06599     43.61203    -10.27051
    53.04483     41.10845    -14.67045
    23.63766     24.49115    -13.72422
    23.61369     24.53698    -13.78672
    52.19772     40.94896    -13.25793
    35.05002     36.01582    -17.08384
    35.78022     36.60320    -16.74354
    35.01374     36.02910    -17.09683
    19.98154     22.77548     -9.48163
    21.47556     23.44899    -10.51037
    49.75295     37.22493    -12.47470
    33.41855     38.08947    -17.60642
    33.49419     38.01277    -17.81446
    41.51965     29.44723    -16.34965
    41.32088     29.31380    -16.84841
    56.33851     65.28398    -24.29346
    43.82989     34.90002    -14.26747
    51.61681     45.40129    -11.48224
    51.66399     45.35484    -11.65551
    51.58542     52.60044     -8.80566
    33.68881     46.21070     -9.08452
    43.92690     43.35860    -25.81570
    51.99855     44.89423    -11.78288
    43.87240     46.62340    -23.87660
    45.77949     43.18168     -7.40917
    50.17534     37.41616    -12.58964
    50.13339     37.38540    -12.48510
    38.38664     31.54655     -7.67527
    38.04535     32.70819     -8.27271
    19.68148     28.15648     -8.15847
    21.00042     23.42834    -10.25290
    21.02955     23.18953    -10.12617
    21.05443     23.22959    -10.60510
    39.07982     36.54524     -8.55165
    38.64635     36.14362     -8.04804
    50.43392     43.54285    -10.76206
    21.57552     24.06127    -11.58087
    21.62369     24.40258    -11.69227
    52.81691     43.39575    -12.99324
    33.21227     37.66422    -17.53166
    37.23456     32.39983    -10.80283
    29.70220     36.44420    -13.75272
    44.94785     42.81449     -7.21848
    43.37789     28.26519    -10.00599
    51.01284     44.93430    -11.23765
    50.70772     44.52484    -11.00490
    37.78457     28.42337    -11.23448
    42.51639     38.21654     -6.70517
    49.79440     54.26780    -26.21010
    32.47967     22.59108     -9.54277
    32.95144     45.00230    -13.44510
    32.48166     45.22203    -13.93757
    32.64651     44.99217    -13.32701
    32.72459     45.15111    -13.34924
    51.03860     44.34375    -11.42574
    23.43956     37.10634    -10.21113
    36.64589     29.34562     -9.47111
    43.20406     31.61758     -8.33261
    37.79698     29.53879     -9.25006
    44.92470     31.47050    -10.29290
    48.84857     42.34455    -10.21959
    40.09823     54.88524    -10.24028
    42.14937     28.50014     -7.81217
    42.20624     28.50383     -8.27837
    42.48157     28.52101    -11.63867
    46.70938     32.84158     -6.82503
    46.60083     32.76768     -6.89700
    46.75260     32.78742     -6.89341
    25.08210     22.76080    -15.26680
    35.47196     20.21201    -12.97726
    35.41474     36.34449    -14.03227
    51.71217     52.74377     -8.19272
    31.48915     35.69260    -15.74184
    31.05652     43.69441     -9.35793
    41.14973     29.86976     -6.85799
    46.01769     43.39237     -7.50894
    27.15904     39.00631    -12.69390
    42.35819     33.64663    -12.18389
    35.92052     27.74636    -12.88822
    35.16143     20.39208    -14.32366
    50.32541     43.49748    -11.02738
    53.15729     43.62571    -13.71284
    38.27440     28.36460    -17.94510
    35.47394     19.87510    -13.34602
    31.11603     42.56070    -13.74317
    30.69479     42.53156    -13.69839
    18.12334     25.97148     -6.96143
    51.75538     51.84734     -5.82232
    35.47402     18.50601    -14.50143
    37.21515     30.62459    -18.35041
    36.95265     30.80461    -18.71609
    38.31794     31.28297    -19.34064
    39.64941     39.18060     -8.60475
    39.78971     39.10902     -8.61757
    51.41672     42.35002    -12.11305
    41.89955     29.50161    -13.53634
    51.96017     46.41229    -11.25458
    23.70370     37.25600     -7.08850
    45.99112     59.45536    -16.48939
    45.81308     59.18334    -16.49871
    46.31780     59.10500    -13.12020
    40.63420     38.07799     -9.31739
    28.56749     39.31812    -11.29234
    38.46884     27.73615    -15.47390
    17.43131     26.22542     -8.79140
    16.86154     26.34127     -9.68003
    49.65981     44.42045    -10.45046
    32.36535     25.32855    -10.35932
    26.53043     38.08389    -12.59315
    33.64192     47.44594    -11.95709
    52.13164     52.19408     -6.88815
    46.49176     39.37413    -14.11811
    36.11270     45.26220    -17.48320
    46.98580     39.72097    -14.42672
    46.75061     39.51442    -14.46888
    52.39982     52.43090     -6.82077
    29.24416     42.68069    -15.60634
    29.25874     42.81421    -15.41556
    58.45441     47.79928    -11.21255
    58.38531     47.44114    -11.00200
    58.55324     48.85868    -10.72167
    33.18484     47.46886    -11.87506
    38.62503     31.64641     -7.71603
    37.64594     21.29300    -17.08134
    37.77756     21.16440    -17.11836
    40.27580     28.61380     -8.27562
    40.36625     28.36608     -8.27841
    41.30880     35.66693    -11.92938
    20.12559     24.64173    -10.43368
    20.12683     24.68785    -11.29005
    43.76971     33.80182     -7.98204
    37.20019     27.84534    -22.00717
    51.89530     47.96320    -10.44494
    52.05791     47.90470    -10.62621
    52.10340     47.64054    -10.66064
    53.21891     51.87115     -7.23684
    21.58561     22.67084    -10.58001
    53.61802     49.49804    -11.71871
    49.40907     42.54406     -9.63801
    40.54859     26.70684     -8.23733
    42.58275     28.39293    -13.42092
    42.10313     36.91717    -12.03871
    37.01085     25.86518     -9.30488
    32.59944     24.68767    -10.89222
    32.54719     24.39768    -11.35110
    32.24712     24.13380    -10.77374
    41.20186     26.94363     -8.32218
    43.57765     34.27481    -11.62952
    43.43851     34.29836    -11.71625
    41.89735     28.77877    -13.84674
    41.91578     28.98130    -13.82560
    51.88539     52.12519     -8.27504
    21.65596     22.70714    -10.58678
    51.04714     40.37843    -12.36054
    51.04892     40.64870    -12.46019
    43.52258     33.86461     -8.23359
    43.58612     33.86839     -8.31275
    52.50127     51.77158     -7.17716
    41.79347     27.38970     -8.18935
    19.87198     23.36867     -9.17102
    50.26395     44.18786    -10.61364
    50.23113     44.32703    -10.25542
    19.63446     23.54174     -9.59935
    50.29226     43.76347    -10.39567
    48.93590     48.41416    -15.81859
    50.21050     49.60490    -15.33280
    48.81140     48.26584    -15.68781
    51.60903     51.41304     -7.28453
    29.67621     36.21262    -13.62956
    25.62512     21.06580    -13.03715
    56.16858     65.25567    -22.61161
    26.76483     20.84091    -11.94904
    27.06132     20.90618    -12.02862
    31.43974     42.72742    -13.43783
    31.48261     42.59860    -13.28997
    35.51945     18.73851    -14.19674
    51.62331     40.38362    -12.86445
    26.72427     20.99933    -11.17836
    53.13487     51.27337     -7.47860
    52.98913     51.57585     -7.74840
    36.53536     48.22345     -9.47366
    48.91157     41.45617    -10.57952
    35.86840     27.88431    -12.72884
    35.40505     28.24273    -10.52218
    41.05997     54.52589     -9.09324
    41.88180     29.18052     -7.81641
    49.09510     41.99610    -10.30457
    42.93197     30.98198     -8.00148
    51.56372     45.37642    -10.90841
    53.95580     49.75009    -11.56660
    29.32381     20.09615    -13.43867
    40.75517     27.67224     -7.91654
    47.23628     43.31584     -8.59479
    53.58192     52.32531     -8.43454
    53.64217     50.09222    -11.57183
    29.64893     36.23459    -13.20915
    29.93773     36.24862    -13.31445
    36.58571     29.53793     -9.14101
    22.90772     35.51589    -11.29418
    47.45234     43.51298     -7.79322
    49.11666     41.66178    -10.70097
    36.51992     25.58979     -8.35557
    42.44460     30.32261     -7.50588
    42.57762     30.50316     -7.94745
    51.50525     44.53905    -11.41005
    30.94821     42.90519     -9.44702
    50.77820     45.57579    -11.55896
    37.90034     28.03743    -15.27117
    20.29988     23.77601     -9.81215
    39.97386     37.31034     -9.32221
    25.60802     20.78363    -10.21908
    25.67316     21.06784    -10.52200
    26.32860     20.98366    -10.66561
    50.87304     42.60652    -11.48664
    51.71304     45.99283    -10.59076
    25.91000     20.59098    -13.29737
    34.58993     45.76880     -9.17517
    34.69337     46.02355     -9.21251
    34.95182     45.70592     -8.95858
    49.24037     43.69008    -13.10260
    29.50416     36.45745    -14.36407
    53.21563     49.78146    -11.79208
    53.44101     49.85039    -11.82645
    44.75545     40.47583    -12.82657
    37.51529     32.13134    -11.27440
    50.18340     43.89168    -11.01052
    32.80401     27.21359    -10.60681
    33.54830     46.80306    -13.93697
    36.76072     29.46635     -9.63449
    27.37580     19.40650    -13.56040
    22.17637     21.74190    -11.04159
    18.89424     30.99991     -9.75465
    44.04928     36.31565     -8.12482
    51.74120     41.67056    -12.33897
    36.18703     48.86151     -8.32300
    59.60208     52.13886     -9.70627
    53.36234     42.52285    -14.80625
    37.62064     32.86954    -12.85944
    36.46465     24.58351     -9.48700
    22.22700     22.61179     -9.69953
    42.14996     28.99916     -7.90126
    42.81684     34.50025    -11.67182
    42.83676     34.86663    -11.87569
    26.83310     20.66170    -11.75725
    21.67008     23.07402    -12.24861
    37.85302     31.66852    -11.27685
    37.70183     31.53767    -10.87424
    35.84693     29.30567    -10.22237
    45.05070     36.60373     -8.30380
    41.68172     27.65133     -8.34629
    42.21022     26.74648     -9.10160
    34.99867     31.06456    -13.11124
    34.93272     33.34215     -7.50748
    43.84216     34.19890     -7.88924
    30.40587     36.88852    -13.45281
    30.29258     36.43160    -13.22775
    23.66159     32.86209    -13.81893
    24.00009     31.84213    -14.12957
    40.13021     33.66592    -11.83547
    35.68986     28.48635    -13.08051
    35.81551     28.48650    -12.99141
    19.62810     28.15169     -8.22116
    48.49406     50.09113    -11.26463
    48.48595     49.71660    -11.63724
    48.44361     49.71893    -11.44954
    41.20978     33.67404    -11.32837
    42.26214     26.49234     -8.88742
    38.62052     53.06202    -10.53709
    40.36930     28.90750    -11.08900
    36.73553     25.20350     -9.51590
    52.78593     44.26110    -12.07108
    53.03398     43.98767    -12.11291
    55.58560     48.26350    -15.06370
    39.99669     28.18207     -6.86807
    40.12992     28.31849     -6.49892
    39.64691     54.22256     -9.87843
    42.19746     42.29268     -8.96596
    42.30287     41.91348     -9.29428
    42.72613     41.74813     -9.43074
    33.92588     48.10482    -11.75884
    35.49838     27.93925    -12.03128
    47.49276     37.09018    -10.71595
    35.90578     29.04278     -9.84381
    42.85042     34.02291    -11.42546
    35.73233     28.27672    -13.57171
    26.18326     38.28583    -12.46446
    17.86890     33.31230     -3.54400
    31.62671     44.36158     -9.22823
    42.49048     28.27761    -13.07569
    39.43137     53.57485    -11.27770
    42.05038     37.62018    -10.91103
    42.29152     39.91772     -9.83833
    53.44564     50.32714    -12.35365
    24.00892     33.33775    -13.79545
    42.95223     38.38743     -8.22002
    42.73520     38.00677     -8.37126
    34.86265     45.33004    -13.54286
    43.60280     41.87310     -9.98826
    36.92112     19.36792    -13.30471
    54.04540     50.53200     -8.91750
    26.46981     37.76614    -10.02429
    35.53393     30.39592    -12.84487
    19.62598     22.54458     -8.25992
    39.49177     34.08928    -12.61460
    59.61235     54.20362    -21.15699
    59.87741     54.25413    -22.01644
    59.62919     54.78005    -20.27134
    45.16396     46.18157    -26.49549
    50.44263     45.40599    -10.53810
    53.42339     44.13965    -13.95218
    28.39051     25.03427    -14.21875
    28.40321     25.02903    -13.82186
    36.54766     47.66649    -10.05829
    36.64997     47.99425     -9.65987
    38.83766     29.38204     -9.71714
    38.60861     29.77351     -9.99112
    36.73630     34.33829    -12.08033
    52.68886     49.35571    -12.01569
    30.39448     41.99545     -9.78260
    59.74693     51.89421    -10.06656
    52.45954     52.90069     -7.02547
    29.35332     33.65867    -11.59592
    29.21436     33.36774    -11.39153
    29.12746     34.00180    -11.98281
    35.85553     49.87975     -7.93885
    52.15470     38.42500    -10.76880
    39.40110     40.90210     -9.53460
    34.31405     48.41454    -11.10714
    36.31931     27.04073    -12.42718
    28.58729     35.38395    -11.20137
    28.62359     34.71961    -12.14413
    39.34583     32.28345     -7.99133
    23.25673     23.58423    -12.94845
    23.00246     23.02583    -12.35681
    23.55282     23.16729    -12.38165
    34.43110     43.09450    -20.58980
    34.05380     42.96560    -17.63400
    31.13704     34.15207    -16.41525
    31.42692     34.37294    -16.27562
    48.91897     49.48785    -10.66242
    49.59680     37.17130     -8.03180
    42.47909     29.98262     -7.70885
    60.05989     52.49202    -11.17407
    48.29119     42.67452    -15.32023
    33.66155     26.36590     -8.57449
    33.54205     25.96330     -8.51143
    28.51197     38.92199    -13.23921
    48.13980     62.62900    -16.83150
    37.77550     45.24520    -21.96600
    45.57734     42.41961     -7.86454
    50.74884     43.18693    -11.54704
    19.70630     27.26990    -14.20460
    25.71730     24.01840    -14.62910
    30.83414     42.71363     -9.80700
    31.02579     42.16841    -10.07119
    42.41690     37.90596     -6.02817
    42.06224     38.10069     -6.31789
    42.23001     37.69400     -5.95217
    39.47332     53.57356    -11.86711
    39.70320     54.08807    -11.51883
    39.29600     53.96611    -12.01142
    37.53750     35.57940    -10.89980
    47.45708     43.77867     -8.24943
    42.55223     26.71669     -9.40294
    38.13600     41.26345    -18.23506
    59.11567     51.66809     -8.81955
    35.55031     49.64938     -7.04104
    19.95764     22.84131     -7.74033
    42.28853     33.88201    -11.79202
    35.79614     29.34751    -13.49095
    42.05691     54.26103    -10.62329
    42.34150     53.87513    -10.77124
    42.18497     54.16792    -11.18486
    52.62240     59.43380    -24.33510
    52.06020     59.89710    -22.93630
    42.55938     32.37648     -7.56147
    38.41762     31.62846    -14.76212
    39.06670     31.36097    -14.47920
    38.75229     30.86891    -14.53341
    40.03765     27.88217     -7.04187
    32.59212     44.57917    -12.65651
    21.12475     23.65403    -11.68729
    47.70320     45.95270    -14.10210
    21.99737     25.47016    -11.72673
    38.33250     26.83410     -7.76300
    34.05575     31.40134    -13.73611
    37.92703     49.28742    -12.06146
    33.50745     46.03617    -13.61917
    32.69004     22.11677    -10.91659
    42.57706     32.27887    -14.62420
    39.65926     27.12590     -6.13550
    53.17152     54.63321     -8.19393
    53.47351     54.70463     -7.98180
    53.34496     54.92100     -7.58539
    25.74526     37.78279    -12.44355
    41.23316     38.92224     -9.87709
    23.78341     34.70255    -14.36023
    42.48824     29.61565     -8.68887
    41.73507     37.08247     -7.84050
    40.60391     33.02632    -11.08504
    49.59814     57.39371    -24.88408
    50.62967     57.05831    -25.24272
    50.37856     56.95189    -25.15376
    54.75041     55.97565     -8.74645
    31.75110     21.06857    -12.45789
    41.41570     53.02850     -7.48610
    27.05884     38.38336    -10.76658
    56.67740     60.55160     -9.56270
    54.86480     59.73460     -8.00220
    43.51745     36.42497     -8.14121
    36.38323     25.74791     -9.02834
    51.21479     45.14663    -10.57670
    35.32706     31.29700    -13.47205
    20.46813     28.23287     -8.66396
    45.21564     38.89934     -7.16293
    42.41924     27.37492    -11.39696
    41.29314     37.93697    -10.83666
    41.31760     52.31690    -14.82860
    42.06901     39.61139     -9.47883
    51.93430     46.58078    -11.76312
    52.50841     46.84083    -11.73420
    47.05654     34.90275    -10.56970
    42.78103     39.80502     -6.63252
    42.77977     39.34749     -6.36099
    35.42075     29.27328    -10.38158
    46.84831     38.06117    -15.08679
    56.85564     65.60935    -22.74883
    45.30229     40.82004    -12.51833
    45.18536     40.84519    -12.80345
    57.56092     47.81923    -16.96986
    36.75442     34.03508    -12.08159
    40.92755     31.98318    -12.15884
    18.47165     31.28378     -8.24335
    18.67282     31.64276     -7.88722
    18.90258     31.24032     -7.76701
    30.19360     15.51390    -22.92640
    30.12750     13.82510    -22.58130
    35.64694     27.92601    -10.80077
    47.56462     33.80985     -8.00596
    34.86110     25.91790    -13.95890
    33.78239     26.30079    -20.20410
    33.74276     26.32739    -20.73897
    33.32253     26.46682    -20.32628
    34.02195     26.43758    -20.30433
    51.63036     51.81782     -9.27038
    41.44056     40.00441    -10.26347
    52.66185     42.97147    -13.50863
    28.36973     39.26799    -11.95495
    24.48266     33.28642    -13.97692
    25.26519     33.57943    -13.97837
    24.54760     33.91036    -14.07268
    45.65753     42.48376     -7.55644
    32.59627     44.92832     -8.93506
    31.31195     35.98142    -12.33294
    41.77870     30.74190    -14.63390
    46.39184     38.51383    -14.62277
    56.27390     53.54740    -12.86100
    54.28950     52.86830    -11.93070
    33.99245     27.79622    -10.57951
    35.71356     32.00066     -8.17022
    20.30154     22.99204     -9.95832
    30.32920     19.41290    -12.99020
    41.63316     54.23673     -9.88896
    37.42461     29.52955    -11.08388
    45.19975     40.61589    -13.84339
    52.58354     51.26901    -10.25587
    31.52545     34.21184    -16.74182
    39.26976     31.72473    -14.62941
    50.04541     57.72578    -24.58324
    36.69930     22.92220     -7.11420
    17.83049     26.66635     -6.52974
    35.56317     30.28670    -10.63130
    58.53646     48.92211    -10.14598
    29.72860     19.70534    -13.08583
    34.39073     48.11528    -11.57742
    48.30918     42.71602     -9.11438
    25.32797     21.90313    -12.53678
    31.65200     37.81280    -17.97280
    40.26923     33.58577    -11.30374
    36.22275     25.15400     -8.87481
    52.23422     51.75678     -9.34105
    40.05528     32.03477    -11.76622
    25.56588     39.24736    -13.07646
    53.47171     52.35214     -8.11140
    37.72786     32.66360    -13.40982
    37.76040     32.57499    -13.10594
    43.22257     40.94610     -9.44046
    43.29815     41.33181     -9.38174
    17.98953     27.59709     -6.59032
    37.96210     29.60934     -8.47192
    58.90550     50.36640    -17.29480
    42.67092     38.99835    -12.71672
    43.03852     38.50155    -12.34038
    47.26382     44.82584     -8.92680
    33.54972     32.59565     -7.40474
    38.87881     35.64104     -8.23637
    42.95298     33.03497    -13.95215
    37.07454     27.21409    -21.87327
    36.36434     27.10337    -21.58830
    36.87967     27.31924    -22.05222
    40.79582     55.08924     -8.97552
    57.78140     45.95380    -19.94950
    37.68138     49.59536    -13.60153
    37.79989     49.41994    -14.12929
    37.56260     49.34307    -12.75534
    30.63201     41.28343    -14.04160
    34.89635     36.52976    -13.71248
    54.61300     43.71910    -15.58420
    41.06394     29.13147    -14.54980
    42.10662     40.06184    -10.14851
    38.34605     49.40918    -10.86066
    31.81903     21.68767    -11.42536
    31.75011     21.84276    -11.38233
    36.26695     25.21783     -8.33096
    34.47630     23.39252    -10.20136
    32.53708     42.80855    -12.92706
    36.19341     28.67957     -9.98102
    55.90230     62.32160    -24.12560
    51.62912     52.31058     -9.54595
    25.37660     34.78060     -9.73300
    40.02720     36.57394    -12.58815
    40.47637     35.80966    -12.75742
    32.44871     42.76503    -11.95275
    47.47770     44.19900    -13.70570
    57.84320     56.62030     -7.86500
    22.84375     23.05192    -12.65468
    38.85894     32.67050    -13.76031
    48.90808     39.65817    -14.67088
    60.94575     54.65817    -24.30482
    57.24282     65.54616    -24.08665
    57.44854     65.51071    -23.71627
    24.92697     39.03781    -13.13887
    35.72290     19.89291    -17.47721
    35.91392     19.94096    -18.23221
    46.02716     42.88813     -7.91608
    31.36789     43.34407     -9.01476
    25.78552     20.96665    -12.62715
    41.51488     35.06212    -11.53452
    41.62254     31.62769    -12.92421
    35.89310     46.64010     -9.25518
    47.81478     38.79009    -15.17081
    51.17596     50.90452     -7.46568
    40.66866     54.92417     -9.82051
    33.59249     26.63623     -8.90075
    51.56863     40.34923    -11.97844
    40.41647     31.68486    -12.07109
    37.91037     41.25037    -18.59578
    37.62335     40.47286    -19.26399
    38.49144     41.41789    -18.24927
    46.50560     40.92520    -10.37440
    40.02135     55.25532    -10.79009
    58.20521     48.65638     -9.24232
    26.72556     38.28410    -10.10110
    33.04490     37.15200    -15.08230
    40.74059     27.52216     -8.85536
    36.16464     30.74800    -12.46273
    33.65931     44.70837    -13.24465
    56.12880     66.11570    -20.89740
    44.53008     36.18393    -12.25741
    44.10222     36.35617    -12.21643
    44.16966     36.63304    -12.82548
    47.94250     35.01091     -7.30124
    47.68063     35.05815     -7.66155
    47.57762     34.28872     -7.56964
    18.17360     26.44880    -13.23670
    17.25686     27.47269     -5.94262
    25.84970     37.40030     -8.33290
    43.63381     36.46074     -8.61440
    37.87512     32.52586    -20.24576
    38.10992     31.70877    -19.81525
    42.12214     39.54318    -10.21951
    25.53143     22.69733    -13.50401
    25.59910     22.39659    -13.08616
    42.10101     56.62654    -10.17164
    35.75640     46.60129    -10.06807
    43.37016     34.32386     -8.11642
    49.65679     45.66346    -10.20296
    40.82159     38.57483     -9.24630
    44.85100     42.72200     -5.11700
    18.02683     26.23044     -6.03387
    41.99400     25.30230    -10.42310
    40.85059     27.70521     -7.08565
    45.65949     39.59944     -6.83752
    45.68442     39.95483     -6.69462
    36.04729     47.18891     -9.85041
    48.17146     40.04344    -14.50944
    34.87409     32.69704     -7.12662
    40.91060     34.23550    -16.75230
    47.83989     43.65931     -8.64432
    45.13250     37.54591    -12.77211
    31.72243     34.19622    -15.22015
    51.72484     41.85271    -12.85567
    35.50576     23.86414    -10.46778
    39.25721     29.39164     -9.81122
    30.24792     19.49555    -12.35621
    45.45240     34.36470     -9.65390
    47.86065     39.64043    -14.86416
    58.32576     56.43899    -10.27404
    59.16213     56.22672    -10.22412
    58.72920     56.43151    -10.45070
    34.10563     25.60576     -8.39508
    56.06809     63.50048    -21.10199
    34.05600     44.20150     -9.93971
    23.01179     34.72818    -10.68614
    28.68078     20.92373    -12.04619
    25.53320     38.49030     -6.66580
    33.04532     46.11157     -9.08239
    32.79485     46.39137     -8.74279
    54.89823     46.94358    -13.55328
    17.24002     27.32566     -5.16679
    16.94877     27.18920     -5.60161
    48.80066     42.59120    -15.23148
    48.72751     42.09029    -15.45900
    34.96936     47.08697    -12.03545
    34.64527     46.95258    -12.33898
    29.42253     27.41649    -12.56537
    17.84737     25.80159     -5.17120
    49.09777     57.14104    -23.01331
    48.78934     56.24495    -23.64756
    33.11477     32.70975     -7.91457
    35.45436     46.56750     -8.69549
    20.81850     24.11019     -8.97866
    30.44380     29.95390     -7.83580
    22.02973     26.05681    -12.02463
    45.03790     49.15630    -27.34960
    43.73917     28.49226    -13.98332
    32.64190     46.87937    -11.98796
    49.19440     35.19880     -9.12160
    22.68628     34.49039    -11.31371
    43.60456     36.31796    -13.17656
    48.36799     42.88326     -8.22026
    42.26045     38.70288    -13.60966
    19.12909     30.95762     -6.53226
    42.27624     34.91435    -13.65330
    39.66303     33.67769    -10.53795
    29.62497     41.58379    -10.24811
    49.25823     42.94092    -13.31050
    44.85030     47.70500     -5.77110
    46.61330     46.41600     -6.53491
    46.61680     46.23690     -6.57269
    22.74428     26.38605    -12.67821
    45.55791     37.22286     -9.38007
    32.01780     26.70797    -10.52212
    41.54862     28.97941    -15.00928
    39.67990     45.18180    -19.60970
    16.49600     29.29630    -16.03870
    36.14326     31.71568    -12.24955
    40.51703     53.05958    -11.98474
    46.93842     45.07993     -9.37777
    32.99360     28.94420    -10.75110
    25.89790     32.00640    -13.19250
    46.05709     37.45700     -9.88820
    49.41710     57.60880    -20.40500
    19.36718     30.15646     -9.88326
    42.64820     57.03362    -10.05308
    43.26827     57.59913     -9.26214
    22.14872     26.08727    -11.35312
    34.66145     46.42971    -10.20462
    30.77680     27.94290    -10.40010
    28.87828     25.33161    -13.16385
    33.30580     17.84170    -15.31120
    48.53230     48.02960    -14.10150
    31.42610     37.57310    -15.99920
    54.59531     46.92573    -13.87868
    35.40419     32.58864     -7.37386
    28.87057     27.12601    -12.65993
    43.75028     34.31481    -13.97658
    29.59324     44.20661    -13.55184
    29.71003     43.50412    -13.66692
    39.26811     27.71169    -15.46954
    33.94190     48.43720     -9.26220
    31.22836     46.16858    -15.37231
    31.59650     45.77957    -14.36847
    32.76628     22.25690    -10.01483
    42.96664     37.84917    -12.17547
    42.88980     26.81090    -14.48280
    39.41130     29.35850    -24.47000
    41.44500     25.02200     -7.22820
    19.00691     27.33906     -6.62726
    20.10430     22.30070    -18.06400
    20.62090     25.06050    -19.23630
    32.75146     26.32889     -7.97330
    32.76707     26.80282     -7.03017
    44.65595     40.43230    -13.52041
    22.41080     34.20410    -13.61540
    40.30490     24.11620     -6.60510
    28.08980     24.34570    -15.65960
    51.53444     58.08788    -19.28925
    51.63106     58.28732    -18.71455
    25.35550     39.39550    -15.87860
    43.55830     40.48090     -4.81850
    25.00038     36.47685    -12.69303
    35.26744     27.78504    -14.62822
    17.82011     27.12270     -5.74162
    29.89900     39.27480    -15.11640
