    -0.02348     -0.00820      0.00968
     1.32546     -0.01107     -0.00404     -0.00879
     0.38422     -0.00673     -0.00829     -0.01865
     0.28268     -0.00784     -0.03560      0.01504
     1.99689     -0.01337     -0.00428     -0.01205
     0.24094     -0.01187     -0.00610     -0.01774
     0.04712     -0.01005      0.00007     -0.01848
     0.31504     -0.01179     -0.00569     -0.00561
     0.51456     -0.00384     -0.00947      0.01581
     1.55427     -0.01162     -0.00537     -0.01864
     0.09729     -0.01180     -0.00609     -0.01500
     0.08391     -0.01003     -0.00673     -0.01969
     0.16860     -0.02057     -0.00879     -0.03101
     0.76824     -0.00935      0.02246     -0.03392
     1.54143     -0.00675     -0.01366     -0.01036
     0.51709     -0.00355     -0.00681     -0.01402
     0.41824      0.00201     -0.01483      0.01746
     1.74981     -0.01299     -0.01914     -0.01225
     0.63081     -0.01388     -0.01155     -0.01329
     0.30343     -0.01357     -0.00258      0.01497
     1.47041     -0.00104      0.00460     -0.00297
     0.95566     -0.02048     -0.02252     -0.00811
     0.93058     -0.00120     -0.00082     -0.01283
     0.59149     -0.01199     -0.00601     -0.01580
     0.04711     -0.01156     -0.00555     -0.02095
     0.19646     -0.01221     -0.01032     -0.02045
     0.25356     -0.01199      0.00678     -0.01810
     0.60021     -0.02006     -0.01167     -0.00636
     0.65052     -0.01073      0.00669     -0.00810
     0.71808     -0.03872      0.00596     -0.02850
     1.44599     -0.01856     -0.01345     -0.02070
     0.47840     -0.04084     -0.00220      0.00600
     1.69247     -0.01212     -0.00837      0.01511
     1.46940      0.00178     -0.01006     -0.01209
     0.70069     -0.00719     -0.00933     -0.01823
     0.27944     -0.01749     -0.00018      0.00769
     1.18402     -0.01165     -0.00103     -0.01297
     0.29653     -0.01903      0.00056     -0.03449
     0.92637     -0.02430      0.00967     -0.01298
     0.93414     -0.01084     -0.00313     -0.01226
     0.25920     -0.01911     -0.00106     -0.00680
     0.60638     -0.01197     -0.00607     -0.02036
     0.16486     -0.01232     -0.00963     -0.00825
     0.42254     -0.03135     -0.03747     -0.01059
     1.70968     -0.01289     -0.00497     -0.00995
     0.32082     -0.01019     -0.00711     -0.01278
     0.20979     -0.01498     -0.00800     -0.00557
     0.53731     -0.03683      0.02230     -0.01622
     1.73225     -0.01438     -0.00501     -0.03169
     0.69523     -0.01233     -0.00380     -0.05956
     1.96602     -0.00004     -0.01870      0.01360
     1.61043     -0.01876     -0.01209     -0.02819
     0.66289     -0.02814     -0.01887     -0.02930
     1.09883     -0.00834     -0.00210     -0.04385
     1.27131      0.00026     -0.00877     -0.01215
     0.62247     -0.01197     -0.00594     -0.01626
     0.02860     -0.00130     -0.00909     -0.01032
     0.59719     -0.01041     -0.01176     -0.00948
     0.42961     -0.01504     -0.00800     -0.01938
     0.19538     -0.01334     -0.00716     -0.01986
     0.15728     -0.01939     -0.01529     -0.01079
     0.59953     -0.00660      0.00049     -0.02880
     0.68323     -0.01219     -0.00605     -0.00244
     0.65946     -0.01174     -0.00618     -0.00401
     0.58756      0.01488     -0.01215     -0.03601
     1.55105     -0.01863      0.00385     -0.06420
     2.24356     -0.01147     -0.00738     -0.01661
     0.06400     -0.03348     -0.02444     -0.00474
     1.40255     -0.00768     -0.01787     -0.01993
     0.59316     -0.02332     -0.00075     -0.02207
     0.61926     -0.01441     -0.00548     -0.01581
     0.11579     -0.01447      0.00666     -0.01857
     0.60639     -0.03841     -0.03223     -0.03591
     1.91237     -0.01450     -0.00434     -0.00396
     0.60514     -0.01477     -0.00864     -0.01143
     0.29506     -0.01328     -0.00176     -0.02518
     0.43994      0.00315      0.00492     -0.02085
     0.89145     -0.01237      0.00384     -0.01187
     0.51419     -0.00956     -0.00124     -0.03785
     1.00258     -0.01553     -0.00505     -0.01065
     0.32535     -0.01263     -0.00657     -0.02036
     0.16657     -0.02082      0.00766     -0.01225
     0.77889     -0.01583      0.02591     -0.05374
     2.25216     -0.01259     -0.00608     -0.01379
     0.13874      0.00105      0.00171     -0.02758
     0.86620     -0.01486     -0.00706     -0.01395
     0.18300     -0.01214     -0.00619     -0.01619
     0.02734     -0.01210      0.00763     -0.00315
     0.89286     -0.00999      0.00069     -0.01146
     0.41332      0.00073      0.00124     -0.01529
     0.68941      0.00306      0.00682     -0.01231
     0.94486     -0.02969      0.00167     -0.00998
     0.93595     -0.00622     -0.01887     -0.00719
     0.78046     -0.01806     -0.00216      0.00889
     1.22496      0.02381     -0.01839     -0.01288
     1.75672      0.01458     -0.04095      0.00064
     2.16996     -0.01278     -0.00654     -0.01829
     0.07582     -0.00760     -0.00265     -0.03160
     0.73214     -0.00089     -0.00697     -0.01681
     0.52096     -0.01440     -0.01942     -0.02532
     0.73042     -0.01207     -0.01585     -0.01030
     0.53420     -0.00588     -0.00865     -0.02465
     0.47744     -0.01168     -0.00658     -0.03516
     0.84537     -0.01991      0.01030     -0.03316
     1.12637     -0.01225     -0.00619     -0.01630
     0.02224     -0.01147     -0.00388     -0.03082
     0.65525     -0.00584     -0.01477      0.00950
     1.30406     -0.00885     -0.00323     -0.01581
     0.21091     -0.01001     -0.01323     -0.06661
     2.31238     -0.00814     -0.01379      0.00924
     1.25983      0.00302     -0.00945     -0.06011
     2.11341     -0.01271      0.00658     -0.02275
     0.64931     -0.02088     -0.00671     -0.01885
     0.41095     -0.00776     -0.03051      0.00126
     1.40650     -0.01676      0.00463     -0.02900
     0.77975     -0.00637      0.00614     -0.03035
     0.88518     -0.01519     -0.00584     -0.01515
     0.15751     -0.01668     -0.00773     -0.01380
     0.25718      0.00136     -0.00233      0.00407
     1.15724     -0.01201     -0.00599     -0.01686
     0.01391     -0.01191     -0.00691     -0.01578
     0.05793     -0.00734     -0.00398     -0.00705
     0.51051     -0.01648     -0.00341     -0.00974
     0.40015     -0.01293     -0.00381     -0.01218
     0.24095     -0.00578     -0.00309     -0.02242
     0.41820     -0.01453      0.00295     -0.01137
     0.50061     -0.06138      0.02404     -0.01515
     2.65133     -0.01130     -0.00671     -0.01432
     0.12253     -0.00811     -0.00140     -0.04111
     1.15552     -0.01205     -0.01261     -0.01008
     0.42621     -0.01048     -0.00480     -0.01620
     0.10565     -0.01029     -0.00018     -0.01691
     0.29092     -0.00087     -0.01504     -0.02443
     0.74825     -0.03284     -0.01452      0.00633
     1.47502     -0.04670     -0.00082      0.01975
     2.32348     -0.00874     -0.00426     -0.00993
     0.36371     -0.01824     -0.00735     -0.01920
     0.30364     -0.03240     -0.03838     -0.00112
     1.88910      0.01166     -0.00471     -0.04781
     1.80092     -0.01404     -0.00645     -0.00720
     0.44849     -0.00129     -0.00939     -0.01864
     0.52948      0.02798      0.00180     -0.02354
     1.90912      0.00246     -0.02053     -0.00871
     1.01294     -0.00978      0.00583      0.00862
     1.29712     -0.03201     -0.01324      0.01762
     1.85352     -0.01162     -0.00653     -0.02093
     0.19328     -0.01627     -0.00635     -0.01854
     0.20409     -0.00854     -0.00828     -0.01253
     0.27489     -0.01309     -0.00511     -0.01826
     0.09400     -0.01128      0.00097      0.01166
     1.34915     -0.02005     -0.03680     -0.01267
     1.46447     -0.01051      0.00206     -0.01316
     0.42202     -0.01329     -0.00389     -0.03252
     0.73326     -0.01740     -0.00866      0.00097
     0.85795     -0.01085     -0.00932     -0.01590
     0.16113     -0.03222     -0.00652      0.02377
     2.07908     -0.00800      0.00220     -0.01496
     0.44019     -0.01192     -0.00606     -0.01618
     0.03103     -0.02168      0.00253      0.00021
     0.98075     -0.00443     -0.01160     -0.05521
     1.81981     -0.01398      0.00798     -0.01060
     0.71615     -0.02866     -0.02181     -0.02354
     1.08815      0.00019     -0.04141     -0.00924
     1.75046     -0.01194     -0.00609     -0.01641
     0.02150     -0.00882     -0.00578     -0.00203
     0.69582      0.01004     -0.02135     -0.01750
     1.23728     -0.01493     -0.00563     -0.01692
     0.12843     -0.01112     -0.00882     -0.00308
     0.64301     -0.02216     -0.01118     -0.04908
     1.57071     -0.01936      0.00099     -0.01311
     0.49617     -0.00618     -0.01424     -0.02562
     0.61466     -0.01172     -0.00606     -0.01653
     0.02591     -0.01413     -0.00624     -0.03110
     0.66432     -0.01077     -0.00590     -0.01162
     0.24650     -0.01435     -0.00130     -0.01460
     0.26579     -0.01548      0.00028     -0.02788
     0.60990     -0.01025     -0.00313     -0.01762
     0.17212     -0.00970     -0.00975     -0.01561
     0.20664     -0.01129     -0.00570     -0.02681
     0.46353     -0.02670     -0.00402     -0.02000
     0.69015     -0.01204     -0.02036     -0.01497
     0.65603     -0.01800     -0.02386     -0.01873
     0.85914     -0.01588     -0.00044     -0.05342
     1.71367     -0.02841     -0.01604     -0.04939
     1.73444     -0.02650      0.00212     -0.03793
     1.23457     -0.01005      0.00344     -0.05822
     1.95420     -0.01373     -0.00406     -0.01531
     0.13884     -0.00422      0.00454     -0.00867
     0.71962     -0.01176      0.00397      0.00589
     1.14262     -0.01100     -0.00691     -0.01790
     0.08230     -0.00461      0.00036     -0.01643
     0.46184     -0.00721      0.01856     -0.02015
     1.17199     -0.00978     -0.00828     -0.04453
     1.28440     -0.02184      0.00210      0.00101
     1.00560     -0.00753     -0.00510     -0.00622
     0.53320     -0.01185     -0.00331     -0.00588
     0.51893     -0.00904     -0.00597     -0.01415
     0.18931     -0.01218     -0.00576     -0.01674
     0.02072     -0.01440      0.01106     -0.01236
     0.82579     -0.01336     -0.00528     -0.01568
     0.08523     -0.01194     -0.00610     -0.01608
     0.03468     -0.01132      0.00868     -0.04036
     1.28305     -0.01020     -0.00831     -0.01625
     0.13552     -0.01155     -0.02070     -0.01478
     0.67335     -0.01213     -0.00620     -0.01646
     0.01495     -0.00707     -0.00834     -0.03254
     0.76811     -0.00076     -0.01698     -0.02580
     0.83281     -0.01097     -0.00608     -0.01970
     0.14567     -0.01177     -0.00627     -0.00166
     0.69561     -0.03328     -0.03059     -0.04916
     2.10046     -0.00747     -0.02269     -0.00101
     1.07109     -0.03233      0.01228     -0.00370
     1.39302     -0.00914     -0.00126     -0.01639
     0.26796     -0.02285      0.02974     -0.02767
     1.79528     -0.00085     -0.00917     -0.03957
     1.17850     -0.01815     -0.00328     -0.02075
     0.35545     -0.01546     -0.00505     -0.01827
     0.17338     -0.01309      0.00080     -0.01826
     0.33189     -0.01165     -0.00702     -0.02196
     0.24255     -0.01710     -0.00105     -0.01894
     0.34189     -0.02523      0.00728     -0.01712
     0.86241     -0.00576      0.00165     -0.01862
     0.47479     -0.01152     -0.00184     -0.00985
     0.37773     -0.01558      0.00182     -0.07308
     2.60708     -0.01263     -0.00272     -0.02064
     0.24020     -0.01608     -0.00235      0.00093
     0.85229      0.01655      0.00987     -0.02065
     1.52471     -0.00528     -0.00890     -0.00978
     0.46917     -0.05215     -0.01557     -0.02240
     1.90415     -0.02074     -0.00718      0.00655
     1.14302     -0.01127     -0.00656     -0.03405
     0.79514     -0.01253     -0.00581     -0.01899
     0.10449     -0.00885     -0.00376     -0.01069
     0.33866     -0.01769      0.00028     -0.03286
     0.83643     -0.00089     -0.00489     -0.01665
     0.52373     -0.00879     -0.00692     -0.01747
     0.16325     -0.01430     -0.00574     -0.01513
     0.12473      0.00285     -0.00994     -0.04831
     1.61538      0.02401      0.03092     -0.01628
     2.38446     -0.01192     -0.00673     -0.02326
     0.29923     -0.01318     -0.01026      0.00276
     0.91879     -0.00778     -0.00669      0.00858
     1.18382     -0.02174     -0.00998     -0.04395
     1.33527     -0.01207     -0.00617     -0.01628
     0.02393     -0.01555     -0.00074     -0.01392
     0.32276     -0.01117     -0.00532      0.00018
     0.78212     -0.01193     -0.00611     -0.03029
     0.62122     -0.00803     -0.01528     -0.00183
     0.82655     -0.01192     -0.00628     -0.01619
     0.03026     -0.02691     -0.01033     -0.02470
     0.79130     -0.01616      0.00716     -0.00937
     0.72608     -0.00811     -0.00004     -0.00257
     0.73675      0.01134     -0.01924     -0.02895
     1.35766     -0.01036     -0.00563     -0.01395
     0.15733      0.00365     -0.00442     -0.03686
     1.17896     -0.01154     -0.00745     -0.01598
     0.07433     -0.01796      0.00824      0.01600
     1.66806     -0.03994      0.02619     -0.01048
     1.98213     -0.01642      0.00689     -0.02645
     0.77305     -0.01433     -0.00624     -0.05012
     1.53608     -0.01284     -0.00930      0.00233
     0.89055     -0.01198     -0.00602     -0.01644
     0.02056      0.00097     -0.00859     -0.02817
     0.80785     -0.01765     -0.01761     -0.00089
     0.93362     -0.00935     -0.00052     -0.03771
     1.00571     -0.04657      0.01406     -0.04395
     2.21577     -0.01158     -0.00655     -0.00327
     0.62212     -0.00801     -0.01751     -0.05463
     1.82654     -0.00075     -0.00110     -0.02888
     0.80129      0.00968     -0.00854     -0.03833
     1.41583     -0.05008      0.02524     -0.01782
     2.25945      0.00367     -0.01810     -0.03811
     1.33900     -0.01377     -0.00310     -0.01701
     0.16034     -0.01101     -0.00492     -0.02299
     0.29645     -0.01006     -0.00916     -0.01707
     0.16806     -0.01080     -0.00043     -0.01608
     0.27505     -0.01320     -0.01096     -0.00810
     0.45721     -0.01018      0.00100     -0.02328
     0.45593     -0.01250     -0.00514     -0.01548
     0.07844      0.01914      0.02526     -0.03155
     2.14844     -0.01225     -0.00590     -0.00449
     0.56529     -0.00772     -0.00247     -0.01942
     0.29460     -0.01379     -0.00215      0.01116
     1.29999     -0.03980     -0.00549     -0.04928
     1.96061     -0.01126     -0.00673      0.00764
     1.12369     -0.02332     -0.02147     -0.02207
     0.90169      0.00550     -0.02098     -0.02994
     1.22021     -0.01463     -0.00161     -0.03843
     1.02361     -0.01040     -0.01133     -0.00628
     0.54372     -0.01125     -0.00553     -0.02365
     0.32034     -0.01205     -0.00594     -0.00365
     0.60391     -0.01939     -0.00843     -0.00462
     0.65733     -0.00651     -0.01929     -0.01601
     0.65682     -0.03374      0.00461     -0.03081
     1.28219     -0.01163     -0.00601     -0.01664
     0.02848     -0.00986     -0.00548     -0.01342
     0.19138     -0.01040     -0.00794     -0.00944
     0.35636     -0.01863      0.00278     -0.02435
     0.61616     -0.01518     -0.00337     -0.02631
     0.47719     -0.00522      0.01920     -0.05436
     2.10477     -0.01421     -0.00084     -0.02032
     0.30976      0.01345     -0.03108     -0.02234
     1.66233      0.00501     -0.00715      0.01855
     1.80735     -0.01686      0.00099     -0.03711
     1.01442     -0.01531     -0.01718     -0.00697
     0.69164     -0.00806      0.00134     -0.01106
     0.47513     -0.00148      0.02299     -0.00607
     1.51262      0.01461     -0.00215      0.01421
     1.89333     -0.01720     -0.00261     -0.01250
     0.34487     -0.01269     -0.00444     -0.04831
     1.45211     -0.01977     -0.01753     -0.01118
     0.67695     -0.02181     -0.00830     -0.01974
     0.47224     -0.01170     -0.00590     -0.01249
     0.19899     -0.01757     -0.04416     -0.02572
     1.80945     -0.01070     -0.00852      0.02064
     1.72529     -0.01178     -0.00624     -0.01273
     0.18718     -0.01180     -0.00928     -0.01157
     0.27887     -0.01175      0.00463     -0.01832
     0.50361     -0.01746      0.00016      0.00610
     1.11837     -0.01960     -0.00928     -0.01532
     0.37441     -0.03986      0.02742      0.00418
     2.21740     -0.00909      0.00185      0.01378
     1.46028     -0.00812     -0.00784     -0.02139
     0.29262     -0.01877     -0.00210     -0.04564
     1.37373     -0.01465     -0.00817     -0.00909
     0.38197     -0.03719     -0.02491     -0.00251
     1.57783     -0.00920     -0.00586     -0.01402
     0.18801     -0.01037     -0.00546     -0.02180
     0.24802     -0.00953     -0.00693     -0.01809
     0.14052     -0.00362     -0.01751     -0.01098
     0.70481     -0.01197     -0.00592     -0.01657
     0.01926     -0.00924     -0.01489     -0.00837
     0.57205      0.00602     -0.00912     -0.01359
     0.86072     -0.01140     -0.00899     -0.02164
     0.26003     -0.01251     -0.00543      0.00601
     1.04873     -0.01989     -0.00805     -0.00940
     0.49740     -0.01683     -0.01763     -0.01894
     0.57525     -0.01390     -0.01281      0.01393
     1.44634     -0.04111      0.02014     -0.01194
     1.81232     -0.01388     -0.01419     -0.02427
     0.50933     -0.01154     -0.00324     -0.00343
     0.62965     -0.01514     -0.00871     -0.01411
     0.21577     -0.00475     -0.01215     -0.01396
     0.45691     -0.01322     -0.00497     -0.01252
     0.20911     -0.01456     -0.00047     -0.01411
     0.31065     -0.03941     -0.00795     -0.02255
     1.28122      0.00760     -0.00543     -0.03633
     1.27977      0.00434     -0.03457     -0.00517
     1.60111     -0.01215     -0.00520     -0.02948
     0.58562     -0.00774     -0.00389     -0.01539
     0.23995      0.00728     -0.03181     -0.01535
     1.48050     -0.01058     -0.00605     -0.04488
     1.29420     -0.01063     -0.00575     -0.01687
     0.07521     -0.00946     -0.00994     -0.00793
     0.45900     -0.01012      0.00255     -0.01255
     0.45737     -0.01018     -0.00309     -0.01778
     0.17673     -0.00117     -0.03760     -0.00046
     1.70403     -0.01258     -0.00653     -0.01695
     0.02413     -0.00693     -0.00713     -0.01642
     0.24658     -0.01078     -0.00813     -0.01955
     0.16805     -0.01281     -0.00762     -0.03065
     0.64152     -0.01197     -0.00604     -0.00918
     0.34986     -0.01466     -0.03410     -0.03521
     1.54101     -0.01776     -0.00037     -0.01712
     0.37103     -0.01017     -0.00497     -0.00280
     0.65201     -0.00935     -0.00828     -0.01469
     0.18837     -0.00844     -0.00630     -0.05147
     1.60426     -0.01415      0.00483     -0.00617
     0.70967     -0.01216     -0.00932     -0.02112
     0.24577     -0.03834      0.02124     -0.01266
     1.75297     -0.01192     -0.00602      0.00317
     0.91749     -0.00506      0.00043     -0.02187
     0.50577     -0.01843     -0.00802     -0.02812
     0.60079     -0.01451     -0.00731     -0.04614
     1.35514     -0.01598     -0.00521     -0.00381
     0.62261     -0.01458     -0.00457      0.00939
     1.21047     -0.00913     -0.01972     -0.03106
     0.91500     -0.00581     -0.00482     -0.00790
     0.50669     -0.01239     -0.00622     -0.01578
     0.04689     -0.00744     -0.00587     -0.00189
     0.71908     -0.03345      0.01002      0.01294
     1.83780     -0.00744     -0.00755     -0.02444
     0.41914     -0.02234      0.00752      0.00995
     1.45830     -0.02197     -0.03267     -0.01288
     1.30953     -0.00985     -0.01155     -0.01458
     0.28659      0.00215     -0.01705     -0.02270
     0.87073     -0.02285     -0.00552     -0.02010
     0.51377     -0.02748     -0.01685     -0.04219
     1.44851     -0.03127     -0.01938     -0.00730
     1.15154     -0.01184     -0.00615     -0.02170
     0.22703     -0.02134     -0.00976     -0.02076
     0.48652     -0.01259      0.01028      0.00002
     1.08247      0.00163      0.02790      0.01813
     2.33234     -0.00512     -0.01635     -0.02133
     0.60597     -0.02796     -0.00275     -0.00794
     0.84596      0.00441     -0.01280      0.02073
     1.91053     -0.01923      0.01683     -0.03016
     1.26688     -0.00950     -0.00485      0.02732
     2.03247     -0.01063     -0.00843     -0.00414
     0.59451     -0.01281     -0.00517     -0.00872
     0.37462     -0.01267     -0.00591     -0.02169
     0.22704     -0.01264     -0.00399     -0.02370
     0.33458      0.01624     -0.01032     -0.04570
     1.87449     -0.01712     -0.00561     -0.00949
     0.40526     -0.01357     -0.00547     -0.02108
     0.21026     -0.00399      0.02750     -0.01840
     1.59656     -0.00895     -0.00933     -0.02184
     0.31136     -0.00955     -0.00520     -0.01848
     0.15175     -0.01162     -0.00951     -0.05872
     1.93457     -0.02732     -0.01728     -0.06329
     2.30253     -0.01528     -0.00241     -0.03717
     0.96398     -0.00953     -0.00341     -0.00380
     0.62278     -0.00951      0.00018     -0.00946
     0.46345     -0.01058     -0.00836     -0.01700
     0.12428     -0.01361     -0.00962     -0.02629
     0.46917     -0.01145     -0.00596     -0.01675
     0.03648     -0.00203     -0.01660     -0.01748
     0.66908     -0.04335     -0.01275     -0.00869
     1.50983     -0.01232     -0.00522     -0.01526
     0.08369     -0.03070     -0.01527     -0.02076
     0.96463     -0.00412     -0.00249     -0.04057
     1.16794     -0.02207     -0.00574      0.02968
     2.18399     -0.01451     -0.00429     -0.01513
     0.15753     -0.00302      0.03220     -0.03037
     1.91548     -0.01169     -0.00666     -0.01641
     0.03553      0.00020     -0.00855     -0.02513
     0.69577      0.01194     -0.00672     -0.02447
     1.16489     -0.02062      0.01620     -0.00339
     1.26125     -0.02537     -0.01488     -0.02420
     0.80107     -0.01160     -0.00178     -0.02375
     0.38071     -0.00855     -0.00977     -0.03193
     0.73480     -0.01134      0.00126     -0.01275
     0.39197     -0.00377     -0.00779     -0.02220
     0.46655     -0.01300     -0.00524     -0.01374
     0.15128     -0.01808     -0.00339     -0.01815
     0.30661     -0.01193     -0.02386     -0.02281
     0.85797     -0.01309     -0.00382     -0.02458
     0.37728     -0.01292      0.00049     -0.01494
     0.32106     -0.00740     -0.00637     -0.02602
     0.47863     -0.01279     -0.00003     -0.01472
     0.30082     -0.03362      0.00170     -0.02371
     1.09716     -0.01389     -0.00580     -0.01346
     0.17243     -0.04266     -0.01457      0.00592
     1.78833     -0.01190     -0.00661     -0.01774
     0.04964     -0.00946     -0.01384     -0.01747
     0.37404     -0.02063      0.00259      0.00246
     1.04728     -0.00983     -0.00837     -0.01722
     0.14896     -0.01725     -0.00671     -0.01976
     0.27066     -0.00548      0.00224     -0.02507
     0.62576     -0.02465     -0.01685     -0.02897
     0.93854     -0.00812     -0.01006     -0.01476
     0.27418     -0.01309     -0.01840     -0.00875
     0.67241     -0.00927     -0.00704     -0.02467
     0.38894     -0.04402      0.01090     -0.01613
     1.66136     -0.00294     -0.00529      0.02125
     1.79997     -0.01250     -0.00973     -0.03237
     0.73494     -0.00929     -0.00322     -0.01503
     0.20805     -0.01526     -0.00894     -0.01348
     0.24219     -0.00955     -0.00240     -0.01318
     0.27012     -0.00309     -0.00711     -0.03017
     0.74593     -0.02231      0.00114     -0.00444
     0.80752     -0.01222     -0.00045     -0.03094
     0.70270     -0.01217     -0.00627     -0.01165
     0.23591     -0.00582     -0.00908     -0.02073
     0.36904     -0.00969     -0.00579     -0.02093
     0.22372     -0.00068      0.00951     -0.03450
     1.21093     -0.02540     -0.03058     -0.00438
     1.39593     -0.01572     -0.00746     -0.02345
     0.35154     -0.03549      0.01874     -0.01877
     1.57202     -0.01242     -0.00548     -0.00967
     0.32861     -0.00681      0.00946     -0.01736
     0.76238     -0.01382     -0.01117     -0.01207
     0.32329     -0.01061     -0.00290     -0.02655
     0.48006     -0.01490     -0.01302     -0.03448
     0.88085     -0.02222     -0.01217      0.03251
     2.31620     -0.01597      0.00035     -0.02504
     0.51493      0.00451     -0.01744     -0.02247
     0.96201     -0.01692     -0.00605     -0.00750
     0.47881     -0.01010      0.00093     -0.01017
     0.45758     -0.01334     -0.00709     -0.01572
     0.08211     -0.00387      0.00333     -0.03547
     1.03807      0.00482      0.00123     -0.00633
     0.97989     -0.00327     -0.00391     -0.02494
     0.56623     -0.01690     -0.00827     -0.02348
     0.38820     -0.01176     -0.00501      0.00593
     1.04584     -0.01339     -0.00752     -0.01246
     0.21472     -0.01981     -0.01028      0.00504
     1.07887     -0.01229     -0.00631     -0.02220
     0.24946     -0.01133     -0.00603     -0.01724
     0.04620     -0.00742      0.00410     -0.01449
     0.53297      0.03384     -0.04606     -0.02830
     2.83757     -0.00945     -0.00435     -0.01539
     0.16521     -0.01299     -0.00401     -0.01583
     0.11572     -0.00666     -0.00348     -0.05675
     1.85930      0.01466      0.00312     -0.02664
     1.38374     -0.01087     -0.00711     -0.05910
     1.94704     -0.03207      0.00774     -0.02150
     1.13696     -0.01066     -0.00196     -0.03355
     0.79845     -0.02252     -0.01454     -0.01743
     0.61064     -0.01633     -0.00756     -0.04840
     1.46742     -0.01124     -0.00605     -0.01552
     0.07290     -0.01682     -0.01215     -0.01632
     0.34676     -0.03168     -0.03432     -0.02268
     1.59580     -0.00222      0.00302     -0.03175
     0.92961     -0.01333     -0.00444     -0.01468
     0.13652     -0.02139      0.03075     -0.06766
     2.89727     -0.00135     -0.01844     -0.02703
     0.88734     -0.02315      0.00517     -0.02795
     0.88932     -0.02608     -0.00134     -0.01084
     0.72919      0.00212     -0.01125     -0.01697
     0.69797      0.00069     -0.02647     -0.00148
     1.30898     -0.00652      0.01257      0.00375
     1.30584     -0.01106     -0.00512     -0.00725
     0.44412     -0.02283     -0.00327     -0.00803
     0.64715     -0.01723      0.00747     -0.01322
     0.68978     -0.01201     -0.00783     -0.01462
     0.12447     -0.01438     -0.01440     -0.00325
     0.73402     -0.01257     -0.00614      0.02194
     1.78017     -0.01580      0.00145     -0.02139
     0.44298     -0.03431      0.00708     -0.02112
     1.20261      0.00006     -0.01403     -0.00435
     0.87952     -0.00838      0.00976     -0.02785
     0.91056     -0.03370     -0.02287     -0.00423
     1.37743     -0.01192     -0.00609     -0.01678
     0.01398     -0.01688      0.00270     -0.00408
     0.74473     -0.01015     -0.01281     -0.02668
     0.55535     -0.01318     -0.00505     -0.00405
     0.58923     -0.01554     -0.02419     -0.01534
     0.84369     -0.01029     -0.01708     -0.00884
     0.62504     -0.00359     -0.02041     -0.02478
     0.84763     -0.01545     -0.00443      0.01779
     1.59835     -0.02248     -0.00879     -0.02340
     0.57461     -0.00708     -0.00594     -0.01482
     0.25218     -0.01465      0.02537     -0.00846
     1.50574     -0.01273     -0.00892     -0.02105
     0.23383     -0.02136     -0.00487     -0.01331
     0.45475     -0.01155     -0.00597     -0.01739
     0.04231     -0.01254     -0.01763     -0.03184
     0.86918     -0.01450      0.01576     -0.01162
     1.04283     -0.00545      0.00099     -0.02519
     0.59584     -0.01214     -0.00640     -0.02751
     0.49348     -0.01119     -0.00200      0.00264
     0.91477     -0.01455     -0.01278     -0.00866
     0.49224     -0.01634     -0.00565     -0.00987
     0.37118     -0.00236     -0.02539     -0.01047
     1.03291     -0.00411     -0.00943      0.00425
     1.04637     -0.01254     -0.00771     -0.01830
     0.09919     -0.00548     -0.00248     -0.02583
     0.54571     -0.01051     -0.00794     -0.01743
     0.11537      0.01288     -0.00674     -0.02979
     1.29930     -0.02390     -0.01249      0.01236
     1.47251     -0.00253     -0.00983      0.00844
     1.25314     -0.01146     -0.01644     -0.01579
     0.47401     -0.00789      0.00304     -0.02131
     0.51326     -0.01160     -0.05230      0.03705
     3.21225     -0.01731     -0.00202     -0.04148
     1.17545     -0.00278     -0.02258     -0.02158
     0.89601     -0.01518     -0.00645     -0.00822
     0.41679     -0.00242     -0.00205     -0.03164
     0.84011     -0.01207     -0.00297     -0.01714
     0.14980     -0.01123     -0.00640     -0.01607
     0.05595      0.02321     -0.00870     -0.02871
     1.72158     -0.02293     -0.02889     -0.01626
     1.15391     -0.01192     -0.00601     -0.01637
     0.02464      0.00586     -0.00096     -0.05263
     1.86134     -0.01158     -0.00738     -0.01326
     0.17301     -0.01096      0.00631     -0.01493
     0.58449     -0.01163     -0.00629     -0.01405
     0.12827     -0.02878     -0.00354     -0.01976
     0.78440     -0.01175     -0.00015     -0.03019
     0.67681     -0.01303      0.01353     -0.04600
     1.62147     -0.01210     -0.00716     -0.01935
     0.12583      0.00705      0.01563     -0.02363
     1.37505     -0.01021     -0.00521     -0.01880
     0.13843     -0.00697     -0.00140     -0.03669
     0.97217     -0.00230      0.01010     -0.03630
     1.25507     -0.01251     -0.01884     -0.02413
     0.67235     -0.04206     -0.00454     -0.01235
     1.38999     -0.00683     -0.02003     -0.02547
     0.79025     -0.01473     -0.00662     -0.02410
     0.35682     -0.01432     -0.00122     -0.01460
     0.26881     -0.01246     -0.00658     -0.01723
     0.02961     -0.02890      0.01052      0.02192
     2.08480     -0.00837     -0.00419      0.00047
     0.81754     -0.01200     -0.00575     -0.01697
     0.02464     -0.01481     -0.00581     -0.02478
     0.38741     -0.00152      0.01779     -0.01928
     1.21284     -0.01356     -0.00562     -0.02247
     0.27022     -0.01004     -0.00975     -0.01640
     0.19133     -0.00524     -0.00811     -0.03333
     0.83002     -0.01219     -0.00631     -0.01352
     0.14976     -0.01936     -0.00667     -0.02066
     0.37512     -0.02626     -0.00940     -0.01759
     0.66407     -0.02231     -0.00203     -0.03797
     1.09632      0.01039     -0.00936      0.00982
     1.61094      0.00738     -0.01313      0.02477
     2.13154     -0.00436     -0.02987     -0.06039
     2.30947     -0.01909     -0.00183     -0.02245
     0.45717     -0.01298     -0.00698     -0.01302
     0.18009      0.00833     -0.02400     -0.00599
     1.34388     -0.01188     -0.02996     -0.01559
     1.09372     -0.00848     -0.01045     -0.02139
     0.33494     -0.01877      0.00569     -0.00625
     0.79040     -0.01230     -0.00568     -0.01523
     0.07519     -0.01379     -0.01745     -0.01855
     0.52850     -0.01036     -0.00735     -0.01028
     0.31512     -0.00709     -0.00624     -0.02000
     0.27744     -0.00716     -0.00818      0.01062
     1.28414     -0.01402     -0.00783     -0.00919
     0.36649      0.01589     -0.00432     -0.04772
     1.92314     -0.01885     -0.00876     -0.03012
     0.69549     -0.00710     -0.00166     -0.02456
     0.47596     -0.00927     -0.02356     -0.01308
     0.82694     -0.01262      0.01235     -0.02068
     0.87210     -0.00295      0.01373     -0.02482
     1.07592     -0.01329     -0.00833     -0.01448
     0.15252     -0.02054     -0.00408     -0.01699
     0.39611     -0.00656      0.00624     -0.02523
     0.73855     -0.01387     -0.00238     -0.02510
     0.42793     -0.01031      0.00002     -0.07349
     2.61216     -0.01156      0.01018     -0.02788
     0.91036     -0.03388     -0.02185     -0.04658
     1.84095     -0.01201     -0.00608      0.00933
     1.20064     -0.02086     -0.00986     -0.01771
     0.43417     -0.01183     -0.00636     -0.01649
     0.02277     -0.01477     -0.00617     -0.01707
     0.11874     -0.02204      0.01245     -0.00516
     1.10742     -0.01287     -0.00291     -0.02637
     0.46744     -0.00716     -0.00604     -0.01200
     0.31916     -0.01250     -0.00582     -0.01775
     0.05008     -0.01377     -0.00525     -0.03302
     0.75147     -0.02796     -0.02905      0.00372
     1.58648     -0.01195     -0.00609     -0.01632
     0.02460     -0.00054      0.01645     -0.02404
     1.21834     -0.00630      0.01070     -0.00803
     0.91629     -0.03173      0.02058     -0.02712
     1.59691      0.00251     -0.00808     -0.01858
     0.68666     -0.01502      0.00677     -0.02239
     0.66284     -0.01495     -0.00252     -0.03630
     0.92215     -0.02077     -0.00455     -0.00347
     0.73188     -0.00975     -0.00217     -0.00714
     0.49360     -0.01240      0.00458     -0.03467
     0.96038     -0.00966     -0.00556     -0.01953
     0.17446     -0.01270     -0.00527     -0.02510
     0.38578     -0.00248      0.00557     -0.00799
     0.81016     -0.01456     -0.00347     -0.01393
     0.21172     -0.01187     -0.00788     -0.01549
     0.09825     -0.01038     -0.00071     -0.01869
     0.28015     -0.00648     -0.00284     -0.02664
     0.54632     -0.00565     -0.00983     -0.01284
     0.38909     -0.00500     -0.01103      0.03532
     2.41559      0.00231      0.02005     -0.03459
     1.60396     -0.01438     -0.00536     -0.01152
     0.26488     -0.01805     -0.01080     -0.01186
     0.41008      0.00458      0.02115      0.00070
     1.68021     -0.01244     -0.00615     -0.01543
     0.06287     -0.01062      0.00460     -0.03522
     0.98538      0.00296     -0.01983     -0.00347
     1.11921      0.00150     -0.01971      0.00239
     1.24833     -0.01694     -0.00455     -0.04003
     1.09362     -0.01581      0.00454     -0.02563
     0.66146      0.00334     -0.00735     -0.01469
     0.72283     -0.01424     -0.00845     -0.02125
     0.24827     -0.02267     -0.03807     -0.03480
     1.75058     -0.01461     -0.01204     -0.02223
     0.38339     -0.01214     -0.00571     -0.01657
     0.02498     -0.01319      0.01453     -0.03078
     1.15140      0.00525     -0.03121     -0.01120
     1.42517     -0.00887     -0.00310     -0.02295
     0.35279     -0.00732     -0.00919     -0.01461
     0.28111     -0.01185     -0.00596     -0.01570
     0.05340     -0.01296     -0.00644     -0.00711
     0.44612     -0.04224     -0.01869     -0.00895
     1.53827     -0.00926     -0.01436      0.01415
     1.47699     -0.00985      0.00064     -0.03045
     0.71110     -0.01200     -0.00600     -0.01608
     0.03459     -0.00832     -0.00454     -0.02689
     0.50379     -0.01826     -0.00768     -0.00954
     0.43930     -0.01152     -0.00811     -0.02002
     0.17552     -0.01241     -0.00584     -0.02138
     0.21247     -0.03659     -0.02663     -0.04687
     2.01328     -0.00804     -0.01042     -0.02756
     0.56555      0.00309     -0.01838     -0.04891
     1.72922      0.00393     -0.03093     -0.00989
     1.39386     -0.02403     -0.02514     -0.01980
     1.03559     -0.01314     -0.00497     -0.02182
     0.24245     -0.05241     -0.00392      0.00482
     2.10137      0.00616     -0.03112     -0.04041
     1.79039      0.01445     -0.01781      0.02624
     2.38282     -0.02255     -0.00013     -0.01423
     0.56406     -0.01543     -0.00868     -0.02857
     0.57367     -0.01192     -0.00593     -0.01796
     0.05732     -0.01181     -0.00511      0.03185
     2.23250     -0.01134     -0.00604     -0.04010
     1.07303     -0.01422     -0.01402     -0.01838
     0.37807      0.00676      0.02357      0.00628
     1.93844     -0.01139     -0.00463     -0.02336
     0.31322     -0.04800      0.00112     -0.01324
     1.68795     -0.00974     -0.01849     -0.02144
     0.61441     -0.00505     -0.00103     -0.01757
     0.40741     -0.04073     -0.04671     -0.00212
     2.37542     -0.01095     -0.00132     -0.03876
     1.03707     -0.00311     -0.01581      0.00178
     1.04780     -0.01738     -0.02610     -0.02436
     1.00721     -0.00296     -0.00494     -0.03455
     0.92247     -0.00333      0.00026     -0.05395
     1.78178     -0.00962     -0.00320     -0.00229
     0.69075     -0.01438     -0.00628     -0.01316
     0.19451     -0.02085     -0.03018     -0.02286
     1.20471     -0.00477     -0.01227     -0.01326
     0.46957     -0.00976     -0.00708     -0.01940
     0.16922     -0.03682     -0.02866     -0.00088
     1.69735     -0.02170     -0.01328     -0.00362
     0.81389     -0.01084     -0.00665     -0.01628
     0.06958     -0.01387     -0.00435     -0.01103
     0.28849     -0.02412      0.00333     -0.02072
     0.72484     -0.01534     -0.01731     -0.02691
     0.70608     -0.01245     -0.02724      0.00731
     1.47042     -0.01156      0.01092     -0.05843
     2.06556     -0.00844     -0.02212     -0.01943
     0.76151     -0.03294     -0.00064     -0.02092
     1.00547     -0.01428      0.00667     -0.02822
     0.79782     -0.01033     -0.00542     -0.01533
     0.11453     -0.01289     -0.00728     -0.02846
     0.54001     -0.00723     -0.00687     -0.01935
     0.25890      0.00212     -0.00762     -0.04057
     1.27829     -0.01370      0.00399     -0.03484
     0.95611     -0.01253     -0.00654     -0.02171
     0.22789     -0.00551     -0.00618     -0.00758
     0.52300     -0.00768     -0.00461     -0.01306
     0.27879     -0.00196     -0.00312     -0.01738
     0.49255     -0.01335     -0.00583     -0.02618
     0.43567      0.00150     -0.02886     -0.02740
     1.31154     -0.00120     -0.00001     -0.01699
     0.58066     -0.01194     -0.00607     -0.01637
     0.02298     -0.00943     -0.00715     -0.00133
     0.72285     -0.01193      0.00364     -0.02883
     0.71565     -0.02008      0.00444     -0.02415
     0.69700     -0.01190     -0.00606      0.00408
     0.95937     -0.00990     -0.01191     -0.02536
     0.48517     -0.00805     -0.00878     -0.01698
     0.22447     -0.01381     -0.00820     -0.02568
     0.42560     -0.00864     -0.01561      0.00463
     1.08756     -0.01205     -0.00613     -0.01064
     0.28236     -0.01194     -0.00607     -0.01081
     0.27469      0.01612      0.00464     -0.03872
     1.72092     -0.01497     -0.00779     -0.01343
     0.21260     -0.01139     -0.01178     -0.03542
     0.89543     -0.01777     -0.01137     -0.00521
     0.63630     -0.00583     -0.01639     -0.03241
     0.90608     -0.00793     -0.00568     -0.01369
     0.24365     -0.00553      0.01472      0.00470
     1.41222      0.00150      0.01289     -0.01783
     1.08172     -0.01156     -0.00574     -0.01708
     0.03905     -0.01043     -0.00330     -0.00947
     0.37063     -0.02298     -0.00521     -0.02264
     0.56581     -0.01698     -0.01847     -0.02282
     0.66596     -0.01930     -0.00751     -0.01643
     0.33242      0.00694     -0.00275     -0.02708
     1.01196     -0.01526      0.01705     -0.02395
     1.12772     -0.00842      0.01006     -0.03293
     1.06802     -0.00666     -0.01973     -0.02088
     0.69790     -0.02257     -0.00463      0.01146
     1.38516     -0.02534     -0.00750     -0.02767
     0.78703     -0.02928     -0.00430     -0.00809
     0.88554     -0.00425     -0.01804     -0.00603
     0.82073     -0.00999     -0.01376     -0.02060
     0.40208     -0.01931     -0.00463     -0.01281
     0.38133      0.02058      0.01336     -0.00761
     1.80498     -0.01505     -0.00588     -0.01833
     0.14983     -0.00664     -0.00549     -0.01573
     0.26234     -0.02037     -0.00374     -0.03788
     1.04650     -0.01198     -0.00622     -0.01473
     0.09495     -0.01180     -0.00574     -0.03361
     0.77435     -0.00851     -0.00172     -0.03646
     0.94352     -0.01520     -0.00710     -0.03341
     0.77816     -0.01222     -0.00617     -0.01568
     0.05068     -0.03414     -0.00631      0.02460
     2.15368     -0.01853     -0.01483     -0.01413
     0.50680     -0.01210     -0.00575     -0.01507
     0.08144     -0.02791      0.03132     -0.00769
     1.91653     -0.01261     -0.00911     -0.01638
     0.13597     -0.01319     -0.00560      0.00311
     0.91586     -0.01079     -0.00078     -0.00589
     0.56338      0.00573     -0.03054      0.00264
     1.65184     -0.03825      0.00630     -0.00772
     1.39210     -0.01034     -0.00570     -0.01684
     0.08851     -0.01190     -0.00611     -0.01357
     0.14845     -0.01472     -0.00546     -0.02120
     0.23643     -0.01218     -0.00610     -0.01669
     0.00635     -0.00805      0.00297      0.01178
     1.39265     -0.00765      0.00387     -0.01164
     0.56067     -0.00929     -0.00101     -0.01778
     0.27776     -0.01167     -0.00632      0.01284
     1.36202     -0.00516     -0.02160     -0.01927
     0.78638      0.01936     -0.01836      0.00156
     1.76863      0.00432     -0.02155     -0.04360
     1.61061     -0.01981      0.00147     -0.01551
     0.50047     -0.01346     -0.00584     -0.01326
     0.17255     -0.02225     -0.00422     -0.04006
     1.16932     -0.01192     -0.00620     -0.01649
     0.01854     -0.01246     -0.00677     -0.01594
     0.04802     -0.01452     -0.00772     -0.00949
     0.35853     -0.01365     -0.00436     -0.01621
     0.11117     -0.02173     -0.01922     -0.03337
     1.06383     -0.03154     -0.01559     -0.03366
     1.25674     -0.00485     -0.02368     -0.03395
     1.17600     -0.02467     -0.01800     -0.01381
     0.80100     -0.01971     -0.00881     -0.02103
     0.41435     -0.01253     -0.00252     -0.00408
     0.60802     -0.01359     -0.00850     -0.01531
     0.14080     -0.01517     -0.00910     -0.01334
     0.24762     -0.00974     -0.00531     -0.03128
     0.67767     -0.01194     -0.00606     -0.01634
     0.02421     -0.02717     -0.01084     -0.01388
     0.73284     -0.01169     -0.01312     -0.00870
     0.48954     -0.01001     -0.01584     -0.01744
     0.45500     -0.01187     -0.00814     -0.01756
     0.09698     -0.01796     -0.00087     -0.04102
     1.17137     -0.01227     -0.00614     -0.01599
     0.03660     -0.01152     -0.00612     -0.01878
     0.09736     -0.01001     -0.04588      0.00446
     2.07158      0.00442      0.00388      0.00542
     1.35649     -0.01129     -0.00535     -0.01018
     0.30868     -0.01055     -0.00760      0.00550
     1.02917     -0.01282     -0.00727     -0.01826
     0.08855     -0.02363     -0.02722     -0.02533
     1.16794     -0.00610     -0.01003      0.00414
     1.01717     -0.02125     -0.00418     -0.02702
     0.63527     -0.00687     -0.01124     -0.02325
     0.44945     -0.01352     -0.01020     -0.01235
     0.28073     -0.01210     -0.00593     -0.01303
     0.17301     -0.02061      0.00083     -0.02089
     0.53855     -0.00176     -0.01243     -0.00160
     0.89407      0.00037      0.00949     -0.00794
     1.01012     -0.01194     -0.00603     -0.01651
     0.01905     -0.01209     -0.00598     -0.01627
     0.02611     -0.01709     -0.01003      0.02182
     1.79755     -0.01220     -0.00581     -0.01283
     0.18252     -0.01172     -0.00608     -0.01671
     0.02313     -0.01139     -0.00600     -0.01608
     0.05018     -0.01995     -0.00604     -0.03410
     0.87241     -0.01181     -0.00678     -0.01793
     0.06160     -0.01191     -0.00611     -0.01591
     0.04251     -0.00864     -0.00636     -0.01724
     0.16507     -0.01247     -0.00515     -0.01608
     0.05964     -0.01916      0.00256     -0.04719
     1.48990     -0.01068      0.00078      0.01727
     1.59944     -0.01224     -0.00570     -0.01432
     0.11569     -0.01078     -0.00611     -0.05154
     1.59960     -0.00807      0.01539     -0.00488
     1.14962     -0.01996      0.00503     -0.00826
     0.74008     -0.01192     -0.00601     -0.01796
     0.05658     -0.00928     -0.00963     -0.05751
     1.88418     -0.02024     -0.00710     -0.01876
     0.38272      0.01304      0.00093     -0.01098
     1.23519     -0.01313     -0.01071     -0.02232
     0.33104     -0.01192     -0.00602     -0.01631
     0.02655     -0.03431     -0.01506     -0.03415
     1.35520     -0.00199     -0.02332      0.01874
     1.87269     -0.00897     -0.00487     -0.02893
     0.58145     -0.00095     -0.02927      0.00563
     1.56637     -0.00372     -0.00417     -0.03947
     1.11781     -0.01250     -0.00613     -0.01449
     0.10632     -0.01923     -0.00165      0.01151
     1.35640     -0.01629     -0.00892     -0.00905
     0.42096     -0.01132     -0.01170     -0.02494
     0.45384      0.01894      0.00091     -0.03211
     1.62895     -0.01316      0.00037     -0.01801
     0.31077     -0.01373     -0.00338     -0.01541
     0.16058     -0.01734      0.00491      0.00336
     1.08381     -0.01785     -0.02847     -0.04240
     1.58192     -0.01019     -0.00708     -0.01143
     0.26594     -0.01248     -0.00549     -0.02047
     0.17344     -0.00071     -0.00323     -0.00443
     0.78749     -0.02265     -0.01120     -0.02628
     0.68861     -0.01256     -0.00727     -0.02541
     0.40015     -0.01087     -0.00994     -0.01388
     0.22583     -0.01543     -0.01654     -0.01806
     0.50135     -0.01166      0.02919      0.00134
     1.82834     -0.01416     -0.00022     -0.00816
     0.49074      0.00503     -0.00839     -0.01241
     0.82323     -0.01000      0.01165     -0.02067
     0.84620     -0.01402      0.00246      0.00148
     0.93306     -0.01188     -0.00641     -0.02873
     0.54986     -0.01705     -0.00753     -0.01699
     0.23134     -0.00590     -0.02847     -0.02483
     1.12618     -0.01077     -0.00128     -0.01237
     0.31136     -0.00894     -0.00673     -0.02043
     0.22611     -0.00422      0.00073     -0.01700
     0.48641     -0.01240     -0.00670      0.00324
     0.92093     -0.01297     -0.00619     -0.00216
     0.67296     -0.00878     -0.00180     -0.02211
     0.35440     -0.00565     -0.00706      0.01415
     1.45418     -0.04541     -0.00070     -0.04205
     1.93523     -0.04308     -0.00033     -0.03703
     1.71932     -0.01145     -0.00603     -0.01610
     0.04691      0.00319      0.03728      0.00696
     2.38530     -0.01254     -0.00929     -0.02270
     0.30742     -0.01033     -0.00534     -0.01535
     0.11555      0.00567     -0.03407     -0.01980
     1.52822     -0.00689     -0.00263      0.00038
     0.84186     -0.01158     -0.00522     -0.01858
     0.09860     -0.01058     -0.00203      0.00107
     0.84639     -0.00360     -0.00867     -0.03827
     1.06997     -0.01731     -0.00849     -0.01420
     0.28331     -0.01663     -0.01223     -0.02675
     0.57313     -0.01545     -0.00819     -0.01554
     0.18403     -0.02517     -0.00740     -0.00663
     0.75910     -0.00998      0.00849     -0.02479
     0.77647     -0.01840      0.00383     -0.01883
     0.55041      0.01666     -0.00988     -0.01549
     1.33874     -0.00200      0.00384     -0.00730
     0.78938     -0.03002      0.00360      0.00625
     1.41300     -0.01273     -0.00503     -0.03354
     0.77283     -0.02459     -0.00597     -0.01074
     0.63376      0.00379     -0.01133     -0.00502
     0.94243     -0.01634     -0.01549     -0.01905
     0.47877     -0.00668     -0.01902      0.00069
     1.02765     -0.03594     -0.02746     -0.05052
     2.13389     -0.03005     -0.01524     -0.02553
     1.00410     -0.01722     -0.02504     -0.01087
     0.93630     -0.00984     -0.01008     -0.02480
     0.42370     -0.00396      0.00281     -0.04298
     1.32909     -0.01132     -0.01152     -0.03027
     0.66780     -0.00952     -0.01043     -0.02505
     0.44428     -0.01212     -0.00673     -0.01344
     0.15536     -0.00338     -0.00272     -0.01037
     0.52631     -0.01518      0.00756     -0.03966
     1.23517     -0.00344     -0.00324     -0.01975
     0.44674     -0.00988     -0.00434     -0.02663
     0.47311     -0.01543      0.00098      0.01106
     1.33010     -0.01221     -0.00294     -0.01595
     0.15513     -0.01193     -0.00621     -0.02758
     0.49655     -0.01792     -0.01165     -0.00623
     0.60609     -0.01199     -0.00474     -0.01266
     0.20147     -0.00964     -0.00824     -0.01677
     0.15004     -0.01196     -0.00507     -0.02602
     0.42837     -0.00510     -0.00595     -0.00752
     0.53655     -0.01150     -0.01208     -0.02497
     0.46462     -0.01370      0.00218     -0.00844
     0.54828     -0.01298     -0.00565     -0.01664
     0.04467     -0.00924     -0.00541     -0.02042
     0.21881     -0.01172     -0.00579     -0.01463
     0.10280      0.00423     -0.01812     -0.04070
     1.44249     -0.01364