    -0.01651     -0.00697     -0.00667
     1.34328     -0.01177     -0.00538     -0.01373
     0.38938     -0.01011     -0.00700     -0.01750
     0.28648     -0.01053     -0.01743     -0.00463
     2.02380     -0.01265     -0.00547     -0.01497
     0.24418     -0.01207     -0.00617     -0.01715
     0.04776     -0.01138     -0.00381     -0.01743
     0.31927     -0.01204     -0.00601     -0.01251
     0.52148     -0.00901     -0.00745     -0.00433
     1.57516     -0.01198     -0.00589     -0.01749
     0.09860     -0.01205     -0.00616     -0.01610
     0.08504     -0.01137     -0.00641     -0.01789
     0.17087     -0.01540     -0.00719     -0.02221
     0.77857     -0.01111      0.00474     -0.02333
     1.56215     -0.01012     -0.00905     -0.01433
     0.52404     -0.00890     -0.00644     -0.01572
     0.42386     -0.00677     -0.00950     -0.00370
     1.77334     -0.01250     -0.01115     -0.01505
     0.63929     -0.01284     -0.00825     -0.01545
     0.30750     -0.01272     -0.00482     -0.00465
     1.49017     -0.00794     -0.00208     -0.01150
     0.96851     -0.01536     -0.01244     -0.01347
     0.94309     -0.00800     -0.00415     -0.01527
     0.59944     -0.01212     -0.00613     -0.01640
     0.04774     -0.01196     -0.00596     -0.01837
     0.19910     -0.01220     -0.00778     -0.01818
     0.25696     -0.01212     -0.00125     -0.01728
     0.60828     -0.01520     -0.00829     -0.01280
     0.65926     -0.01164     -0.00128     -0.01346
     0.72773     -0.02233     -0.00156     -0.02126
     1.46543     -0.01463     -0.00897     -0.01828
     0.48483     -0.02314     -0.00468     -0.00808
     1.71522     -0.01217     -0.00703     -0.00460
     1.48915     -0.00686     -0.00768     -0.01499
     0.71010     -0.01029     -0.00740     -0.01733
     0.28320     -0.01422     -0.00391     -0.00743
     1.19994     -0.01199     -0.00423     -0.01533
     0.30051     -0.01481     -0.00362     -0.02354
     0.93882     -0.01682     -0.00014     -0.01533
     0.94670     -0.01168     -0.00503     -0.01505
     0.26268     -0.01484     -0.00424     -0.01297
     0.61453     -0.01211     -0.00615     -0.01815
     0.16707     -0.01225     -0.00751     -0.01352
     0.42822     -0.01952     -0.01815     -0.01441
     1.73266     -0.01246     -0.00573     -0.01417
     0.32514     -0.01143     -0.00655     -0.01525
     0.21261     -0.01326     -0.00689     -0.01250
     0.54453     -0.02161      0.00468     -0.01657
     1.75554     -0.01303     -0.00575     -0.02248
     0.70457     -0.01225     -0.00529     -0.03312
     1.99250     -0.00756     -0.01098     -0.00517
     1.63208     -0.01471     -0.00845     -0.02114
     0.67180     -0.01829     -0.01104     -0.02156
     1.11360     -0.01072     -0.00464     -0.02712
     1.28840     -0.00744     -0.00719     -0.01501
     0.63083     -0.01211     -0.00611     -0.01658
     0.02898     -0.00804     -0.00731     -0.01431
     0.60522     -0.01151     -0.00833     -0.01399
     0.43539     -0.01328     -0.00689     -0.01777
     0.19801     -0.01263     -0.00657     -0.01796
     0.15939     -0.01495     -0.00968     -0.01449
     0.60759     -0.01006     -0.00365     -0.02137
     0.69242     -0.01219     -0.00615     -0.01130
     0.66832     -0.01202     -0.00620     -0.01190
     0.59546     -0.00186     -0.00848     -0.02412
     1.57190     -0.01465     -0.00237     -0.03489
     2.27378     -0.01192     -0.00665     -0.01671
     0.06486     -0.02033     -0.01317     -0.01218
     1.42140     -0.01047     -0.01066     -0.01798
     0.60113     -0.01645     -0.00412     -0.01880
     0.62759     -0.01304     -0.00593     -0.01641
     0.11735     -0.01307     -0.00129     -0.01746
     0.61454     -0.02221     -0.01615     -0.02409
     1.93808     -0.01308     -0.00549     -0.01188
     0.61328     -0.01318     -0.00714     -0.01474
     0.29903     -0.01261     -0.00451     -0.01999
     0.44585     -0.00634     -0.00196     -0.01833
     0.90343     -0.01227     -0.00237     -0.01490
     0.52110     -0.01119     -0.00431     -0.02483
     1.01606     -0.01347     -0.00577     -0.01444
     0.32972     -0.01236     -0.00635     -0.01815
     0.16881     -0.01549     -0.00091     -0.01505
     0.78936     -0.01359      0.00606     -0.03090
     2.28251     -0.01235     -0.00616     -0.01564
     0.14060     -0.00714     -0.00318     -0.02090
     0.87784     -0.01322     -0.00653     -0.01570
     0.18546     -0.01218     -0.00620     -0.01655
     0.02771     -0.01216     -0.00092     -0.01158
     0.90486     -0.01136     -0.00357     -0.01475
     0.41887     -0.00726     -0.00336     -0.01621
     0.69868     -0.00637     -0.00123     -0.01507
     0.95756     -0.01888     -0.00320     -0.01418
     0.94853     -0.00992     -0.01105     -0.01312
     0.79095     -0.01444     -0.00466     -0.00697
     1.24143      0.00155     -0.01086     -0.01529
     1.78033     -0.00197     -0.01948     -0.01013
     2.19913     -0.01242     -0.00633     -0.01736
     0.07684     -0.01044     -0.00485     -0.02244
     0.74198     -0.00788     -0.00650     -0.01679
     0.52797     -0.01304     -0.01125     -0.02004
     0.74024     -0.01215     -0.00989     -0.01430
     0.54138     -0.00978     -0.00714     -0.01979
     0.48386     -0.01200     -0.00635     -0.02380
     0.85673     -0.01515      0.00010     -0.02304
     1.14151     -0.01222     -0.00620     -0.01660
     0.02254     -0.01192     -0.00532     -0.02214
     0.66406     -0.00977     -0.00948     -0.00674
     1.32159     -0.01092     -0.00507     -0.01641
     0.21375     -0.01136     -0.00889     -0.03581
     2.34351     -0.01065     -0.00910     -0.00684
     1.27676     -0.00639     -0.00745     -0.03333
     2.14187     -0.01239     -0.00132     -0.01906
     0.65804     -0.01552     -0.00640     -0.01757
     0.41648     -0.01050     -0.01549     -0.00989
     1.42541     -0.01394     -0.00207     -0.02145
     0.79023     -0.00997     -0.00149     -0.02196
     0.89708     -0.01334     -0.00607     -0.01616
     0.15962     -0.01391     -0.00679     -0.01564
     0.26064     -0.00702     -0.00473     -0.00882
     1.17280     -0.01213     -0.00612     -0.01681
     0.01410     -0.01209     -0.00648     -0.01640
     0.05871     -0.01034     -0.00536     -0.01306
     0.51737     -0.01383     -0.00514     -0.01409
     0.40553     -0.01248     -0.00529     -0.01502
     0.24418     -0.00975     -0.00502     -0.01893
     0.42382     -0.01309     -0.00271     -0.01471
     0.50734     -0.03099      0.00535     -0.01616
     2.68704     -0.01186     -0.00640     -0.01584
     0.12417     -0.01064     -0.00437     -0.02607
     1.17105     -0.01214     -0.00865     -0.01422
     0.43194     -0.01154     -0.00567     -0.01656
     0.10707     -0.01147     -0.00390     -0.01683
     0.29483     -0.00787     -0.00958     -0.01970
     0.75831     -0.02008     -0.00938     -0.00795
     1.49485     -0.02538     -0.00415     -0.00283
     2.35471     -0.01088     -0.00546     -0.01416
     0.36860     -0.01450     -0.00664     -0.01770
     0.30772     -0.01992     -0.01850     -0.01080
     1.91449     -0.00309     -0.00563     -0.02863
     1.82513     -0.01290     -0.00630     -0.01312
     0.45452     -0.00803     -0.00742     -0.01749
     0.53660      0.00315     -0.00315     -0.01936
     1.93478     -0.00660     -0.01168     -0.01370
     1.02656     -0.01128     -0.00161     -0.00708
     1.31456     -0.01977     -0.00889     -0.00364
     1.87843     -0.01198     -0.00633     -0.01837
     0.19588     -0.01375     -0.00626     -0.01745
     0.20684     -0.01080     -0.00700     -0.01516
     0.27859     -0.01254     -0.00579     -0.01734
     0.09527     -0.01185     -0.00347     -0.00592
     1.36728     -0.01520     -0.01789     -0.01521
     1.48415     -0.01155     -0.00305     -0.01540
     0.42769     -0.01261     -0.00532     -0.02279
     0.74312     -0.01418     -0.00715     -0.01000
     0.86948     -0.01168     -0.00740     -0.01644
     0.16329     -0.01985     -0.00633     -0.00129
     2.10703     -0.01059     -0.00300     -0.01608
     0.44611     -0.01209     -0.00615     -0.01655
     0.03145     -0.01582     -0.00287     -0.01029
     0.99393     -0.00923     -0.00827     -0.03146
     1.84427     -0.01288     -0.00079     -0.01442
     0.72577     -0.01849     -0.01217     -0.01936
     1.10277     -0.00747     -0.01965     -0.01390
     1.77399     -0.01210     -0.00616     -0.01664
     0.02179     -0.01091     -0.00604     -0.01115
     0.70518     -0.00371     -0.01199     -0.01706
     1.25391     -0.01324     -0.00599     -0.01683
     0.13016     -0.01179     -0.00720     -0.01155
     0.65165     -0.01600     -0.00810     -0.02912
     1.59183     -0.01493     -0.00346     -0.01538
     0.50284     -0.00990     -0.00927     -0.02016
     0.62292     -0.01201     -0.00615     -0.01668
     0.02626     -0.01294     -0.00622     -0.02225
     0.67324     -0.01165     -0.00609     -0.01481
     0.24982     -0.01302     -0.00433     -0.01595
     0.26937     -0.01345     -0.00373     -0.02102
     0.61810     -0.01145     -0.00503     -0.01710
     0.17443     -0.01124     -0.00756     -0.01633
     0.20942     -0.01185     -0.00601     -0.02061
     0.46977     -0.01774     -0.00537     -0.01801
     0.69943     -0.01214     -0.01161     -0.01609
     0.66485     -0.01442     -0.01295     -0.01752
     0.87069     -0.01360     -0.00400     -0.03077
     1.73671     -0.01839     -0.00996     -0.02924
     1.75775     -0.01766     -0.00303     -0.02486
     1.25117     -0.01138     -0.00252     -0.03261
     1.98053     -0.01278     -0.00539     -0.01622
     0.14071     -0.00915     -0.00210     -0.01368
     0.72930     -0.01203     -0.00232     -0.00812
     1.15798     -0.01174     -0.00648     -0.01721
     0.08341     -0.00930     -0.00370     -0.01665
     0.46805     -0.01029      0.00325     -0.01807
     1.18774     -0.01128     -0.00700     -0.02738
     1.30167     -0.01588     -0.00304     -0.00999
     1.01911     -0.01042     -0.00578     -0.01275
     0.54037     -0.01206     -0.00510     -0.01262
     0.52591     -0.01099     -0.00612     -0.01578
     0.19186     -0.01219     -0.00604     -0.01676
     0.02100     -0.01304      0.00039     -0.01509
     0.83689     -0.01264     -0.00585     -0.01636
     0.08638     -0.01210     -0.00617     -0.01651
     0.03515     -0.01186     -0.00052     -0.02579
     1.30030     -0.01144     -0.00701     -0.01658
     0.13735     -0.01195     -0.01174     -0.01602
     0.68240     -0.01217     -0.00620     -0.01666
     0.01515     -0.01024     -0.00702     -0.02280
     0.77843     -0.00783     -0.01032     -0.02022
     0.84400     -0.01173     -0.00616     -0.01789
     0.14763     -0.01204     -0.00623     -0.01100
     0.70497     -0.02025     -0.01552     -0.02915
     2.12870     -0.01039     -0.01250     -0.01076
     1.08548     -0.01989      0.00085     -0.01178
     1.41175     -0.01103     -0.00432     -0.01663
     0.27157     -0.01627      0.00753     -0.02094
     1.81941     -0.00787     -0.00734     -0.02549
     1.19435     -0.01447     -0.00509     -0.01830
     0.36023     -0.01345     -0.00576     -0.01735
     0.17571     -0.01254     -0.00353     -0.01735
     0.33635     -0.01199     -0.00652     -0.01876
     0.24581     -0.01407     -0.00424     -0.01760
     0.34649     -0.01718     -0.00106     -0.01691
     0.87400     -0.00974     -0.00320     -0.01748
     0.48117     -0.01194     -0.00454     -0.01413
     0.38281     -0.01349     -0.00314     -0.03828
     2.64228     -0.01237     -0.00488     -0.01826
     0.24343     -0.01368     -0.00473     -0.01002
     0.86374     -0.00122     -0.00007     -0.01826
     1.54520     -0.00956     -0.00724     -0.01410
     0.47548     -0.02746     -0.00978     -0.01893
     1.92975     -0.01546     -0.00658     -0.00787
     1.15838     -0.01184     -0.00634     -0.02337
     0.80583     -0.01233     -0.00606     -0.01763
     0.10589     -0.01092     -0.00527     -0.01445
     0.34321     -0.01430     -0.00373     -0.02292
     0.84767     -0.00788     -0.00570     -0.01673
     0.53077     -0.01090     -0.00648     -0.01704
     0.16545     -0.01300     -0.00603     -0.01615
     0.12641     -0.00645     -0.00763     -0.02882
     1.63710      0.00163      0.00797     -0.01659
     2.41651     -0.01209     -0.00641     -0.01926
     0.30325     -0.01257     -0.00776     -0.00931
     0.93114     -0.01051     -0.00639     -0.00709
     1.19973     -0.01584     -0.00765     -0.02716
     1.35322     -0.01215     -0.00619     -0.01659
     0.02425     -0.01348     -0.00412     -0.01569
     0.32710     -0.01180     -0.00587     -0.01030
     0.79264     -0.01210     -0.00617     -0.02194
     0.62957     -0.01061     -0.00967     -0.01107
     0.83766     -0.01209     -0.00624     -0.01655
     0.03067     -0.01782     -0.00778     -0.01981
     0.80194     -0.01371     -0.00110     -0.01395
     0.73584     -0.01064     -0.00385     -0.01135
     0.74665     -0.00321     -0.01118     -0.02143
     1.37591     -0.01150     -0.00599     -0.01570
     0.15944     -0.00614     -0.00553     -0.02445
     1.19481     -0.01195     -0.00668     -0.01647
     0.07533     -0.01440     -0.00069     -0.00426
     1.69048     -0.02279      0.00617     -0.01437
     2.00877     -0.01381     -0.00121     -0.02047
     0.78344     -0.01301     -0.00622     -0.02952
     1.55673     -0.01244     -0.00739     -0.00948
     0.90252     -0.01211     -0.00614     -0.01665
     0.02084     -0.00717     -0.00712     -0.02113
     0.81871     -0.01428     -0.01056     -0.01071
     0.94617     -0.01111     -0.00403     -0.02477
     1.01923     -0.02533      0.00153     -0.02716
     2.24560     -0.01196     -0.00634     -0.01162
     0.63048     -0.01060     -0.01053     -0.03124
     1.85110     -0.00782     -0.00425     -0.02140
     0.81206     -0.00384     -0.00710     -0.02501
     1.43486     -0.02667      0.00580     -0.01718
     2.28988     -0.00614     -0.01075     -0.02493
     1.35700     -0.01280     -0.00502     -0.01687
     0.16250     -0.01175     -0.00572     -0.01915
     0.30043     -0.01138     -0.00733     -0.01689
     0.17032     -0.01166     -0.00400     -0.01651
     0.27875     -0.01258     -0.00802     -0.01347
     0.46335     -0.01143     -0.00345     -0.01926
     0.46206     -0.01231     -0.00580     -0.01628
     0.07949     -0.00023      0.00581     -0.02242
     2.17737     -0.01222     -0.00609     -0.01209
     0.57288     -0.01049     -0.00478     -0.01779
     0.29856     -0.01281     -0.00466     -0.00611
     1.31747     -0.02274     -0.00594     -0.02919
     1.98696     -0.01184     -0.00641     -0.00745
     1.13880     -0.01645     -0.01204     -0.01880
     0.91381     -0.00544     -0.01185     -0.02181
     1.23661     -0.01313     -0.00445     -0.02505
     1.03737     -0.01151     -0.00817     -0.01277
     0.55103     -0.01184     -0.00595     -0.01940
     0.32465     -0.01214     -0.00610     -0.01176
     0.61203     -0.01495     -0.00705     -0.01214
     0.66617     -0.01003     -0.01120     -0.01648
     0.66565     -0.02043     -0.00207     -0.02214
     1.29943     -0.01198     -0.00613     -0.01673
     0.02887     -0.01130     -0.00593     -0.01550
     0.19395     -0.01151     -0.00687     -0.01398
     0.36115     -0.01466     -0.00277     -0.01967
     0.62444     -0.01334     -0.00512     -0.02042
     0.48360     -0.00953      0.00350     -0.03113
     2.13313     -0.01297     -0.00416     -0.01813
     0.31392     -0.00240     -0.01571     -0.01890
     1.68468     -0.00563     -0.00657     -0.00328
     1.83164     -0.01398     -0.00346     -0.02454
     1.02805     -0.01339     -0.01040     -0.01303
     0.70094     -0.01062     -0.00332     -0.01460
     0.48151     -0.00810      0.00495     -0.01269
     1.53295     -0.00196     -0.00466     -0.00494
     1.91878     -0.01411     -0.00483     -0.01515
     0.34950     -0.01238     -0.00553     -0.02882
     1.47163     -0.01509     -0.01053     -0.01464
     0.68605     -0.01587     -0.00701     -0.01791
     0.47859     -0.01201     -0.00609     -0.01514
     0.20167     -0.01425     -0.02070     -0.02019
     1.83378     -0.01163     -0.00709     -0.00249
     1.74848     -0.01204     -0.00622     -0.01523
     0.18970     -0.01205     -0.00738     -0.01479
     0.28262     -0.01203     -0.00207     -0.01737
     0.51038     -0.01421     -0.00377     -0.00804
     1.13341     -0.01503     -0.00738     -0.01622
     0.37945     -0.02277      0.00664     -0.00877
     2.24726     -0.01101     -0.00313     -0.00511
     1.47991     -0.01064     -0.00683     -0.01854
     0.29656     -0.01471     -0.00464     -0.02780
     1.39220     -0.01313     -0.00696     -0.01384
     0.38710     -0.02174     -0.01335     -0.01133
     1.59904     -0.01105     -0.00607     -0.01573
     0.19053     -0.01150     -0.00592     -0.01870
     0.25135     -0.01118     -0.00649     -0.01728
     0.14241     -0.00892     -0.01052     -0.01456
     0.71428     -0.01211     -0.00610     -0.01670
     0.01952     -0.01107     -0.00952     -0.01357
     0.57974     -0.00524     -0.00732     -0.01556
     0.87229     -0.01189     -0.00727     -0.01864
     0.26352     -0.01232     -0.00591     -0.00807
     1.06282     -0.01514     -0.00691     -0.01396
     0.50409     -0.01397     -0.01057     -0.01760
     0.58299     -0.01285     -0.00873     -0.00505
     1.46578     -0.02324      0.00386     -0.01493
     1.83669     -0.01284     -0.00926     -0.01964
     0.51617     -0.01195     -0.00507     -0.01168
     0.63811     -0.01332     -0.00716     -0.01576
     0.21867     -0.00935     -0.00848     -0.01570
     0.46306     -0.01259     -0.00573     -0.01515
     0.21192     -0.01310     -0.00402     -0.01576
     0.31483     -0.02259     -0.00687     -0.01898
     1.29844     -0.00464     -0.00591     -0.02425
     1.29697     -0.00588     -0.01704     -0.01234
     1.62264     -0.01218     -0.00582     -0.02163
     0.59350     -0.01049     -0.00532     -0.01625
     0.24317     -0.00476     -0.01599     -0.01623
     1.50040     -0.01158     -0.00615     -0.02751
     1.31159     -0.01160     -0.00603     -0.01681
     0.07622     -0.01115     -0.00763     -0.01340
     0.46517     -0.01140     -0.00286     -0.01517
     0.46352     -0.01143     -0.00502     -0.01716
     0.17910     -0.00799     -0.01820     -0.01055
     1.72693     -0.01234     -0.00633     -0.01685
     0.02445     -0.01019     -0.00656     -0.01664
     0.24989     -0.01166     -0.00694     -0.01784
     0.17031     -0.01243     -0.00675     -0.02208
     0.65014     -0.01211     -0.00614     -0.01388
     0.35457     -0.01314     -0.01686     -0.02382
     1.56172     -0.01432     -0.00398     -0.01691
     0.37602     -0.01142     -0.00574     -0.01144
     0.66078     -0.01111     -0.00700     -0.01598
     0.19090     -0.01076     -0.00624     -0.03003
     1.62582     -0.01294     -0.00199     -0.01273
     0.71921     -0.01218     -0.00740     -0.01844
     0.24907     -0.02218      0.00428     -0.01520
     1.77653     -0.01209     -0.00614     -0.00916
     0.92982     -0.00947     -0.00367     -0.01873
     0.51257     -0.01458     -0.00690     -0.02111
     0.60887     -0.01308     -0.00663     -0.02800
     1.37336     -0.01364     -0.00583     -0.01183
     0.63098     -0.01311     -0.00558     -0.00678
     1.22674     -0.01102     -0.01137     -0.02224
     0.92730     -0.00976     -0.00568     -0.01339
     0.51350     -0.01227     -0.00621     -0.01640
     0.04752     -0.01038     -0.00608     -0.01109
     0.72875     -0.02031     -0.00001     -0.00543
     1.86251     -0.01038     -0.00672     -0.01970
     0.42477     -0.01607     -0.00097     -0.00657
     1.47790     -0.01593     -0.01632     -0.01529
     1.32713     -0.01130     -0.00825     -0.01594
     0.29045     -0.00672     -0.01035     -0.01904
     0.88244     -0.01627     -0.00594     -0.01805
     0.52068     -0.01804     -0.01027     -0.02649
     1.46798     -0.01949     -0.01124     -0.01316
     1.16702     -0.01206     -0.00618     -0.01866
     0.23008     -0.01569     -0.00756     -0.01830
     0.49306     -0.01235      0.00009     -0.01036
     1.09702     -0.00692      0.00682     -0.00345
     2.36369     -0.00949     -0.01008     -0.01852
     0.61411     -0.01822     -0.00489     -0.01340
     0.85734     -0.00585     -0.00872     -0.00245
     1.93621     -0.01488      0.00259     -0.02189
     1.28391     -0.01117     -0.00569      0.00007
     2.05979     -0.01160     -0.00706     -0.01195
     0.60250     -0.01243     -0.00581     -0.01370
     0.37966     -0.01238     -0.00609     -0.01865
     0.23009     -0.01237     -0.00536     -0.01942
     0.33908     -0.00134     -0.00778     -0.02783
     1.89969     -0.01408     -0.00598     -0.01400
     0.41071     -0.01272     -0.00592     -0.01842
     0.21308     -0.00907      0.00667     -0.01740
     1.61802     -0.01096     -0.00740     -0.01871
     0.31555     -0.01119     -0.00582     -0.01743
     0.15379     -0.01198     -0.00747     -0.03280
     1.96057     -0.01798     -0.01044     -0.03454
     2.33352     -0.01338     -0.00476     -0.02457
     0.97694     -0.01118     -0.00514     -0.01182
     0.63115     -0.01117     -0.00377     -0.01398
     0.46968     -0.01158     -0.00703     -0.01686
     0.12595     -0.01274     -0.00751     -0.02041
     0.47548     -0.01191     -0.00611     -0.01677
     0.03697     -0.00831     -0.01018     -0.01705
     0.67807     -0.02410     -0.00871     -0.01369
     1.53012     -0.01225     -0.00583     -0.01620
     0.08482     -0.01926     -0.00967     -0.01830
     0.97760     -0.00911     -0.00479     -0.02587
     1.18363     -0.01597     -0.00603      0.00097
     2.21335     -0.01308     -0.00547     -0.01615
     0.15965     -0.00869      0.00846     -0.02197
     1.94129     -0.01201     -0.00638     -0.01664
     0.03601     -0.00746     -0.00710     -0.01997
     0.70513     -0.00298     -0.00640     -0.01972
     1.18055     -0.01541      0.00235     -0.01166
     1.27821     -0.01723     -0.00952     -0.01961
     0.81184     -0.01197     -0.00452     -0.01944
     0.38582     -0.01081     -0.00757     -0.02257
     0.74468     -0.01187     -0.00336     -0.01524
     0.39724     -0.00898     -0.00681     -0.01885
     0.47282     -0.01250     -0.00584     -0.01562
     0.15332     -0.01445     -0.00513     -0.01730
     0.31073     -0.01210     -0.01295     -0.01908
     0.86950     -0.01254     -0.00530     -0.01976
     0.38235     -0.01248     -0.00365     -0.01608
     0.32537     -0.01036     -0.00627     -0.02031
     0.48507     -0.01243     -0.00385     -0.01599
     0.30487     -0.02038     -0.00319     -0.01943
     1.11191     -0.01285     -0.00605     -0.01551
     0.17474     -0.02383     -0.00940     -0.00811
     1.81237     -0.01209     -0.00636     -0.01715
     0.05031     -0.01115     -0.00912     -0.01704
     0.37906     -0.01542     -0.00285     -0.00943
     1.06136     -0.01129     -0.00703     -0.01695
     0.15096     -0.01413     -0.00640     -0.01792
     0.27430     -0.00963     -0.00298     -0.01995
     0.63417     -0.01695     -0.01027     -0.02143
     0.95116     -0.01064     -0.00768     -0.01601
     0.27787     -0.01254     -0.01086     -0.01371
     0.68145     -0.01108     -0.00652     -0.01979
     0.39417     -0.02435      0.00033     -0.01653
     1.68369     -0.00866     -0.00586     -0.00225
     1.82416     -0.01231     -0.00755     -0.02273
     0.74481     -0.01109     -0.00506     -0.01611
     0.21085     -0.01337     -0.00725     -0.01552
     0.24544     -0.01119     -0.00475     -0.01540
     0.27375     -0.00872     -0.00655     -0.02190
     0.75596     -0.01606     -0.00340     -0.01207
     0.81838     -0.01221     -0.00401     -0.02219
     0.71215     -0.01219     -0.00623     -0.01482
     0.23908     -0.00976     -0.00730     -0.01829
     0.37400     -0.01124     -0.00605     -0.01836
     0.22673     -0.00780     -0.00020     -0.02355
     1.22720     -0.01724     -0.01552     -0.01204
     1.41470     -0.01354     -0.00669     -0.01933
     0.35627     -0.02110      0.00332     -0.01754
     1.59315     -0.01228     -0.00593     -0.01407
     0.33303     -0.01014     -0.00022     -0.01700
     0.77263     -0.01282     -0.00810     -0.01498
     0.32764     -0.01159     -0.00494     -0.02051
     0.48651     -0.01323     -0.00881     -0.02354
     0.89269     -0.01603     -0.00848      0.00205
     2.34750     -0.01364     -0.00370     -0.01993
     0.52185     -0.00582     -0.01050     -0.01895
     0.97494     -0.01400     -0.00615     -0.01323
     0.48524     -0.01140     -0.00348     -0.01426
     0.46373     -0.01263     -0.00654     -0.01638
     0.08321     -0.00902     -0.00256     -0.02392
     1.05202     -0.00570     -0.00337     -0.01279
     0.99306     -0.00879     -0.00533     -0.01990
     0.57384     -0.01400     -0.00700     -0.01934
     0.39342     -0.01203     -0.00575     -0.00810
     1.05990     -0.01265     -0.00671     -0.01513
     0.21761     -0.01510     -0.00776     -0.00844
     1.09337     -0.01223     -0.00625     -0.01885
     0.25281     -0.01187     -0.00614     -0.01696
     0.04682     -0.01037     -0.00227     -0.01591
     0.54013      0.00539     -0.02143     -0.02118
     2.87587     -0.01115     -0.00550     -0.01625
     0.16743     -0.01250     -0.00537     -0.01642
     0.11727     -0.01008     -0.00517     -0.03205
     1.88429     -0.00194     -0.00264     -0.02055
     1.40234     -0.01169     -0.00655     -0.03294
     1.97322     -0.01979     -0.00088     -0.01858
     1.15225     -0.01161     -0.00458     -0.02318
     0.80919     -0.01614     -0.00939     -0.01703
     0.61885     -0.01378     -0.00672     -0.02886
     1.48715     -0.01183     -0.00615     -0.01630
     0.07388     -0.01397     -0.00848     -0.01660
     0.35142     -0.01964     -0.01695     -0.01903
     1.61725     -0.00839     -0.00268     -0.02250
     0.94210     -0.01263     -0.00553     -0.01598
     0.13835     -0.01571      0.00791     -0.03621
     2.93654     -0.00805     -0.01088     -0.02070
     0.89927     -0.01638     -0.00186     -0.02105
     0.90127     -0.01750     -0.00435     -0.01451
     0.73900     -0.00673     -0.00813     -0.01685
     0.70736     -0.00728     -0.01395     -0.01094
     1.32657     -0.01003      0.00097     -0.00894
     1.32340     -0.01176     -0.00579     -0.01314
     0.45009     -0.01626     -0.00509     -0.01344
     0.65585     -0.01412     -0.00098     -0.01542
     0.69905     -0.01213     -0.00683     -0.01595
     0.12614     -0.01303     -0.00934     -0.01161
     0.74389     -0.01234     -0.00618     -0.00199
     1.80410     -0.01357     -0.00328     -0.01854
     0.44893     -0.02064     -0.00113     -0.01844
     1.21878     -0.00752     -0.00919     -0.01203
     0.89134     -0.01074     -0.00011     -0.02101
     0.92280     -0.02041     -0.01257     -0.01199
     1.39595     -0.01209     -0.00616     -0.01678
     0.01417     -0.01399     -0.00281     -0.01193
     0.75475     -0.01142     -0.00873     -0.02056
     0.56282     -0.01257     -0.00577     -0.01192
     0.59715     -0.01347     -0.01308     -0.01623
     0.85503     -0.01147     -0.01036     -0.01375
     0.63345     -0.00891     -0.01163     -0.01983
     0.85903     -0.01344     -0.00553     -0.00358
     1.61983     -0.01613     -0.00719     -0.01931
     0.58233     -0.01024     -0.00611     -0.01603
     0.25557     -0.01314      0.00586     -0.01360
     1.52598     -0.01240     -0.00724     -0.01841
     0.23698     -0.01570     -0.00570     -0.01545
     0.46086     -0.01195     -0.00612     -0.01701
     0.04288     -0.01233     -0.01057     -0.02253
     0.88086     -0.01308      0.00218     -0.01481
     1.05684     -0.00962     -0.00346     -0.01999
     0.60385     -0.01218     -0.00628     -0.02088
     0.50011     -0.01181     -0.00460     -0.00936
     0.92706     -0.01310     -0.00872     -0.01368
     0.49886     -0.01378     -0.00599     -0.01414
     0.37617     -0.00844     -0.01354     -0.01437
     1.04680     -0.00911     -0.00744     -0.00875
     1.06044     -0.01233     -0.00678     -0.01736
     0.10052     -0.00963     -0.00478     -0.02024
     0.55304     -0.01155     -0.00687     -0.01703
     0.11692     -0.00262     -0.00641     -0.02175
     1.31676     -0.01667     -0.00861     -0.00565
     1.49231     -0.00850     -0.00759     -0.00715
     1.26998     -0.01192     -0.01012     -0.01640
     0.48038     -0.01055     -0.00267     -0.01851
     0.52016     -0.01197     -0.02382      0.00378
     3.25605     -0.01415     -0.00461     -0.02621
     1.19125     -0.00860     -0.01246     -0.01861
     0.90805     -0.01334     -0.00630     -0.01351
     0.42239     -0.00846     -0.00462     -0.02246
     0.85141     -0.01215     -0.00497     -0.01692
     0.15181     -0.01183     -0.00628     -0.01651
     0.05671      0.00133     -0.00716     -0.02134
     1.74472     -0.01630     -0.01487     -0.01658
     1.16942     -0.01209     -0.00613     -0.01662
     0.02498     -0.00530     -0.00420     -0.03047
     1.88636     -0.01196     -0.00665     -0.01543
     0.17534     -0.01172     -0.00143     -0.01607
     0.59235     -0.01198     -0.00624     -0.01574
     0.13000     -0.01853     -0.00519     -0.01792
     0.79495     -0.01203     -0.00389     -0.02190
     0.68591     -0.01251      0.00133     -0.02794
     1.64327     -0.01216     -0.00657     -0.01776
     0.12753     -0.00485      0.00214     -0.01940
     1.39354     -0.01144     -0.00582     -0.01755
     0.14029     -0.01020     -0.00437     -0.02439
     0.98524     -0.00842      0.00002     -0.02424
     1.27194     -0.01232     -0.01103     -0.01959
     0.68139     -0.02360     -0.00557     -0.01509
     1.40868     -0.01015     -0.01149     -0.02010
     0.80088     -0.01317     -0.00637     -0.01958
     0.36161     -0.01301     -0.00430     -0.01595
     0.27242     -0.01230     -0.00635     -0.01695
     0.03001     -0.01858      0.00018     -0.00200
     2.11282     -0.01074     -0.00544     -0.01019
     0.82853     -0.01212     -0.00603     -0.01685
     0.02497     -0.01320     -0.00605     -0.01984
     0.39262     -0.00812      0.00296     -0.01774
     1.22915     -0.01272     -0.00598     -0.01895
     0.27386     -0.01138     -0.00756     -0.01663
     0.19390     -0.00954     -0.00693     -0.02310
     0.84118     -0.01219     -0.00624     -0.01554
     0.15178     -0.01493     -0.00639     -0.01826
     0.38016     -0.01757     -0.00743     -0.01709
     0.67299     -0.01606     -0.00461     -0.02487
     1.11105     -0.00357     -0.00741     -0.00662
     1.63259     -0.00472     -0.00885     -0.00091
     2.16024     -0.00921     -0.01524     -0.03344
     2.34051     -0.01483     -0.00453     -0.01895
     0.46332     -0.01250     -0.00650     -0.01534
     0.18251     -0.00436     -0.01300     -0.01266
     1.36194     -0.01208     -0.01528     -0.01633
     1.10842     -0.01078     -0.00783     -0.01854
     0.33945     -0.01471     -0.00166     -0.01276
     0.80103     -0.01224     -0.00601     -0.01619
     0.07620     -0.01281     -0.01050     -0.01746
     0.53560     -0.01150     -0.00664     -0.01430
     0.31936     -0.01025     -0.00622     -0.01801
     0.28117     -0.01028     -0.00696     -0.00631
     1.30140     -0.01289     -0.00683     -0.01388
     0.37142     -0.00147     -0.00549     -0.02860
     1.94899     -0.01474     -0.00718     -0.02188
     0.70484     -0.01025     -0.00447     -0.01975
     0.48236     -0.01108     -0.01284     -0.01537
     0.83806     -0.01236      0.00088     -0.01827
     0.88383     -0.00867      0.00141     -0.01985
     1.09038     -0.01262     -0.00702     -0.01590
     0.15457     -0.01539     -0.00539     -0.01686
     0.40143     -0.01005     -0.00145     -0.02001
     0.74848     -0.01284     -0.00474     -0.01996
     0.43368     -0.01148     -0.00383     -0.03844
     2.64743     -0.01195      0.00005     -0.02102
     0.92259     -0.02048     -0.01218     -0.02816
     1.86570     -0.01213     -0.00616     -0.00681
     1.21678     -0.01551     -0.00760     -0.01714
     0.44001     -0.01206     -0.00627     -0.01667
     0.02307     -0.01318     -0.00619     -0.01689
     0.12034     -0.01596      0.00092     -0.01234
     1.12231     -0.01245     -0.00495     -0.02044
     0.47372     -0.01028     -0.00614     -0.01496
     0.32345     -0.01231     -0.00606     -0.01715
     0.05075     -0.01280     -0.00584     -0.02298
     0.76157     -0.01822     -0.01493     -0.00895
     1.60780     -0.01210     -0.00616     -0.01660
     0.02493     -0.00774      0.00245     -0.01955
     1.23472     -0.00995      0.00025     -0.01344
     0.92860     -0.01966      0.00403     -0.02073
     1.61837     -0.00658     -0.00692     -0.01747
     0.69590     -0.01328     -0.00125     -0.01892
     0.67175     -0.01325     -0.00480     -0.02424
     0.93454     -0.01547     -0.00557     -0.01170
     0.74172     -0.01126     -0.00467     -0.01310
     0.50024     -0.01228     -0.00209     -0.02361
     0.97329     -0.01123     -0.00596     -0.01783
     0.17681     -0.01239     -0.00585     -0.01996
     0.39097     -0.00849     -0.00171     -0.01342
     0.82105     -0.01310     -0.00516     -0.01569
     0.21457     -0.01207     -0.00685     -0.01629
     0.09957     -0.01150     -0.00411     -0.01751
     0.28392     -0.01001     -0.00492     -0.02054
     0.55366     -0.00970     -0.00759     -0.01527
     0.39432     -0.00945     -0.00805      0.00312
     2.44824     -0.00666      0.00382     -0.02358
     1.62552     -0.01303     -0.00589     -0.01477
     0.26844     -0.01443     -0.00796     -0.01490
     0.41559     -0.00579      0.00424     -0.01010
     1.70280     -0.01229     -0.00619     -0.01627
     0.06372     -0.01160     -0.00208     -0.02382
     0.99862     -0.00641     -0.01141     -0.01169
     1.13426     -0.00697     -0.01136     -0.00946
     1.26511     -0.01401     -0.00557     -0.02566
     1.10832     -0.01358     -0.00210     -0.02016
     0.67035     -0.00626     -0.00664     -0.01598
     0.73255     -0.01298     -0.00706     -0.01849
     0.25161     -0.01620     -0.01838     -0.02366
     1.77411     -0.01312     -0.00843     -0.01886
     0.38855     -0.01218     -0.00602     -0.01670
     0.02531     -0.01258      0.00172     -0.02213
     1.16687     -0.00553     -0.01576     -0.01465
     1.44433     -0.01093     -0.00502     -0.01914
     0.35753     -0.01034     -0.00734     -0.01595
     0.28489     -0.01207     -0.00611     -0.01637
     0.05412     -0.01249     -0.00630     -0.01309
     0.45212     -0.02367     -0.01097     -0.01379
     1.55895     -0.01108     -0.00932     -0.00496
     1.49685     -0.01130     -0.00359     -0.02200
     0.72066     -0.01212     -0.00613     -0.01651
     0.03506     -0.01072     -0.00557     -0.02064
     0.51057     -0.01451     -0.00677     -0.01401
     0.44520     -0.01194     -0.00693     -0.01802
     0.17788     -0.01228     -0.00607     -0.01854
     0.21532     -0.02152     -0.01401     -0.02827
     2.04034     -0.01061     -0.00782     -0.02090
     0.57316     -0.00636     -0.01086     -0.02905
     1.75247     -0.00604     -0.01565     -0.01415
     1.41260     -0.01672     -0.01344     -0.01793
     1.04951     -0.01256     -0.00574     -0.01870
     0.24570     -0.02756     -0.00533     -0.00853
     2.12962     -0.00519     -0.01572     -0.02581
     1.81446     -0.00202     -0.01064     -0.00035
     2.41491     -0.01615     -0.00389     -0.01581
     0.57164     -0.01343     -0.00715     -0.02128
     0.58138     -0.01209     -0.00610     -0.01723
     0.05809     -0.01205     -0.00579      0.00179
     2.26256     -0.01187     -0.00615     -0.02569
     1.08746     -0.01297     -0.00919     -0.01739
     0.38315     -0.00496      0.00517     -0.00797
     1.96450     -0.01189     -0.00560     -0.01929
     0.31743     -0.02587     -0.00341     -0.01543
     1.71064     -0.01126     -0.01090     -0.01856
     0.62267     -0.00947     -0.00423     -0.01708
     0.41288     -0.02310     -0.02168     -0.01118
     2.40736     -0.01172     -0.00434     -0.02518
     1.05101     -0.00873     -0.00987     -0.00969
     1.06188     -0.01418     -0.01380     -0.01968
     1.02075     -0.00867     -0.00572     -0.02357
     0.93487     -0.00881     -0.00374     -0.03098
     1.80573     -0.01121     -0.00506     -0.01124
     0.70003     -0.01303     -0.00623     -0.01540
     0.19712     -0.01550     -0.01536     -0.01910
     1.22090     -0.00936     -0.00852     -0.01543
     0.47588     -0.01127     -0.00654     -0.01778
     0.17150     -0.02160     -0.01478     -0.01071
     1.72017     -0.01583     -0.00891     -0.01175
     0.82483     -0.01168     -0.00638     -0.01659
     0.07052     -0.01284     -0.00550     -0.01458
     0.29237     -0.01675     -0.00257     -0.01829
     0.73458     -0.01340     -0.01045     -0.02065
     0.71557     -0.01229     -0.01424     -0.00758
     1.49018     -0.01195      0.00033     -0.03269
     2.09339     -0.01076     -0.01229     -0.01779
     0.77174     -0.02012     -0.00408     -0.01836
     1.01899     -0.01300     -0.00129     -0.02115
     0.80855     -0.01148     -0.00591     -0.01623
     0.11607     -0.01246     -0.00662     -0.02124
     0.54727     -0.01030     -0.00646     -0.01776
     0.26238     -0.00673     -0.00675     -0.02587
     1.29547     -0.01277     -0.00231     -0.02368
     0.96896     -0.01233     -0.00634     -0.01866
     0.23096     -0.00964     -0.00620     -0.01327
     0.53003     -0.01047     -0.00560     -0.01536
     0.28254     -0.00829     -0.00503     -0.01701
     0.49917     -0.01264     -0.00606     -0.02037
     0.44152     -0.00697     -0.01486     -0.02084
     1.32917     -0.00800     -0.00384     -0.01686
     0.58847     -0.01210     -0.00616     -0.01663
     0.02329     -0.01114     -0.00657     -0.01088
     0.73257     -0.01209     -0.00245     -0.02138
     0.72527     -0.01521     -0.00214     -0.01960
     0.70637     -0.01209     -0.00615     -0.00881
     0.97227     -0.01132     -0.00838     -0.02006
     0.49169     -0.01062     -0.00719     -0.01686
     0.22749     -0.01281     -0.00697     -0.02018
     0.43132     -0.01084     -0.00980     -0.00860
     1.10218     -0.01214     -0.00618     -0.01443
     0.28616     -0.01210     -0.00616     -0.01450
     0.27838     -0.00138     -0.00207     -0.02516
     1.74405     -0.01326     -0.00681     -0.01550
     0.21546     -0.01189     -0.00834     -0.02390
     0.90747     -0.01433     -0.00818     -0.01236
     0.64486     -0.00977     -0.01010     -0.02275
     0.91826     -0.01057     -0.00600     -0.01560
     0.24693     -0.00965      0.00178     -0.00858
     1.43120     -0.00697      0.00109     -0.01718
     1.09626     -0.01195     -0.00603     -0.01690
     0.03957     -0.01152     -0.00510     -0.01399
     0.37562     -0.01632     -0.00583     -0.01902
     0.57341     -0.01403     -0.01089     -0.01909
     0.67491     -0.01491     -0.00670     -0.01665
     0.33689     -0.00489     -0.00489     -0.02071
     1.02557     -0.01337      0.00268     -0.01952
     1.14288     -0.01075      0.00001     -0.02295
     1.08238     -0.01008     -0.01137     -0.01835
     0.70728     -0.01616     -0.00561     -0.00599
     1.40378     -0.01722     -0.00670     -0.02094
     0.79761     -0.01872     -0.00548     -0.01346
     0.89744     -0.00916     -0.01073     -0.01267
     0.83176     -0.01135     -0.00909     -0.01824
     0.40749     -0.01492     -0.00561     -0.01527
     0.38645      0.00032      0.00127     -0.01328
     1.82924     -0.01329     -0.00608     -0.01737
     0.15185     -0.01007     -0.00593     -0.01638
     0.26587     -0.01532     -0.00526     -0.02484
     1.06057     -0.01212     -0.00621     -0.01600
     0.09622     -0.01205     -0.00603     -0.02321
     0.78476     -0.01079     -0.00449     -0.02430
     0.95621     -0.01335     -0.00655     -0.02313
     0.78862     -0.01221     -0.00619     -0.01636
     0.05136     -0.02058     -0.00625     -0.00097
     2.18263     -0.01462     -0.00950     -0.01577
     0.51361     -0.01216     -0.00603     -0.01613
     0.08253     -0.01820      0.00813     -0.01331
     1.94230     -0.01236     -0.00732     -0.01663
     0.13780     -0.01258     -0.00598     -0.00918
     0.92817     -0.01166     -0.00413     -0.01262
     0.57095     -0.00535     -0.01550     -0.00936
     1.67404     -0.02215     -0.00143     -0.01332
     1.41081     -0.01149     -0.00601     -0.01680
     0.08970     -0.01208     -0.00617     -0.01555
     0.15045     -0.01316     -0.00592     -0.01847
     0.23961     -0.01219     -0.00617     -0.01675
     0.00644     -0.01061     -0.00270     -0.00587
     1.41137     -0.01046     -0.00236     -0.01482
     0.56821     -0.01109     -0.00422     -0.01716
     0.28150     -0.01200     -0.00625     -0.00547
     1.38033     -0.00951     -0.01209     -0.01773
     0.79695     -0.00015     -0.01085     -0.00978
     1.79240     -0.00589     -0.01207     -0.02702
     1.63226     -0.01511     -0.00327     -0.01629
     0.50720     -0.01268     -0.00607     -0.01544
     0.17487     -0.01604     -0.00545     -0.02567
     1.18504     -0.01209     -0.00620     -0.01667
     0.01879     -0.01230     -0.00642     -0.01646
     0.04867     -0.01309     -0.00678     -0.01400
     0.36335     -0.01275     -0.00550     -0.01656
     0.11267     -0.01584     -0.01118     -0.02312
     1.07813     -0.01959     -0.00979     -0.02323
     1.27363     -0.00939     -0.01288     -0.02334
     1.19181     -0.01696     -0.01071     -0.01565
     0.81177     -0.01507     -0.00720     -0.01840
     0.41992     -0.01232     -0.00480     -0.01193
     0.61619     -0.01273     -0.00708     -0.01622
     0.14269     -0.01333     -0.00731     -0.01547
     0.25094     -0.01126     -0.00586     -0.02232
     0.68678     -0.01210     -0.00615     -0.01661
     0.02454     -0.01792     -0.00798     -0.01567
     0.74269     -0.01201     -0.00885     -0.01369
     0.49613     -0.01136     -0.00989     -0.01703
     0.46112     -0.01207     -0.00695     -0.01708
     0.09828     -0.01440     -0.00417     -0.02604
     1.18712     -0.01223     -0.00618     -0.01648
     0.03709     -0.01194     -0.00617     -0.01755
     0.09867     -0.01136     -0.02136     -0.00867
     2.09943     -0.00585     -0.00236     -0.00830
     1.37473     -0.01185     -0.00588     -0.01426
     0.31283     -0.01157     -0.00674     -0.00827
     1.04300     -0.01244     -0.00661     -0.01735
     0.08974     -0.01657     -0.01423     -0.02005
     1.18364     -0.00987     -0.00767     -0.00879
     1.03084     -0.01566     -0.00543     -0.02069
     0.64381     -0.01016     -0.00813     -0.01925
     0.45549     -0.01270     -0.00773     -0.01509
     0.28450     -0.01216     -0.00610     -0.01535
     0.17534     -0.01541     -0.00352     -0.01835
     0.54579     -0.00821     -0.00858     -0.01098
     0.90609     -0.00740     -0.00021     -0.01340
     1.02370     -0.01210     -0.00614     -0.01668
     0.01931     -0.01216     -0.00612     -0.01659
     0.02646     -0.01407     -0.00767     -0.00204
     1.82171     -0.01220     -0.00606     -0.01527
     0.18498     -0.01201     -0.00616     -0.01675
     0.02344     -0.01189     -0.00613     -0.01651
     0.05085     -0.01516     -0.00614     -0.02340
     0.88413     -0.01205     -0.00643     -0.01722
     0.06243     -0.01209     -0.00617     -0.01645
     0.04309     -0.01084     -0.00627     -0.01696
     0.16729     -0.01230     -0.00580     -0.01651
     0.06044     -0.01486     -0.00286     -0.02840
     1.50993     -0.01162     -0.00354     -0.00378
     1.62094     -0.01221     -0.00601     -0.01584
     0.11725     -0.01166     -0.00617     -0.03006
     1.62110     -0.01062      0.00204     -0.01224
     1.16507     -0.01516     -0.00192     -0.01353
     0.75003     -0.01209     -0.00613     -0.01723
     0.05734     -0.01109     -0.00751     -0.03234
     1.90951     -0.01527     -0.00655     -0.01754
     0.38786     -0.00256     -0.00348     -0.01456
     1.25179     -0.01256     -0.00793     -0.01890
     0.33549     -0.01209     -0.00614     -0.01660
     0.02691     -0.02064     -0.00959     -0.02341
     1.37342     -0.00830     -0.01275     -0.00321
     1.89786     -0.01096     -0.00570     -0.02142
     0.58926     -0.00790     -0.01502     -0.00822
     1.58743     -0.00896     -0.00543     -0.02545
     1.13283     -0.01232     -0.00618     -0.01590
     0.10775     -0.01489     -0.00447     -0.00598
     1.37463     -0.01376     -0.00724     -0.01383
     0.42662     -0.01186     -0.00830     -0.01990
     0.45994     -0.00031     -0.00349     -0.02264
     1.65085     -0.01256     -0.00370     -0.01725
     0.31494     -0.01278     -0.00513     -0.01626
     0.16274     -0.01416     -0.00196     -0.00909
     1.09838     -0.01436     -0.01471     -0.02656
     1.60319     -0.01143     -0.00654     -0.01474
     0.26951     -0.01231     -0.00593     -0.01819
     0.17577     -0.00781     -0.00507     -0.01206
     0.79807     -0.01619     -0.00811     -0.02041
     0.69787     -0.01234     -0.00661     -0.02008
     0.40553     -0.01169     -0.00763     -0.01567
     0.22886     -0.01343     -0.01016     -0.01727
     0.50809     -0.01199      0.00731     -0.00986
     1.85292     -0.01295     -0.00392     -0.01349
     0.49734     -0.00562     -0.00704     -0.01511
     0.83430     -0.01136      0.00061     -0.01827
     0.85757     -0.01289     -0.00290     -0.00981
     0.94560     -0.01208     -0.00629     -0.02135
     0.55725     -0.01405     -0.00671     -0.01686
     0.23445     -0.00979     -0.01471     -0.01986
     1.14132     -0.01165     -0.00432     -0.01509
     0.31555     -0.01096     -0.00641     -0.01817
     0.22915     -0.00915     -0.00356     -0.01686
     0.49295     -0.01227     -0.00640     -0.00913
     0.93331     -0.01249     -0.00620     -0.01120
     0.68200     -0.01089     -0.00453     -0.01881
     0.35916     -0.00970     -0.00653     -0.00496
     1.47373     -0.02488     -0.00410     -0.02643
     1.96124     -0.02400     -0.00396     -0.02451
     1.74243     -0.01191     -0.00614     -0.01652
     0.04754     -0.00632      0.01040     -0.00771
     2.41736     -0.01233     -0.00738     -0.01904
     0.31155     -0.01148     -0.00588     -0.01623
     0.11710     -0.00537     -0.01685     -0.01793
     1.54876     -0.01017     -0.00484     -0.01023
     0.85318     -0.01196     -0.00583     -0.01747
     0.09993     -0.01158     -0.00461     -0.00996
     0.85777     -0.00891     -0.00715     -0.02499
     1.08436     -0.01415     -0.00708     -0.01579
     0.28712     -0.01389     -0.00851     -0.02059
     0.58083     -0.01344     -0.00696     -0.01630
     0.18650     -0.01715     -0.00666     -0.01290
     0.76930     -0.01135     -0.00059     -0.01984
     0.78691     -0.01457     -0.00237     -0.01756
     0.55781     -0.00118     -0.00761     -0.01629
     1.35673     -0.00830     -0.00237     -0.01316
     0.79999     -0.01901     -0.00246     -0.00798
     1.43199     -0.01240     -0.00576     -0.02318
     0.78322     -0.01693     -0.00612     -0.01447
     0.64228     -0.00609     -0.00816     -0.01229
     0.95510     -0.01378     -0.00975     -0.01765
     0.48521     -0.01009     -0.01110     -0.01011
     1.04147     -0.02127     -0.01433     -0.02967
     2.16257     -0.01902     -0.00966     -0.02012
     1.01759     -0.01412     -0.01340     -0.01452
     0.94889     -0.01130     -0.00769     -0.01984
     0.42940     -0.00905     -0.00276     -0.02679
     1.34695     -0.01186     -0.00824     -0.02193
     0.67678     -0.01118     -0.00782     -0.01994
     0.45025     -0.01217     -0.00641     -0.01550
     0.15745     -0.00883     -0.00488     -0.01433
     0.53338     -0.01334     -0.00095     -0.02552
     1.25177     -0.00885     -0.00507     -0.01791
     0.45275     -0.01131     -0.00549     -0.02054
     0.47947     -0.01343     -0.00346     -0.00615
     1.34798     -0.01220     -0.00496     -0.01646
     0.15721     -0.01210     -0.00621     -0.02090
     0.50322     -0.01438     -0.00829     -0.01275
     0.61423     -0.01212     -0.00565     -0.01520
     0.20418     -0.01122     -0.00698     -0.01678
     0.15206     -0.01211     -0.00577     -0.02031
     0.43413     -0.00949     -0.00611     -0.01324
     0.54376     -0.01193     -0.00845     -0.01991
     0.47087     -0.01277     -0.00300     -0.01359
     0.55565     -0.01250     -0.00599     -0.01673
     0.04527     -0.01107     -0.00590     -0.01817
     0.22175     -0.01202     -0.00605     -0.01596
     0.10418     -0.00592     -0.01076     -0.02592
     1.46188     -0.01275