    36.01486     21.06551    -15.68314
    57.29239     47.88334    -16.84938
    57.38404     47.86101    -16.87561
    52.04055     46.97881    -11.09698
    36.01219     21.06640    -15.71027
    42.03627     29.52648     -7.56796
    42.01698     29.55789     -7.58587
    42.04001     29.49561     -7.60956
    52.66661     41.22971    -14.07752
    55.93415     65.00986    -22.50294
    53.81684     55.40274     -8.46881
    53.87408     55.52318     -8.52011
    36.00800     21.07549    -15.45298
    55.82665     57.29472     -9.79447
    55.81896     57.28546     -9.86111
    55.82398     57.28914     -9.78695
    55.82264     57.28581     -9.79625
    26.40235     20.71116    -12.62946
    42.60831     34.28960    -11.74262
    48.74134     42.37737    -10.20823
    48.68236     42.42060    -10.18435
    48.68201     42.38588    -10.23143
    40.38708     33.30113    -14.84632
    26.40315     20.70392    -12.67217
    26.38388     20.70239    -12.67334
    26.41803     20.71131    -12.60523
    35.45589     20.09652    -13.72789
    26.80807     38.61400    -12.50756
    26.72162     38.58414    -12.53524
    26.69416     38.58144    -12.51170
    36.01978     21.07159    -15.63988
    36.01764     21.06173    -15.65947
    36.01572     21.07529    -15.63629
    33.55778     25.94983    -10.93609
    33.56659     25.96308    -10.93281
    33.54593     25.97940    -10.94366
    51.48836     49.74267     -9.93877
    51.48964     49.76909     -9.79323
    51.48919     49.74785     -9.87770
    26.37250     20.70461    -12.73136
    43.41736     35.08320    -13.76552
    42.95550     28.57644    -10.48573
    36.02576     21.09260    -15.70182
    55.76608     64.74977    -22.41400
    55.80111     64.78017    -22.43140
    55.74692     64.68944    -22.36404
    55.74494     64.68448    -22.38975
    42.91966     31.48161     -8.03418
    40.04586     32.47499    -14.60276
    51.82433     52.24277     -8.79450
    30.35069     32.12262    -16.14270
    30.31447     32.14267    -16.12516
    30.31586     32.13941    -16.11996
    30.32374     32.13924    -16.12001
    35.46957     20.12371    -13.76521
    35.46745     20.14347    -13.78225
    34.43546     31.14195    -10.57410
    34.44468     31.12516    -10.49677
    34.42065     31.13584    -10.53246
    34.42645     31.13222    -10.52345
    52.15494     52.22770     -7.29808
    55.72508     56.29298    -14.54829
    55.72213     56.24985    -14.50274
    55.72917     56.26812    -14.52985
    42.95946     28.60407    -10.28456
    42.94079     28.61126    -10.28969
    42.90637     28.63480    -10.39554
    42.93036     28.63082    -10.33020
    26.43601     20.72852    -12.56739
    26.44402     20.71758    -12.58658
    26.45439     20.71940    -12.55932
    54.97085     50.28184    -13.47336
    34.41473     31.16106    -10.42879
    33.36065     25.68945    -10.87860
    33.56117     25.94488    -10.93624
    37.63237     31.64930    -11.08444
    35.62751     20.45616    -14.02340
    35.94453     20.99818    -15.18937
    35.94576     20.98742    -15.18839
    33.53965     38.07288    -17.84452
    50.55315     44.03570    -10.91291
    39.50057     32.04046     -9.10173
    39.41453     32.15838     -9.12926
    42.42469     28.51896    -11.94287
    26.39228     20.69349    -12.68508
    40.41929     32.45329    -11.58338
    40.33625     32.91147    -11.41020
    51.48957     49.73038     -9.98171
    40.36461     32.97164    -14.79643
    43.70073     35.14436    -13.87833
    40.53355     34.28929    -10.30133
    40.60911     34.16593    -10.39231
    26.40407     20.70027    -12.72009
    43.06777     28.51065     -9.97635
    43.06178     28.52904    -10.08504
    43.09429     28.47407     -9.98743
    60.86318     54.61550    -24.07244
    42.99317     28.61529    -10.18665
    35.44857     20.05172    -13.76581
    35.48551     20.02551    -13.73579
    39.21936     32.19115     -8.52082
    38.99452     32.17503     -8.32622
    55.75567     64.68581    -22.46522
    49.73470     36.80595    -12.30453
    49.72232     36.79438    -12.29634
    49.67409     36.73658    -12.23209
    59.64794     51.59861    -10.29614
    59.59059     51.37614    -10.31411
    42.66747     37.74510     -7.71598
    26.61223     38.61966    -12.66987
    29.42314     20.29267    -12.99701
    29.49310     20.17225    -13.04664
    29.46654     20.21059    -13.07962
    33.49006     20.35539    -12.67476
    33.44785     20.29782    -12.70833
    33.42716     20.31374    -12.70997
    33.44226     20.31185    -12.70758
    42.67473     34.44560    -11.54631
    26.75797     38.70751    -12.71019
    53.55078     55.10758     -8.28662
    35.44001     19.91910    -13.80582
    31.12434     42.61272    -13.50802
    42.67909     34.43933    -11.53864
    35.45035     36.91241    -14.47265
    35.45738     36.90595    -14.48234
    51.19012     44.86989    -11.22016
    42.75462     34.33412    -11.52263
    42.36104     33.56137    -12.55767
    42.40198     33.71003    -12.41660
    42.35200     33.53133    -12.62635
    52.79164     41.42598    -14.24580
    52.69599     41.29998    -14.11415
    52.67779     41.22638    -14.10425
    35.44423     20.14772    -13.64801
    31.29560     43.87014     -9.57820
    26.34692     20.69762    -12.72170
    43.74453     35.14586    -13.87476
    43.74500     35.18466    -13.86264
    18.62573     31.27243     -8.66516
    43.36373     41.44682     -9.76477
    40.48702     33.77135    -10.68346
    34.04006     44.93062    -12.97251
    33.30740     44.78416    -12.80374
    33.10131     44.57392    -12.38115
    45.27523     46.34245    -26.62001
    47.62420     47.50910    -26.54980
    45.27418     46.35328    -26.63531
    40.37985     32.99540    -14.83158
    40.40035     33.02969    -14.79590
    40.37121     32.99492    -14.80779
    32.55918     24.74481    -10.82887
    49.80036     36.91462    -12.33636
    20.18159     23.55398     -9.51530
    51.22086     38.93965    -13.14147
    48.59943     35.22015    -11.63115
    41.91744     37.22260    -11.31875
    48.12230     50.16007    -12.36558
    48.18023     50.07097    -12.18915
    48.22707     50.05087    -12.09776
    23.61298     35.68717    -11.74684
    23.67943     35.69934    -11.77879
    23.11646     36.98852     -9.19454
    23.10239     36.98105     -9.19725
    23.09990     37.03209     -9.15290
    59.76708     52.06000    -10.33799
    35.53560     20.04224    -13.69558
    40.26495     32.83118    -14.74394
    21.22649     23.32261    -10.68403
    23.92533     35.71828    -11.85234
    35.41388     20.09909    -13.77437
    48.29134     39.93058    -10.67145
    48.26677     39.87707    -10.68659
    48.25120     39.81019    -10.67004
    40.56404     34.03436    -10.47573
    40.65135     34.13019    -10.44478
    50.48556     43.90088    -10.88022
    47.55481     37.60054     -9.93944
    47.59383     37.68418     -9.71894
    47.59386     37.68243     -9.72713
    42.66940     28.65732    -10.89948
    42.68797     28.64930    -10.92788
    42.55215     28.60837    -11.19511
    40.34375     33.10381    -14.84113
    48.64421     35.41517    -11.67090
    48.68376     35.42450    -11.67575
    48.63245     35.37958    -11.65950
    48.32088     39.98386    -10.66150
    42.87749     34.39275    -11.14501
    37.24793     28.50035    -21.91372
    36.50000     24.91008     -8.85807
    21.38515     23.49176    -11.05731
    26.53686     20.73971    -12.86751
    20.36054     23.55843     -9.89109
    40.72006     31.38616     -7.66952
    40.71644     31.38864     -7.66158
    45.51727     42.92909     -7.66524
    42.70249     37.88261     -7.78423
    31.21850     43.72635     -9.66869
    31.21949     43.74319     -9.68827
    53.75019     45.74257    -13.47946
    53.88019     45.96091    -13.53173
    53.76157     45.76914    -13.49706
    53.81278     45.83066    -13.49834
    31.73493     35.88656    -15.35313
    31.71448     35.88484    -15.38477
    51.21689     40.94900    -12.30119
    34.36210     45.01537    -13.03448
    34.32662     45.01527    -13.07398
    34.92074     36.02121    -17.28880
    37.26948     29.83727    -10.67324
    51.19027     41.06305    -12.23007
    26.55082     38.65963    -12.77279
    26.65859     38.65519    -12.71478
    35.98336     21.04048    -15.77699
    35.99782     20.98865    -15.80781
    42.65711     37.88172     -7.69303
    42.68170     37.90107     -7.71582
    42.91500     31.80250    -17.05960
    35.39216     36.88946    -14.45248
    51.08258     40.84357    -12.19909
    51.20463     41.16519    -12.18102
    45.53993     42.93519     -7.64201
    45.50475     42.95763     -7.61824
    48.29455     35.25054    -11.44405
    31.26904     43.78040     -9.60920
    21.42588     23.08819    -11.20754
    21.44173     23.26588    -11.44650
    37.52266     32.27247    -11.50139
    43.47334     41.43100     -9.87515
    35.46792     36.95635    -14.49233
    35.49134     36.98831    -14.53699
    35.49839     36.96824    -14.51067
    42.60815     37.92245     -7.31613
    41.87466     36.88478    -11.59086
    36.48583     24.91711     -8.88087
    36.50797     24.85130     -8.90839
    26.65705     38.53532    -12.54278
    47.04376     34.59570    -10.30470
    34.32461     31.22406    -10.56815
    18.77466     31.03806     -9.15130
    18.64676     31.21535     -8.94087
    35.02645     46.17170     -9.41995
    41.99408     29.32965     -7.62651
    42.04566     29.41996     -7.66527
    49.96923     45.60731    -10.80337
    23.57166     24.73653    -13.71538
    52.17341     52.23538     -6.95266
    52.10963     52.21416     -6.86072
    26.45105     38.60229    -12.71755
    41.98746     28.99424     -7.76137
    52.06923     52.31437     -7.54920
    51.96804     52.32322     -7.77426
    33.52936     38.09403    -17.88776
    31.31337     43.63066     -9.53331
    33.52532     26.03080    -10.99865
    27.60050     32.67590    -17.18070
    41.06641     27.30764     -8.13317
    41.00265     27.34113     -8.17946
    52.70028     51.96232     -7.35146
    49.55690     57.61963    -23.54883
    34.69810     33.59550    -16.31990
    51.22859     38.93896    -13.13629
    21.39491     23.18522    -11.09320
    29.87651     36.43295    -13.45430
    41.34989     29.36671    -16.75585
    43.69569     35.24173    -13.81630
    31.27090     43.70194     -9.59662
    31.31452     43.72400     -9.61831
    33.56126     38.10977    -17.90192
    33.54786     38.10260    -17.94153
    23.13449     36.97299     -9.28535
    23.14093     36.93990     -9.26546
    41.67486     28.67414     -7.98360
    49.94501     44.84030    -10.45067
    27.40859     38.77826    -11.90928
    28.07643     39.02271    -11.37114
    28.12135     39.03801    -11.45674
    27.61266     38.84890    -11.67506
    39.33290     32.20223     -8.89998
    38.30370     23.94830     -8.91820
    23.13491     36.68842     -9.25066
    55.72962     56.32001    -14.56371
    55.74398     56.30971    -14.65384
    23.37266     35.58840    -11.62128
    39.97791     54.57076    -10.16875
    45.83194     43.04836     -7.57253
    26.65096     38.68721    -12.80562
    43.63428     35.13284    -13.85567
    41.92204     37.10714    -11.45851
    49.15005     36.02673    -11.94279
    48.97119     35.76668    -11.84332
    50.05544     43.72102    -10.57315
    35.45932     30.54773    -13.03193
    35.37021     30.80012    -12.93267
    51.22648     38.92801    -13.15221
    31.24307     43.68385     -9.60575
    20.11080     24.00205    -10.12868
    55.20999     50.60494    -13.38600
    55.05561     50.33225    -13.47858
    54.96126     50.20420    -13.51835
    45.42538     42.86815     -7.70348
    45.50178     42.87451     -7.70717
    33.43341     38.06835    -17.62355
    48.87580     42.31248    -10.31658
    48.84410     42.33718    -10.32253
    48.88673     42.37081    -10.25463
    42.59673     33.12715    -13.23162
    23.55756     24.57344    -13.83493
    33.95231     44.15649    -10.01138
    50.21547     44.04214    -10.64454
    50.99622     40.74498    -12.19792
    50.99503     40.77388    -12.19362
    17.32054     26.23300     -8.87402
    28.62660     39.37794    -11.28127
    28.79390     39.50155    -11.23035
    28.76270     39.52219    -11.28145
    50.20179     43.85587    -10.59935
    52.79994     41.29545    -14.27558
    23.58407     24.60970    -13.77362
    23.58396     24.62553    -13.79041
    52.21148     41.14170    -13.41523
    36.05150     36.83580    -16.65510
    34.93485     35.99902    -17.23052
    34.93018     36.00156    -17.23233
    20.17991     23.34097     -9.68082
    21.30916     23.31873    -10.71829
    49.80391     36.98386    -12.36850
    33.50755     38.06477    -17.82329
    33.49152     38.07401    -17.78134
    41.40027     29.34413    -16.46495
    41.35976     29.35907    -16.73045
    56.83482     65.42706    -23.95585
    43.71950     35.05798    -13.95366
    51.43677     45.26751    -11.31811
    51.44082     45.25283    -11.33746
    51.77371     52.33461     -8.69214
    33.96554     46.12849     -9.13269
    43.92690     43.35860    -25.81570
    51.57420     44.98750    -11.45279
    43.87240     46.62340    -23.87660
    45.61938     42.98261     -7.60390
    49.89997     37.06032    -12.40813
    49.89548     37.05842    -12.39697
    38.69890     31.97608     -7.97017
    38.66013     32.25062     -8.16300
    19.54294     28.14322     -8.11764
    21.00539     23.34103    -10.39270
    21.00251     23.28175    -10.33860
    21.16479     23.27635    -10.63322
    38.97441     36.31660     -8.39676
    38.83434     36.11927     -8.23821
    50.35745     43.79902    -10.77960
    21.48755     23.83771    -11.47123
    21.41938     23.54754    -11.25413
    52.97492     43.52017    -13.28425
    33.45406     38.00586    -17.75749
    37.51365     32.01951    -11.10568
    29.84049     36.42342    -13.55301
    45.39335     42.89974     -7.57295
    43.07981     28.51607    -10.13357
    50.63447     44.36881    -10.90545
    51.07764     44.85883    -11.15686
    37.85840     28.20460    -11.24300
    42.54939     38.05595     -6.96727
    49.79440     54.26780    -26.21010
    32.59457     22.40087     -9.90674
    32.90447     45.07761    -13.36224
    32.65545     45.23305    -13.60617
    32.76798     45.09769    -13.37543
    32.78583     45.13324    -13.38732
    50.92234     44.49131    -11.14642
    23.20270     37.00031     -9.48114
    36.42811     29.30704     -9.70940
    42.99720     31.60373     -8.08551
    37.78923     29.50428     -9.38016
    44.92470     31.47050    -10.29290
    48.84434     42.30978    -10.27913
    40.15432     54.74450    -10.07881
    41.98176     28.75510     -7.93507
    41.99810     28.85245     -7.83169
    42.57079     28.56081    -11.24621
    46.69087     32.80516     -6.86494
    46.67488     32.79431     -6.87550
    46.69720     32.79724     -6.87495
    25.08210     22.76080    -15.26680
    35.45586     20.12249    -13.58806
    35.40843     36.77859    -14.34744
    51.87735     52.40422     -8.09718
    31.67380     35.87061    -15.43921
    31.22471     43.68671     -9.55188
    41.77373     29.63799     -7.34268
    45.65611     43.01630     -7.61030
    26.78324     38.69716    -12.63019
    42.54377     34.03876    -11.96811
    35.85656     27.97546    -12.83924
    35.44083     20.20351    -13.91658
    50.34965     43.78103    -10.83211
    53.05350     43.55001    -13.57703
    38.27440     28.36460    -17.94510
    35.47861     20.02952    -13.65740
    31.13461     42.61070    -13.55354
    31.03552     42.63577    -13.55024
    18.06749     26.32103     -6.55949
    51.99044     52.11685     -6.51858
    35.46978     18.87196    -14.25667
    37.06258     30.72922    -18.56295
    38.18507     31.60008    -19.62968
    37.10522     30.69998    -18.50355
    39.66170     39.17189     -8.58844
    39.66590     39.16891     -8.58286
    51.31473     41.88054    -12.13066
    42.07615     28.96654    -13.54445
    51.90747     46.32006    -11.26112
    23.70370     37.25600     -7.08850
    45.88846     59.29852    -16.49476
    46.31780     59.10500    -13.12020
    45.91574     59.34018    -16.49334
    40.69760     38.22336     -9.39527
    28.42518     39.25960    -11.36645
    38.51875     27.80958    -15.41928
    17.30715     26.24081     -8.92558
    17.16741     26.27111     -9.15488
    50.11235     44.17711    -10.59754
    32.53720     24.84164    -10.73803
    26.60205     38.50016    -12.62517
    33.84895     47.62227    -11.83407
    52.22895     52.17029     -7.10583
    46.73031     39.27049    -14.42771
    36.11270     45.26220    -17.48320
    46.87770     39.29520    -14.53279
    46.91963     39.33779    -14.52947
    52.29750     52.20964     -7.10187
    29.25036     42.73746    -15.52522
    29.25254     42.75744    -15.49668
    58.48709     48.55658    -10.55574
    58.45320     47.91189    -11.02670
    58.43198     47.75933    -11.02587
    33.52167     47.62353    -11.80230
    38.77667     32.01399     -8.00116
    37.70199     21.23823    -17.09710
    37.72151     21.21917    -17.10260
    40.63355     28.20911     -8.12497
    40.71566     28.09527     -8.16123
    41.33514     35.69055    -11.98041
    20.11981     24.19590    -10.31168
    20.07280     24.52312    -10.75520
    43.64282     33.97582     -8.08889
    37.00667     27.64701    -21.91369
    52.01040     47.70741    -10.65738
    52.05211     47.62330    -10.75273
    52.06247     47.39282    -10.87877
    52.78808     51.97467     -7.33240
    21.38485     23.10741    -10.75528
    53.48458     49.77657    -11.78428
    49.02923     42.42621    -10.16663
    40.92840     27.15011     -8.20605
    42.25543     28.65516    -13.34272
    42.03976     37.09590    -11.67732
    36.61998     25.33336     -9.07677
    32.49329     24.59415    -10.93373
    32.57172     24.73058    -10.84635
    32.44304     24.55537    -10.83634
    41.17793     27.19585     -8.24985
    42.90728     34.32742    -11.60946
    42.94068     34.32473    -11.58287
    42.12343     28.78623    -13.55576
    42.11590     28.84181    -13.54984
    51.83504     52.26960     -8.43558
    21.39786     23.11191    -10.69839
    51.10492     40.76150    -12.25234
    51.11838     40.83431    -12.28047
    43.60345     33.98551     -8.12831
    43.61282     33.98568     -8.14008
    52.41878     52.03319     -7.22540
    41.48147     27.47733     -8.24016
    20.15865     23.49072     -9.57782
    50.33291     44.09816    -10.71669
    50.28597     44.15762    -10.60621
    20.09495     23.54871     -9.70138
    50.29030     43.91868    -10.66392
    48.88296     48.35110    -15.76298
    50.21050     49.60490    -15.33280
    48.86434     48.32890    -15.74342
    52.00935     51.93853     -7.22986
    29.83583     36.38675    -13.53034
    26.17217     20.81422    -12.75840
    55.97286     64.98673    -22.50588
    26.51008     20.74836    -12.40455
    26.57244     20.75559    -12.41751
    31.17695     42.63361    -13.50809
    31.30541     42.62850    -13.42316
    35.46730     19.40161    -14.01004
    51.29749     40.78911    -12.40730
    26.58323     20.85044    -11.68659
    52.75191     51.91949     -7.46652
    52.88829     51.78826     -7.44049
    36.48124     48.01063     -9.52321
    48.86378     42.07053    -10.37889
    35.84535     27.99974    -12.81252
    35.70720     28.70250    -10.32355
    40.94551     54.67753     -9.43025
    42.01282     29.29517     -7.72557
    48.89319     42.23862    -10.29588
    42.76390     30.88949     -7.96039
    51.36351     45.23071    -11.15457
    53.55421     49.82261    -11.75571
    29.52608     20.09592    -13.14092
    40.93064     27.58454     -8.05403
    47.64329     43.35014     -8.46029
    53.34023     52.11009     -7.98648
    53.48207     49.87060    -11.76809
    29.83735     36.38932    -13.45474
    29.88459     36.39462    -13.46979
    36.41565     29.34187     -9.64902
    23.22128     35.42386    -11.44775
    47.63357     43.40528     -8.26268
    48.91469     42.15991    -10.37914
    36.47805     25.23421     -8.77921
    42.22340     29.85072     -7.64416
    42.36338     30.07054     -7.78384
    51.22756     44.79970    -11.26396
    31.13411     43.33737     -9.59098
    51.09368     45.19645    -11.25827
    38.30090     27.88390    -15.37142
    20.37482     23.59516     -9.87834
    40.13545     37.54674     -9.25729
    26.23753     20.92292    -10.86291
    25.93816     20.95606    -10.59812
    25.83414     20.91276    -10.46152
    50.78152     43.02073    -11.37105
    51.66676     45.81275    -11.10430
    26.28903     20.69296    -12.81557
    34.79594     46.06108     -9.28536
    34.86160     46.11911     -9.28623
    34.87933     46.03419     -9.23057
    49.24759     43.38716    -13.18666
    29.79558     36.42467    -13.67371
    53.39475     49.81538    -11.80957
    53.43812     49.82957    -11.81138
    45.07430     40.70701    -12.62109
    37.56722     31.95850    -11.18176
    50.32031     43.93655    -10.80492
    32.73978     27.29445    -10.53150
    33.43021     46.43020    -13.81223
    36.50675     29.36364     -9.78373
    27.37580     19.40650    -13.56040
    22.40970     21.39250    -11.10800
    18.82990     30.97212     -9.39536
    43.98630     36.41374     -8.22767
    51.37934     41.25152    -12.32891
    36.38227     48.42440     -8.89880
    59.63130     51.94797     -9.97282
    53.08972     41.96854    -14.55749
    37.78952     32.72397    -13.02414
    36.51040     24.95446     -9.02211
    21.69947     22.91298    -10.20089
    42.06033     29.25881     -7.75424
    42.73696     34.36703    -11.63264
    42.70945     34.45560    -11.67187
    26.54821     20.73345    -12.27860
    21.51958     23.23373    -11.68988
    37.64397     31.80892    -11.15313
    37.62364     31.76973    -11.07566
    36.02099     29.23996    -10.02918
    44.36765     36.44548     -8.19052
    41.46210     27.60116     -8.23919
    42.09466     26.87880     -8.87790
    35.19321     30.89092    -13.10661
    35.13638     32.88634     -7.43317
    43.65349     34.03866     -8.07301
    29.93731     36.43063    -13.45970
    29.97044     36.50201    -13.48861
    24.15060     33.31891    -13.88770
    24.11910     31.65590    -14.19770
    40.23409     33.46122    -11.48682
    35.79624     28.29989    -12.99698
    35.81541     28.29237    -12.97797
    19.53566     28.14258     -8.12716
    48.41294     49.86659    -11.63385
    48.39730     49.94186    -11.65044
    48.37909     49.89627    -11.74840
    40.63322     33.61303    -11.06639
    42.05473     26.85242     -8.81011
    38.97460     53.32478    -10.93922
    40.36930     28.90750    -11.08900
    36.55648     25.14448     -9.06334
    52.94689     43.89611    -12.41802
    52.72694     44.30164    -12.03308
    55.58560     48.26350    -15.06370
    40.12921     28.07872     -6.87250
    40.14876     28.10478     -6.81851
    39.96593     54.55109    -10.06790
    42.47262     41.96995     -9.22651
    42.67003     41.79524     -9.37245
    42.96795     41.63635     -9.51585
    33.94979     47.90807    -11.70577
    35.78329     27.93090    -12.56618
    47.52781     37.41540    -10.23514
    36.04844     29.17223     -9.94848
    42.75293     34.28076    -11.57611
    35.81052     28.28364    -13.07316
    26.51003     38.52979    -12.62832
    17.86890     33.31230     -3.54400
    31.38640     43.90881     -9.49916
    42.28599     28.58659    -13.25432
    39.37133     53.68453    -11.45890
    41.90590     37.31544    -11.23752
    42.05858     39.80616     -9.91659
    53.41829     49.91196    -11.88523
    24.25504     33.46596    -13.92243
    42.70206     37.92335     -7.88833
    42.73905     37.98460     -7.87003
    34.46518     45.08311    -13.17506
    43.36361     41.53855     -9.77220
    36.30217     19.64705    -13.44484
    54.04540     50.53200     -8.91750
    26.72327     38.09100    -10.24355
    35.50366     30.61561    -12.94233
    19.72618     22.57827     -7.84855
    39.75191     33.90569    -12.27011
    59.77093     54.25888    -21.63009
    59.68608     54.35348    -21.17331
    59.63544     54.55977    -20.65491
    45.25123     46.31248    -26.59946
    50.54589     44.94478    -10.78186
    53.11426     43.63267    -13.65235
    28.51914     25.10676    -13.77189
    28.50702     25.10125    -13.85146
    36.48758     47.78679     -9.77850
    36.49627     47.89706     -9.64132
    38.67875     29.49722     -9.64535
    38.65376     29.55497     -9.67681
    36.71649     34.26805    -12.09164
    53.24492     49.73687    -11.86610
    30.58021     42.28484     -9.84513
    59.69656     51.89569    -10.17763
    52.28410     52.32695     -7.15812
    29.16686     33.81046    -11.73812
    29.17241     33.71814    -11.67225
    29.10642     33.91413    -11.83441
    35.86460     50.13430     -8.09360
    52.15470     38.42500    -10.76880
    39.40110     40.90210     -9.53460
    34.05445     48.08042    -11.52230
    35.95975     27.69951    -12.64591
    28.60700     35.49150    -11.00160
    28.97144     34.12563    -11.96497
    39.06637     32.17006     -8.27820
    23.17371     23.22569    -12.58662
    23.22813     23.17656    -12.51663
    23.15230     23.15259    -12.51356
    34.43110     43.09450    -20.58980
    34.05380     42.96560    -17.63400
    31.37844     34.20108    -16.28804
    31.42763     34.21900    -16.25477
    48.64883     49.68217    -11.14875
    49.59680     37.17130     -8.03180
    42.21745     29.74397     -7.68624
    59.86290     52.21509    -10.57328
    48.55541     42.49296    -15.33214
    33.75931     26.18463     -8.62374
    33.75268     26.10446     -8.60732
    28.69250     38.77950    -13.45680
    48.13980     62.62900    -16.83150
    37.77550     45.24520    -21.96600
    45.54124     42.81375     -7.70147
    50.54297     43.59699    -11.06547
    19.70630     27.26990    -14.20460
    25.71730     24.01840    -14.62910
    30.81894     42.47041     -9.82169
    31.08913     43.24580     -9.66628
    42.35503     38.06388     -6.43795
    42.38665     37.96408     -6.37994
    42.35366     37.92918     -6.35409
    39.39619     53.72201    -11.65155
    39.47608     53.80940    -11.67629
    39.41854     53.81165    -11.73725
    37.53750     35.57940    -10.89980
    47.63752     43.53911     -8.43562
    42.31473     26.67276     -9.12717
    38.09099     41.18674    -18.46675
    59.36399     51.85864     -9.30498
    35.48920     49.55510     -6.83640
    19.78362     22.62483     -7.78555
    42.56238     34.14892    -11.78291
    35.72314     29.13331    -13.22151
    42.06749     54.16971    -10.66981
    42.22796     54.06444    -10.86591
    42.19493     54.11178    -10.91617
    52.06020     59.89710    -22.93630
    52.62240     59.43380    -24.33510
    42.84375     31.86067     -7.90617
    38.84786     31.49937    -14.61545
    39.07267     31.50531    -14.53800
    38.90670     31.27857    -14.55124
    40.27548     28.00410     -7.15905
    32.93594     44.80959    -12.93442
    21.35467     23.44474    -11.28835
    47.70320     45.95270    -14.10210
    22.09473     25.83925    -11.80337
    38.33250     26.83410     -7.76300
    34.69509     31.21407    -13.43818
    37.73767     49.33809    -12.64844
    33.03328     45.64344    -13.61965
    32.41069     22.07831    -10.75165
    42.73870     32.60132    -14.23536
    39.61860     26.99760     -5.94330
    53.46416     54.93558     -8.12969
    53.43144     54.94873     -8.04748
    53.42546     54.93316     -8.17358
    26.39631     38.40669    -12.59614
    41.46093     39.19997     -9.76855
    24.09847     34.16034    -14.17166
    42.27873     29.63853     -7.95942
    42.32915     37.51240     -7.79034
    40.41507     33.10701    -11.22863
    50.22787     57.14409    -25.03820
    50.01361     57.31167    -24.90609
    50.30713     57.11000    -25.09621
    54.20522     55.74468     -8.65629
    31.75200     20.96740    -12.66180
    41.41570     53.02850     -7.48610
    27.23400     38.49366    -10.87088
    54.86480     59.73460     -8.00220
    56.67740     60.55160     -9.56270
    43.76512     36.45732     -8.22475
    36.48831     25.25340     -8.94450
    51.14767     45.02655    -11.00950
    35.21752     30.99051    -13.20793
    20.78430     28.26350     -8.84910
    45.45890     39.36025     -6.95414
    42.47385     28.16868    -11.39774
    41.77287     37.39820    -11.19787
    41.31760     52.31690    -14.82860
    41.94284     39.69790     -9.85092
    51.92908     46.37840    -11.38435
    52.13182     46.80466    -11.33182
    47.23268     34.80992    -10.57124
    42.68781     39.15417     -6.50793
    42.77056     39.56497     -6.52830
    35.83639     29.14509    -10.17450
    46.89454     38.62695    -14.83277
    56.61631     65.41425    -23.03177
    45.15122     40.75754    -12.59539
    45.13835     40.76674    -12.61245
    57.39175     47.85941    -16.88715
    36.70961     34.24365    -12.09556
    40.74444     31.99536    -12.04118
    18.61021     31.30442     -8.47634
    18.63212     31.38819     -8.31401
    18.66845     31.33209     -8.28313
    30.19360     15.51390    -22.92640
    30.12750     13.82510    -22.58130
    35.67385     28.32584    -10.57030
    47.63666     34.32902     -7.73642
    34.86110     25.91790    -13.95890
    33.73049     26.37038    -20.36257
    33.72376     26.37384    -20.44696
    33.65474     26.39554    -20.38175
    33.76935     26.39010    -20.37808
    51.81126     52.10029     -9.02701
    41.78708     39.77445    -10.01669
    52.96363     43.47278    -13.43146
    28.35718     39.22367    -11.45656
    24.37097     33.47357    -13.95564
    24.61814     33.50705    -13.95443
    24.37846     33.65083    -13.99851
    45.57844     42.84324     -7.64425
    32.03821     44.50615     -9.12942
    31.45530     35.89290    -12.17470
    41.77870     30.74190    -14.63390
    46.71406     38.91461    -14.60867
    56.27390     53.54740    -12.86100
    54.28950     52.86830    -11.93070
    33.54297     27.63044    -10.55413
    35.45817     32.39638     -7.74945
    20.44241     23.36315     -9.93549
    29.86097     19.79592    -12.98129
    41.26051     54.53693     -9.70067
    37.35603     29.80793    -10.88979
    45.38650     40.61960    -14.06780
    52.27592     51.60645     -9.76729
    31.42515     34.21078    -16.39303
    39.25907     31.72376    -14.56470
    49.93236     57.50737    -24.55413
    36.69930     22.92220     -7.11420
    18.07943     26.60530     -6.58028
    35.91398     29.43298    -10.19826
    58.46146     48.81350    -10.11473
    29.67153     19.94462    -13.04400
    34.04452     47.95560    -11.65077
    48.02344     43.01341     -8.95166
    25.57447     21.83257    -12.86325
    31.65200     37.81280    -17.97280
    40.37727     33.42661    -11.14332
    36.45575     25.08953     -8.90393
    51.94472     52.02845     -9.14573
    40.35480     32.29792    -11.66757
    26.20415     38.79102    -12.84640
    53.20607     51.99910     -7.76551
    37.86858     32.69803    -13.27537
    37.87498     32.68378    -13.24129
    43.23589     41.34148     -9.62778
    43.21302     41.47831     -9.59220
    18.01850     27.15384     -6.50854
    38.06232     29.56751     -9.00404
    58.90550     50.36640    -17.29480
    42.84483     38.46472    -12.50689
    42.71871     38.62125    -12.70069
    47.16981     44.75781     -8.98034
    33.26428     32.64568     -7.65918
    38.85629     35.98688     -8.24645
    42.84261     32.81197    -13.93975
    36.78887     27.32613    -21.82878
    36.89179     27.37892    -21.91101
    36.92141     27.36291    -21.88481
    40.87438     54.78560     -9.39918
    57.78140     45.95380    -19.94950
    37.70083     49.46295    -13.41375
    37.68906     49.39026    -13.02525
    37.71908     49.45591    -13.65072
    30.66160     41.06190    -14.08760
    35.29087     36.76740    -14.24564
    54.61300     43.71910    -15.58420
    41.15608     29.11173    -14.93718
    41.98033     39.80954     -9.99222
    38.40650     49.43370    -10.64190
    31.98847     21.85879    -11.22254
    31.94303     21.86013    -11.24589
    36.44233     25.10499     -8.78170
    34.27820     23.30980    -10.11930
    32.32640     42.74822    -12.69016
    36.06883     29.01466    -10.00695
    55.90230     62.32160    -24.12560
    51.80520     52.17144     -9.11279
    25.37660     34.78060     -9.73300
    40.54410     35.97845    -12.51895
    40.24227     36.25433    -12.62381
    32.48054     42.77022    -12.33454
    47.47770     44.19900    -13.70570
    57.84320     56.62030     -7.86500
    23.06651     23.15255    -12.55472
    38.03266     32.70923    -13.34240
    48.38099     39.67759    -14.71016
    60.88582     54.62720    -24.13616
    57.03651     65.49003    -23.83509
    57.07918     65.49228    -23.73712
    25.56709     38.94670    -13.02432
    35.80010     19.91233    -17.78236
    35.83671     19.92154    -17.92706
    45.66630     42.91847     -7.69590
    31.25991     43.57110     -9.48296
    26.24123     20.79369    -12.66268
    42.18116     34.75273    -11.67263
    41.24018     31.76116    -12.53675
    35.47255     46.47954     -9.41275
    47.54556     39.05726    -14.89623
    51.41242     51.20725     -7.34727
    40.53923     54.72464     -9.79675
    33.72892     26.24475     -8.67429
    51.21187     40.73447    -12.19711
    40.50227     32.08536    -11.85583
    38.03688     41.16192    -18.54700
    38.17276     41.24447    -18.42919
    37.89680     40.92992    -18.77739
    46.50560     40.92520    -10.37440
    40.05617     54.88599    -10.31203
    58.35935     48.75203     -9.75313
    26.78342     38.18955    -10.27930
    33.04490     37.15200    -15.08230
    40.95009     27.40496     -8.34370
    35.75966     30.83988    -12.70702
    33.57242     44.92124    -13.10966
    56.12880     66.11570    -20.89740
    44.20772     36.33025    -12.50890
    44.14922     36.35611    -12.49730
    44.11108     36.40076    -12.63421
    47.66666     34.49717     -7.62506
    47.74851     34.72162     -7.53474
    47.69834     34.68177     -7.61241
    18.17360     26.44880    -13.23670
    17.20154     27.42021     -5.78322
    25.84970     37.40030     -8.33290
    43.82340     36.43272     -8.31942
    38.01430     32.08322    -19.97752
    38.11110     31.78604    -19.78762
    41.96620     39.68856    -10.00394
    25.52343     22.42098    -13.15607
    25.53186     22.36435    -13.06558
    42.28374     56.75576    -10.17436
    35.45229     46.48012     -9.60853
    43.57924     34.05899     -8.10962
    49.84689     45.38839    -10.46034
    40.93066     38.53339     -9.45274
    44.85100     42.72200     -5.11700
    17.98951     26.23824     -6.25813
    41.99400     25.30230    -10.42310
    40.73985     27.63335     -7.61349
    45.55621     39.52905     -6.87676
    45.57064     39.60437     -6.84546
    36.14864     47.28495     -9.70042
    48.25342     39.73984    -14.69173
    35.16461     32.76210     -7.37458
    40.91060     34.23550    -16.75230
    47.74789     43.38620     -8.47534
    45.31490     37.68860    -12.74570
    31.50891     34.20684    -15.90647
    51.38281     41.33840    -12.39941
    35.54890     23.84040    -10.64570
    38.86564     29.48882     -9.75760
    29.92270     19.74393    -12.83363
    45.45240     34.36470     -9.65390
    47.73571     39.54733    -14.70388
    58.62976     56.39682    -10.32990
    58.85231     56.34013    -10.31616
    58.73505     56.38298    -10.35086
    33.83268     26.02776     -8.57084
    56.15560     63.33370    -20.96360
    33.97929     44.16821     -9.99272
    22.95391     34.92886    -11.08514
    28.96316     20.72673    -12.48038
    25.53320     38.49030     -6.66580
    33.21737     46.25289     -8.99575
    33.15189     46.28187     -8.93640
    54.80250     46.94499    -13.69296
    17.06223     27.36488     -5.49845
    17.02274     27.34487     -5.57993
    48.63029     42.39204    -15.35623
    48.63795     42.47556    -15.31940
    34.70823     47.03856    -12.15454
    34.48466     47.22919    -12.09332
    29.19475     27.29662    -12.60439
    17.92616     25.95408     -5.70809
    49.35814     57.48020    -23.17864
    48.74850     56.08120    -23.80340
    33.22192     32.66382     -7.73152
    35.26619     46.35130     -9.23692
    20.37610     23.68636     -9.49153
    30.44380     29.95390     -7.83580
    22.15315     26.02126    -11.91431
    45.03790     49.15630    -27.34960
    43.94640     28.53020    -14.08800
    33.04763     47.21618    -11.92859
    49.19440     35.19880     -9.12160
    22.89222     34.83210    -11.19191
    43.89672     36.02515    -13.13628
    47.89705     43.20132     -8.40659
    42.50701     38.73001    -13.12750
    19.12790     30.92560     -6.30180
    42.68180     34.99101    -13.61241
    40.24157     33.63890    -10.83775
    30.08302     41.85302    -10.04985
    49.25101     43.24384    -13.22644
    46.61479     46.33972     -6.55100
    46.61531     46.31318     -6.55660
    44.85030     47.70500     -5.77110
    22.30475     26.18154    -12.09900
    45.72804     37.35479     -9.66130
    32.33203     27.08494    -10.54228
    41.31239     29.12268    -15.24012
    39.67990     45.18180    -19.60970
    16.49600     29.29630    -16.03870
    35.99835     31.19884    -12.44704
    40.73700     52.99160    -11.98560
    47.05664     44.97249     -9.16824
    32.99360     28.94420    -10.75110
    25.89790     32.00640    -13.19250
    45.77066     37.37231     -9.70640
    49.41710     57.60880    -20.40500
    19.03115     30.67034     -9.63041
    42.35666     56.80734    -10.17544
    43.37440     57.70320     -9.08090
    22.15685     26.00837    -11.77821
    34.87868     46.24499     -9.63388
    30.77680     27.94290    -10.40010
    28.61980     25.17028    -13.61586
    33.30580     17.84170    -15.31120
    48.53230     48.02960    -14.10150
    31.42610     37.57310    -15.99920
    54.50201     46.68400    -13.69285
    35.27116     32.67408     -7.47061
    29.09835     27.24588    -12.62091
    43.69577     34.94148    -13.91284
    29.67537     43.88323    -13.60017
    29.74893     43.68827    -13.62538
    38.79082     27.76871    -15.44139
    33.94190     48.43720     -9.26220
    31.18540     46.23060    -15.59000
    32.33995     45.39462    -13.78997
    32.65336     22.30580    -10.11144
    42.79285     38.09428    -12.30926
    42.88980     26.81090    -14.48280
    39.41130     29.35850    -24.47000
    41.44500     25.02200     -7.22820
    18.42014     27.11312     -6.63538
