    36.02810     21.09757    -15.58959
    56.64770     48.03960    -16.63710
    57.67480     47.79070    -16.97679
    51.95531     47.20582    -10.89741
    36.02810     21.09757    -15.58960
    42.02132     29.21833     -7.68556
    42.02103     29.21768     -7.68562
    42.02105     29.21763     -7.68565
    52.55249     41.23231    -13.94858
    56.40299     65.60924    -22.64987
    53.48920     55.05594     -8.24004
    53.49051     55.05869     -8.24179
    36.02828     21.09799    -15.58325
    55.82306     57.28879     -9.80967
    55.82305     57.28878     -9.80975
    55.82306     57.28879     -9.80966
    55.82306     57.28878     -9.80967
    26.44736     20.69967    -12.54156
    42.71572     34.36637    -11.56876
    48.84355     42.27998    -10.31053
    48.84336     42.28007    -10.31048
    48.84333     42.28008    -10.31049
    40.37768     33.01582    -14.79931
    26.44732     20.69965    -12.54165
    26.44731     20.69965    -12.54164
    26.44739     20.69968    -12.54151
    35.40537     20.04813    -13.67621
    26.63611     38.56396    -12.67614
    26.63593     38.56379    -12.67606
    26.63589     38.56380    -12.67604
    36.02811     21.09759    -15.58952
    36.02811     21.09758    -15.58954
    36.02811     21.09759    -15.58951
    33.58371     25.98330    -10.93383
    33.58372     25.98332    -10.93383
    33.58369     25.98335    -10.93386
    51.48944     49.74210     -9.90491
    51.48944     49.74218     -9.90448
    51.48944     49.74213     -9.90474
    26.44729     20.69965    -12.54171
    43.54918     35.20487    -13.86691
    43.62830     28.38030    -11.01270
    36.02812     21.09761    -15.58958
    55.63051     64.47049    -22.33949
    55.63051     64.47049    -22.33949
    55.63051     64.47047    -22.33943
    55.63051     64.47046    -22.33948
    42.80169     30.88727     -7.94780
    40.37752     33.01350    -14.79828
    51.81230     52.32583     -8.56228
    30.32622     32.13597    -16.12698
    30.32617     32.13599    -16.12695
    30.32618     32.13599    -16.12695
    30.32619     32.13599    -16.12695
    35.40537     20.04813    -13.67625
    35.40536     20.04815    -13.67628
    34.54650     31.04128    -10.47560
    34.54649     31.04129    -10.47547
    34.54648     31.04128    -10.47553
    34.54648     31.04128    -10.47552
    52.05837     52.41083     -6.87118
    55.70004     56.25227    -14.36105
    55.70004     56.25220    -14.36101
    55.70005     56.25224    -14.36103
    43.07886     28.53551     -9.91674
    43.07878     28.53559     -9.91679
    43.07879     28.53560     -9.91681
    43.07879     28.53560     -9.91680
    26.44742     20.69970    -12.54145
    26.44743     20.69969    -12.54146
    26.44746     20.69969    -12.54141
    54.87937     50.08315    -13.55083
    34.54644     31.04135    -10.47531
    33.58372     25.98324    -10.93380
    33.58371     25.98330    -10.93383
    37.59553     31.93165    -11.16217
    36.02881     21.09918    -15.56403
    36.02880     21.09916    -15.56423
    36.02881     21.09915    -15.56424
    33.52001     38.08049    -17.84062
    50.32943     43.94995    -10.69918
    40.02920     31.29820     -9.37230
    39.30450     32.37125     -9.57397
    42.32910     28.69053    -11.68168
    26.44731     20.69964    -12.54166
    40.25104     32.72253    -11.48963
    40.25092     32.72387    -11.48963
    51.48944     49.74209     -9.90494
    40.37787     33.01451    -14.79908
    43.56577     35.20870    -13.87189
    40.65158     34.23515    -10.27495
    40.65171     34.23504    -10.27497
    26.44732     20.69965    -12.54168
    43.07943     28.53464     -9.91588
    43.07913     28.53512     -9.91636
    43.07945     28.53460     -9.91591
    60.87449     54.62134    -24.10426
    43.07886     28.53553     -9.91672
    35.40537     20.04810    -13.67627
    35.40540     20.04808    -13.67624
    39.37333     32.37224     -8.19096
    39.37327     32.37224     -8.19096
    55.63052     64.47046    -22.33958
    49.87970     37.03967    -12.39408
    49.87969     37.03967    -12.39408
    49.87960     37.03955    -12.39397
    59.73862     51.88281    -10.34313
    59.73774     51.87932    -10.34337
    42.70875     37.94432     -7.72122
    26.63597     38.56404    -12.67634
    29.53306     20.11442    -13.20092
    29.53312     20.11426    -13.20095
    29.53312     20.11427    -13.20098
    33.44116     20.31118    -12.70819
    33.44106     20.31107    -12.70826
    33.44104     20.31108    -12.70826
    33.44107     20.31110    -12.70825
    42.71590     34.36658    -11.56867
    26.63633     38.56453    -12.67679
    53.48810     55.05371     -8.23851
    35.40538     20.04803    -13.67629
    31.13356     42.59818    -13.52444
    42.71591     34.36657    -11.56866
    35.52825     37.07559    -14.64381
    35.52825     37.07558    -14.64382
    51.33481     44.98566    -11.28431
    42.71597     34.36641    -11.56866
    42.20846     33.51245    -12.67129
    42.20847     33.51247    -12.67129
    42.20845     33.51246    -12.67131
    52.55275     41.23264    -13.94901
    52.55272     41.23260    -13.94897
    52.55259     41.23243    -13.94878
    35.40537     20.04819    -13.67607
    31.28002     43.76168     -9.59225
    26.44726     20.69964    -12.54170
    43.56582     35.20871    -13.87188
    43.56582     35.20872    -13.87187
    18.64252     31.27359     -8.69778
    43.73935     41.55829    -10.20999
    40.65141     34.23205    -10.27611
    34.05129     44.92497    -12.87117
    34.04093     44.92026    -12.86291
    34.02719     44.91388    -12.85103
    45.26689     46.33608    -26.61827
    47.62420     47.50910    -26.54980
    45.26689     46.33609    -26.61828
    40.37788     33.01452    -14.79912
    40.37792     33.01454    -14.79907
    40.37787     33.01452    -14.79909
    32.49743     24.78033    -10.88823
    49.87973     37.03974    -12.39409
    20.03206     23.60486     -9.48854
    51.22531     38.93554    -13.14332
    48.73900     35.40854    -11.71533
    42.02476     37.03783    -11.50652
    47.97945     50.27264    -12.70172
    47.97945     50.27261    -12.70169
    47.97947     50.27261    -12.70167
    23.58713     35.73577    -11.77168
    23.58748     35.73579    -11.77181
    23.06385     37.08915     -9.06460
    23.06383     37.08915     -9.06460
    23.06383     37.08919     -9.06456
    59.73985     51.88738    -10.34344
    35.40543     20.04809    -13.67621
    40.37778     33.01431    -14.79892
    21.36677     23.35262    -11.07663
    23.58830     35.73583    -11.77206
    35.40531     20.04814    -13.67631
    48.24621     39.82739    -10.68555
    48.24618     39.82732    -10.68557
    48.24614     39.82720    -10.68555
    40.65165     34.23441    -10.27513
    40.65173     34.23474    -10.27507
    50.32922     43.94966    -10.69903
    47.39060     37.73260    -10.30010
    47.68930     37.79175     -9.30135
    47.68930     37.79175     -9.30135
    42.32908     28.69065    -11.68141
    42.32910     28.69064    -11.68143
    42.32907     28.69062    -11.68146
    40.37779     33.01481    -14.79915
    48.73919     35.40923    -11.71546
    48.73922     35.40924    -11.71546
    48.73911     35.40908    -11.71540
    48.24622     39.82740    -10.68554
    43.25650     34.51280     -9.97920
    37.33940     29.20870    -21.84140
    36.71702     24.70917     -9.15274
    21.39582     23.32032    -11.16388
    27.46950     21.05010    -13.79130
    20.03232     23.60491     -9.48911
    40.71825     31.38740     -7.66555
    40.71825     31.38740     -7.66555
    45.52870     42.92168     -7.64896
    42.70883     37.94444     -7.72153
    31.27987     43.76131     -9.59245
    31.27986     43.76133     -9.59251
    53.74183     45.74047    -13.47495
    53.74188     45.74059    -13.47496
    53.74185     45.74051    -13.47497
    53.74186     45.74052    -13.47495
    31.71063     35.88393    -15.39027
    31.71058     35.88393    -15.39033
    51.10918     40.94559    -12.27203
    34.05592     44.92703    -12.87439
    34.05593     44.92707    -12.87448
    34.92858     36.00728    -17.25059
    37.36670     29.74391    -10.95958
    51.10922     40.94572    -12.27197
    26.63605     38.56427    -12.67664
    26.63616     38.56431    -12.67662
    36.02806     21.09753    -15.58967
    36.02807     21.09746    -15.58972
    42.70874     37.94446     -7.72122
    42.70877     37.94445     -7.72134
    42.91500     31.80250    -17.05960
    35.52818     37.07556    -14.64381
    51.10877     40.94511    -12.27184
    51.10943     40.94609    -12.27197
    45.52881     42.92173     -7.64891
    45.52873     42.92178     -7.64883
    47.47256     35.15214    -10.96244
    31.27994     43.76137     -9.59231
    21.41554     23.28932    -11.22107
    21.41533     23.29043    -11.22127
    37.59335     31.93692    -11.16355
    43.73937     41.55826    -10.21002
    35.52826     37.07562    -14.64381
    35.52829     37.07565    -14.64385
    35.52830     37.07563    -14.64382
    42.70873     37.94448     -7.72100
    42.02440     37.03663    -11.50814
    36.71721     24.70982     -9.15326
    36.71722     24.70983     -9.15330
    26.63584     38.56373    -12.67603
    46.99550     34.16610     -9.91470
    33.57340     31.86200    -10.78330
    18.64262     31.27138     -8.70941
    18.64244     31.27196     -8.70700
    34.85980     45.82314     -9.25558
    42.02101     29.21723     -7.68578
    42.02106     29.21735     -7.68579
    49.45390     46.16210    -11.32420
    23.45720     25.47900    -13.28050
    52.06292     52.40954     -6.84757
    52.06281     52.40932     -6.84701
    26.63583     38.56399    -12.67637
    42.02101     29.21649     -7.68612
    51.81345     52.33236     -8.53498
    51.81332     52.33188     -8.53717
    33.52001     38.08054    -17.84069
    31.28007     43.76100     -9.59209
    33.58363     25.98347    -10.93397
    27.60050     32.67590    -17.18070
    41.12225     27.17800     -8.14101
    41.12217     27.17798     -8.14103
    53.02446     51.54200     -7.39388
    49.66860     57.84150    -23.36600
    34.69810     33.59550    -16.31990
    51.22532     38.93554    -13.14331
    21.41573     23.28784    -11.22044
    29.86486     36.40138    -13.48536
    41.35722     29.38401    -16.78619
    43.56576     35.20880    -13.87181
    31.27996     43.76120     -9.59225
    31.28004     43.76121     -9.59231
    33.52005     38.08055    -17.84071
    33.52002     38.08054    -17.84074
    23.06386     37.08913     -9.06468
    23.06387     37.08911     -9.06466
    42.02092     29.21632     -7.68639
    49.76008     45.47256    -10.20332
    28.39877     39.22071    -11.36209
    28.39912     39.22089    -11.36193
    28.39918     39.22091    -11.36198
    28.39884     39.22077    -11.36200
    39.30450     32.37125     -9.57393
    38.30370     23.94830     -8.91820
    23.13100     35.61900     -9.25200
    55.70005     56.25231    -14.36107
    55.87710     56.37610    -15.51020
    23.58672     35.73578    -11.77152
    40.02672     54.75969    -10.19252
    45.52943     42.92221     -7.64853
    26.63622     38.56446    -12.67682
    43.56470     35.20846    -13.87154
    42.02452     37.03703    -11.50759
    48.73932     35.40947    -11.71550
    48.73927     35.40935    -11.71549
    50.32845     43.94951    -10.69826
    35.35938     30.60751    -13.09739
    35.35876     30.60896    -13.09705
    51.22531     38.93553    -13.14333
    31.27991     43.76120     -9.59231
    19.98063     24.68973    -10.45875
    55.63670     51.39410    -13.11830
    54.87944     50.08316    -13.55085
    54.87939     50.08311    -13.55087
    45.52857     42.92150     -7.64912
    45.52872     42.92149     -7.64909
    33.51960     38.08050    -17.83963
    48.84388     42.27975    -10.31063
    48.84376     42.27986    -10.31060
    48.84388     42.27989    -10.31049
    43.04611     32.84233    -13.67746
    23.60088     24.42172    -13.94744
    33.96578     44.16234    -10.00206
    50.32871     43.94982    -10.69851
    51.10844     40.94474    -12.27177
    51.10838     40.94475    -12.27172
    17.48375     26.19805     -8.60879
    28.41730     39.23370    -11.35474
    28.41738     39.23375    -11.35472
    28.41899     39.23496    -11.35408
    50.32878     43.94969    -10.69850
    53.30030     40.94150    -15.02380
    23.60092     24.42174    -13.94740
    23.60092     24.42175    -13.94741
    52.55164     41.23141    -13.94730
    36.05150     36.83580    -16.65510
    34.92860     36.00725    -17.25052
    34.92860     36.00726    -17.25052
    20.07084     22.55129     -9.77513
    21.36680     23.35263    -11.07662
    49.87971     37.03980    -12.39412
    33.51996     38.08047    -17.84059
    33.51988     38.08048    -17.84038
    41.35729     29.38405    -16.78604
    41.35725     29.38401    -16.78614
    56.11370     65.20130    -24.32300
    43.56578     35.20864    -13.87196
    51.33548     44.98653    -11.28421
    51.33554     44.98637    -11.28439
    51.81221     52.32769     -8.55662
    33.08542     46.29905     -8.98082
    43.92690     43.35860    -25.81570
    51.33558     44.98620    -11.28457
    43.87240     46.62340    -23.87660
    45.52900     42.92194     -7.64875
    49.87982     37.03989    -12.39416
    49.87981     37.03989    -12.39415
    38.39794     31.46040     -7.61075
    37.81780     32.79150     -8.25670
    19.53930     28.14290     -8.12239
    21.36009     23.35672    -11.05710
    21.36648     23.35247    -11.07583
    21.36648     23.35247    -11.07593
    39.09470     36.69140     -8.59910
    38.46590     36.20860     -7.86160
    50.32904     43.94967    -10.69879
    21.40705     23.31150    -11.19940
    21.40719     23.31050    -11.19952
    53.00425     43.49070    -13.60152
    33.51981     38.08035    -17.84034
    37.59384     31.93550    -11.16287
    29.86472     36.40135    -13.48557
    45.52842     42.92175     -7.64868
    43.07939     28.53476     -9.91612
    50.40215     44.01991    -10.74901
    51.32463     44.97398    -11.28089
    37.85840     28.20460    -11.24300
    42.70838     37.94457     -7.72002
    49.79440     54.26780    -26.21010
    32.59848     22.43563     -9.67897
    32.74126     45.08358    -13.56459
    32.74019     45.08394    -13.56516
    32.74019     45.08393    -13.56508
    32.74019     45.08394    -13.56508
    51.32420     44.97306    -11.28096
    23.54800     37.18920    -10.53850
    36.68616     29.53032     -9.30348
    42.80174     30.88736     -7.94786
    37.94370     29.57724     -8.72515
    44.92470     31.47050    -10.29290
    48.84375     42.27985    -10.31055
    40.02703     54.76026    -10.19279
    42.02094     29.21529     -7.68675
    42.02107     29.21626     -7.68626
    42.32910     28.69060    -11.68148
    46.68765     32.79891     -6.87179
    46.68763     32.79890     -6.87180
    46.68766     32.79891     -6.87180
    25.08210     22.76080    -15.26680
    35.40539     20.04819    -13.67583
    35.57030     35.98860    -13.81830
    51.81327     52.33192     -8.53753
    31.71051     35.88390    -15.39043
    31.27987     43.76106     -9.59214
    40.73140     30.00080     -6.62840
    45.52915     42.92205     -7.64872
    26.63628     38.56438    -12.67660
    42.20851     33.51255    -12.67104
    35.75692     28.13655    -12.88790
    35.40524     20.04822    -13.67647
    50.32923     43.94950    -10.69916
    53.00455     43.49101    -13.60186
    38.27440     28.36460    -17.94510
    35.40540     20.04809    -13.67611
    31.13356     42.59818    -13.52450
    31.13348     42.59817    -13.52450
    18.22650     25.78710     -7.22260
    52.06242     52.40850     -6.84510
    35.50766     18.47833    -14.40823
    37.08387     30.71462    -18.53329
    38.24086     31.40643    -19.52721
    37.08393     30.71458    -18.53321
    39.66380     39.17040     -8.58565
    39.66380     39.17040     -8.58565
    50.99236     42.73036    -11.69201
    41.88085     29.16685    -13.70006
    51.92239     46.99310    -10.94942
    23.70370     37.25600     -7.08850
    45.90208     59.31933    -16.49405
    46.31780     59.10500    -13.12020
    45.90212     59.31937    -16.49405
    40.90789     38.50523     -9.42056
    28.40703     39.22643    -11.35888
    38.07968     27.89412    -15.37012
    17.48375     26.19805     -8.60881
    16.72220     26.36500     -9.86960
    50.32822     43.95013    -10.69816
    32.49731     24.78058    -10.88787
    26.63578     38.56364    -12.67606
    33.92366     47.97373    -11.64342
    52.06292     52.40945     -6.84765
    46.66724     39.58567    -14.27820
    36.11270     45.26220    -17.48320
    46.66727     39.58570    -14.27825
    46.66728     39.58571    -14.27825
    52.06303     52.40968     -6.84785
    29.25145     42.74744    -15.51097
    29.25145     42.74746    -15.51093
    58.57975     48.98165    -10.47178
    58.41296     47.54112    -11.12662
    58.41294     47.54108    -11.12658
    33.92324     47.97340    -11.64358
    38.39796     31.46040     -7.61075
    37.71174     21.22871    -17.09985
    37.71176     21.22869    -17.09985
    40.14814     28.65866     -8.30545
    40.14816     28.65864     -8.30545
    41.27025     35.32917    -11.76686
    19.98067     24.68977    -10.45875
    20.07700     24.83560    -11.54990
    43.62144     33.97326     -8.10838
    37.11307     27.42329    -22.02654
    51.96783     47.31951    -10.84841
    51.96786     47.31949    -10.84845
    51.96287     47.27635    -10.86583
    53.02453     51.54206     -7.39383
    21.41624     23.28491    -11.21995
    53.44247     49.81045    -11.79667
    48.84421     42.27996    -10.31014
    41.12205     27.17782     -8.14108
    42.60942     28.22963    -13.12301
    42.02442     37.03665    -11.50818
    36.72244     24.72496     -9.16290
    32.49754     24.78007    -10.88863
    32.49749     24.78021    -10.88840
    32.05500     23.83890    -10.58500
    41.12224     27.17794     -8.14105
    42.71719     34.36637    -11.56892
    42.71980     34.36631    -11.56927
    41.88083     29.16667    -13.70014
    41.88084     29.16674    -13.70012
    51.81267     52.32992     -8.54698
    21.41625     23.28491    -11.21996
    51.10877     40.94487    -12.27196
    51.10890     40.94509    -12.27200
    43.62136     33.97327     -8.10844
    43.62139     33.97325     -8.10846
    53.02434     51.54204     -7.39382
    41.12321     27.17877     -8.14114
    20.03203     23.60486     -9.48865
    50.32898     43.94990    -10.69875
    50.32876     43.94985    -10.69844
    20.03202     23.60489     -9.48882
    50.32886     43.94969    -10.69857
    48.87366     48.34001    -15.75321
    50.21050     49.60490    -15.33280
    48.87364     48.33999    -15.75319
    51.26342     51.00247     -7.37893
    29.86474     36.40130    -13.48549
    26.22101     20.83130    -12.58671
    56.40307     65.60921    -22.64987
    26.44770     20.69984    -12.54067
    26.44775     20.69984    -12.54072
    31.13363     42.59821    -13.52443
    31.13365     42.59819    -13.52439
    35.50766     18.47837    -14.40818
    51.10944     40.94516    -12.27245
    26.44866     20.70071    -12.53570
    53.02444     51.54196     -7.39393
    53.02448     51.54192     -7.39392
    36.35638     47.57879     -9.85974
    48.84402     42.27932    -10.31081
    35.75688     28.13664    -12.88789
    35.51359     27.93341    -10.66289
    41.06240     54.33840     -8.88160
    42.02098     29.21696     -7.68598
    48.84390     42.27967    -10.31062
    42.79420     30.87262     -7.94206
    51.34772     45.00814    -11.27746
    53.44255     49.81051    -11.79663
    29.53333     20.11389    -13.20103
    41.12221     27.17810     -8.14098
    47.52339     43.64353     -8.35319
    53.61041     52.49004     -8.41521
    53.44247     49.81058    -11.79663
    29.86475     36.40130    -13.48536
    29.86487     36.40134    -13.48538
    36.68614     29.53034     -9.30343
    23.58609     35.73576    -11.77122
    47.52348     43.64359     -8.35283
    48.84399     42.27945    -10.31079
    36.21707     25.53291     -8.53951
    42.77877     30.84273     -7.93111
    42.78656     30.85779     -7.93624
    51.33390     44.98356    -11.28552
    31.27928     43.75930     -9.59215
    51.33446     44.98628    -11.28435
    38.07962     27.89418    -15.37008
    20.03264     23.60492     -9.48936
    39.96140     37.24210     -9.47670
    25.89224     20.96046    -10.51220
    25.89152     20.96046    -10.51167
    25.89148     20.96040    -10.51161
    50.99178     42.73119    -11.69141
    51.40333     45.15447    -11.22995
    26.44170     20.70262    -12.54324
    34.85969     45.82304     -9.25544
    34.85970     45.82308     -9.25544
    34.85972     45.82302     -9.25538
    49.23480     43.92360    -13.03780
    29.86458     36.40137    -13.48589
    53.44221     49.81046    -11.79675
    53.44242     49.81056    -11.79672
    44.57090     40.30800    -12.73990
    37.59431     31.93462    -11.16290
    50.32908     43.94980    -10.69895
    32.68920     27.41650    -10.43760
    33.56035     46.58879    -13.83172
    36.68617     29.53033     -9.30350
    27.37580     19.40650    -13.56040
    22.40970     21.39250    -11.10800
    18.64279     31.27125     -8.70990
    43.69716     36.36306     -8.30380
    51.11019     40.94777    -12.27211
    36.17300     48.72740     -8.15300
    59.73958     51.88676    -10.34289
    53.48750     42.70070    -14.91330
    37.65810     32.68327    -13.17739
    36.71792     24.71201     -9.15491
    22.41520     22.65730     -9.38360
    42.02106     29.21675     -7.68608
    42.71604     34.36651    -11.56875
    42.71600     34.36663    -11.56877
    26.44791     20.69988    -12.54021
    21.41525     23.29155    -11.22197
    37.59509     31.93279    -11.16246
    37.59553     31.93168    -11.16214
    35.75043     29.06652    -10.10822
    45.19750     36.58100     -8.19230
    41.12770     27.18315     -8.14150
    42.40500     26.54825     -9.23705
    35.35862     30.60940    -13.09717
    34.82790     33.64310     -7.66290
    43.62148     33.97335     -8.10832
    29.86506     36.40145    -13.48530
    29.86544     36.40174    -13.48528
    24.13409     33.34960    -13.89784
    24.11910     31.65590    -14.19770
    40.25048     32.73058    -11.48995
    35.75686     28.13697    -12.88825
    35.75689     28.13686    -12.88809
    19.53930     28.14290     -8.12241
    48.47896     49.81785    -11.38070
    48.47896     49.81795    -11.38065
    48.47897     49.81782    -11.38074
    42.71377     34.36495    -11.56870
    42.40501     26.54821     -9.23701
    38.43990     52.98980    -10.40000
    40.36930     28.90750    -11.08900
    36.71967     24.71709     -9.15816
    53.01172     44.17383    -12.03118
    53.01167     44.17389    -12.03119
    55.58560     48.26350    -15.06370
    39.92114     28.21639     -6.74595
    39.92117     28.21644     -6.74586
    40.02645     54.75927    -10.19230
    42.26561     42.04975     -9.22069
    42.26563     42.04966     -9.22078
    42.26568     42.04963     -9.22081
    33.92463     47.97461    -11.64286
    35.75680     28.13643    -12.88755
    47.52370     36.89560    -10.84190
    35.75047     29.06645    -10.10815
    42.71584     34.36620    -11.56865
    35.75685     28.13697    -12.88839
    26.63559     38.56362    -12.67601
    17.86890     33.31230     -3.54400
    31.28007     43.76172     -9.59219
    42.60938     28.22964    -13.12288
    39.45602     53.75656    -11.73453
    42.02497     37.03851    -11.50567
    42.24985     39.79237     -9.92597
    53.44231     49.81071    -11.79693
    24.13440     33.34981    -13.89793
    42.70885     37.94456     -7.72174
    42.70898     37.94473     -7.72208
    34.05799     44.92791    -12.87559
    43.73935     41.55841    -10.20996
    37.12710     19.25490    -13.25670
    54.04540     50.53200     -8.91750
    26.29670     37.49390     -9.91120
    35.35900     30.60840    -13.09714
    19.44520     22.35050     -8.15680
    39.34200     34.16610    -12.78820
    59.96320     54.30510    -22.23780
    59.52880     54.04700    -21.11690
    59.65050     54.93570    -20.09180
    45.26686     46.33604    -26.61824
    49.76029     45.47287    -10.20332
    53.00476     43.49127    -13.60209
    28.35229     25.00349    -14.08853
    28.35231     25.00351    -14.08857
    36.35506     47.57657     -9.86053
    36.35638     47.57871     -9.85979
    39.00107     29.49156     -9.85434
    39.00101     29.49165     -9.85439
    36.71305     34.25586    -12.09360
    53.44144     49.81008    -11.79693
    30.80851     42.38158     -9.80808
    59.73936     51.88571    -10.34305
    52.06318     52.40988     -6.84795
    29.27910     33.63474    -11.62732
    29.27908     33.63466    -11.62725
    29.27908     33.63481    -11.62741
    35.86460     50.13430     -8.09360
    52.15470     38.42500    -10.76880
    39.40110     40.90210     -9.53460
    33.92563     47.97550    -11.64214
    36.47630     26.76740    -12.25440
    28.60700     35.49150    -11.00160
    28.47760     34.78550    -12.31300
    39.37331     32.37224     -8.19092
    23.17932     23.13803    -12.52412
    23.17946     23.13796    -12.52397
    23.17934     23.13793    -12.52399
    34.43110     43.09450    -20.58980
    34.05380     42.96560    -17.63400
    31.36234     34.22490    -16.51086
    31.36241     34.22492    -16.51089
    49.13010     49.32940    -10.31950
    49.59680     37.17130     -8.03180
    42.02240     29.22088     -7.68554
    59.74006     51.88773    -10.34411
    48.00910     42.82540    -15.32550
    33.76220     26.13776     -8.61264
    33.76229     26.13739     -8.61251
    28.69250     38.77950    -13.45680
    48.13980     62.62900    -16.83150
    37.77550     45.24520    -21.96600
    45.52886     42.92130     -7.64914
    50.99123     42.73206    -11.69073
    19.70630     27.26990    -14.20460
    25.71730     24.01840    -14.62910
    30.80858     42.38125     -9.80840
    30.80890     42.38261     -9.80781
    42.26428     37.87476     -6.11197
    42.26424     37.87448     -6.11117
    42.26421     37.87444     -6.11117
    39.45597     53.75657    -11.73464
    39.45607     53.75665    -11.73455
    39.45593     53.75665    -11.73470
    37.53750     35.57940    -10.89980
    47.52348     43.64359     -8.35305
    42.40503     26.54825     -9.23707
    38.18685     41.33172    -18.31281
    59.01260     51.52240     -8.65790
    35.48920     49.55510     -6.83640
    20.06460     22.85260     -7.47730
    42.71514     34.36596    -11.56877
    35.36008     30.60596    -13.09796
    42.10719     54.12963    -10.68895
    42.10730     54.12954    -10.68909
    42.10727     54.12960    -10.68915
    52.06020     59.89710    -22.93630
    52.62240     59.43380    -24.33510
    42.43180     32.52240     -7.41580
    38.07680     31.82080    -14.85930
    39.03778     31.20096    -14.55152
    39.03768     31.20076    -14.55149
    39.92113     28.21633     -6.74600
    32.35380     44.35800    -12.54240
    21.41464     23.29650    -11.22119
    47.70320     45.95270    -14.10210
    21.96456     25.79172    -11.95578
    38.33250     26.83410     -7.76300
    33.87230     31.44090    -13.88690
    37.70758     49.26730    -12.40452
    33.56035     46.58871    -13.83168
    32.95910     22.22350    -11.00510
    42.48480     32.09160    -14.74700
    39.61860     26.99760     -5.94330
    53.48760     55.05264     -8.23761
    53.48759     55.05267     -8.23742
    53.48768     55.05287     -8.23788
    26.63492     38.56297    -12.67564
    40.90798     38.50540     -9.42069
    23.59260     34.84070    -14.41390
    42.51550     29.76150     -8.96530
    41.41930     36.94940     -7.92720
    40.25126     32.72518    -11.48877
    50.61059     56.88199    -25.28209
    49.31240     57.36660    -24.91240
    50.61061     56.88201    -25.28211
    55.10430     56.03850     -8.77580
    31.75200     20.96740    -12.66180
    41.41570     53.02850     -7.48610
    26.87481     38.36284    -10.32028
    54.86480     59.73460     -8.00220
    56.67740     60.55160     -9.56270
    43.69710     36.36308     -8.30385
    36.21696     25.53296     -8.53986
    51.35662     45.02891    -11.26279
    35.35833     30.61042    -13.09728
    20.78430     28.26350     -8.84910
    45.07280     38.72260     -7.24850
    42.40290     27.14730    -11.33240
    40.98180     37.92530    -10.96230
    41.31760     52.31690    -14.82860
    42.24981     39.79232     -9.92572
    51.94897     47.14694    -10.92405
    52.86470     46.89590    -11.89150
    47.47233     35.15209    -10.96229
    42.79800     39.66342     -6.47747
    42.79800     39.66348     -6.47753
    35.75035     29.06656    -10.10825
    46.53438     38.11118    -14.91188
    56.40319     65.60922    -22.64987
    45.37416     40.94264    -12.54884
    45.37414     40.94266    -12.54886
    57.67480     47.79070    -16.97681
    36.71305     34.25584    -12.09360
    41.17830     32.06140    -12.24380
    18.64264     31.27568     -8.68631
    18.64280     31.27620     -8.68365
    18.64283     31.27613     -8.68366
    30.19360     15.51390    -22.92640
    30.12750     13.82510    -22.58130
    35.51361     27.93339    -10.66291
    47.53371     33.91248     -7.81484
    34.86110     25.91790    -13.95890
    33.72630     26.36595    -20.35081
    33.72630     26.36591    -20.35114
    33.72608     26.36599    -20.35077
    33.72645     26.36597    -20.35076
    51.81221     52.32449     -8.56656
    41.09240     40.21000    -10.34990
    53.00434     43.49078    -13.60167
    28.40163     39.22262    -11.36114
    24.13462     33.34991    -13.89801
    25.58180     33.56560    -13.92480
    24.13479     33.35010    -13.89807
    45.52892     42.92116     -7.64911
    32.75480     44.79920     -8.86670
    31.45530     35.89290    -12.17470
    41.77870     30.74190    -14.63390
    46.53432     38.11122    -14.91182
    56.27390     53.54740    -12.86100
    54.28950     52.86830    -11.93070
    33.98590     27.81760    -10.62090
    35.74300     31.87480     -8.37430
    20.07086     22.55131     -9.77517
    29.53483     20.11201    -13.20102
    42.10705     54.12966    -10.68867
    37.36670     29.74389    -10.95962
    45.38650     40.61960    -14.06780
    52.60150     51.17700    -10.47940
    31.36246     34.22492    -16.51096
    39.03786     31.20113    -14.55158
    50.11230     57.99950    -24.53740
    36.69930     22.92220     -7.11420
    17.91233     26.36057     -6.33063
    35.90560     30.36360    -10.71670
    58.57975     48.98165    -10.47172
    29.53388     20.11315    -13.20103
    33.92535     47.97522    -11.64241
    48.41804     42.67245     -8.45664
    25.60773     21.19012    -12.70580
    31.65200     37.81280    -17.97280
    40.25079     32.72677    -11.48965
    36.21696     25.53289     -8.53975
    51.81241     52.32447     -8.56652
    40.25076     32.72131    -11.49028
    25.43800     39.56780    -13.07590
    53.61039     52.49006     -8.41519
    37.65809     32.68323    -13.17745
    37.65810     32.68322    -13.17742
    43.31019     41.01768     -9.17701
    43.31021     41.01772     -9.17699
    17.99950     27.85760     -6.82000
    37.94370     29.57726     -8.72505
    58.90550     50.36640    -17.29480
    42.96343     38.50817    -12.35419
    42.96334     38.50839    -12.35428
    47.04022     45.06745     -9.21077
    33.24313     32.65474     -7.69531
    38.94700     35.32140     -8.27030
    43.04609     32.84237    -13.67754
    36.07480     27.07360    -21.39060
    37.11304     27.42323    -22.02655
    37.11307     27.42321    -22.02652
    40.73210     55.29020     -8.79100
    57.78140     45.95380    -19.94950
    37.76849     49.53222    -13.95622
    37.70752     49.26730    -12.40458
    37.76851     49.53218    -13.95628
    30.66160     41.06190    -14.08760
    34.68270     36.54420    -13.39960
    54.61300     43.71910    -15.58420
    40.71210     29.26760    -14.61570
    42.24985     39.79243     -9.92611
    38.40650     49.43370    -10.64190
    31.66596     21.75289    -11.38985
    31.66594     21.75291    -11.38985
    36.21701     25.53289     -8.53959
    34.27820     23.30980    -10.11930
    32.88900     42.85680    -13.01050
    35.75060     29.06633    -10.10811
    55.90230     62.32160    -24.12560
    51.81215     52.32476     -8.56653
    25.37660     34.78060     -9.73300
    40.43020     35.66650    -12.96410
    39.93560     36.78020    -12.50270
    32.35790     42.74610    -11.73460
    47.47770     44.19900    -13.70570
    57.84320     56.62030     -7.86500
    23.17929     23.13796    -12.52408
    38.88730     32.82940    -13.76680
    49.22880     39.52600    -14.66970
    60.87451     54.62136    -24.10434
    57.44494     65.54101    -23.96082
    57.44496     65.54099    -23.96078
    24.61980     38.97760    -13.19020
    35.61120     19.78610    -17.46600
    36.00020     19.98510    -18.45060
    45.52901     42.92140     -7.64914
    31.27995     43.76076     -9.59189
    25.60778     21.18992    -12.70595
    41.27025     35.32913    -11.76684
    41.73940     31.51360    -13.10320
    35.78718     46.70399     -8.78633
    47.95640     38.70150    -15.20240
    51.26338     51.00243     -7.37897
    40.02728     54.76042    -10.19274
    33.76212     26.13805     -8.61279
    51.88270     40.08390    -11.64370
    40.25054     32.71801    -11.49136
    38.18678     41.33173    -18.31287
    38.18695     41.33175    -18.31280
    37.59620     40.27070    -19.39160
    46.50560     40.92520    -10.37440
    40.02723     54.76088    -10.19319
    58.10880     48.58530     -9.03170
    26.87479     38.36286    -10.32022
    33.04490     37.15200    -15.08230
    40.61260     27.52830     -9.28980
    36.53060     30.71140    -12.32960
    34.04483     44.92317    -12.86971
    56.12880     66.11570    -20.89740
    44.38133     36.17273    -12.07461
    44.38127     36.17277    -12.07459
    43.80014     36.48774    -13.15263
    47.53369     33.91252     -7.81476
    47.86553     35.18054     -7.48946
    47.86547     35.18056     -7.48954
    18.17360     26.44880    -13.23670
    16.89257     27.35213     -5.83902
    25.84970     37.40030     -8.33290
    43.69708     36.36311     -8.30395
    37.82130     32.74550    -20.33430
    38.24084     31.40647    -19.52729
    42.24986     39.79234     -9.92613
    25.60839     22.64296    -13.36747
    25.60841     22.64294    -13.36743
    41.91020     56.49160    -10.16880
    36.34170     47.55594     -9.86594
    43.62130     33.97340     -8.10842
    49.76018     45.47286    -10.20327
    40.90793     38.50532     -9.42059
    44.85100     42.72200     -5.11700
    17.91237     26.36053     -6.33057
    41.99400     25.30230    -10.42310
    41.04740     27.61090     -6.81670
    45.71321     39.84783     -6.73361
    45.71319     39.84787     -6.73359
    36.34841     47.56625     -9.86334
    48.07142     39.97768    -14.69822
    35.22947     32.57185     -7.12339
    40.91060     34.23550    -16.75230
    47.52355     43.64362     -8.35319
    45.31490     37.68860    -12.74570
    31.77660     34.16000    -14.99030
    51.11160     40.94961    -12.27293
    35.54890     23.84040    -10.64570
    39.00115     29.49154     -9.85433
    30.29420     19.53580    -12.01570
    45.45240     34.36470     -9.65390
    48.07138     39.97762    -14.69828
    58.73883     56.37716    -10.34035
    58.73926     56.37706    -10.34033
    58.73904     56.37712    -10.34037
    33.76246     26.13706     -8.61239
    56.15560     63.33370    -20.96360
    33.96582     44.16236    -10.00204
    23.16380     34.64120    -10.43160
    28.68840     20.99970    -11.78360
    25.53320     38.49030     -6.66580
    33.08533     46.29904     -8.98080
    33.08523     46.29908     -8.98072
    54.87143     47.02025    -13.75202
    17.22100     27.36020     -4.82280
    16.89253     27.35207     -5.83898
    48.79140     41.78940    -15.56950
    49.00420     42.72730    -15.12510
    34.90502     46.92560    -12.23932
    34.90498     46.92560    -12.23938
    29.63310     27.52730    -12.52930
    17.78180     25.71350     -4.95540
    49.01080     57.13290    -22.80250
    48.74850     56.08120    -23.80340
    33.24307     32.65476     -7.69539
    35.78712     46.70401     -8.78627
    21.08920     24.26700     -8.87600
    30.44380     29.95390     -7.83580
    21.96454     25.79178    -11.95582
    45.03790     49.15630    -27.34960
    43.94640     28.53020    -14.08800
    32.37460     46.64870    -12.03440
    49.19440     35.19880     -9.12160
    22.59080     34.26580    -11.52790
    43.80006     36.48760    -13.15273
    48.41806     42.67245     -8.45656
    42.18690     38.59910    -13.81000
    19.12790     30.92560     -6.30180
    43.51351     35.19664    -13.85639
    39.27300     33.66610    -10.49120
    29.45460     41.52220    -10.40850
    49.26380     42.70740    -13.37530
    46.61505     46.32647     -6.55380
    46.61505     46.32643     -6.55380
    44.85030     47.70500     -5.77110
    22.82200     26.60730    -12.68810
    45.74932     37.36354     -9.68382
    31.82110     26.73250    -10.61010
    41.60940     28.84850    -15.20900
    39.67990     45.18180    -19.60970
    16.49600     29.29630    -16.03870
    36.05690     31.93960    -12.23170
    40.73700     52.99160    -11.98560
    47.04018     45.06745     -9.21083
    32.99360     28.94420    -10.75110
    25.89790     32.00640    -13.19250
    45.74938     37.36356     -9.68388
    49.41710     57.60880    -20.40500
    19.53190     29.85280     -9.96690
    42.73020     57.07150    -10.18100
    43.37440     57.70320     -9.08090
    22.23160     26.24140    -11.07290
    34.39270     46.57750    -10.45350
    30.77680     27.94290    -10.40010
    29.03240     25.43170    -13.00510
    33.30580     17.84170    -15.31120
    48.53230     48.02960    -14.10150
    31.42610     37.57310    -15.99920
    54.87137     47.02025    -13.75208
    35.22953     32.57185     -7.12341
    28.66000     27.01520    -12.69600
    43.80180     33.95610    -13.87500
    29.59280     44.43680    -13.51140
    29.59470     43.44750    -13.68520
    39.50520     27.73760    -15.44420
    33.94190     48.43720     -9.26220
    31.18540     46.23060    -15.59000
    31.45920     45.83530    -14.20260
    32.59852     22.43557     -9.67903
    42.96348     38.50797    -12.35411
    42.88980     26.81090    -14.48280
    39.41130     29.35850    -24.47000
    41.44500     25.02200     -7.22820
    19.21470     27.23210     -6.58750
