    43.12982     41.54102     -9.60640
    29.27488     42.17455     -7.28338
    38.90351     36.15459     -8.31282
    39.13580     32.14893     -8.58349
    40.17362     32.83111    -14.71100
    43.16553     41.54719     -9.63794
    55.82246     57.28830     -9.81720
    33.30580     17.84170    -15.31120
    52.67953     41.36938    -14.09391
    40.30806     32.97893    -14.76443
    37.85451     26.84781     -8.49932
    44.00284     36.23238     -8.33867
    42.03398     29.37762     -7.71670
    41.49530     50.84940    -19.94120
    43.32354     41.02133    -13.57813
    51.26934     40.83888    -12.39912
    36.19398     21.13379    -22.24486
    52.97564     43.68162    -13.24704
    31.42610     37.57310    -15.99920
    50.62280     64.47660    -16.25290
    19.31619     28.21486     -8.11420
    47.18209     39.25967    -14.61698
    41.84970     37.00733    -11.47508
    48.85273     42.27536    -15.16262
    40.43628     54.62052     -9.78522
    33.85020     20.85440    -17.85220
    40.28258     54.64481     -9.88514
    19.31027     28.21730     -8.12055
    42.81601     28.57380    -10.61921
    21.26642     23.24350    -10.65693
    39.48090     27.72830    -13.80310
    26.38203     20.76952    -12.56843
    35.43472     36.89822    -14.44119
    35.43664     36.89790    -14.44387
    38.91347     31.67415    -14.43278
    34.36830     46.13058     -9.25591
    42.53267     38.54134    -12.77386
    48.81368     42.31231    -10.21435
    26.11450     20.90694    -10.93165
    53.40683     49.69680    -11.84238
    40.22096     38.64499     -9.01722
    31.75178     23.14687     -7.71053
    33.48862     47.13282    -11.66774
    41.16599     27.59733     -8.13858
    41.00192     27.57051     -8.09086
    47.35377     37.56391     -9.91941
    56.20380     62.35240    -17.98270
    41.88281     39.66554     -9.94349
    28.37070     40.67040    -13.65690
    48.29772     39.92730    -10.66748
    26.70494     38.65018    -12.57508
    34.88110     31.81330    -15.48400
    29.55711     20.10206    -12.96055
    31.21998     43.57234     -9.59206
    49.26550     49.01755     -7.45932
    38.96459     31.69699    -14.42483
    33.62192     20.45819    -12.43212
    34.93250     18.55510     -9.84340
    46.50560     40.92520    -10.37440
    26.12175     20.91275    -10.94853
    40.87504     27.71966     -7.94835
    40.89848     27.68893     -7.96350
    28.55040     22.23620    -13.10380
    43.92220     52.07090    -24.33980
    32.46250     22.66190    -12.75660
    20.48928     23.49206     -9.95639
    49.59680     37.17130     -8.03180
    48.29380     39.92138    -10.66845
    30.86394     30.05937     -7.70598
    43.15926     41.54807     -9.63054
    44.85030     47.70500     -5.77110
    56.88779     65.42942    -23.66789
    43.57337     35.20001    -13.76031
    35.00387     36.19783    -17.17085
    42.08349     29.48053     -7.72113
    42.07566     29.44794     -7.72904
    37.74590     26.71980    -18.65540
    40.71135     32.34767    -11.73277
    52.05426     47.26180    -11.00301
    63.40510     57.52930    -24.39110
    52.25920     46.10750     -8.11370
    41.30010     36.23470    -22.85650
    49.74411     36.84561    -12.30405
    36.51829     25.06486     -8.92369
    42.58107     33.98093    -12.07928
    42.60055     34.06125    -11.97361
    45.61104     42.93566     -7.64396
    36.00845     28.96522    -10.08192
    51.29406     41.01664    -12.37026
    55.01893     50.36099    -13.44703
    32.52603     22.25655    -10.27290
    42.62078     57.04082     -9.88513
    55.89299     64.75780    -22.42279
    55.89315     64.76488    -22.41471
    55.89381     64.76579    -22.41525
    21.13273     23.38737    -10.68385
    35.46384     30.86920    -12.93884
    55.88460     64.74194    -22.39779
    33.57420     20.41200    -12.51456
    33.57100     20.41418    -12.51502
    33.57349     20.41414    -12.51427
    53.40484     49.65460    -11.84658
    50.59903     64.47530    -23.91916
    38.88603     36.13479     -8.29348
    29.97148     36.40603    -13.46903
    45.45240     34.36470     -9.65390
    42.53577     38.05338     -7.03620
    42.79823     28.56728    -10.66711
    37.39471     28.71272    -14.68608
    25.31976     35.09825     -9.21871
    56.23806     65.03100    -22.81100
    18.59610     25.20773     -7.87947
    24.26729     33.39641    -13.98453
    38.69957     26.94098    -12.34641
    55.82300     57.28835     -9.80772
    18.96841     28.00039     -7.57766
    55.82319     57.28884     -9.80636
    55.82358     57.28965     -9.80746
    52.29919     51.88369     -9.08066
    47.70320     45.95270    -14.10210
    40.48248     33.50884    -11.05258
    32.73970     25.93380    -17.92810
    36.12769     47.36601     -9.65946
    33.53192     37.97715    -17.82010
    21.15218     23.37659    -10.68771
    50.78109     44.58955    -10.97691
    19.89614     22.60746     -7.85505
    45.60005     42.92872     -7.64195
    28.55915     25.13262    -13.72707
    33.27435     32.38555     -7.37409
    26.39220     20.77296    -12.53055
    30.46494     42.27134     -9.91013
    51.21936     40.92060    -12.32318
    30.89109     42.95084     -9.73766
    49.17548     36.09726    -11.96420
    33.34091     45.06234    -13.17529
    59.64466     51.83524    -10.12704
    33.59167     20.42893    -12.49361
    31.21351     43.58451     -9.60107
    46.20570     32.72890    -11.25580
    50.93785     44.88205    -11.05063
    52.68250     41.36454    -14.09876
    33.72119     26.38070    -20.38798
    57.78140     45.95380    -19.94950
    58.44758     48.26669    -10.63100
    52.31619     52.08449     -7.45579
    18.67370     24.49300    -17.50850
    42.57613     37.96410     -7.31882
    32.58410     28.10750    -21.45320
    37.57525     31.95664    -11.23155
    34.17950     22.68200    -16.91630
    42.68120     34.27538    -11.65157
    52.38152     52.07877     -7.45177
    31.22691     43.57789     -9.59806
    42.01983     29.27336     -7.74934
    48.21850     44.87510    -16.80700
    33.34902     44.99640    -13.05919
    17.86702     27.07403     -6.13663
    36.52743     25.09273     -8.92457
    36.09120     31.10600    -21.94950
    43.01022     41.62835     -9.53781
    45.58539     42.92528     -7.64478
    51.48925     49.74497     -9.91025
    34.99764     46.24827     -9.39137
    53.62793     55.16451     -8.28818
    41.44480     27.27972     -8.41046
    49.74250     36.84390    -12.30132
    31.21407     43.59712     -9.61972
    33.31830     15.36970    -29.73350
    35.08558     46.29990     -9.42642
    40.48115     33.68122    -10.87848
    50.05512     57.39028    -24.67934
    35.52890     20.06592    -13.81575
    35.53730     20.07850    -13.85125
    38.34576     29.53502     -9.69382
    43.16105     41.56516     -9.63297
    40.60006     27.76008     -7.58297
    38.50660     34.28780    -14.59280
    48.13980     62.62900    -16.83150
    29.80462     43.58841    -13.25217
    42.89059     28.55791    -10.45310
    43.60524     35.20169    -13.77831
    25.64290     22.01228    -13.02118
    58.72671     56.36926    -10.31785
    41.92380     46.97900    -10.85520
    56.69980     52.80560     -9.72560
    42.63591     30.67003     -7.91884
    50.10788     57.36739    -24.73516
    45.59389     42.91042     -7.64650
    20.97334     23.43496    -10.50720
    33.54867     25.94657     -8.62777
    30.19475     36.33061    -13.26843
    42.03457     29.33577     -7.73822
    52.11830     52.05696     -8.70643
    36.79926     34.07162    -12.06356
    40.50393     54.64766     -9.49578
    24.24464     33.32762    -13.98005
    33.41393     37.01356    -15.50345
    21.02629     23.80561    -10.81553
    40.09932     54.47752    -10.21326
    37.88755     49.38373    -12.39632
    35.79600     28.18117    -13.01843
    49.24960     49.02445     -7.43318
    35.44124     36.90581    -14.44606
    25.56560     24.15150    -16.35860
    45.58522     42.91574     -7.65507
    31.93198     45.82026    -14.57801
    19.58271     27.42291    -14.39299
    46.46720     44.59930    -16.69510
    38.92531     31.63718    -14.44002
    24.26668     33.53757    -14.01441
    30.94220     23.06340    -14.43650
    35.76793     49.43114     -7.61530
    46.76820     37.76060    -12.27300
    51.04946     44.94930    -11.08953
    55.91822     64.80864    -22.43626
    33.16640     41.19940     -6.84530
    31.68130     13.26550    -28.55530
    42.02327     32.66280     -7.59285
    36.90690     24.60850    -16.54050
    32.03000     21.75994    -11.34647
    23.10595     36.92081     -9.28652
    47.36243     37.59157     -9.86790
    34.57605     31.01265    -10.52833
    55.90230     62.32160    -24.12560
    26.37488     20.76890    -12.58040
    26.29259     20.83549    -11.74597
    42.86028     28.57075    -10.51627
    40.53653     54.60984     -9.62980
    35.01817     46.26274     -9.39733
    44.10866     36.24643    -12.75814
    26.67570     23.94420    -17.96450
    33.53129     37.97119    -17.80631
    38.17583     29.54498     -9.51918
    31.18180     43.49729     -9.62300
    47.15823     39.19738    -14.64007
    24.28627     33.39407    -13.98762
    42.78963     28.55893    -10.70748
    38.05694     41.14101    -18.53990
    52.05833     47.25607    -11.01053
    33.99502     47.57949    -11.77746
    31.23757     42.51244    -13.47691
    42.40656     37.69316     -7.60899
    17.70421     26.99215     -5.95202
    43.59781     35.20191    -13.77495
    49.67810     36.75217    -12.26381
    49.67523     36.74904    -12.26197
    35.41634     36.88199    -14.41469
    32.08717     45.72558    -14.40040
    35.48416     30.91217    -12.91175
    35.53778     20.06668    -13.83681
    40.91106     32.14597    -11.91710
    46.33920     54.49780     -6.72030
    50.46416     44.47371    -10.80238
    45.51827     39.47747     -6.90132
    41.93491     28.88865    -13.91521
    35.53520     20.05921    -13.80582
    17.80720     26.93234     -6.08374
    60.87284     54.62049    -24.09964
    35.53500     20.04996    -13.83919
    33.19321     45.92455     -9.00742
    27.21540     11.38560     -5.57460
    21.31158     23.28462    -10.88995
    21.24941     23.28207    -10.75160
    45.58948     42.92306     -7.64738
    43.05516     41.59663     -9.56896
    35.53638     20.04583    -13.83279
    31.21602     43.58363     -9.60893
    17.86890     33.31230     -3.54400
    29.03948     34.09150    -11.70666
    34.97031     23.61884    -10.32921
    46.91680     37.05580     -7.52600
    39.54865     53.66698    -11.51526
    50.75339     44.57856    -10.96291
    53.41407     49.71517    -11.85576
    34.43110     43.09450    -20.58980
    22.14004     25.86844    -11.86831
    26.83316     38.66602    -12.48194
    20.74646     23.45271    -10.24805
    36.52081     25.10768     -8.88960
    27.03472     38.72093    -12.32050
    36.51378     25.08947     -8.90514
    29.79380     43.61980    -13.28600
    41.55788     30.76991    -14.77075
    33.18222     45.93251     -8.99839
    35.53076     20.07219    -13.85273
    41.87170     39.65033     -9.95340
    39.60791     53.79469    -11.36036
    58.44776     48.22014    -10.67265
    19.79681     30.17253     -9.70877
    43.24610     44.68840    -18.05850
    56.67740     60.55160     -9.56270
    42.56055     33.39616    -12.90657
    51.23870     40.83782    -12.36926
    40.51539     33.74759    -10.83095
    23.84950     21.80500    -18.29680
    50.50474     44.24173    -10.83644
    33.30833     32.40684     -7.38455
    35.54434     20.05129    -13.82581
    36.95729     27.57879    -21.88946
    35.12690     46.32670     -9.39944
    36.54950     25.14954     -8.91850
    41.02682     27.52617     -8.08030
    41.95956     32.73405     -7.56776
    31.42316     34.29515    -16.19326
    41.85724     37.05569    -11.44173
    55.00247     50.35336    -13.44461
    26.39511     20.76945    -12.52037
    49.47780     46.84670     -7.65100
    31.31371     30.96609    -11.86721
    26.37365     20.76816    -12.58344
    52.39636     52.05095     -7.46531
    45.58612     42.92219     -7.65070
    28.54228     25.12229    -13.76226
    37.08702     30.71246    -18.52890
    33.50501     26.06475     -8.52506
    31.02614     37.75370    -23.37170
    18.72588     31.18501     -8.66582
    40.54860     38.45990    -19.46670
    26.72555     38.65839    -12.57886
    36.93310     27.55872    -21.88081
    51.25799     40.98707    -12.32927
    30.13360     42.60420     -4.39510
    49.31185     43.94749    -13.03499
    41.41471     29.48464    -16.70602
    23.70370     37.25600     -7.08850
    45.26460     46.33263    -26.61552
    40.71799     31.38758     -7.66497
    54.24392     46.42527    -13.57677
    42.81696     28.57037    -10.62769
    59.66198     51.85113    -10.17392
    26.37112     20.76854    -12.59359
    36.31139     29.14633     -9.92806
    33.33147     45.51792    -13.44205
    44.09727     36.24950    -12.76005
    49.65831     36.72687    -12.24632
    26.37326     20.76696    -12.58721
    52.05830     52.08280    -12.49850
    45.60863     42.92196     -7.65528
    52.09753     52.13203     -8.21386
    52.24980     52.12597     -7.57924
    42.57655     37.93442     -7.40162
    52.16172     51.98471     -7.45249
    41.37620     26.79190    -13.86710
    52.21373     52.13229     -7.66133
    42.58453     37.92667     -7.43109
    45.47530     58.13070    -13.98000
    51.25604     40.92484    -12.33047
    40.22818     38.63917     -9.02087
    51.07440     64.27430    -26.02480
    45.68870     59.75300     -9.77230
    23.10385     36.91962     -9.28698
    33.50351     26.07331     -8.53350
    43.71118     40.93682    -13.48126
    48.82954     42.28667    -15.17167
    40.82569     27.64756     -7.83375
    50.54636     44.17975    -10.89765
    46.53930     48.89540    -29.01360
    51.24719     39.59300    -12.88237
    42.01665     29.24091     -7.77529
    34.57783     31.00970    -10.51777
    35.00424     46.24868     -9.47085
    41.84502     54.02205    -10.47858
    41.99400     25.30230    -10.42310
    26.76010     18.81160     -7.32450
    36.09943     29.05388     -9.99685
    57.36018     47.86690    -16.87145
    33.72021     26.38120    -20.40032
    40.33628     27.80586     -7.19138
    29.13948     27.26753    -12.61386
    23.08701     23.31347    -12.66007
    17.27166     26.24710     -8.97535
    48.82093     42.32662    -10.21365
    41.85621     37.07601    -11.42685
    52.25529     52.09841     -7.27969
    34.57052     31.01417    -10.52225
    25.31040     35.08090     -6.68600
    26.81148     38.67584    -12.53479
    32.80899     25.18844    -10.84835
    54.86480     59.73460     -8.00220
    29.53378     20.12517    -12.97284
    51.21829     40.92394    -12.32237
    29.29742     42.17335     -7.25952
    59.61355     51.81710    -10.05208
    50.51963     43.98611    -10.91475
    52.21511     52.11571     -7.74652
    52.18980     52.14494     -7.75676
    42.56059     38.01914     -7.20420
    33.10822     26.22635    -10.83069
    41.06950     48.15990    -22.65070
    52.26851     52.11266     -7.48842
    52.29246     52.10063     -7.41118
    26.75048     38.66498    -12.58242
    55.88908     64.56442    -22.21185
    43.60906     35.21987    -13.76664
    32.50195     42.63979    -11.57628
    45.90409     59.32239    -16.49395
    42.00378     29.39676     -7.68588
    28.72240     33.36090    -21.77620
    33.97191     47.57417    -11.78205
    20.98975     23.39931    -10.49486
    26.77680     26.24690     -8.44700
    39.47259     53.64900    -11.36526
    39.00366     32.10950     -8.39459
    37.73565     49.43780    -13.23097
    54.61300     43.71910    -15.58420
    35.69464     35.72119     -7.25528
    48.87501     48.34162    -15.75463
    35.43797     36.90401    -14.44430
    28.29133     39.21175    -11.47306
    36.20222     21.13021    -22.24894
    52.04510     52.12841     -8.52300
    42.02674     29.35359     -7.71913
    51.25699     40.95735    -12.34306
    42.63434     32.96117    -13.60303
    56.89203     65.42885    -23.64955
    29.98150     19.03190    -22.11260
    40.12248     35.63035    -12.81725
    26.89842     38.26207    -10.51047
    41.85478     54.01335    -10.48617
    35.79010     28.17853    -13.06279
    35.53999     20.07263    -13.84622
    29.52970     20.13565    -12.95602
    42.65336     57.06699     -9.86589
    20.46427     23.54287     -9.96235
    35.53241     20.02925    -13.83840
    23.35521     35.50544    -11.46950
    42.16348     28.77233    -13.65802
    58.74907     56.36354    -10.31643
    23.52800     19.46980    -17.71530
    40.36270     38.50112     -9.14243
    52.93701     43.71920    -13.10166
    20.67446     23.52092    -10.18760
    48.53230     48.02960    -14.10150
    36.10263     29.04020    -10.00363
    47.46572     45.04560     -8.92173
    33.71011     26.38437    -20.39079
    50.57904     44.78761    -10.89044
    31.87280     20.59970    -17.55220
    41.84140     25.26080    -20.14920
    44.15820     51.70280    -22.33160
    33.61238     37.61929    -17.74241
    41.87034     29.07152     -7.80985
    18.77008     31.12419     -8.78897
    19.89640     22.59571     -7.84183
    23.85310     18.00990    -15.17350
    42.05331     29.37471     -7.75914
    28.77537     22.82374    -11.22068
    50.81952     44.59959    -10.99892
    29.25129     42.74599    -15.51303
    49.34190     44.07477    -13.01841
    16.04582     26.06759     -6.84793
    53.65057     55.19405     -8.30714
    53.63828     55.17169     -8.28648
    22.40085     21.51313    -10.41261
    38.28017     32.04965    -20.07976
    39.60064     53.64578    -11.53230
    36.32159     29.15592     -9.91448
    37.89783     26.86944     -8.44900
    28.37823     39.26102    -11.43390
    52.70172     41.39197    -14.12178
    26.38337     20.76789    -12.57104
    37.08078     30.71674    -18.53760
    26.37573     20.76849    -12.58471
    31.38848     42.54442    -13.35138
    44.90530     40.67552    -13.13946
    45.26810     46.33700    -26.61852
    43.33410     56.46680    -13.13940
    34.97370     17.34560     -5.57550
    33.38758     45.03066    -13.11447
    24.70470     20.49800    -14.46912
    36.75008     28.95101    -14.23091
    43.97213     36.23535     -8.33568
    21.10501     23.38804    -10.65994
    32.82333     26.10045    -10.83828
    47.56158     43.50024     -8.33569
    36.51981     25.06530     -8.89829
    36.51805     25.06526     -8.90381
    30.87416     30.06193     -7.70282
    19.43302     28.22648     -8.19383
    52.05708     52.10735     -8.45647
    35.96995     21.00620    -15.50108
    31.22058     43.58745     -9.60729
    21.26481     23.28113    -10.76692
    55.72884     56.28252    -14.55129
    55.72927     56.28884    -14.55798
    53.70437     55.25925     -8.34364
    39.07518     32.14234     -8.48545
    35.82303     19.95706    -17.75618
    57.34675     47.87018    -16.86760
    35.80111     28.12253    -12.92329
    29.47363     20.19285    -12.91436
    54.20446     53.17378    -11.72687
    27.50178     26.71487    -23.59637
    39.11243     32.14501     -8.51797
    27.50322     26.71653    -23.59753
    48.81701     42.34075    -10.19768
    39.88480     44.21870    -21.71450
    55.72994     56.29279    -14.56025
    41.86598     37.01100    -11.49847
    26.34747     20.77991    -12.61635
    37.60386     29.45701    -10.16797
    17.47130     26.22080    -16.68800
    42.64967     34.26423    -11.70969
    42.64622     34.25968    -11.71953
    23.11746     36.91859     -9.32529
    52.53928     52.03413     -7.74011
    37.91520     46.93580    -17.84970
    48.35872     49.94154    -11.78170
    50.52825     44.31431    -10.84980
    22.40840     21.53985    -10.44432
    43.13181     41.55572     -9.60418
    54.14318     46.30705    -13.54718
    20.55788     23.55511    -10.00312
    49.29985     34.96683     -9.37010
    21.25723     23.40450    -10.86929
    17.79728     28.22220     -8.38827
    35.53524     20.04696    -13.81707
    23.37035     35.51194    -11.48000
    38.59657     32.09345    -13.93177
    30.22980     15.70690    -15.74770
    42.89216     28.55595    -10.46103
    35.97516     21.00936    -15.53700
    35.16500     31.33740    -20.25100
    21.86010     30.31000    -12.24100
    48.73673     35.52707    -11.70579
    53.42012     49.70816    -11.83608
    45.79350     49.08670    -22.09160
    47.56666     43.56003     -8.37403
    31.23657     43.62145     -9.59358
    35.14939     32.70147     -7.49245
    23.09256     36.85227     -9.32467
    29.84377     43.55367    -13.29537
    42.70666     57.11284     -9.81528
    40.30490     24.11620     -6.60510
    47.10165     44.16539    -14.21580
    59.68157     51.87641    -10.22353
    51.69116     46.06802    -11.21003
    42.21575     38.68379    -13.13353
    50.49689     44.29236    -10.83244
    38.30370     23.94830     -8.91820
    53.37274     49.62736    -11.85875
    35.97475     21.00888    -15.54448
    33.31936     45.02846    -13.12577
    33.13770     25.85012    -10.85567
    31.06444     37.77566    -23.45118
    31.65670     26.49830    -13.11930
    41.31760     52.31690    -14.82860
    40.28542     38.33628     -9.13568
    53.41325     49.69999    -11.84267
    50.10116     57.52103    -24.60730
    17.98359     26.48906     -6.39446
    51.74483     65.11733    -13.47671
    18.68891     25.02666     -8.20247
    31.21210     42.49884    -13.49499
    27.58991     38.90606    -11.93419
    51.68827     65.00633    -13.51062
    52.62240     59.43380    -24.33510
    55.88393     64.73109    -22.38313
    40.62516     32.54687    -11.60912
    44.89977     37.50223    -13.05030
    26.88436     38.24344    -10.49682
    41.41570     53.02850     -7.48610
    45.56780     26.47630    -13.16380
    39.40110     40.90210     -9.53460
    30.33820     37.81790    -19.32930
    32.82340     36.71140     -9.76700
    40.50629     54.64494     -9.58373
    42.15352     29.62720     -7.75246
    38.30354     29.53669     -9.67238
    45.17278     43.06095    -10.68007
    48.81684     42.36414    -10.18832
    47.47947     44.56139     -8.75559
    26.37418     20.76825    -12.59287
    41.30960     24.86390    -11.86560
    29.95039     36.38989    -13.46530
    32.46753     22.18324    -10.43004
    48.74457     42.41769    -10.07329
    22.06238     25.76200    -11.82476
    33.40307     37.01764    -15.49105
    31.16479     42.43283    -13.52879
    39.00828     32.15217     -8.43803
    18.73769     31.16618     -8.73026
    31.03903     37.77073    -23.40926
    40.99655     27.51818     -8.07861
    44.17670     36.38012    -12.80549
    42.03218     29.38923     -7.71269
    42.03444     29.36776     -7.72293
    17.73506     27.00059     -6.00441
    18.84777     23.69422     -6.19926
    26.78427     38.65322    -12.51497
    35.43068     36.88148    -14.42601
    44.11728     36.32172     -8.37079
    47.57097     43.48794     -8.37039
    59.65261     51.83112    -10.14981
    39.07946     32.14174     -8.46933
    31.22313     43.61477     -9.60450
    18.85993     23.69608     -6.19244
    23.15820     21.42410     -5.53430
    31.19136     43.51876     -9.61119
    50.69124     44.45862    -10.94486
    51.05729     44.86903    -11.10407
    23.59760     29.32030    -13.29600
    42.65261     34.24459    -11.73692
    48.78837     42.36302    -10.18582
    35.06882     36.18190    -17.13941
    24.86780     14.60160     -8.73950
    41.56192     30.76939    -14.76825
    51.58152     58.18507    -19.00920
    42.04175     28.84024    -13.81490
    35.97497     21.00808    -15.54031
    23.27146     23.79017    -13.05207
    33.13706     25.85164    -10.85562
    29.57350     28.33810    -19.65320
    48.85285     42.26305    -15.16674
    39.56241     53.71319    -11.41502
    49.79440     54.26780    -26.21010
    51.48926     49.75067     -9.88248
    51.48907     49.74677     -9.90392
    51.48919     49.74755     -9.89493
    43.56867     34.47328     -8.11901
    64.62510     57.33450    -26.74960
    41.50425     29.64298    -16.67616
    40.28561     32.95140    -14.75508
    36.83265     37.84358     -9.73050
    30.24730      9.53290    -16.80930
    41.10984     27.46955     -8.16179
    42.61436     38.79160     -6.63705
    35.97455     21.00986    -15.53638
    44.33844     33.19631    -15.58551
    41.15710     25.76320    -17.02690
    30.48818     34.34538    -13.67492
    30.32977     32.13403    -16.12926
    56.27390     53.54740    -12.86100
    33.36504     45.17131    -13.25103
    16.49600     29.29630    -16.03870
    42.65756     34.24306    -11.71919
    54.08565     46.22698    -13.53115
    47.42036     39.35040    -14.66176
    33.17189     25.92405    -10.85283
    52.27373     52.10767     -7.35381
    40.50810     33.68121    -10.87727
    53.63160     55.17057     -8.27285
    30.12397     35.75158    -15.52671
    33.16424     25.93786    -10.85296
    55.92068     64.79976    -22.43491
    48.35259     49.93814    -11.80410
    47.68566     34.52549     -7.63996
    40.12900     23.35350    -20.44900
    23.09176     23.31191    -12.65267
    25.35550     39.39550    -15.87860
    23.46954     24.47176    -13.53990
    30.19360     15.51390    -22.92640
    28.38260     18.26430    -13.36990
    37.71033     21.23009    -17.09945
    20.43275     23.52223     -9.88756
    47.69887     34.57275     -7.61608
    26.73657     38.63665    -12.55661
    52.43970     64.98020    -23.98260
    32.46827     42.65138    -11.70087
    41.98760     42.60780    -23.76900
    44.96451     40.67119    -13.07787
    26.74100     38.61170     -8.38330
    44.96068     40.67101    -13.08742
    33.52080     37.93914    -17.79303
    45.03790     49.15630    -27.34960
    35.29763     30.92399    -13.05005
    42.12224     30.77855    -16.68666
    26.38483     20.76804    -12.56703
    31.22154     43.60200     -9.60736
    30.32448     32.13696    -16.12669
    40.92580     27.62060    -20.48360
    42.60294     37.93647     -7.48134
    38.10100     45.78324    -21.59563
    37.74650     30.73250    -21.58330
    49.26093     57.08524    -23.53256
    42.88980     26.81090    -14.48280
    52.05086     47.17492    -11.04599
    31.48351     35.78141    -15.45719
    31.48823     35.78204    -15.45207
    35.09540     36.20013    -17.12532
    43.61940     55.57070    -14.36970
    42.53716     38.07317     -7.06522
    45.54160     35.85340    -10.33930
    40.30302     32.97404    -14.76505
    42.52335     38.05699     -6.99004
    42.68941     28.53775    -11.04727
    37.85953     32.60102    -12.95569
    42.65553     34.22997    -11.73260
    46.61501     46.32839     -6.55339
    47.36241     37.59190     -9.86653
    40.30489     32.97390    -14.76955
    40.30228     32.97018    -14.76420
    50.53986     44.24861    -10.86803
    32.02910     31.05970     -8.60630
    31.42873     34.41600    -16.13344
    34.51110     24.52160    -19.07710
    52.82607     43.91392    -12.67237
    44.85100     42.72200     -5.11700
    55.23120     49.96620     -3.99030
    33.42740     26.11744     -8.42811
    39.04806     31.78730    -14.43392
    35.53506     19.95803    -13.84925
    48.31750     49.96681    -11.88103
    40.26805     54.62248     -9.87367
    35.71409     28.15207    -13.32014
    48.32786     49.96152    -11.86067
    33.38660     39.33160    -21.26650
    48.73470     61.40290    -11.50270
    34.65631     30.92028    -10.51850
    18.72501     31.19384     -8.59204
    43.55937     34.36000     -8.09902
    50.46054     44.58151    -10.80082
    41.16536     27.56160     -8.14387
    45.90011     59.31631    -16.49415
    27.69900     39.58950     -6.07220
    54.08768     46.22943    -13.52919
    36.33942     28.74574    -18.64712
    34.05280     30.90560     -8.18960
    28.72039     37.84334    -15.30154
    41.63338     36.85981     -8.08763
    33.53467     37.97820    -17.81637
    37.73183     49.43866    -13.30245
    36.80055     37.83792     -9.71700
    16.01460     27.88150    -21.06910
    30.77680     27.94290    -10.40010
    40.53014     33.77024    -10.82558
    40.47108     27.80526     -7.38359
    17.76873     26.84184     -5.96710
    49.91258     57.84297    -20.71227
    41.87407     39.66568     -9.95273
    41.79461     53.98531    -10.43656
    35.97037     21.00562    -15.55573
    25.52350     14.22830    -15.46170
    23.25280     28.10120     -9.25690
    31.16163     42.51365    -13.50020
    48.71324     35.48384    -11.69373
    32.99440     14.82930    -12.25890
    40.13238     35.51419    -12.81975
    50.57487     44.29537    -10.88470
    41.44500     25.02200     -7.22820
    35.56087     20.13193    -13.89607
    41.89600     44.71240    -16.53980
    40.51291     33.37860    -11.08123
    34.03264     47.52402    -11.80939
    47.11425     44.16651    -14.19870
    47.27208     39.30116    -14.63533
    25.50447     38.24622     -6.58793
    35.44156     36.90977    -14.45176
    30.47852     34.34452    -13.67468
    50.37726     44.08499    -10.78198
    47.60018     43.54550     -8.40263
    38.20594     28.13953    -15.16101
    37.53750     35.57940    -10.89980
    35.06776     36.18207    -17.13989
    42.65396     34.25909    -11.73703
    37.59362     31.92625    -11.23688
    42.68124     34.24304    -11.72729
    39.67990     45.18180    -19.60970
    24.32509     33.42875    -13.98984
    26.71304     38.64109    -12.56129
    52.35589     52.07873     -7.47944
    22.64780     24.30780     -8.40420
    43.55272     34.34871     -8.10637
    52.30413     52.12814     -7.41775
    48.81776     42.35566    -10.19985
    34.12256     44.63309    -10.22063
    55.04397     50.40353    -13.43298
    39.12862     32.14828     -8.56453
    20.84940     19.39410    -12.48970
    35.63202     19.98228    -13.78607
    39.02323     32.11647     -8.41118
    21.29405     23.29656    -10.86045
    39.41130     29.35850    -24.47000
    29.23350     19.06460    -10.50650
    43.55648     34.34707     -8.10990
    51.12380     41.97430    -14.62060
    43.61143     35.18994    -13.78957
    40.19994     54.60831    -10.06191
    30.85250     26.72530     -8.67040
    40.62149     27.74320     -7.61704
    39.53854     53.68111    -11.51737
    40.30497     33.00891    -14.76963
    20.65683     23.72760    -10.33550
    42.03558     29.38792     -7.70762
    35.97650     21.01311    -15.54675
    35.92350     20.93027    -15.32600
    48.39019     49.91090    -11.71806
    42.37574     28.72709    -13.71631
    28.07734     39.10110    -11.63064
    53.11274     51.54658     -9.04905
    23.46506     24.39942    -13.54347
    44.35826     33.19829    -15.55959
    53.29760     56.71430    -24.11930
    47.47595     39.37835    -14.65849
    41.93710     28.88771    -13.95043
    41.87070     39.65053     -9.93503
    52.35764     52.07325     -7.52516
    49.85750     46.81460    -14.13820
    26.37935     20.79037    -12.36158
    36.08832     29.07115    -10.01254
    51.72010     65.01946    -13.49108
    63.63890     59.54110    -21.47440
    43.87240     46.62340    -23.87660
    27.15095     38.75975    -12.40207
    42.04335     28.85874    -13.80037
    33.84919     47.48365    -11.77794
    51.76097     46.26154    -11.20888
    36.32108     28.75426    -18.63868
    50.21050     49.60490    -15.33280
    38.04853     41.13677    -18.55231
    37.61981     29.38902    -10.67288
    35.43823     30.84069    -12.96530
    47.59964     39.40617    -14.67488
    36.51941     25.11228     -8.91007
    35.43032     30.84154    -12.97820
    42.04304     38.74983    -13.30189
    18.08720     28.36950    -18.64750
    52.93034     47.82130    -12.09630
    48.72486     35.51841    -11.70241
    40.36930     28.90750    -11.08900
    48.30777     49.98080    -11.91055
    26.83414     38.67943    -12.50474
    57.84320     56.62030     -7.86500
    26.74994     38.66051    -12.56701
    59.59970     51.27030    -15.21760
    36.63240     51.07660     -5.95940
    42.02119     29.29246     -7.73866
    17.71272     26.99216     -5.97912
    32.26800     21.98768    -10.87176
    35.17345     32.66726     -7.50096
    38.11740     45.81036    -21.57697
    39.98058     35.03414    -12.79429
    23.10480     36.92431     -9.28364
    39.81800     33.21350    -19.45400
    35.21890     16.95400    -12.52680
    38.45676     27.95414    -15.30067
    48.93759     35.78219    -11.82403
    38.27440     28.36460    -17.94510
    33.90460     29.79770    -20.04260
    23.16515     35.38592    -11.29124
    35.42200     30.87053    -12.96146
    58.42539     48.49690    -10.29961
    51.17139     45.16572    -11.10375
    42.80457     31.16507     -7.99689
    22.37170     22.43420    -14.22210
    33.66982     47.32860    -11.74835
    41.88602     27.00268     -8.73871
    37.59495     31.88749    -11.21253
    40.71851     31.38722     -7.66613
    42.30144     31.08313    -16.73038
    41.85854     54.02364    -10.50256
    40.60200     44.28370    -25.14600
    43.56037     34.34262     -8.10163
    33.26375     26.26549     -8.15741
    40.96168     32.18075    -11.82691
    43.71203     35.46454    -13.53940
    24.48403     36.05404    -12.25323
    41.46060     27.26552     -8.41574
    33.16073     25.98305    -10.85917
    29.52160     20.14990    -12.95605
    33.52489     37.97116    -17.79868
    28.89630     24.24160    -22.32350
    49.30205     34.96197     -9.37530
    42.58512     33.25794    -13.14377
    26.37660     20.76916    -12.57609
    29.95675     36.39615    -13.46464
    55.73204     56.29131    -14.57346
    23.10924     36.91336     -9.29725
    32.77236     25.08607    -10.86180
    47.11350     57.17400    -19.60400
    36.29550     47.59081     -9.67516
    16.29530     25.38540    -13.04020
    52.06020     59.89710    -22.93630
    15.03403     27.50571    -12.79055
    40.55788     33.63740    -10.95725
    52.28183     52.11297     -7.38070
    54.18470     46.43031    -13.51922
    34.09500     14.30000     -5.67740
    37.00672     27.74209    -21.89536
    35.31170     42.41710    -24.22580
    40.52976     33.14208    -11.24102
    30.12750     13.82510    -22.58130
    49.89622     57.83523    -20.70213
    60.87616     54.62221    -24.10896
    52.17110     48.81070     -7.24050
    21.70727     22.67014    -10.74452
    46.71738     37.46764     -9.75836
    51.28432     41.00093    -12.34986
    40.91060     34.23550    -16.75230
    21.87920     21.46820    -19.03910
    45.26795     46.33859    -26.62075
    50.96330     47.55530     -7.77730
    25.71450     39.31980     -9.21900
    44.92470     31.47050    -10.29290
    35.53006     19.86862    -13.89132
    50.59677     64.48040    -23.91884
    46.61509     46.32451     -6.55421
    43.92690     43.35860    -25.81570
    42.79556     31.02589     -8.00358
    58.73729     56.36863    -10.32157
    47.65204     43.40019     -8.38214
    28.14349     39.13549    -11.56313
    50.49515     58.64940    -24.08361
    29.59773     20.06823    -12.93626
    45.53281     39.50281     -6.88971
    51.23342     40.94060    -12.32392
    48.81247     42.35917    -10.20117
    48.81156     42.35824    -10.19119
    36.51394     25.09202     -8.88973
    41.41622     29.48372    -16.70233
    25.08210     22.76080    -15.26680
    28.79134     41.73266     -5.27462
    42.15856     28.78533    -13.71861
    42.59252     37.91939     -7.49088
    49.72696     36.83019    -12.29634
    40.05907     35.34744    -12.85223
    55.58560     48.26350    -15.06370
    33.07036     25.71920    -10.84680
    38.28265     32.00609    -20.04611
    23.80342     35.71395    -11.79856
    36.51050     41.11700    -17.67680
    27.37580     19.40650    -13.56040
    43.61260     47.63450    -22.50900
    50.78266     44.63075    -10.95576
    57.58050     64.72880    -20.73380
    20.63088     23.96608    -10.50943
    37.74646     29.47581     -9.74035
    20.63320     23.64658    -10.26098
    29.97937     36.39201    -13.45358
    27.60050     32.67590    -17.18070
    48.79783     42.36343    -10.18542
    35.80622     28.13289    -12.98876
    47.62420     47.50910    -26.54980
    40.61192     32.68593    -11.52056
    32.39468     45.64168    -14.14748
    17.27375     26.24593     -8.96758
    44.94880     40.66193    -13.09021
    36.28260     48.65140    -11.37600
    38.29581     32.04853    -20.08752
    33.07936     45.81651     -8.99595
    41.85355     39.66057     -9.95572
    26.32902     20.80939    -12.61085
    31.32179     30.97011    -11.87329
    36.69930     22.92220     -7.11420
    54.39611     46.50484    -13.76316
    33.10369     45.20478    -13.39815
    35.79905     28.17952    -13.01407
    48.28341     39.89274    -10.66784
    48.28777     39.90759    -10.67089
    35.84297     28.38571    -13.17660
    45.81940     50.76700     -8.41320
    42.87083     28.56908    -10.49261
    40.29902     32.98724    -14.76977
    21.27435     23.42605    -10.91790
    41.00039     27.54095     -8.06905
    44.83058     40.68684    -13.14757
    37.61739     32.20516    -11.72941
    36.66890     25.06560    -12.30700
    49.71470     61.23100    -21.37650
    26.66538     38.61440    -12.57122
    33.52717     37.96966    -17.80467
    27.90470     39.01687    -11.67963
    28.93386     34.34415    -11.67946
    39.62240     33.09510    -16.80600
    35.21027     32.62080     -7.54698
    35.53299     20.08883    -13.87235
    30.12240     27.94340     -5.97000
    31.73262     23.13373     -7.71727
    29.15362     27.27497    -12.61144
    35.82790     19.95363    -17.78940
    34.06720     18.10510    -11.82880
    52.95688     43.65804    -13.23279
    15.04369     27.52749    -12.75764
    29.04249     34.07220    -11.69820
    31.96376     21.67472    -11.50329
    28.76543     22.82166    -11.22362
    36.81218     34.03706    -12.05962
    51.05237     44.94794    -11.09521
    33.58077     45.06302    -13.13705
    38.89091     36.12145     -8.29714
    29.94886     36.39526    -13.48244
    32.03066     21.76594    -11.34080
    31.32347     35.54827    -15.57676
    24.70098     20.52688    -14.47977
    29.02174     34.12943    -11.71635
    28.01250     36.51400    -17.31020
    26.62561     38.67152    -12.61678
    52.70923     41.37758    -14.13476
    46.68812     32.79982     -6.87080
    46.68578     32.79824     -6.87234
    46.68904     32.79866     -6.87226
    25.84970     37.40030     -8.33290
    46.00440     61.43460    -21.12490
    52.43365     52.08729     -7.55243
    29.25161     42.74891    -15.50887
    36.00244     49.22371     -8.11630
    47.12264     34.68612    -10.41565
    50.51558     44.21968    -10.85371
    18.17360     26.44880    -13.23670
    35.43558     49.58349     -6.89617
    52.88699     43.83477    -12.83112
    53.69051     55.23618     -8.33108
    53.42744     49.69893    -11.83522
    36.11270     45.26220    -17.48320
    45.12477     43.07318    -10.69013
    18.22420     26.13560    -10.30060
    45.14925     43.07400    -10.69933
    29.94868     36.38979    -13.47844
    37.90274     32.59112    -13.03781
    36.00928     28.94105    -10.10538
    42.86925     28.56414    -10.52599
    27.78770     28.79800    -19.31580
    54.20624     53.16742    -11.73113
    33.41670     41.00530    -19.54690
    48.67179     35.49013    -11.66838
    35.68716     35.73261     -7.25552
    51.65287     41.06039    -12.81318
    26.77360     38.65089    -12.51264
    23.46986     24.40880    -13.53754
    35.15930     33.41870    -13.77510
    29.95797     36.39051    -13.46704
    39.22560     43.62550    -27.10760
    45.94666     37.29473     -9.53088
    42.64220     57.91170    -11.87480
    58.27590     48.50580    -21.62960
    15.04327     27.52628    -12.77440
    45.65661     42.94498     -7.64855
    31.42978     34.29662    -16.20947
    50.51503     44.32162    -10.83288
    41.93846     32.74770     -7.59178
    35.02505     46.25297     -9.38386
    42.02830     29.34855     -7.73158
    31.21215     42.50038    -13.48723
    42.61662     34.14963    -11.84610
    35.77621     20.60881    -14.75777
    35.80479     28.13700    -12.98396
    35.42723     36.89565    -14.43969
    45.42410     53.69910    -18.28400
    34.54943     31.03397    -10.52394
    35.82880     28.06508    -12.92324
    34.01904     47.51687    -11.81689
    52.03705     47.06506    -11.09704
    35.01175     23.63783    -10.33993
    23.16194     35.39606    -11.25645
    22.14313     25.87261    -11.89213
    43.60774     35.17305    -13.78435
    25.32154     35.08825     -9.23489
    33.51959     26.02914     -8.55304
    59.69752     54.38734    -21.15843
    59.70942     54.37632    -21.21880
    42.86550     28.57035    -10.49948
    42.87350     28.57134    -10.48335
    42.61980     34.20310    -11.77124
    18.47358     23.89946    -14.04863
    20.10430     22.30070    -18.06400
    31.65200     37.81280    -17.97280
    43.52842     35.18307    -13.76525
    37.71317     21.22731    -17.10025
    23.12543     23.32024    -12.66315
    51.00907     44.90370    -11.05591
    28.37082     39.26234    -11.44300
    33.31218     45.06057    -13.17433
    33.28815     45.09940    -13.21923
    33.51867     37.97012    -17.77952
    33.49516     26.95389    -10.71911
    35.26464     46.43942     -9.48496
    23.98760     27.03520    -18.04650
    23.19406     35.44121    -11.31096
    50.51477     44.21582    -10.86171
    37.59186     31.91428    -11.21998
    43.54479     34.36836     -8.10099
    42.86288     28.57105    -10.50855
    52.24700     52.07297     -7.47772
    43.55830     40.48090     -4.81850
    17.25055     26.25169     -9.01008
    43.61513     35.20270    -13.77812
    33.94190     48.43720     -9.26220
    26.34674     20.79253    -12.58715
    23.10838     36.91621     -9.29999
    30.43016     35.78164    -15.49270
    36.78370     30.24430     -7.26690
    26.39544     20.76895    -12.62997
    23.03544     35.45822    -11.00415
    33.54306     26.00539     -8.56351
    47.69258     34.57209     -7.62489
    34.60750     38.02690    -21.63930
    18.78629     31.09989     -8.88852
    42.67630     34.24265    -11.73113
    63.63940     57.09060    -22.95500
    37.89940     44.14375    -23.53752
    28.79146     41.74724     -5.27348
    54.95650     45.64500     -8.92050
    39.15845     32.13139     -8.59391
    47.32617     37.58142     -9.89069
    33.27712     32.41061     -7.40563
    29.93072     36.39464    -13.53412
    35.09180     33.91190    -18.83450
    27.15576     38.75731    -12.22059
    47.68806     34.54522     -7.62657
    38.81100     22.74720    -10.33140
    37.58301     31.94855    -11.24376
    40.76258     32.30890    -11.76139
    48.03750     49.49930    -22.54640
    38.50834     27.93821    -15.31183
    40.49623     33.57731    -10.96926
    36.95313     27.58162    -21.89329
    19.19203     30.69613     -9.31521
    34.69810     33.59550    -16.31990
    35.97263     20.99670    -15.56919
    50.64224     44.43551    -10.91087
    42.63104     34.22406    -11.76272
    31.24063     42.51015    -13.47248
    35.40347     30.88882    -12.99292
    50.47763     44.30982    -10.82274
    34.18730     44.79602    -10.23731
    32.04260     44.71850     -5.76230
    32.26410     14.60940     -8.98340
    49.30764     44.05263    -12.99663
    47.15186     34.71961    -10.45675
    56.85706     65.41977    -23.68547
    53.42756     51.37327     -9.08522
    36.29371     47.61728     -9.65316
    26.22681     20.97472    -12.65973
    33.55978     45.07025    -13.14764
    48.69890     45.74370    -18.25660
    27.16220     41.81880     -6.56650
    40.51307     33.80848    -10.78676
    45.57315     42.91265     -7.65558
    18.71412     31.22862     -8.49090
    22.41080     34.20410    -13.61540
    36.33889     29.16057     -9.93710
    18.87199     28.24382     -8.22511
    26.50604     38.68323    -12.65119
    26.35998     20.77970    -12.59652
    35.76190     46.95730     -9.57395
    48.72210     35.51197    -11.70015
    40.36663     38.56121     -9.12951
    23.28090     35.47896    -11.40548
    35.60650     34.44040     -8.91420
    28.71431     37.84446    -15.29776
    34.95460     29.07880    -16.89440
    38.68333     26.95032    -12.35349
    18.48722     23.88374    -14.03147
    22.09320     20.36050    -13.91980
    50.86240     63.58390    -10.17290
    42.89428     28.54913    -10.43412
    28.98142     34.21508    -11.71984
    36.52032     25.06196     -8.90564
    26.39975     20.77380    -12.53506
    58.44894     48.38131    -10.52497
    45.53505     39.51407     -6.88502
    39.32370     35.12960    -22.01330
    25.71730     24.01840    -14.62910
    47.42627     45.02317     -8.94549
    34.02716     43.03468    -17.38306
    23.89290     30.19230    -17.38090
    31.21219     43.58888     -9.61749
    47.24116     39.28190    -14.63419
    55.72987     56.28520    -14.55527
    59.69115     54.41725    -21.08674
    58.44334     48.45042    -10.42151
    56.12880     66.11570    -20.89740
    51.24856     39.31277    -13.00187
    43.99590     36.26866     -8.35207
    41.24120     51.32250    -16.82890
    40.14180     50.56540    -15.18710
    46.31780     59.10500    -13.12020
    20.67341     23.51406    -10.18944
    20.43936     23.52943     -9.88177
    37.74738     49.42071    -13.08435
    48.87899     42.24924    -15.14646
    27.43347     38.73874    -11.52603
    29.11120     15.29010    -10.75820
    51.24838     39.59475    -12.88088
    31.44155     34.39576    -16.08755
    46.04730     45.19440     -7.92790
    48.87229     48.33838    -15.75177
    50.08300     56.19730     -9.08960
    34.02764     43.03342    -17.38764
    42.59012     37.91934     -7.45772
    48.35640     49.93416    -11.78878
    19.90840     22.68328     -8.03329
    32.58971     26.29632    -10.85371
    24.21617     33.17902    -13.98706
    48.78889     42.36431    -10.18380
    51.58398     58.19013    -18.99460
    29.89900     39.27480    -15.11640
    34.57378     31.01192    -10.52125
    33.62039     45.08063    -13.16084
    38.24174     29.54582     -9.74575
    33.99420     47.60633    -11.75558
    21.26508     23.39365    -10.91216
    51.24756     40.93996    -12.34358
    41.83360     37.13100    -11.39122
    18.66220     28.18290    -10.38880
    41.77979     36.77228    -11.57700
    25.81017     21.68334    -12.91864
    54.00120     64.80940    -19.34930
    50.65710     44.59458    -10.89881
    38.28431     31.96119    -20.00285
    30.50810     19.00410     -7.59800
    41.75365     39.53536     -9.90164
    42.57612     33.92686    -12.15589
    50.57172     58.87808    -23.95054
    26.74099     38.65497    -12.56135
    32.80792     25.19221    -10.84576
    19.91350     26.11470     -7.88740
    50.46834     44.20726    -10.81472
    25.50393     38.24168     -6.58647
    51.07740     53.31000    -15.06350
    42.57539     34.29494    -11.71520
    56.56050     60.99320    -19.21710
    37.59082     29.29281    -10.76984
    41.59027     54.13159    -10.26415
    45.03290     31.48270    -15.08140
    52.15470     38.42500    -10.76880
    33.91467     47.51313    -11.78771
    58.97410     64.07940    -21.15830
    37.90020     44.14615    -23.53878
    38.02609     41.10051    -18.58865
    50.09960     57.36601    -24.73032
    45.03233     37.70698    -13.11692
    27.23190     17.19050    -14.70600
    52.99089     43.70962    -13.26002
    45.85810     52.15090    -21.02200
    36.96957     27.61810    -21.89397
    18.72635     31.21833     -8.44545
    32.73890     25.03685    -10.84784
    43.51999     34.39405     -8.08011
    17.80076     26.87689     -6.05151
    55.00368     50.34094    -13.45300
    42.63198     38.47709    -12.65543
    16.96380     23.96540    -10.14870
    43.09534     41.57883     -9.59122
    26.80230     12.92620     -8.95300
    49.70441     36.79061    -12.27850
    35.32191     49.58547     -6.65212
    40.92075     27.62075     -7.97462
    32.99360     28.94420    -10.75110
    50.52002     44.26026    -10.86059
    32.91530     25.52319    -10.83512
    42.89001     28.55665    -10.43253
    42.03981     28.84648    -13.81616
    16.03628     26.03731     -6.83707
    51.33430     57.48930    -23.73610
    37.88640     32.59152    -12.99925
    33.42685     45.05051    -13.15378
    31.22851     43.59474     -9.60842
    47.18390     39.15255    -14.67381
    35.39623     30.88220    -12.98422
    45.57222     42.91666     -7.63867
    42.58311     37.89911     -7.44831
    38.06940     41.15006    -18.53370
    35.97449     21.00917    -15.54667
    52.30495     52.10979     -7.40245
    20.62090     25.06050    -19.23630
    33.46440     45.05012    -13.13250
    52.78633     41.47019    -14.22322
    33.53010     37.97537    -17.81425
    64.60260     55.96750    -25.49600
    57.36131     47.86667    -16.87313
    26.76283     38.64505    -12.52439
    53.77064     55.31109     -8.37619
    33.72688     26.38357    -20.39025
    21.37719     23.31736    -11.02859
    22.19051     25.89998    -11.94576
    18.05185     27.18436     -6.30946
    19.58499     27.42009    -14.38951
    28.08980     24.34570    -15.65960
    35.12737     32.67999     -7.48182
    25.12850     32.76800    -17.31850
    21.29235     23.34324    -10.92168
    54.25436     46.42229    -13.61480
    49.22340     57.01665    -23.54391
    34.86110     25.91790    -13.95890
    49.30620     64.84760    -26.27330
    31.09923     43.30950     -9.66410
    23.46975     24.41151    -13.53996
    60.42100     50.59010    -20.36510
    52.10448     52.14509     -8.12166
    36.04880     29.05140    -10.04292
    18.70342     25.02896     -8.24934
    52.16483     47.14926    -11.25476
    40.02470     24.98110    -13.12710
    21.25939     23.52116    -10.96079
    49.69364     57.29464    -24.11635
    58.90550     50.36640    -17.29480
    42.69606     38.38549    -12.54708
    24.29321     33.44361    -13.99417
    25.89790     32.00640    -13.19250
    31.33950     24.58480     -7.06100
    59.64762     51.80616    -10.15901
    52.67708     41.36245    -14.09010
    41.84666     36.98119    -11.49264
    42.76993     28.51097    -10.74697
    31.37160     34.32400     -9.00520
    50.19370     62.41980    -26.10540
    40.54080     41.92350    -11.80240
    47.36660     39.28327    -14.67548
    17.76300     26.98036     -6.00768
    30.32468     32.13649    -16.12594
    53.16610     48.77707    -12.00743
    18.79325     31.20381     -8.00605
    51.25435     40.96915    -12.33446
    34.56273     31.02377    -10.50804
    35.25919     46.42878     -9.45113
    34.12876     44.64148    -10.22181
    44.37590     30.46530    -13.50520
    29.52860     20.13831    -12.96459
    43.61538     35.20412    -13.77785
    28.54417     25.12316    -13.75043
    49.83630     62.97820    -21.28470
    59.64465     51.79124    -10.16328
    38.05976     49.36179    -11.68650
    49.31660     44.02747    -13.01338
    41.00810     31.56480    -19.21380
    29.59084     20.07400    -12.95723
    54.05633     46.17441    -13.52865
    17.93188     28.24456     -8.40492
    39.77640     26.12720    -22.34250
    37.56120     24.48320     -6.56660
    40.52163     33.77142    -10.81585
    51.27318     41.09660    -12.31915
    30.32583     32.13646    -16.12594
    45.59111     42.90814     -7.65388
    42.57471     38.33164     -6.90150
    48.82922     42.37221    -10.17334
    39.82010     45.91080    -17.82930
