    35.93101     20.91746    -15.37163
    57.35601     47.86793    -16.87070
    57.35612     47.86791    -16.87073
    51.88726     46.74788    -11.06297
    35.93101     20.91747    -15.37165
    42.03075     29.35752     -7.73417
    42.03073     29.35753     -7.73421
    42.03074     29.35743     -7.73424
    52.70574     41.38904    -14.12668
    56.09198     64.88402    -22.64175
    53.67348     55.21543     -8.31516
    53.67359     55.21562     -8.31527
    35.93093     20.91736    -15.37112
    55.82306     57.28879     -9.80967
    55.82305     57.28878     -9.80975
    55.82306     57.28879     -9.80966
    55.82306     57.28878     -9.80967
    26.32100     20.84875    -12.48759
    42.62943     34.10430    -11.92573
    48.80488     42.35814    -10.18407
    48.80481     42.35815    -10.18405
    48.80480     42.35814    -10.18407
    40.28548     32.96002    -14.75874
    26.32101     20.84875    -12.48764
    26.32099     20.84874    -12.48762
    26.32102     20.84875    -12.48755
    35.56482     20.09341    -13.92806
    27.06255     38.74534    -12.25452
    27.06100     38.74488    -12.25575
    27.06087     38.74485    -12.25576
    35.93101     20.91745    -15.37154
    35.93101     20.91745    -15.37158
    35.93100     20.91746    -15.37154
    33.07115     25.74689    -10.83366
    33.07158     25.74786    -10.83361
    33.07164     25.74834    -10.83358
    51.48919     49.74748     -9.89794
    51.48919     49.74751     -9.89777
    51.48919     49.74749     -9.89787
    26.32097     20.84875    -12.48773
    43.65267     35.30903    -13.68196
    42.84152     28.55989    -10.57385
    35.93103     20.91751    -15.37166
    56.09159     64.88353    -22.64133
    56.09160     64.88354    -22.64134
    56.09136     64.88313    -22.64087
    56.09142     64.88326    -22.64106
    42.80929     31.28125     -7.96377
    40.28440     32.95856    -14.75826
    52.24094     52.10490     -7.69738
    30.32622     32.13597    -16.12698
    30.32617     32.13599    -16.12695
    30.32618     32.13599    -16.12695
    30.32619     32.13599    -16.12695
    35.56485     20.09347    -13.92815
    35.56483     20.09352    -13.92821
    34.58087     31.00390    -10.52008
    34.58089     31.00387    -10.51999
    34.58083     31.00391    -10.52003
    34.58085     31.00389    -10.52002
    52.24377     52.10465     -7.68701
    55.72999     56.28814    -14.55964
    55.72998     56.28809    -14.55958
    55.72999     56.28811    -14.55961
    42.84154     28.55993    -10.57356
    42.84150     28.55994    -10.57362
    42.84145     28.55994    -10.57376
    42.84147     28.55995    -10.57370
    26.32106     20.84875    -12.48747
    26.32108     20.84873    -12.48750
    26.32109     20.84873    -12.48746
    55.01714     50.36461    -13.44441
    34.58076     31.00399    -10.51991
    33.07034     25.74523    -10.83366
    33.07115     25.74687    -10.83366
    37.61100     31.99968    -11.39933
    35.56505     20.09403    -13.92868
    35.93036     20.91630    -15.36891
    35.66918     20.32844    -14.33932
    33.50982     38.07605    -17.81572
    50.66324     44.48471    -10.91599
    39.08122     32.13728     -8.49620
    39.08104     32.13743     -8.49611
    42.83998     28.55966    -10.57830
    26.32099     20.84873    -12.48766
    40.48587     33.31653    -11.19895
    40.48524     33.32502    -11.19360
    51.48919     49.74747     -9.89799
    40.28546     32.95971    -14.75869
    43.65293     35.30905    -13.68210
    40.48499     33.33769    -11.18491
    40.48506     33.33720    -11.18529
    26.32100     20.84875    -12.48772
    42.84171     28.55983    -10.57305
    42.84171     28.55984    -10.57322
    42.84174     28.55977    -10.57306
    60.87449     54.62134    -24.10426
    42.84156     28.55995    -10.57348
    35.56480     20.09327    -13.92807
    35.56481     20.09323    -13.92800
    39.08084     32.13739     -8.49557
    39.08054     32.13737     -8.49531
    56.09160     64.88348    -22.64141
    49.30756     36.27460    -12.04428
    49.30750     36.27452    -12.04424
    49.30512     36.27143    -12.04279
    59.64951     51.82957    -10.14990
    59.64949     51.82945    -10.14994
    42.57638     38.03153     -7.25924
    27.05992     38.74469    -12.25677
    29.54147     20.12348    -12.95229
    29.54153     20.12336    -12.95229
    29.54152     20.12339    -12.95236
    33.47877     20.32146    -12.70634
    33.47870     20.32139    -12.70637
    33.47867     20.32140    -12.70638
    33.47869     20.32140    -12.70637
    42.62957     34.10470    -11.92522
    27.06130     38.74509    -12.25586
    53.67315     55.21508     -8.31497
    35.56477     20.09309    -13.92804
    31.33998     42.52487    -13.39153
    42.62960     34.10476    -11.92511
    35.43331     36.89687    -14.43847
    35.43332     36.89686    -14.43849
    50.66547     44.48786    -10.91696
    42.62966     34.10455    -11.92524
    42.62892     34.10098    -11.93020
    42.62911     34.10204    -11.92878
    42.62886     34.10023    -11.93126
    52.70594     41.38929    -14.12694
    52.70576     41.38910    -14.12671
    52.70578     41.38906    -14.12675
    35.56474     20.09339    -13.92786
    31.16232     43.47830     -9.62935
    26.32072     20.84912    -12.48787
    43.65301     35.30906    -13.68209
    43.65302     35.30908    -13.68209
    18.74206     31.15167     -8.67071
    43.10731     41.56415     -9.59910
    40.48505     33.33511    -11.18670
    33.41191     45.07738    -13.15463
    33.41128     45.07721    -13.15448
    33.41099     45.07691    -13.15401
    45.26689     46.33608    -26.61827
    47.62420     47.50910    -26.54980
    45.26689     46.33609    -26.61828
    40.28548     32.95974    -14.75874
    40.28551     32.95978    -14.75869
    40.28547     32.95974    -14.75870
    33.06664     25.73789    -10.83383
    49.30818     36.27544    -12.04463
    20.90175     23.37036    -10.41559
    51.27385     40.75447    -12.44752
    49.21869     36.15905    -11.99178
    41.63320     36.86645    -11.63231
    48.34413     49.94797    -11.82145
    48.34421     49.94785    -11.82121
    48.34429     49.94781    -11.82104
    23.37139     35.42545    -11.54050
    23.37146     35.42548    -11.54054
    23.13496     36.93647     -9.27078
    23.13494     36.93646     -9.27078
    23.13495     36.93649     -9.27076
    59.64963     51.82994    -10.15003
    35.56487     20.09327    -13.92794
    40.28532     32.95955    -14.75862
    20.92339     23.36594    -10.44121
    23.37189     35.42567    -11.54075
    35.56477     20.09347    -13.92821
    48.29070     39.91233    -10.66866
    48.29065     39.91221    -10.66868
    48.29061     39.91209    -10.66866
    40.48511     33.33601    -11.18607
    40.48513     33.33717    -11.18539
    50.66295     44.48431    -10.91584
    47.06101     37.52563     -9.81836
    47.06142     37.52574     -9.81819
    47.06142     37.52574     -9.81820
    42.84108     28.55997    -10.57464
    42.84108     28.55994    -10.57471
    42.84093     28.55991    -10.57505
    40.28543     32.95985    -14.75874
    49.21904     36.15966    -11.99200
    49.22181     36.16319    -11.99360
    49.21897     36.15954    -11.99195
    48.29073     39.91237    -10.66866
    42.62988     34.10522    -11.92412
    36.96428     27.61677    -21.89062
    36.51163     25.07245     -8.91645
    20.92659     23.36541    -10.44514
    26.32118     20.84875    -12.48809
    20.91058     23.36894    -10.42655
    40.71825     31.38740     -7.66555
    40.71825     31.38740     -7.66555
    45.59599     42.92212     -7.64855
    42.57639     38.03170     -7.25936
    31.16222     43.47806     -9.62947
    31.16224     43.47814     -9.62948
    54.05697     46.10389    -13.56313
    54.05743     46.10459    -13.56322
    54.05716     46.10420    -13.56317
    54.05717     46.10421    -13.56316
    31.54339     34.90125    -15.87391
    31.54335     34.90121    -15.87397
    51.27463     40.78464    -12.43632
    33.41284     45.07753    -13.15471
    33.41267     45.07758    -13.15479
    35.16058     36.17078    -17.11448
    37.47469     29.36833     -9.98599
    51.27461     40.78479    -12.43623
    27.05888     38.74443    -12.25765
    27.06037     38.74485    -12.25651
    35.93098     20.91745    -15.37175
    35.93101     20.91739    -15.37189
    42.57629     38.03187     -7.25887
    42.57634     38.03177     -7.25913
    42.91500     31.80250    -17.05960
    35.43325     36.89684    -14.43846
    51.27443     40.78447    -12.43617
    51.27464     40.78500    -12.43617
    45.59602     42.92213     -7.64853
    45.59598     42.92215     -7.64851
    49.21816     36.15884    -11.99146
    31.16230     43.47819     -9.62938
    20.92784     23.36457    -10.44644
    20.92816     23.36472    -10.44707
    37.67347     32.06868    -11.66189
    43.10735     41.56414     -9.59916
    35.43334     36.89691    -14.43850
    35.43336     36.89696    -14.43856
    35.43336     36.89693    -14.43851
    42.57625     38.03211     -7.25821
    41.63283     36.86561    -11.63296
    36.51162     25.07245     -8.91649
    36.51163     25.07242     -8.91651
    27.06069     38.74478    -12.25595
    47.13713     34.70273    -10.43603
    34.58065     31.00407    -10.52004
    18.74222     31.15133     -8.67162
    18.74206     31.15159     -8.67119
    35.27011     46.56122     -9.44598
    42.03068     29.35723     -7.73426
    42.03074     29.35735     -7.73429
    50.66383     44.48954    -10.91626
    23.31464     23.95253    -13.16818
    52.24401     52.10464     -7.68588
    52.24398     52.10460     -7.68545
    27.05865     38.74435    -12.25768
    42.03063     29.35672     -7.73442
    52.24345     52.10476     -7.68834
    52.24302     52.10482     -7.68944
    33.50981     38.07607    -17.81578
    31.16234     43.47797     -9.62931
    33.07164     25.74856    -10.83363
    27.60050     32.67590    -17.18070
    40.98291     27.57035     -7.99186
    40.98260     27.57052     -7.99168
    52.24460     52.10437     -7.68660
    49.78212     57.23180    -24.33091
    34.69810     33.59550    -16.31990
    51.27386     40.75452    -12.44750
    20.92730     23.36476    -10.44574
    29.97266     36.39395    -13.42805
    41.37023     29.36567    -16.69375
    43.65298     35.30924    -13.68197
    31.16229     43.47805     -9.62938
    31.16236     43.47812     -9.62939
    33.50985     38.07609    -17.81580
    33.50982     38.07608    -17.81583
    23.13498     36.93643     -9.27089
    23.13499     36.93641     -9.27087
    42.02938     29.35487     -7.73501
    50.66239     44.48627    -10.91533
    27.06808     38.74696    -12.24992
    27.10926     38.75892    -12.21168
    27.08855     38.75349    -12.23364
    27.07320     38.74857    -12.24573
    39.08098     32.13742     -8.49596
    38.30370     23.94830     -8.91820
    23.13499     36.93619     -9.27087
    55.72999     56.28817    -14.55965
    55.73001     56.28816    -14.55976
    23.37112     35.42532    -11.54035
    40.77732     54.52460    -10.14530
    45.59656     42.92231     -7.64854
    27.05998     38.74477    -12.25698
    43.65287     35.30905    -13.68208
    41.63295     36.86590    -11.63274
    49.26708     36.22200    -12.02034
    49.25258     36.20312    -12.01178
    50.66134     44.48258    -10.91502
    35.41776     30.87692    -12.96862
    35.41765     30.87719    -12.96853
    51.27275     40.69997    -12.46820
    31.16225     43.47802     -9.62940
    20.90931     23.37001    -10.42609
    55.01748     50.36502    -13.44431
    55.01727     50.36467    -13.44442
    55.01715     50.36451    -13.44447
    45.59588     42.92205     -7.64859
    45.59598     42.92207     -7.64859
    33.50971     38.07605    -17.81550
    48.80504     42.35808    -10.18418
    48.80500     42.35811    -10.18420
    48.80503     42.35815    -10.18409
    42.62825     34.08535    -11.95256
    23.31376     23.94947    -13.16625
    33.96578     44.16234    -10.00206
    50.66259     44.48467    -10.91555
    51.27431     40.78423    -12.43619
    51.27430     40.78427    -12.43618
    17.26539     26.24822     -8.98420
    27.15505     38.77459    -12.17681
    27.16469     38.77874    -12.17278
    27.16451     38.77871    -12.17296
    50.66226     44.48383    -10.91537
    52.70600     41.38917    -14.12705
    23.31382     23.94959    -13.16623
    23.31382     23.94964    -13.16627
    51.27804     40.78651    -12.43998
    35.16082     36.17092    -17.11429
    35.16062     36.17078    -17.11439
    35.16061     36.17078    -17.11439
    20.90341     23.36992    -10.41784
    20.92388     23.36582    -10.44167
    49.30875     36.27627    -12.04501
    33.50978     38.07604    -17.81570
    33.50976     38.07605    -17.81565
    41.37029     29.36567    -16.69356
    41.37024     29.36566    -16.69372
    56.19467     64.95562    -22.77568
    43.65297     35.30893    -13.68221
    50.66883     44.49250    -10.91829
    50.66886     44.49249    -10.91834
    52.24126     52.10500     -7.69570
    35.22765     46.54062     -9.43678
    43.92690     43.35860    -25.81570
    50.66857     44.49134    -10.91832
    43.87240     46.62340    -23.87660
    45.59610     42.92218     -7.64848
    49.30909     36.27665    -12.04519
    49.30905     36.27660    -12.04515
    39.07995     32.13710     -8.49456
    39.07999     32.13745     -8.49491
    19.91098     28.17890     -8.33911
    20.91945     23.36694    -10.43672
    20.91963     23.36674    -10.43673
    20.92327     23.36592    -10.44111
    38.89357     36.13709     -8.30124
    38.89342     36.13693     -8.30109
    50.66270     44.48401    -10.91571
    20.92898     23.36543    -10.44829
    20.92811     23.36517    -10.44703
    52.92978     43.75126    -13.06097
    33.50972     38.07597    -17.81563
    37.61084     32.00027    -11.39955
    29.97260     36.39394    -13.42819
    45.59588     42.92208     -7.64846
    42.84172     28.55983    -10.57329
    50.66399     44.48614    -10.91629
    50.66520     44.48772    -10.91683
    37.76416     29.43231     -9.98818
    42.57610     38.03242     -7.25734
    49.79440     54.26780    -26.21010
    32.21357     21.93732    -10.96281
    33.41098     45.07743    -13.15490
    33.41042     45.07774    -13.15532
    33.41075     45.07740    -13.15488
    33.41083     45.07746    -13.15490
    50.66451     44.48649    -10.91661
    23.13506     36.93646     -9.27109
    36.32390     29.10672    -10.00580
    42.80933     31.28124     -7.96382
    37.76629     29.43428     -9.97526
    44.92470     31.47050    -10.29290
    48.80499     42.35810    -10.18411
    40.77921     54.52551    -10.14371
    42.03059     29.35629     -7.73472
    42.03062     29.35656     -7.73451
    42.84085     28.55984    -10.57540
    46.68765     32.79891     -6.87179
    46.68763     32.79890     -6.87180
    46.68766     32.79891     -6.87180
    25.08210     22.76080    -15.26680
    35.56479     20.09332    -13.92776
    35.43328     36.89673    -14.43835
    52.24266     52.10492     -7.69082
    31.54110     34.88867    -15.88038
    31.16223     43.47803     -9.62933
    42.03050     29.35759     -7.73399
    45.59619     42.92223     -7.64850
    27.06253     38.74545    -12.25477
    42.62929     34.10346    -11.92674
    35.81771     28.19068    -12.87359
    35.56480     20.09363    -13.92841
    50.66269     44.48397    -10.91577
    52.93013     43.75090    -13.06229
    38.27440     28.36460    -17.94510
    35.56479     20.09322    -13.92785
    31.33969     42.52479    -13.39185
    31.33938     42.52480    -13.39195
    17.76579     26.83588     -6.15795
    52.24389     52.10449     -7.68460
    35.56474     20.09174    -13.92842
    37.08387     30.71462    -18.53329
    38.10388     31.82188    -19.79753
    37.08393     30.71458    -18.53321
    40.29231     38.53774     -9.08855
    40.29237     38.53769     -9.08858
    51.27480     40.78716    -12.43563
    42.08560     28.82561    -13.79945
    51.87604     46.72037    -11.06500
    23.70370     37.25600     -7.08850
    45.90208     59.31933    -16.49405
    46.31780     59.10500    -13.12020
    45.90212     59.31937    -16.49405
    40.29348     38.53652     -9.08959
    27.14375     38.76993    -12.18280
    38.53905     27.82544    -15.40722
    17.26538     26.24823     -8.98426
    17.26520     26.24827     -8.98454
    50.66243     44.48482    -10.91547
    33.06858     25.74237    -10.83359
    27.05987     38.74454    -12.25675
    33.98217     47.60223    -11.82743
    52.24404     52.10455     -7.68616
    47.32045     39.28965    -14.65197
    36.11270     45.26220    -17.48320
    47.32095     39.28985    -14.65212
    47.32122     39.29001    -14.65213
    52.24415     52.10462     -7.68605
    29.25145     42.74744    -15.51097
    29.25145     42.74746    -15.51093
    58.44270     48.36320    -10.51032
    58.44269     48.36222    -10.51124
    58.44269     48.36183    -10.51160
    33.98181     47.60219    -11.82742
    39.08011     32.13716     -8.49469
    37.71174     21.22871    -17.09985
    37.71176     21.22869    -17.09985
    40.98089     27.57234     -7.99000
    40.98119     27.57204     -7.99023
    41.61858     36.85389    -11.64451
    20.90947     23.37022    -10.42646
    20.90896     23.37152    -10.42768
    43.61839     34.00888     -8.10796
    36.96397     27.61576    -21.89060
    51.88783     46.75081    -11.06200
    51.88785     46.75073    -11.06206
    51.88766     46.74966    -11.06242
    52.24477     52.10439     -7.68650
    20.92521     23.36507    -10.44289
    53.44152     49.81030    -11.82465
    48.80514     42.35822    -10.18397
    40.98261     27.57032     -7.99179
    42.08659     28.82499    -13.79874
    41.63308     36.86593    -11.63293
    36.51175     25.07291     -8.91664
    33.06607     25.73656    -10.83400
    33.06665     25.73784    -10.83385
    33.06552     25.73559    -10.83389
    40.98399     27.56967     -7.99292
    42.62981     34.10453    -11.92536
    42.62985     34.10454    -11.92532
    42.08559     28.82546    -13.79957
    42.08557     28.82551    -13.79958
    52.24289     52.10468     -7.69056
    20.92553     23.36502    -10.44326
    51.27446     40.78320    -12.43671
    51.27455     40.78444    -12.43635
    43.61835     34.00889     -8.10801
    43.61836     34.00889     -8.10802
    52.24425     52.10442     -7.68647
    40.98442     27.57044     -7.99275
    20.90216     23.37028    -10.41627
    50.66290     44.48492    -10.91571
    50.66278     44.48497    -10.91557
    20.90444     23.37021    -10.41955
    50.66262     44.48420    -10.91557
    48.87366     48.34001    -15.75321
    50.21050     49.60490    -15.33280
    48.87364     48.33999    -15.75319
    52.24367     52.10432     -7.68668
    29.97260     36.39390    -13.42816
    26.32044     20.84941    -12.48803
    56.09199     64.88393    -22.64172
    26.32115     20.84876    -12.48709
    26.32121     20.84877    -12.48714
    31.34025     42.52499    -13.39140
    31.34029     42.52497    -13.39135
    35.56478     20.09248    -13.92809
    51.27472     40.78317    -12.43697
    26.32092     20.84891    -12.48454
    52.24452     52.10434     -7.68721
    52.24491     52.10417     -7.68669
    35.35057     46.63861     -9.46394
    48.80501     42.35773    -10.18430
    35.81770     28.19072    -12.87356
    36.26683     29.09260    -10.00724
    40.78195     54.52512    -10.14295
    42.03069     29.35719     -7.73436
    48.80504     42.35796    -10.18417
    42.80822     31.27820     -7.96331
    50.66816     44.49160    -10.91792
    53.44160     49.81035    -11.82462
    29.54157     20.12328    -12.95242
    40.98151     27.57141     -7.99046
    47.49926     43.72271     -8.50071
    52.24542     52.10438     -7.68794
    53.44153     49.81042    -11.82463
    29.97261     36.39390    -13.42806
    29.97267     36.39390    -13.42807
    36.34839     29.11233    -10.00666
    23.37089     35.42513    -11.54015
    47.49934     43.72231     -8.50017
    48.80507     42.35784    -10.18430
    36.51163     25.07277     -8.91638
    42.03113     29.35827     -7.73426
    42.03159     29.35927     -7.73446
    50.66583     44.48801    -10.91717
    31.16177     43.47701     -9.62952
    50.66746     44.49127    -10.91783
    38.53887     27.82552    -15.40717
    20.91057     23.36899    -10.42651
    40.29286     38.53516     -9.08955
    26.32009     20.84903    -12.47648
    26.31622     20.84989    -12.44568
    26.31614     20.84985    -12.44535
    50.66255     44.48181    -10.91613
    50.67176     44.49715    -10.91900
    26.32063     20.84914    -12.48806
    35.26799     46.55956     -9.44537
    35.26830     46.55980     -9.44545
    35.26833     46.55971     -9.44537
    49.24930     43.31559    -13.20653
    29.97244     36.39397    -13.42842
    53.44143     49.81035    -11.82467
    53.44148     49.81037    -11.82468
    45.17954     40.72797    -12.91058
    37.61091     32.00021    -11.39966
    50.66278     44.48440    -10.91578
    33.07213     25.75147    -10.83325
    33.41153     45.08146    -13.15690
    36.56157     29.16064    -10.00373
    27.37580     19.40650    -13.56040
    20.92851     23.36378    -10.44651
    18.74227     31.15118     -8.67247
    44.02645     36.50724     -8.32219
    51.27489     40.78617    -12.43596
    35.89147     49.42781     -7.86512
    59.64949     51.82981    -10.14964
    52.70664     41.38993    -14.12777
    38.02754     32.32011    -12.94136
    36.51163     25.07247     -8.91666
    20.92495     23.36499    -10.44177
    42.03074     29.35708     -7.73442
    42.62961     34.10453    -11.92542
    42.62963     34.10467    -11.92540
    26.32117     20.84873    -12.48699
    20.92956     23.36451    -10.44890
    37.61099     32.00002    -11.39958
    37.61098     31.99991    -11.39942
    36.26766     29.09352    -10.00666
    44.02725     36.50745     -8.32243
    40.98437     27.57076     -7.99266
    40.98864     27.56710     -7.99688
    35.41743     30.87729    -12.96871
    34.68470     32.67854     -7.52724
    43.61841     34.00896     -8.10794
    29.97285     36.39391    -13.42797
    29.97279     36.39403    -13.42809
    24.27123     33.38650    -13.99099
    24.27099     33.38527    -13.99105
    40.48482     33.33087    -11.19023
    35.81763     28.19108    -12.87377
    35.81765     28.19107    -12.87375
    19.91097     28.17890     -8.33912
    48.34453     49.94759    -11.82045
    48.34455     49.94765    -11.82039
    48.34449     49.94762    -11.82057
    40.48553     33.33331    -11.18829
    40.98883     27.56695     -7.99698
    39.54934     53.68148    -11.46361
    40.36930     28.90750    -11.08900
    36.51169     25.07266     -8.91666
    52.92931     43.75230    -13.05850
    52.92877     43.75302    -13.05704
    55.58560     48.26350    -15.06370
    40.97714     27.57346     -7.98547
    40.97492     27.57444     -7.98265
    40.77855     54.52543    -10.14361
    43.10622     41.56479     -9.59843
    43.10655     41.56454     -9.59865
    43.10682     41.56440     -9.59880
    33.98241     47.60251    -11.82731
    35.81763     28.19059    -12.87325
    47.06135     37.52551     -9.81862
    36.26776     29.09339    -10.00653
    42.62964     34.10440    -11.92540
    35.81765     28.19108    -12.87389
    27.05878     38.74429    -12.25750
    17.86890     33.31230     -3.54400
    31.16244     43.47837     -9.62926
    42.08665     28.82488    -13.79824
    39.55021     53.68222    -11.46372
    41.63326     36.86667    -11.63214
    41.85145     39.63834     -9.94040
    53.44148     49.81047    -11.82479
    24.27142     33.38707    -13.99103
    42.57641     38.03169     -7.25964
    42.57647     38.03180     -7.25957
    33.41324     45.07767    -13.15488
    43.10722     41.56431     -9.59906
    35.56557     20.09266    -13.92754
    54.04540     50.53200     -8.91750
    27.10088     38.70768    -12.01077
    35.41778     30.87693    -12.96855
    20.89618     23.36985    -10.40744
    40.48334     33.33090    -11.19316
    59.69944     54.39349    -21.15519
    59.69935     54.39358    -21.15469
    59.69930     54.39382    -21.15411
    45.26686     46.33604    -26.61824
    50.66433     44.48775    -10.91627
    52.93025     43.75112    -13.06240
    28.54850     25.12600    -13.74662
    28.54848     25.12599    -13.74672
    35.31849     46.60707     -9.45703
    35.35042     46.63823     -9.46408
    37.80263     29.44179     -9.97222
    37.80171     29.44177     -9.97318
    36.80567     34.05448    -12.06160
    53.44130     49.81025    -11.82472
    31.15855     43.47098     -9.63087
    59.64955     51.82977    -10.14983
    52.24413     52.10477     -7.68622
    29.00421     34.16952    -11.70418
    29.00424     34.16936    -11.70411
    29.00407     34.16984    -11.70426
    35.89104     49.42865     -7.86422
    52.15470     38.42500    -10.76880
    39.40110     40.90210     -9.53460
    33.98263     47.60277    -11.82707
    35.81786     28.19021    -12.87331
    29.00333     34.17162    -11.70395
    29.00373     34.17055    -11.70428
    39.08057     32.13737     -8.49517
    23.30983     23.93738    -13.15659
    23.30670     23.92768    -13.14876
    23.30605     23.92642    -13.14777
    34.43110     43.09450    -20.58980
    34.05380     42.96560    -17.63400
    31.53716     34.86678    -15.89170
    31.53791     34.87075    -15.88965
    48.34480     49.94740    -11.81987
    49.59680     37.17130     -8.03180
    42.03100     29.35784     -7.73431
    59.64979     51.83014    -10.15043
    48.60783     42.45358    -15.33591
    33.76834     26.14050     -8.61906
    33.76833     26.14040     -8.61904
    27.06939     38.74740    -12.25036
    48.13980     62.62900    -16.83150
    37.77550     45.24520    -21.96600
    45.59603     42.92201     -7.64858
    50.66295     44.48367    -10.91607
    19.70630     27.26990    -14.20460
    25.71730     24.01840    -14.62910
    31.16079     43.47489     -9.63005
    31.16167     43.47679     -9.62963
    42.57590     38.03295     -7.25616
    42.57589     38.03301     -7.25572
    42.57579     38.03307     -7.25533
    39.55010     53.68185    -11.46452
    39.55046     53.68265    -11.46357
    39.55001     53.68196    -11.46454
    37.53750     35.57940    -10.89980
    47.49923     43.72303     -8.50066
    40.99491     27.56329     -8.00202
    38.05030     41.13217    -18.55352
    59.64923     51.82966    -10.14903
    35.89084     49.42879     -7.86375
    20.89093     23.36988    -10.39958
    42.62934     34.10408    -11.92586
    35.81754     28.19222    -12.87415
    40.93187     54.48253    -10.19395
    40.93223     54.48237    -10.19413
    40.93224     54.48241    -10.19424
    52.06020     59.89710    -22.93630
    52.62240     59.43380    -24.33510
    42.80931     31.28209     -7.96366
    38.81397     31.83259    -14.22693
    38.81441     31.83276    -14.22689
    38.81411     31.83225    -14.22706
    40.97743     27.57326     -7.98588
    33.41076     45.07718    -13.15455
    20.92735     23.36518    -10.44626
    47.70320     45.95270    -14.10210
    22.19919     25.88689    -11.93184
    38.33250     26.83410     -7.76300
    35.41654     30.87771    -12.96929
    37.82290     49.40992    -12.78010
    33.41149     45.07819    -13.15525
    32.20963     21.93330    -10.97162
    42.62520     33.98387    -12.09927
    40.97326     27.57469     -7.98044
    53.67305     55.21490     -8.31480
    53.67299     55.21489     -8.31469
    53.67296     55.21484     -8.31481
    27.05833     38.74408    -12.25772
    41.85039     39.63727     -9.94006
    24.27142     33.38824    -13.99127
    42.03090     29.35741     -7.73459
    42.57609     38.03141     -7.25936
    40.48510     33.32965    -11.19047
    49.78886     57.23335    -24.34112
    49.78826     57.23346    -24.34036
    49.78970     57.23364    -24.34226
    53.67413     55.21605     -8.31554
    32.20534     21.92894    -10.98063
    41.41570     53.02850     -7.48610
    27.08923     38.75046    -12.21897
    54.86480     59.73460     -8.00220
    56.67740     60.55160     -9.56270
    44.02605     36.50735     -8.32211
    36.51162     25.07281     -8.91654
    50.66552     44.48826    -10.91681
    35.41749     30.87734    -12.96879
    19.91118     28.17892     -8.33923
    45.52863     39.49795     -6.89209
    42.84068     28.55945    -10.57574
    41.63321     36.86722    -11.63174
    41.31760     52.31690    -14.82860
    41.85135     39.63822     -9.94034
    51.88155     46.73253    -11.06481
    51.88723     46.74714    -11.06338
    47.13737     34.70300    -10.43637
    42.57617     38.03563     -7.25430
    42.57673     38.04173     -7.25057
    36.26727     29.09334    -10.00691
    47.32045     39.28877    -14.65244
    56.10899     64.89594    -22.66358
    45.17963     40.72803    -12.91055
    45.17962     40.72804    -12.91060
    57.35613     47.86791    -16.87074
    36.80577     34.05420    -12.06157
    40.48715     33.30484    -11.20645
    18.74204     31.15180     -8.66991
    18.74206     31.15202     -8.66900
    18.74216     31.15195     -8.66856
    30.19360     15.51390    -22.92640
    30.12750     13.82510    -22.58130
    36.26683     29.09240    -10.00744
    47.69125     34.55366     -7.62698
    34.86110     25.91790    -13.95890
    33.71961     26.38245    -20.39230
    33.71960     26.38245    -20.39240
    33.71952     26.38248    -20.39232
    33.71966     26.38247    -20.39232
    52.24014     52.10476     -7.70038
    41.85121     39.63830     -9.94050
    52.92997     43.75071    -13.06217
    27.12976     38.76551    -12.19503
    24.27157     33.38705    -13.99105
    24.27189     33.38734    -13.99107
    24.27163     33.38747    -13.99111
    45.59605     42.92203     -7.64852
    33.38872     45.94521     -9.05411
    29.97465     36.39339    -13.42649
    41.77870     30.74190    -14.63390
    47.32024     39.28914    -14.65216
    56.27390     53.54740    -12.86100
    54.28950     52.86830    -11.93070
    33.07611     25.76213    -10.83211
    34.68625     32.67786     -7.52766
    20.91310     23.36818    -10.42941
    29.54203     20.12286    -12.95230
    40.82721     54.51224    -10.15836
    37.66938     29.41177     -9.98853
    45.17967     40.72800    -12.91093
    52.23787     52.10421     -7.71197
    31.53721     34.86675    -15.89186
    38.81510     31.83350    -14.22698
    49.78829     57.23353    -24.34021
    36.69930     22.92220     -7.11420
    17.76520     26.83679     -6.15750
    34.58153     31.00314    -10.52000
    58.44265     48.36379    -10.50944
    29.54176     20.12309    -12.95232
    33.98265     47.60257    -11.82726
    48.80444     42.35859    -10.18315
    26.31944     20.85104    -12.48863
    31.65200     37.81280    -17.97280
    40.48497     33.33246    -11.18876
    36.51158     25.07264     -8.91650
    52.23956     52.10476     -7.70296
    40.48601     33.31344    -11.20095
    27.05762     38.74442    -12.25838
    52.24515     52.10447     -7.68732
    38.03017     32.31972    -12.94733
    38.02901     32.31986    -12.94463
    43.10708     41.56410     -9.59891
    43.10710     41.56422     -9.59889
    17.76510     26.83759     -6.15750
    37.80150     29.44186     -9.97077
    58.90550     50.36640    -17.29480
    42.71716     38.47547    -12.65844
    42.71699     38.47569    -12.65873
    47.49839     43.72597     -8.50233
    34.67681     32.67848     -7.52765
    38.89346     36.13682     -8.30112
    42.62780     34.07087    -11.97361
    36.96367     27.61527    -21.89050
    36.96384     27.61546    -21.89060
    36.96387     27.61543    -21.89057
    40.78132     54.52538    -10.14285
    57.78140     45.95380    -19.94950
    37.81977     49.41082    -12.79611
    37.82046     49.41054    -12.79208
    37.81968     49.41084    -12.79703
    31.33923     42.52423    -13.39219
    35.43316     36.89673    -14.43825
    54.61300     43.71910    -15.58420
    42.08467     28.82587    -13.80042
    41.85138     39.63834     -9.94048
    37.82691     49.40911    -12.76155
    32.20629     21.93004    -10.97848
    32.20631     21.93011    -10.97839
    36.51158     25.07266     -8.91638
    34.99086     23.62825    -10.33453
    31.34227     42.52548    -13.38979
    36.26779     29.09327    -10.00658
    55.90230     62.32160    -24.12560
    52.23970     52.10497     -7.70170
    25.37660     34.78060     -9.73300
    41.53434     36.79207    -11.71138
    41.53252     36.79154    -11.71259
    31.34694     42.52662    -13.38551
    47.47770     44.19900    -13.70570
    57.84320     56.62030     -7.86500
    23.30602     23.92647    -13.14786
    38.62368     31.96501    -13.93499
    47.32401     39.29092    -14.65246
    60.87451     54.62136    -24.10434
    56.19503     64.95577    -22.77568
    56.19491     64.95566    -22.77532
    27.05332     38.74345    -12.26133
    35.82544     19.95536    -17.77266
    35.82548     19.95533    -17.77293
    45.59617     42.92212     -7.64859
    31.16228     43.47792     -9.62926
    26.32060     20.84924    -12.48779
    42.62899     34.10503    -11.92513
    40.48914     33.29288    -11.21437
    35.27637     46.56676     -9.44730
    47.32202     39.28988    -14.65246
    52.24288     52.10361     -7.68672
    40.78043     54.52536    -10.14344
    33.76831     26.14057     -8.61912
    51.27462     40.78428    -12.43625
    40.48702     33.30464    -11.20651
    38.05023     41.13213    -18.55362
    38.05040     41.13224    -18.55347
    38.05005     41.13184    -18.55392
    46.50560     40.92520    -10.37440
    40.77824     54.52552    -10.14437
    58.44250     48.36421    -10.50840
    27.10708     38.71218    -12.01605
    33.04490     37.15200    -15.08230
    40.98263     27.57076     -7.99187
    35.41799     30.87718    -12.96834
    33.41161     45.07737    -13.15478
    56.12880     66.11570    -20.89740
    44.00991     35.98668    -13.12031
    44.00974     35.98657    -13.12042
    44.00970     35.98652    -13.12073
    47.69127     34.55382     -7.62687
    47.69135     34.55404     -7.62679
    47.69130     34.55404     -7.62686
    18.17360     26.44880    -13.23670
    17.76370     26.83812     -6.15632
    25.84970     37.40030     -8.33290
    44.02630     36.50726     -8.32228
    38.10365     31.82253    -19.79800
    38.10378     31.82213    -19.79774
    41.85136     39.63821     -9.94048
    26.30969     20.86789    -12.49732
    26.31502     20.85880    -12.49367
    42.65993     57.07327     -9.85569
    35.27660     46.56702     -9.44761
    43.61832     34.00898     -8.10799
    50.66252     44.48739    -10.91539
    40.29351     38.53703     -9.08948
    44.85100     42.72200     -5.11700
    17.76546     26.83603     -6.15739
    41.99400     25.30230    -10.42310
    40.97994     27.57206     -7.98855
    45.52875     39.49815     -6.89200
    45.52876     39.49825     -6.89196
    35.29439     46.58379     -9.45154
    47.32295     39.29068    -14.65232
    34.68380     32.67839     -7.52722
    40.91060     34.23550    -16.75230
    47.49951     43.72289     -8.50088
    44.14978     36.25160    -12.90184
    31.53807     34.87105    -15.88905
    51.27497     40.78631    -12.43612
    34.99120     23.62841    -10.33462
    37.80308     29.44180     -9.97238
    29.54209     20.12281    -12.95213
    45.45240     34.36470     -9.65390
    47.32248     39.29044    -14.65235
    58.73760     56.36716    -10.31861
    58.73778     56.36712    -10.31860
    58.73769     56.36716    -10.31864
    33.76843     26.14031     -8.61899
    56.08169     64.87496    -22.62682
    33.96582     44.16236    -10.00204
    23.37059     35.42466    -11.53976
    29.54107     20.12383    -12.95195
    25.53320     38.49030     -6.66580
    33.40332     45.94942     -9.05700
    33.40311     45.94945     -9.05691
    54.05824     46.10555    -13.56336
    17.76247     26.83901     -6.15519
    17.76295     26.83848     -6.15564
    48.60792     42.45346    -15.33594
    48.60793     42.45356    -15.33590
    33.98297     47.60212    -11.82751
    33.98287     47.60207    -11.82758
    29.14661     27.27128    -12.61264
    17.76535     26.83544     -6.15667
    49.77439     57.22899    -24.31969
    49.77320     57.22818    -24.31848
    34.66949     32.67844     -7.52832
    35.27073     46.56167     -9.44585
    20.90672     23.36984    -10.42154
    30.44380     29.95390     -7.83580
    22.19938     25.88738    -11.93205
    45.03790     49.15630    -27.34960
    42.08843     28.82449    -13.79869
    33.98108     47.60181    -11.82753
    49.19440     35.19880     -9.12160
    23.37052     35.42461    -11.53989
    43.70144     35.40160    -13.60524
    47.50006     43.72183     -8.50064
    42.71673     38.47581    -12.65925
    18.74269     31.15205     -8.66399
    43.65227     35.30883    -13.68205
    40.48482     33.33511    -11.18673
    31.15018     43.45658     -9.63426
    49.24930     43.31541    -13.20657
    46.61505     46.32647     -6.55380
    46.61505     46.32643     -6.55380
    44.85030     47.70500     -5.77110
    22.19972     25.88756    -11.93244
    47.04107     37.52155     -9.81327
    33.07067     25.74970    -10.83317
    42.08468     28.82586    -13.80072
    39.67990     45.18180    -19.60970
    16.49600     29.29630    -16.03870
    35.41816     30.87753    -12.96812
    39.55052     53.68168    -11.46466
    47.49679     43.73076     -8.50494
    32.99360     28.94420    -10.75110
    25.89790     32.00640    -13.19250
    47.05305     37.52410     -9.81655
    49.41710     57.60880    -20.40500
    18.74258     31.15064     -8.67330
    42.66020     57.07349     -9.85553
    42.66064     57.07386     -9.85512
    22.19937     25.88736    -11.93187
    35.26870     46.56022     -9.44585
    30.77680     27.94290    -10.40010
    28.54862     25.12607    -13.74643
    33.30580     17.84170    -15.31120
    48.53230     48.02960    -14.10150
    31.42610     37.57310    -15.99920
    54.05814     46.10549    -13.56341
    34.68536     32.67826     -7.52730
    29.14649     27.27122    -12.61266
    43.65292     35.30877    -13.68219
    29.76259     43.72733    -13.61474
    29.76282     43.72693    -13.61478
    38.53929     27.82542    -15.40723
    33.94190     48.43720     -9.26220
    31.55881     45.87732    -14.74542
    31.55926     45.87696    -14.74475
    32.21262     21.93625    -10.96510
    42.71708     38.47503    -12.65823
    42.88980     26.81090    -14.48280
    39.41130     29.35850    -24.47000
    41.44500     25.02200     -7.22820
    17.76618     26.83710     -6.15810
