    35.99753     21.04552    -15.58238
    57.35601     47.86793    -16.87070
    57.35612     47.86791    -16.87073
    51.90813     46.74215    -11.06723
    35.99753     21.04552    -15.58242
    42.04235     29.38500     -7.71736
    42.04233     29.38505     -7.71738
    42.04235     29.38495     -7.71741
    52.69515     41.35971    -14.10382
    56.12027     64.98927    -22.76440
    53.67240     55.21969     -8.32136
    53.67252     55.21988     -8.32145
    35.99752     21.04553    -15.58209
    55.82306     57.28879     -9.80967
    55.82305     57.28878     -9.80975
    55.82306     57.28879     -9.80966
    55.82306     57.28878     -9.80967
    26.34465     20.84150    -12.62021
    42.64006     34.22269    -11.77858
    48.84142     42.31022    -10.27428
    48.84134     42.31027    -10.27425
    48.84134     42.31023    -10.27431
    40.30850     32.95136    -14.78262
    26.34465     20.84149    -12.62027
    26.34463     20.84149    -12.62027
    26.34468     20.84150    -12.62018
    35.51661     19.99215    -13.78215
    26.69658     38.66047    -12.54986
    26.69641     38.66042    -12.54994
    26.69637     38.66042    -12.54992
    35.99754     21.04553    -15.58233
    35.99753     21.04551    -15.58235
    35.99753     21.04553    -15.58232
    33.09839     25.40540    -10.89375
    33.09842     25.40543    -10.89374
    33.09839     25.40545    -10.89376
    51.48919     49.74748     -9.89794
    51.48919     49.74751     -9.89777
    51.48919     49.74749     -9.89787
    26.34457     20.84156    -12.62036
    43.69461     35.37076    -13.59036
    42.84960     28.56244    -10.56973
    35.99754     21.04555    -15.58241
    56.11979     64.98878    -22.76400
    56.11987     64.98884    -22.76407
    56.11970     64.98866    -22.76387
    56.11971     64.98866    -22.76391
    42.82567     31.32098     -7.97487
    40.30746     32.94958    -14.78217
    52.23359     52.11284     -7.69383
    30.32622     32.13597    -16.12698
    30.32617     32.13599    -16.12695
    30.32618     32.13599    -16.12695
    30.32619     32.13599    -16.12695
    35.51663     19.99218    -13.78220
    35.51662     19.99221    -13.78222
    34.41118     31.15332    -10.52068
    34.41119     31.15330    -10.52059
    34.41116     31.15331    -10.52063
    34.41117     31.15330    -10.52062
    52.24249     52.11174     -7.66325
    55.72999     56.28814    -14.55964
    55.72998     56.28809    -14.55958
    55.72999     56.28811    -14.55961
    42.84967     28.56248    -10.56934
    42.84964     28.56249    -10.56935
    42.84957     28.56251    -10.56957
    42.84962     28.56251    -10.56943
    26.34470     20.84151    -12.62012
    26.34471     20.84150    -12.62015
    26.34473     20.84150    -12.62011
    55.04845     50.35434    -13.46451
    34.41116     31.15334    -10.52051
    33.08527     25.38914    -10.89232
    33.09839     25.40539    -10.89375
    37.58447     31.90978    -11.18049
    35.51687     19.99281    -13.78266
    35.99741     21.04539    -15.58162
    35.99741     21.04537    -15.58162
    33.50822     38.07403    -17.82045
    50.65589     44.47890    -10.91504
    39.07177     32.13330     -8.48069
    39.07166     32.13344     -8.48070
    42.84744     28.56218    -10.57560
    26.34464     20.84148    -12.62028
    40.45632     33.28668    -11.19525
    40.45555     33.29399    -11.19037
    51.48919     49.74747     -9.89799
    40.30845     32.95092    -14.78254
    43.69503     35.37089    -13.59046
    40.45535     33.31214    -11.17680
    40.45535     33.31122    -11.17757
    26.34465     20.84149    -12.62033
    42.84997     28.56240    -10.56852
    42.84994     28.56242    -10.56871
    42.85001     28.56235    -10.56854
    60.87449     54.62134    -24.10426
    42.84980     28.56250    -10.56898
    35.51660     19.99208    -13.78220
    35.51665     19.99204    -13.78216
    39.07118     32.13347     -8.47961
    39.07080     32.13344     -8.47921
    56.11977     64.98870    -22.76406
    49.35138     36.33064    -12.07421
    49.35132     36.33056    -12.07417
    49.35100     36.33015    -12.07394
    59.65736     51.84670    -10.15698
    59.65728     51.84639    -10.15700
    42.58163     38.02733     -7.26470
    26.69610     38.66043    -12.55025
    29.55149     20.11146    -12.96770
    29.55162     20.11128    -12.96778
    29.55157     20.11133    -12.96782
    33.45187     20.31973    -12.70014
    33.45182     20.31966    -12.70018
    33.45179     20.31968    -12.70018
    33.45181     20.31968    -12.70018
    42.64020     34.22303    -11.77816
    26.69641     38.66056    -12.55019
    53.67195     55.21918     -8.32104
    35.51659     19.99189    -13.78226
    31.43607     42.65422    -13.28863
    42.64020     34.22302    -11.77814
    35.43247     36.89622    -14.44315
    35.43248     36.89621    -14.44316
    50.66116     44.48581    -10.91740
    42.64030     34.22288    -11.77814
    42.63946     34.22034    -11.78146
    42.63955     34.22085    -11.78091
    42.63926     34.21906    -11.78325
    52.69538     41.36001    -14.10412
    52.69521     41.35981    -14.10389
    52.69517     41.35971    -14.10386
    35.51660     19.99228    -13.78203
    31.20361     43.53506     -9.60595
    26.34453     20.84155    -12.62035
    43.69509     35.37091    -13.59045
    43.69511     35.37098    -13.59040
    18.71834     31.16073     -8.84355
    43.10784     41.57131     -9.60020
    40.45514     33.30761    -11.18046
    33.29511     45.10086    -13.21472
    33.29254     45.10083    -13.21482
    33.29173     45.10031    -13.21402
    45.26689     46.33608    -26.61827
    47.62420     47.50910    -26.54980
    45.26689     46.33609    -26.61828
    40.30848     32.95096    -14.78259
    40.30850     32.95100    -14.78255
    40.30846     32.95095    -14.78256
    33.05909     25.35676    -10.88961
    49.35359     36.33357    -12.07551
    20.90759     23.44202    -10.49709
    51.22531     38.93554    -13.14332
    49.16064     36.08241    -11.96151
    41.90189     37.16116    -11.41654
    48.33424     49.95589    -11.84111
    48.33440     49.95571    -11.84070
    48.33447     49.95567    -11.84055
    23.38664     35.42990    -11.54255
    23.38676     35.42995    -11.54261
    23.13295     36.94388     -9.26056
    23.13293     36.94387     -9.26056
    23.13293     36.94394     -9.26051
    59.65753     51.84733    -10.15707
    35.51671     19.99207    -13.78211
    40.30832     32.95073    -14.78247
    20.92433     23.43673    -10.51425
    23.38737     35.43029    -11.54296
    35.51656     19.99215    -13.78221
    48.28256     39.90047    -10.67240
    48.28253     39.90040    -10.67242
    48.28251     39.90032    -10.67240
    40.45539     33.30978    -11.17859
    40.45551     33.31008    -11.17840
    50.65535     44.47812    -10.91479
    47.56783     37.59707     -9.90273
    47.56788     37.59719     -9.90244
    47.56788     37.59718     -9.90245
    42.84903     28.56251    -10.57083
    42.84904     28.56250    -10.57089
    42.84873     28.56243    -10.57158
    40.30844     32.95110    -14.78260
    49.16101     36.08304    -11.96174
    49.16112     36.08312    -11.96178
    49.16093     36.08292    -11.96169
    48.28259     39.90053    -10.67239
    42.64053     34.22312    -11.77745
    36.96231     27.61381    -21.88988
    36.50420     25.07859     -8.92153
    20.92763     23.43602    -10.51804
    26.34480     20.84154    -12.62052
    20.91258     23.44052    -10.50239
    40.71825     31.38740     -7.66555
    40.71825     31.38740     -7.66555
    45.56415     42.92370     -7.64498
    42.58174     38.02743     -7.26512
    31.20342     43.53468     -9.60611
    31.20342     43.53471     -9.60613
    54.05047     46.11837    -13.55953
    54.05096     46.11902    -13.55967
    54.05050     46.11842    -13.55956
    54.05060     46.11854    -13.55957
    31.70777     35.88068    -15.39231
    31.70775     35.88068    -15.39235
    51.19301     40.99702    -12.25895
    33.29767     45.10070    -13.21436
    33.29758     45.10071    -13.21441
    34.92858     36.00728    -17.25059
    36.22268     29.21279    -10.10721
    51.19298     40.99718    -12.25886
    26.69582     38.66044    -12.55055
    26.69616     38.66048    -12.55030
    35.99750     21.04549    -15.58250
    35.99751     21.04543    -15.58254
    42.58159     38.02756     -7.26446
    42.58165     38.02755     -7.26466
    42.91500     31.80250    -17.05960
    35.43240     36.89619    -14.44312
    51.19284     40.99686    -12.25882
    51.19300     40.99732    -12.25880
    45.56417     42.92370     -7.64496
    45.56413     42.92373     -7.64493
    49.15990     36.08196    -11.96106
    31.20355     43.53490     -9.60600
    20.92819     23.43529    -10.51866
    20.92943     23.43514    -10.52026
    37.58433     31.91060    -11.18105
    43.10801     41.57127     -9.60036
    35.43250     36.89627    -14.44317
    35.43252     36.89631    -14.44323
    35.43253     36.89629    -14.44319
    42.58146     38.02803     -7.26321
    41.90178     37.16053    -11.41698
    36.50419     25.07860     -8.92155
    36.50421     25.07852     -8.92159
    26.69629     38.66035    -12.54999
    47.13810     34.70267    -10.43780
    34.41105     31.15341    -10.52067
    18.71862     31.16027     -8.84453
    18.71841     31.16058     -8.84407
    34.78106     46.24692     -9.32216
    42.04227     29.38468     -7.71745
    42.04235     29.38483     -7.71749
    50.65718     44.48718    -10.91571
    23.57432     24.63635    -13.77855
    52.24271     52.11169     -7.66183
    52.24271     52.11163     -7.66117
    26.69568     38.66037    -12.55050
    42.04222     29.38413     -7.71765
    52.24149     52.11199     -7.66652
    52.24052     52.11211     -7.66937
    33.50821     38.07406    -17.82050
    31.20353     43.53456     -9.60595
    33.09840     25.40555    -10.89382
    27.60050     32.67590    -17.18070
    41.06153     27.52741     -8.08989
    41.06139     27.52750     -8.08990
    52.24359     52.11139     -7.66315
    49.92363     57.35977    -24.44593
    34.69810     33.59550    -16.31990
    51.22532     38.93554    -13.14331
    20.92802     23.43544    -10.51836
    29.87230     36.42301    -13.51029
    41.32542     29.27008    -16.08819
    43.69506     35.37110    -13.59030
    31.20349     43.53467     -9.60602
    31.20355     43.53472     -9.60604
    33.50825     38.07408    -17.82052
    33.50823     38.07407    -17.82057
    23.13297     36.94386     -9.26067
    23.13298     36.94382     -9.26065
    42.04103     29.38246     -7.71823
    50.65473     44.48079    -10.91418
    26.70051     38.66134    -12.54598
    27.92751     39.00135    -11.38777
    27.92768     39.00145    -11.38791
    26.96875     38.73683    -12.29797
    39.07147     32.13349     -8.48029
    38.30370     23.94830     -8.91820
    23.13297     36.94352     -9.26063
    55.72999     56.28817    -14.55965
    55.73001     56.28816    -14.55976
    23.38620     35.42964    -11.54228
    40.46700     54.68342     -9.87852
    45.56453     42.92384     -7.64487
    26.69598     38.66048    -12.55056
    43.69493     35.37086    -13.59044
    41.90190     37.16101    -11.41673
    49.27099     36.22602    -12.02669
    49.23430     36.17824    -12.00501
    50.65376     44.47647    -10.91390
    35.40200     30.87003    -12.97860
    35.40188     30.87036    -12.97849
    51.22531     38.93553    -13.14333
    31.20344     43.53463     -9.60604
    20.90989     23.44205    -10.50060
    55.04875     50.35475    -13.46440
    55.04855     50.35440    -13.46452
    55.04843     50.35424    -13.46457
    45.56403     42.92362     -7.64503
    45.56413     42.92363     -7.64503
    33.50810     38.07403    -17.82018
    48.84158     42.31014    -10.27441
    48.84154     42.31017    -10.27442
    48.84159     42.31021    -10.27434
    42.67504     33.07735    -13.44827
    23.57431     24.63615    -13.77869
    33.96578     44.16234    -10.00206
    50.65457     44.47791    -10.91426
    51.19272     40.99672    -12.25882
    51.19272     40.99676    -12.25881
    17.26539     26.24822     -8.98420
    27.93158     39.00354    -11.38719
    27.93242     39.00402    -11.38697
    27.93211     39.00391    -11.38713
    50.65439     44.47722    -10.91413
    52.69538     41.35984    -14.10415
    23.57434     24.63619    -13.77862
    23.57434     24.63621    -13.77864
    52.69387     41.35935    -14.10205
    36.05150     36.83580    -16.65510
    34.92860     36.00725    -17.25052
    34.92860     36.00726    -17.25052
    20.90989     23.44100    -10.49960
    20.92464     23.43666    -10.51452
    49.35370     36.33379    -12.07561
    33.50819     38.07402    -17.82043
    33.50817     38.07404    -17.82037
    41.32519     29.26954    -16.08447
    41.32543     29.27007    -16.08812
    56.21053     65.04254    -22.87026
    43.69502     35.37070    -13.59063
    50.66698     44.49363    -10.91971
    50.66698     44.49359    -10.91973
    52.23393     52.11296     -7.69207
    34.76441     46.24641     -9.31834
    43.92690     43.35860    -25.81570
    50.66637     44.49210    -10.91960
    43.87240     46.62340    -23.87660
    45.56427     42.92376     -7.64491
    49.35402     36.33415    -12.07578
    49.35400     36.33413    -12.07576
    39.07027     32.13319     -8.47853
    39.07028     32.13352     -8.47884
    19.53930     28.14290     -8.12239
    20.92055     23.43791    -10.51030
    20.92028     23.43791    -10.50992
    20.92300     23.43705    -10.51286
    38.88813     36.14068     -8.29357
    38.88796     36.14043     -8.29338
    50.65474     44.47725    -10.91444
    20.92915     23.43604    -10.52011
    20.92815     23.43590    -10.51875
    52.97744     43.69289    -13.12359
    33.50812     38.07395    -17.82035
    37.58432     31.91025    -11.18054
    29.87226     36.42300    -13.51041
    45.56399     42.92366     -7.64487
    42.84995     28.56241    -10.56879
    50.65699     44.48087    -10.91547
    50.65998     44.48460    -10.91687
    37.85840     28.20460    -11.24300
    42.58131     38.02865     -7.26193
    49.79440     54.26780    -26.21010
    32.32378     22.09878    -10.65436
    33.29029     45.10194    -13.21636
    33.28867     45.10260    -13.21727
    33.28994     45.10202    -13.21646
    33.28997     45.10208    -13.21649
    50.65841     44.48221    -10.91625
    23.13305     36.94390     -9.26091
    36.21448     29.20811    -10.10238
    42.82579     31.32121     -7.97494
    38.39949     29.52064     -9.50330
    44.92470     31.47050    -10.29290
    48.84154     42.31013    -10.27437
    40.46734     54.68363     -9.87833
    42.04214     29.38360     -7.71792
    42.04221     29.38390     -7.71775
    42.84873     28.56237    -10.57170
    46.68765     32.79891     -6.87179
    46.68763     32.79890     -6.87180
    46.68766     32.79891     -6.87180
    25.08210     22.76080    -15.26680
    35.51662     19.99225    -13.78195
    35.43242     36.89605    -14.44299
    52.23952     52.11237     -7.67285
    31.70770     35.88066    -15.39241
    31.20342     43.53463     -9.60597
    42.04203     29.38516     -7.71707
    45.56432     42.92380     -7.64492
    26.69649     38.66056    -12.55006
    42.63992     34.22223    -11.77905
    35.82528     28.17983    -12.88622
    35.51659     19.99229    -13.78238
    50.65473     44.47721    -10.91451
    52.97768     43.69256    -13.12474
    38.27440     28.36460    -17.94510
    35.51664     19.99205    -13.78207
    31.43607     42.65422    -13.28870
    31.43532     42.65418    -13.28918
    17.79612     26.81719     -6.17776
    52.24288     52.11143     -7.65944
    35.51664     19.99009    -13.78297
    37.08387     30.71462    -18.53329
    38.10388     31.82188    -19.79753
    37.08393     30.71458    -18.53321
    39.66380     39.17040     -8.58565
    39.66380     39.17040     -8.58565
    51.19319     40.99837    -12.25874
    42.17340     28.76550    -13.43529
    51.89952     46.71873    -11.06993
    23.70370     37.25600     -7.08850
    45.90208     59.31933    -16.49405
    46.31780     59.10500    -13.12020
    45.90212     59.31937    -16.49405
    40.71346     38.25713     -9.42365
    27.93003     39.00270    -11.38738
    38.53650     27.82068    -15.41074
    17.26538     26.24823     -8.98426
    17.26520     26.24827     -8.98454
    50.65451     44.47850    -10.91420
    33.05918     25.35702    -10.88952
    26.69609     38.66029    -12.55020
    33.95689     47.61696    -11.82131
    52.24262     52.11164     -7.66269
    47.29834     39.25751    -14.65964
    36.11270     45.26220    -17.48320
    47.29867     39.25760    -14.65979
    47.29877     39.25767    -14.65979
    52.24296     52.11166     -7.66220
    29.25145     42.74744    -15.51097
    29.25145     42.74746    -15.51093
    58.44266     48.37161    -10.50146
    58.44267     48.36981    -10.50324
    58.44264     48.36953    -10.50334
    33.95629     47.61698    -11.82125
    39.07039     32.13323     -8.47861
    37.71174     21.22871    -17.09985
    37.71176     21.22869    -17.09985
    41.05803     27.53116     -8.08673
    41.05905     27.53035     -8.08775
    40.75304     35.97522    -12.35178
    20.91010     23.44237    -10.50121
    20.90767     23.44436    -10.50040
    43.61839     34.00888     -8.10796
    36.96184     27.61227    -21.88987
    51.90886     46.74648    -11.06576
    51.90888     46.74620    -11.06593
    51.90867     46.74475    -11.06647
    52.24375     52.11139     -7.66310
    20.92583     23.43602    -10.51563
    53.43132     49.82343    -11.81136
    48.84176     42.31028    -10.27423
    41.06140     27.52717     -8.09002
    42.17363     28.76511    -13.43502
    41.90205     37.16098    -11.41700
    36.50435     25.07912     -8.92179
    33.05872     25.35621    -10.88971
    33.05910     25.35674    -10.88963
    33.05823     25.35564    -10.88956
    41.06201     27.52702     -8.09033
    42.64048     34.22286    -11.77825
    42.64053     34.22286    -11.77821
    42.17346     28.76528    -13.43529
    42.17345     28.76535    -13.43529
    52.23799     52.11239     -7.67828
    20.92554     23.43611    -10.51522
    51.19286     40.99675    -12.25889
    51.19288     40.99685    -12.25892
    43.61835     34.00889     -8.10801
    43.61836     34.00889     -8.10802
    52.24299     52.11146     -7.66299
    41.06253     27.52744     -8.09038
    20.90762     23.44192    -10.49722
    50.65514     44.47851    -10.91455
    50.65502     44.47877    -10.91436
    20.90757     23.44201    -10.49743
    50.65464     44.47764    -10.91429
    48.87366     48.34001    -15.75321
    50.21050     49.60490    -15.33280
    48.87364     48.33999    -15.75319
    52.24221     52.11135     -7.66304
    29.87225     36.42296    -13.51038
    26.34427     20.84177    -12.62043
    56.12033     64.98926    -22.76442
    26.34481     20.84152    -12.61990
    26.34489     20.84152    -12.61991
    31.43617     42.65425    -13.28861
    31.43681     42.65429    -13.28814
    35.51663     19.99110    -13.78255
    51.19310     40.99680    -12.25908
    26.34603     20.83969    -12.61778
    52.24363     52.11135     -7.66353
    52.24395     52.11115     -7.66334
    36.35318     47.80726     -9.51763
    48.84157     42.30984    -10.27449
    35.82526     28.17986    -12.88619
    36.21247     29.20650    -10.10316
    40.46906     54.68353     -9.87707
    42.04229     29.38462     -7.71758
    48.84160     42.31005    -10.27439
    42.82373     31.31555     -7.97409
    50.66603     44.49254    -10.91915
    53.43140     49.82349    -11.81132
    29.55168     20.11116    -12.96790
    41.05971     27.52904     -8.08815
    47.75981     43.32039     -8.49198
    52.24509     52.11146     -7.66476
    53.43132     49.82355    -11.81134
    29.87225     36.42296    -13.51029
    29.87231     36.42297    -13.51031
    36.21431     29.20806    -10.10221
    23.38586     35.42928    -11.54194
    47.75979     43.32047     -8.49172
    48.84163     42.30995    -10.27449
    36.50418     25.07899     -8.92143
    42.04276     29.38583     -7.71748
    42.04304     29.38633     -7.71764
    50.66108     44.48550    -10.91741
    31.20293     43.53350     -9.60619
    50.66292     44.48899    -10.91825
    38.53621     27.82078    -15.41068
    20.91257     23.44058    -10.50236
    40.71183     38.25514     -9.42317
    26.05250     20.92173    -10.74785
    26.05175     20.92187    -10.74643
    26.05144     20.92184    -10.74596
    50.65386     44.47349    -10.91474
    50.67673     44.50779    -10.92242
    26.34445     20.84156    -12.62048
    34.77802     46.24669     -9.32137
    34.77820     46.24677     -9.32140
    34.77821     46.24667     -9.32133
    49.24930     43.31559    -13.20653
    29.87220     36.42300    -13.51055
    53.43121     49.82348    -11.81139
    53.43126     49.82350    -11.81139
    45.12125     40.74373    -12.60965
    37.58439     31.91018    -11.18063
    50.65503     44.47808    -10.91463
    32.85695     27.33067    -10.54212
    33.28992     45.10801    -13.21967
    36.21486     29.20829    -10.10246
    27.37580     19.40650    -13.56040
    22.40970     21.39250    -11.10800
    18.71874     31.16010     -8.84501
    43.98248     36.43713     -8.24101
    51.19329     40.99746    -12.25905
    36.35322     47.80837     -9.51650
    59.65732     51.84716    -10.15649
    52.69599     41.36089    -14.10482
    37.89133     32.70368    -13.22098
    36.50422     25.07864     -8.92172
    20.92574     23.43581    -10.51418
    42.04235     29.38456     -7.71761
    42.64024     34.22285    -11.77836
    42.64021     34.22296    -11.77840
    26.34487     20.84149    -12.61972
    20.92976     23.43509    -10.52098
    37.58448     31.90999    -11.18059
    37.58446     31.90993    -11.18049
    36.21349     29.20765    -10.10280
    43.98299     36.43717     -8.24096
    41.06242     27.52782     -8.09022
    41.06845     27.52294     -8.09571
    35.40156     30.87048    -12.97877
    35.25549     32.68268     -7.50421
    43.61841     34.00896     -8.10794
    29.87237     36.42301    -13.51029
    29.87241     36.42310    -13.51033
    24.31521     33.58705    -13.97867
    24.11910     31.65590    -14.19770
    40.45491     33.30074    -11.18647
    35.82519     28.18036    -12.88648
    35.82521     28.18034    -12.88645
    19.53930     28.14290     -8.12241
    48.33479     49.95537    -11.83978
    48.33476     49.95546    -11.83982
    48.33472     49.95542    -11.83997
    40.45529     33.30527    -11.18254
    41.06825     27.52300     -8.09552
    39.33626     53.67900    -11.50624
    40.36930     28.90750    -11.08900
    36.50427     25.07888     -8.92178
    52.97702     43.69439    -13.12025
    52.97586     43.69730    -13.11449
    55.58560     48.26350    -15.06370
    41.05009     27.53560     -8.07703
    41.05005     27.53567     -8.07688
    40.46701     54.68340     -9.87838
    43.10635     41.57217     -9.59931
    43.10670     41.57189     -9.59955
    43.10720     41.57163     -9.59980
    33.95704     47.61740    -11.82111
    35.82520     28.17972    -12.88586
    47.56779     37.59683     -9.90312
    36.21352     29.20756    -10.10269
    42.64027     34.22274    -11.77829
    35.82520     28.18034    -12.88657
    26.69580     38.66028    -12.55035
    17.86890     33.31230     -3.54400
    31.20375     43.53516     -9.60584
    42.17371     28.76498    -13.43467
    39.33687     53.67957    -11.50707
    41.90187     37.16128    -11.41643
    41.84131     39.63198     -9.91234
    53.43124     49.82360    -11.81148
    24.31533     33.58725    -13.97872
    42.58175     38.02746     -7.26532
    42.58179     38.02755     -7.26527
    33.29793     45.10080    -13.21453
    43.10783     41.57143     -9.60020
    35.51773     19.99148    -13.78178
    54.04540     50.53200     -8.91750
    27.72039     38.85158    -11.21250
    35.40208     30.87011    -12.97847
    19.75487     22.60152     -7.81709
    40.45309     33.30073    -11.19054
    59.69750     54.38912    -21.15542
    59.69737     54.38930    -21.15469
    59.69728     54.38962    -21.15384
    45.26686     46.33604    -26.61824
    50.65782     44.48329    -10.91570
    52.97776     43.69264    -13.12487
    28.54850     25.12600    -13.74662
    28.54848     25.12599    -13.74672
    36.35314     47.80681     -9.51805
    36.35318     47.80703     -9.51783
    38.40143     29.52065     -9.50384
    38.40140     29.52072     -9.50387
    36.71305     34.25586    -12.09360
    53.43103     49.82339    -11.81146
    31.19651     43.52149     -9.60887
    59.65742     51.84710    -10.15681
    52.24279     52.11189     -7.66286
    29.10504     33.89098    -11.80170
    29.10505     33.89086    -11.80162
    29.10496     33.89111    -11.80182
    35.86460     50.13430     -8.09360
    52.15470     38.42500    -10.76880
    39.40110     40.90210     -9.53460
    33.95719     47.61768    -11.82085
    35.82543     28.17928    -12.88589
    28.60700     35.49150    -11.00160
    29.10479     33.89138    -11.80199
    39.07089     32.13343     -8.47915
    23.15520     23.17691    -12.54292
    23.15527     23.17685    -12.54284
    23.15518     23.17682    -12.54284
    34.43110     43.09450    -20.58980
    34.05380     42.96560    -17.63400
    31.43446     34.20944    -16.21249
    31.43452     34.20946    -16.21244
    48.33522     49.95501    -11.83883
    49.59680     37.17130     -8.03180
    42.04273     29.38563     -7.71753
    59.65773     51.84756    -10.15757
    48.60783     42.45358    -15.33591
    33.76834     26.14050     -8.61906
    33.76833     26.14040     -8.61904
    28.69250     38.77950    -13.45680
    48.13980     62.62900    -16.83150
    37.77550     45.24520    -21.96600
    45.56417     42.92356     -7.64503
    50.65517     44.47680    -10.91494
    19.70630     27.26990    -14.20460
    25.71730     24.01840    -14.62910
    31.20071     43.52907     -9.60724
    31.20282     43.53327     -9.60630
    42.58092     38.03001     -7.25910
    42.58095     38.02986     -7.25900
    42.58083     38.03001     -7.25848
    39.33692     53.67964    -11.50734
    39.33703     53.67975    -11.50739
    39.33697     53.67976    -11.50747
    37.53750     35.57940    -10.89980
    47.75980     43.32063     -8.49193
    41.07765     27.51657     -8.10330
    38.05030     41.13217    -18.55352
    59.65684     51.84695    -10.15528
    35.48920     49.55510     -6.83640
    19.75493     22.60158     -7.81701
    42.63998     34.22246    -11.77870
    35.82503     28.18187    -12.88698
    42.14014     54.12617    -10.78852
    42.14057     54.12594    -10.78904
    42.14053     54.12599    -10.78910
    52.06020     59.89710    -22.93630
    52.62240     59.43380    -24.33510
    42.82563     31.32165     -7.97473
    39.06988     31.54963    -14.57035
    39.07035     31.54983    -14.57026
    39.06994     31.54936    -14.57027
    41.05358     27.53324     -8.08127
    33.29070     45.10112    -13.21539
    20.92808     23.43577    -10.51880
    47.70320     45.95270    -14.10210
    22.17674     26.01189    -11.89775
    38.33250     26.83410     -7.76300
    35.40061     30.87093    -12.97944
    37.71111     49.41239    -13.18701
    33.29033     45.10329    -13.21719
    32.32249     22.09758    -10.65741
    42.67809     33.05916    -13.47665
    39.61860     26.99760     -5.94330
    53.67178     55.21890     -8.32080
    53.67173     55.21890     -8.32069
    53.67173     55.21890     -8.32085
    26.69562     38.66013    -12.55035
    41.83878     39.62906     -9.91134
    24.31510     33.58821    -13.97906
    42.04271     29.38527     -7.71785
    42.58127     38.02691     -7.26519
    40.45537     33.29866    -11.18697
    49.94288     57.35082    -24.48993
    49.94246     57.35112    -24.48943
    49.94395     57.35030    -24.49223
    53.67305     55.22030     -8.32172
    31.75200     20.96740    -12.66180
    41.41570     53.02850     -7.48610
    27.88592     38.97438    -11.36585
    54.86480     59.73460     -8.00220
    56.67740     60.55160     -9.56270
    43.98219     36.43718     -8.24101
    36.50419     25.07902     -8.92163
    50.66096     44.48611    -10.91707
    35.40157     30.87061    -12.97891
    20.78430     28.26350     -8.84910
    45.52863     39.49795     -6.89209
    42.84837     28.56187    -10.57250
    41.90171     37.16139    -11.41638
    41.31760     52.31690    -14.82860
    41.84115     39.63182     -9.91226
    51.90100     46.72243    -11.06974
    51.90808     46.74124    -11.06771
    47.13834     34.70295    -10.43814
    42.58151     38.03694     -7.25413
    42.58288     38.05115     -7.24540
    36.21286     29.20726    -10.10289
    47.29852     39.25661    -14.66019
    56.14066     65.00136    -22.78785
    45.12134     40.74379    -12.60962
    45.12132     40.74380    -12.60964
    57.35613     47.86791    -16.87074
    36.71305     34.25584    -12.09360
    40.45911     33.26734    -11.20854
    18.71830     31.16082     -8.84320
    18.71826     31.16103     -8.84279
    18.71830     31.16096     -8.84275
    30.19360     15.51390    -22.92640
    30.12750     13.82510    -22.58130
    36.21199     29.20565    -10.10374
    47.68755     34.55767     -7.62703
    34.86110     25.91790    -13.95890
    33.71961     26.38245    -20.39230
    33.71960     26.38245    -20.39240
    33.71952     26.38248    -20.39232
    33.71966     26.38247    -20.39232
    52.23001     52.11304     -7.70582
    41.84096     39.63191     -9.91245
    52.97755     43.69250    -13.12446
    27.92919     39.00232    -11.38782
    24.31548     33.58725    -13.97876
    24.31578     33.58729    -13.97876
    24.31548     33.58749    -13.97882
    45.56422     42.92360     -7.64496
    31.20571     43.53796     -9.60488
    31.45530     35.89290    -12.17470
    41.77870     30.74190    -14.63390
    47.29791     39.25686    -14.65985
    56.27390     53.54740    -12.86100
    54.28950     52.86830    -11.93070
    32.85861     27.33138    -10.54216
    35.25592     32.68202     -7.50464
    20.91459     23.43956    -10.50422
    29.55218     20.11070    -12.96773
    40.46978     54.68327     -9.87747
    36.24165     29.22326    -10.11876
    45.38650     40.61960    -14.06780
    52.22420     52.11264     -7.73034
    31.43452     34.20945    -16.21262
    39.07118     31.55073    -14.57036
    49.93918     57.35285    -24.48170
    36.69930     22.92220     -7.11420
    17.79563     26.81821     -6.17747
    36.21336     29.20789    -10.10303
    58.44261     48.37244    -10.50030
    29.55190     20.11093    -12.96780
    33.95719     47.61748    -11.82103
    47.76033     43.31992     -8.49266
    26.33902     20.85055    -12.62298
    31.65200     37.81280    -17.97280
    40.45487     33.30395    -11.18360
    36.50415     25.07881     -8.92158
    52.22954     52.11292     -7.70872
    40.45695     33.27997    -11.19976
    26.69518     38.66058    -12.55080
    52.24461     52.11137     -7.66417
    37.89143     32.70365    -13.22129
    37.89144     32.70363    -13.22125
    43.10765     41.57120     -9.60001
    43.10759     41.57138     -9.59995
    17.79358     26.82101     -6.17603
    38.40023     29.52075     -9.50279
    58.90550     50.36640    -17.29480
    42.71898     38.47912    -12.65740
    42.71880     38.47937    -12.65771
    47.11330     44.86502     -9.07417
    33.24313     32.65474     -7.69531
    38.88799     36.14027     -8.29338
    42.67811     33.05976    -13.47570
    36.96153     27.61172    -21.88976
    36.96166     27.61182    -21.88986
    36.96170     27.61180    -21.88983
    40.46893     54.68366     -9.87705
    57.78140     45.95380    -19.94950
    37.71106     49.41257    -13.18820
    37.71105     49.41247    -13.18760
    37.71108     49.41257    -13.18856
    30.66160     41.06190    -14.08760
    35.43228     36.89604    -14.44287
    54.61300     43.71910    -15.58420
    41.32258     29.26535    -16.05675
    41.84121     39.63198     -9.91243
    38.40650     49.43370    -10.64190
    32.32132     22.09680    -10.65925
    32.32104     22.09664    -10.65968
    36.50413     25.07883     -8.92143
    34.27820     23.30980    -10.11930
    31.44991     42.65571    -13.27774
    36.21349     29.20732    -10.10278
    55.90230     62.32160    -24.12560
    52.22994     52.11311     -7.70623
    25.37660     34.78060     -9.73300
    40.75005     35.97621    -12.35363
    40.74933     35.97669    -12.35397
    31.46800     42.65767    -13.26288
    47.47770     44.19900    -13.70570
    57.84320     56.62030     -7.86500
    23.15508     23.17682    -12.54289
    37.89163     32.70366    -13.22138
    47.30530     39.26004    -14.66046
    60.87451     54.62136    -24.10434
    56.21088     65.04267    -22.87023
    56.21079     65.04260    -22.86994
    26.69378     38.66069    -12.55147
    35.81838     19.91693    -17.85462
    35.81843     19.91694    -17.85480
    45.56433     42.92369     -7.64502
    31.20334     43.53424     -9.60594
    26.34438     20.84171    -12.62029
    42.63948     34.22357    -11.77829
    40.46232     33.25207    -11.21931
    34.78292     46.24785     -9.32247
    47.30080     39.25780    -14.66038
    52.24079     52.11025     -7.66309
    40.46816     54.68360     -9.87777
    33.76831     26.14057     -8.61912
    51.19299     40.99672    -12.25882
    40.45800     33.27365    -11.20402
    38.05023     41.13213    -18.55362
    38.05040     41.13224    -18.55347
    38.05005     41.13184    -18.55392
    46.50560     40.92520    -10.37440
    40.46709     54.68381     -9.87870
    58.44246     48.37303    -10.49909
    27.72089     38.85201    -11.21292
    33.04490     37.15200    -15.08230
    41.06136     27.52756     -8.09014
    35.40251     30.87040    -12.97808
    33.29326     45.10105    -13.21522
    56.12880     66.11570    -20.89740
    43.73716     35.46481    -13.49625
    43.73710     35.46486    -13.49622
    43.73695     35.46470    -13.49661
    47.68759     34.55788     -7.62689
    47.68769     34.55816     -7.62677
    47.68763     34.55811     -7.62687
    18.17360     26.44880    -13.23670
    17.78601     26.82710     -6.17003
    25.84970     37.40030     -8.33290
    43.98227     36.43715     -8.24112
    38.10365     31.82253    -19.79800
    38.10378     31.82213    -19.79774
    41.84118     39.63182     -9.91244
    26.29228     20.93141    -12.64817
    26.29299     20.93015    -12.64758
    42.32016     56.78152    -10.17490
    34.78293     46.24787     -9.32271
    43.61832     34.00898     -8.10799
    50.65454     44.48385    -10.91411
    40.71658     38.26101     -9.42492
    44.85100     42.72200     -5.11700
    17.79548     26.81743     -6.17691
    41.99400     25.30230    -10.42310
    41.05783     27.53011     -8.08594
    45.52875     39.49815     -6.89200
    45.52876     39.49825     -6.89196
    36.35080     47.80326     -9.51810
    47.30476     39.25993    -14.66041
    35.25552     32.68252     -7.50414
    40.91060     34.23550    -16.75230
    47.75994     43.32043     -8.49200
    45.31490     37.68860    -12.74570
    31.43462     34.20944    -16.21200
    51.19331     40.99759    -12.25915
    35.54890     23.84040    -10.64570
    38.40177     29.52064     -9.50403
    29.55235     20.11054    -12.96761
    45.45240     34.36470     -9.65390
    47.30172     39.25873    -14.66018
    58.73888     56.37336    -10.33233
    58.73915     56.37329    -10.33231
    58.73901     56.37334    -10.33236
    33.76843     26.14031     -8.61899
    56.15560     63.33370    -20.96360
    33.96582     44.16236    -10.00204
    23.38501     35.42820    -11.54110
    29.55063     20.11231    -12.96696
    25.53320     38.49030     -6.66580
    34.70171     46.24534     -9.30423
    34.68258     46.24516     -9.29991
    54.05420     46.12268    -13.56033
    17.78295     26.82928     -6.16736
    17.78340     26.82897     -6.16789
    48.60792     42.45346    -15.33594
    48.60793     42.45356    -15.33590
    33.95876     47.61589    -11.82196
    33.95830     47.61627    -11.82179
    29.14661     27.27128    -12.61264
    17.79567     26.81595     -6.17612
    49.90775     57.36637    -24.40945
    48.74850     56.08120    -23.80340
    33.24307     32.65476     -7.69539
    34.78177     46.24728     -9.32204
    20.90795     23.44214    -10.49719
    30.44380     29.95390     -7.83580
    22.17681     26.01212    -11.89789
    45.03790     49.15630    -27.34960
    43.94640     28.53020    -14.08800
    33.95511     47.61649    -11.82134
    49.19440     35.19880     -9.12160
    23.38491     35.42805    -11.54121
    43.70295     35.38892    -13.57263
    47.76013     43.32020     -8.49193
    42.71850     38.47959    -12.65835
    19.12790     30.92560     -6.30180
    43.69339     35.37031    -13.59039
    40.45478     33.30689    -11.18116
    31.18605     43.50321     -9.61321
    49.24930     43.31541    -13.20657
    46.61505     46.32647     -6.55380
    46.61505     46.32643     -6.55380
    44.85030     47.70500     -5.77110
    22.17700     26.01232    -11.89812
    45.74932     37.36354     -9.68382
    32.85614     27.33028    -10.54213
    41.32389     29.26726    -16.06963
    39.67990     45.18180    -19.60970
    16.49600     29.29630    -16.03870
    35.40303     30.87084    -12.97759
    40.73700     52.99160    -11.98560
    47.11316     44.86528     -9.07441
    32.99360     28.94420    -10.75110
    25.89790     32.00640    -13.19250
    45.74938     37.36356     -9.68388
    49.41710     57.60880    -20.40500
    18.71911     31.15949     -8.84583
    42.32024     56.78158    -10.17490
    43.37440     57.70320     -9.08090
    22.17681     26.01210    -11.89772
    34.78080     46.24700     -9.32240
    30.77680     27.94290    -10.40010
    28.54862     25.12607    -13.74643
    33.30580     17.84170    -15.31120
    48.53230     48.02960    -14.10150
    31.42610     37.57310    -15.99920
    54.05271     46.12106    -13.56008
    35.25566     32.68240     -7.50427
    29.14649     27.27122    -12.61266
    43.69496     35.37051    -13.59063
    29.71211     43.78587    -13.61276
    29.71219     43.78563    -13.61279
    38.53684     27.82063    -15.41077
    33.94190     48.43720     -9.26220
    31.18540     46.23060    -15.59000
    33.28775     45.10312    -13.21789
    32.32356     22.09844    -10.65517
    42.71895     38.47860    -12.65707
    42.88980     26.81090    -14.48280
    39.41130     29.35850    -24.47000
    41.44500     25.02200     -7.22820
    17.79608     26.81935     -6.17777
