    43.11372     41.56984     -9.60133
    29.28606     42.17395     -7.27155
    38.89357     36.13709     -8.30124
    39.08104     32.13743     -8.49611
    40.28440     32.95856    -14.75826
    43.11402     41.56989     -9.60159
    55.82305     57.28878     -9.80975
    33.30580     17.84170    -15.31120
    52.70576     41.38910    -14.12671
    40.28551     32.95978    -14.75869
    37.87599     26.85853     -8.47437
    44.02180     36.26422     -8.34920
    42.08946     29.48652     -7.75338
    41.49530     50.84940    -19.94120
    44.53058     40.75844    -13.22641
    51.27472     40.78317    -12.43697
    36.19807     21.13201    -22.24688
    52.93013     43.75090    -13.06229
    31.42610     37.57310    -15.99920
    50.62280     64.47660    -16.25290
    18.85902     28.19442     -8.13268
    47.32045     39.28965    -14.65197
    41.84157     37.00552    -11.47165
    48.85352     42.26864    -15.16188
    40.72450     54.46090     -9.97372
    33.85020     20.85440    -17.85220
    40.72201     54.46152     -9.97422
    18.85893     28.19444     -8.13274
    42.84108     28.55997    -10.57464
    20.99515     23.43898    -10.54800
    39.48090     27.72830    -13.80310
    26.31953     20.84781    -12.48865
    35.43331     36.89687    -14.43847
    35.43332     36.89686    -14.43849
    38.81397     31.83259    -14.22693
    35.20922     46.51791     -9.44795
    42.42938     38.56553    -12.87667
    48.80503     42.35773    -10.18429
    26.31464     20.84894    -12.44648
    53.37842     49.57376    -11.86395
    40.29231     38.53774     -9.08855
    31.74228     23.14035     -7.71387
    33.88182     47.47336    -11.76927
    40.98437     27.57076     -7.99266
    40.98263     27.57076     -7.99187
    47.06136     37.52534     -9.81870
    56.20380     62.35240    -17.98270
    41.85145     39.63834     -9.94040
    28.37070     40.67040    -13.65690
    48.29073     39.91237    -10.66866
    27.05807     38.74316    -12.25864
    34.88110     31.81330    -15.48400
    29.54176     20.12309    -12.95232
    31.16228     43.47792     -9.62926
    49.25761     49.02097     -7.44636
    38.81441     31.83276    -14.22689
    33.58673     20.42575    -12.49344
    34.93250     18.55510     -9.84340
    46.50560     40.92520    -10.37440
    26.31473     20.84898    -12.44681
    40.98089     27.57234     -7.99000
    40.98119     27.57204     -7.99023
    28.55040     22.23620    -13.10380
    43.92220     52.07090    -24.33980
    32.46250     22.66190    -12.75660
    20.98517     23.44245    -10.53869
    49.59680     37.17130     -8.03180
    48.29070     39.91233    -10.66866
    30.86901     30.06064     -7.70441
    43.11396     41.56990     -9.60153
    44.85030     47.70500     -5.77110
    56.19503     64.95577    -22.77568
    43.70686     35.42348    -13.58788
    35.05852     36.19053    -17.14408
    42.09003     29.48775     -7.75346
    42.08992     29.48737     -7.75351
    37.74590     26.71980    -18.65540
    40.59147     33.18986    -11.20529
    52.02903     46.95332    -11.18014
    63.40510     57.52930    -24.39110
    52.25920     46.10750     -8.11370
    41.30010     36.23470    -22.85650
    49.30909     36.27665    -12.04519
    36.52210     25.08990     -8.90704
    42.62892     34.10100    -11.93020
    42.62911     34.10205    -11.92878
    45.59619     42.92223     -7.64849
    36.26683     29.09260    -10.00724
    51.27497     40.78631    -12.43612
    55.01727     50.36467    -13.44442
    32.21357     21.93732    -10.96281
    42.65993     57.07327     -9.85569
    56.09160     64.88348    -22.64141
    56.09159     64.88353    -22.64133
    56.09160     64.88354    -22.64134
    20.99370     23.44037    -10.54793
    35.41744     30.87852    -12.97252
    56.09142     64.88326    -22.64106
    33.58634     20.42537    -12.49411
    33.58632     20.42539    -12.49411
    33.58634     20.42539    -12.49411
    53.37838     49.57336    -11.86399
    50.59791     64.47783    -23.91900
    38.89342     36.13693     -8.30109
    29.98142     36.38753    -13.45431
    45.45240     34.36470     -9.65390
    42.53046     37.98492     -7.28633
    42.84093     28.55991    -10.57505
    37.92009     28.31088    -14.97563
    25.32064     35.09329     -9.22673
    56.10899     64.89594    -22.66358
    18.66260     25.08815     -8.10970
    24.27142     33.38707    -13.99103
    38.69152     26.94561    -12.34992
    55.82306     57.28878     -9.80967
    18.85288     28.19253     -8.12840
    55.82306     57.28879     -9.80966
    55.82306     57.28879     -9.80967
    52.29693     52.06537     -7.78854
    47.70320     45.95270    -14.10210
    40.58314     33.23113    -11.17936
    32.73970     25.93380    -17.92810
    35.31487     46.59365     -9.47074
    33.53656     37.93167    -17.79765
    20.99392     23.44025    -10.54801
    50.66489     44.48648    -10.91712
    19.90026     22.62856     -7.90942
    45.59610     42.92217     -7.64847
    28.54862     25.12607    -13.74643
    33.28650     32.40087     -7.38797
    26.31962     20.84783    -12.48827
    31.15018     43.45658     -9.63426
    51.27431     40.78423    -12.43619
    31.15855     43.47098     -9.63087
    49.26708     36.22200    -12.02034
    33.30568     45.14706    -13.27006
    59.64949     51.82981    -10.14964
    33.58649     20.42551    -12.49394
    31.16223     43.47803     -9.62933
    46.20570     32.72890    -11.25580
    50.66682     44.48980    -10.91797
    52.70578     41.38906    -14.12675
    33.71961     26.38245    -20.39230
    57.78140     45.95380    -19.94950
    58.44269     48.36222    -10.51124
    52.29237     52.07163     -7.75251
    18.67370     24.49300    -17.50850
    42.53000     37.98285     -7.28978
    32.58410     28.10750    -21.45320
    37.61084     32.00027    -11.39955
    34.17950     22.68200    -16.91630
    42.62988     34.10524    -11.92412
    52.29292     52.07158     -7.75246
    31.16234     43.47797     -9.62931
    42.08628     29.47881     -7.75263
    48.21850     44.87510    -16.80700
    33.30636     45.14617    -13.26852
    17.81730     26.94044     -6.08528
    36.52217     25.09012     -8.90704
    36.09120     31.10600    -21.94950
    43.11274     41.57056     -9.60077
    45.59598     42.92214     -7.64850
    51.48919     49.74747     -9.89799
    35.25801     46.53979     -9.45851
    53.67296     55.21484     -8.31481
    40.98864     27.56710     -7.99688
    49.30905     36.27660    -12.04515
    31.16224     43.47814     -9.62948
    33.31830     15.36970    -29.73350
    35.25945     46.54080     -9.45896
    40.58195     33.23836    -11.17421
    50.05596     57.55411    -24.25072
    35.56474     20.09339    -13.92786
    35.56483     20.09352    -13.92821
    37.80308     29.44180     -9.97238
    43.11398     41.57004     -9.60155
    40.97714     27.57346     -7.98547
    38.50660     34.28780    -14.59280
    48.13980     62.62900    -16.83150
    29.81398     43.58731    -13.27763
    42.84171     28.55984    -10.57322
    43.70712     35.42350    -13.58803
    26.30818     20.86695    -12.49849
    58.73760     56.36716    -10.31861
    41.92380     46.97900    -10.85520
    56.69980     52.80560     -9.72560
    42.10970     29.53149     -7.75999
    50.05784     57.55483    -24.25233
    45.59605     42.92202     -7.64851
    20.99165     23.44104    -10.54573
    33.47521     26.06933     -8.48768
    29.98327     36.38690    -13.45264
    42.08941     29.48607     -7.75354
    52.29272     52.06938     -7.77304
    36.80567     34.05448    -12.06160
    40.72472     54.46136     -9.97088
    24.27123     33.38650    -13.99099
    33.40854     37.01558    -15.49730
    20.99250     23.44410    -10.54884
    40.71842     54.46005     -9.97782
    37.82290     49.40992    -12.78010
    35.79822     28.17028    -13.04457
    49.25749     49.02103     -7.44614
    35.43336     36.89693    -14.43851
    25.56560     24.15150    -16.35860
    45.59598     42.92207     -7.64858
    32.80095     45.39935    -13.74769
    19.58384     27.42151    -14.39126
    46.46720     44.59930    -16.69510
    38.81411     31.83225    -14.22706
    24.27142     33.38824    -13.99127
    30.94220     23.06340    -14.43650
    35.62826     49.46182     -7.31213
    46.76820     37.76060    -12.27300
    50.66816     44.49098    -10.91844
    56.09198     64.88402    -22.64175
    33.16640     41.19940     -6.84530
    31.68130     13.26550    -28.55530
    41.97415     32.71445     -7.58420
    36.90690     24.60850    -16.54050
    32.20629     21.93004    -10.97848
    23.10603     36.90941     -9.30050
    47.06144     37.52557     -9.81828
    34.58087     31.00390    -10.52008
    55.90230     62.32160    -24.12560
    26.31947     20.84781    -12.48877
    26.31857     20.84810    -12.47764
    42.84145     28.55994    -10.57376
    40.72585     54.46067     -9.97245
    35.25835     46.54005     -9.45860
    43.73846     35.48581    -13.53900
    26.67570     23.94420    -17.96450
    33.53655     37.93162    -17.79753
    37.80150     29.44186     -9.97077
    31.16167     43.47679     -9.62963
    47.32024     39.28914    -14.65216
    24.27157     33.38705    -13.99105
    42.84085     28.55984    -10.57540
    38.05030     41.13217    -18.55352
    52.02906     46.95325    -11.18020
    33.88637     47.47734    -11.77025
    31.23086     42.50186    -13.47336
    42.52770     37.97907     -7.29349
    17.81591     26.93976     -6.08369
    43.70706     35.42350    -13.58800
    49.30756     36.27460    -12.04428
    49.30750     36.27452    -12.04424
    35.43316     36.89673    -14.43825
    32.80614     45.39669    -13.74255
    35.41761     30.87887    -12.97230
    35.56482     20.09341    -13.92806
    40.59667     33.17125    -11.21764
    46.33920     54.49780     -6.72030
    50.66190     44.48501    -10.91552
    45.52863     39.49795     -6.89209
    42.08482     28.82660    -13.79978
    35.56479     20.09332    -13.92776
    17.81680     26.93923     -6.08483
    60.87449     54.62134    -24.10426
    35.56480     20.09327    -13.92807
    33.43296     45.95102     -9.06081
    27.21540     11.38560     -5.57460
    20.99602     23.43917    -10.55045
    20.99513     23.43928    -10.54892
    45.59602     42.92213     -7.64852
    43.11311     41.57030     -9.60103
    35.56481     20.09323    -13.92800
    31.16225     43.47802     -9.62940
    17.86890     33.31230     -3.54400
    29.00421     34.16952    -11.70418
    34.99086     23.62825    -10.33453
    46.91680     37.05580     -7.52600
    39.55823     53.69610    -11.44436
    50.66462     44.48634    -10.91699
    53.37848     49.57394    -11.86405
    34.43110     43.09450    -20.58980
    22.13411     25.85098    -11.88265
    27.06203     38.74417    -12.25544
    20.98871     23.44156    -10.54248
    36.52212     25.09025     -8.90676
    27.06757     38.74580    -12.25084
    36.52206     25.09010     -8.90689
    29.81390     43.58756    -13.27791
    41.55988     30.76965    -14.76951
    33.43277     45.95106     -9.06071
    35.56477     20.09347    -13.92821
    41.85136     39.63821     -9.94048
    39.55913     53.69775    -11.44213
    58.44269     48.36183    -10.51160
    18.88521     31.03780     -8.76474
    43.24610     44.68840    -18.05850
    56.67740     60.55160     -9.56270
    42.62825     34.08537    -11.95256
    51.27446     40.78320    -12.43671
    40.58214     33.23941    -11.17350
    23.84950     21.80500    -18.29680
    50.66206     44.48286    -10.91573
    33.28678     32.40105     -7.38806
    35.56487     20.09327    -13.92794
    36.96387     27.61543    -21.89057
    35.26098     46.54210     -9.45900
    36.52235     25.09059     -8.90700
    40.98291     27.57035     -7.99186
    41.97363     32.71503     -7.58399
    31.23050     35.04837    -15.82310
    41.84163     37.00592    -11.47138
    55.01714     50.36461    -13.44441
    26.31965     20.84779    -12.48816
    49.47780     46.84670     -7.65100
    31.31772     30.96808    -11.87023
    26.31946     20.84781    -12.48880
    52.29305     52.07135     -7.75262
    45.59599     42.92212     -7.64854
    28.54848     25.12599    -13.74672
    37.08393     30.71458    -18.53321
    33.47481     26.07033     -8.48678
    31.04306     37.76659    -23.41039
    18.84357     31.07844     -8.71633
    40.54860     38.45990    -19.46670
    27.05831     38.74325    -12.25861
    36.96367     27.61527    -21.89050
    51.27464     40.78500    -12.43617
    30.13360     42.60420     -4.39510
    49.31943     44.02498    -13.01600
    41.70629     30.01273    -16.69802
    23.70370     37.25600     -7.08850
    45.26686     46.33604    -26.61824
    40.71825     31.38740     -7.66555
    54.18145     46.34048    -13.57567
    42.84108     28.55994    -10.57471
    59.64963     51.82994    -10.15003
    26.31944     20.84781    -12.48891
    36.32390     29.10672    -10.00580
    33.30465     45.15139    -13.27321
    43.73833     35.48576    -13.53906
    49.30512     36.27143    -12.04279
    26.31946     20.84780    -12.48884
    52.05830     52.08280    -12.49850
    45.59617     42.92212     -7.64858
    52.29162     52.07092     -7.76448
    52.29181     52.07194     -7.75395
    42.52995     37.98245     -7.29061
    52.29108     52.07083     -7.75251
    41.37620     26.79190    -13.86710
    52.29228     52.07139     -7.75666
    42.53000     37.98234     -7.29090
    45.47530     58.13070    -13.98000
    51.27462     40.78428    -12.43625
    40.29237     38.53769     -9.08858
    51.07440     64.27430    -26.02480
    45.68870     59.75300     -9.77230
    23.10602     36.90940     -9.30050
    33.47480     26.07040     -8.48685
    44.57818     40.74809    -13.21233
    48.85333     42.26873    -15.16196
    40.97994     27.57206     -7.98855
    50.66240     44.48233    -10.91623
    46.53930     48.89540    -29.01360
    51.27385     40.75447    -12.44752
    42.08623     29.47848     -7.75284
    34.58089     31.00387    -10.51999
    35.25820     46.53990     -9.45919
    41.10508     54.30884    -10.13821
    41.99400     25.30230    -10.42310
    26.76010     18.81160     -7.32450
    36.26776     29.09339    -10.00653
    57.35612     47.86791    -16.87073
    33.71960     26.38245    -20.39240
    40.97326     27.57469     -7.98044
    29.14649     27.27122    -12.61266
    23.30601     23.92648    -13.14787
    17.26538     26.24823     -8.98426
    48.80509     42.35785    -10.18429
    41.84163     37.00609    -11.47125
    52.29162     52.07198     -7.74995
    34.58083     31.00391    -10.52003
    25.31040     35.08090     -6.68600
    27.06075     38.74391    -12.25681
    32.98862     25.77127    -10.84322
    54.86480     59.73460     -8.00220
    29.54157     20.12328    -12.95242
    51.27430     40.78427    -12.43618
    29.28624     42.17395     -7.27135
    59.64923     51.82966    -10.14903
    50.66200     44.48048    -10.91630
    52.29231     52.07121     -7.75776
    52.29209     52.07145     -7.75788
    42.52995     37.98353     -7.28860
    32.99255     25.78466    -10.84290
    41.06950     48.15990    -22.65070
    52.29197     52.07186     -7.75288
    52.29192     52.07197     -7.75140
    27.05941     38.74359    -12.25794
    56.08169     64.87496    -22.62682
    43.70720     35.42373    -13.58786
    32.48525     42.64554    -11.63806
    45.90212     59.31937    -16.49405
    42.08921     29.48669     -7.75313
    28.72240     33.36090    -21.77620
    33.88617     47.47728    -11.77028
    20.99182     23.44072    -10.54565
    26.77680     26.24690     -8.44700
    39.55760     53.69596    -11.44312
    39.07995     32.13710     -8.49456
    37.81977     49.41082    -12.79611
    54.61300     43.71910    -15.58420
    35.69093     35.72685     -7.25540
    48.87366     48.34001    -15.75321
    35.43334     36.89691    -14.43850
    27.15477     38.77360    -12.17754
    36.19813     21.13199    -22.24692
    52.29135     52.07059     -7.76916
    42.08936     29.48625     -7.75339
    51.27463     40.78464    -12.43632
    42.62520     33.98389    -12.09927
    56.19491     64.95566    -22.77532
    29.98150     19.03190    -22.11260
    40.07468     35.38581    -12.82114
    27.10683     38.71126    -12.01661
    41.10533     54.30870    -10.13835
    35.79817     28.17026    -13.04494
    35.56485     20.09347    -13.92815
    29.54153     20.12336    -12.95229
    42.66020     57.07349     -9.85553
    20.98489     23.44290    -10.53867
    35.56477     20.09309    -13.92804
    23.37989     35.52579    -11.44150
    42.08679     28.82561    -13.79761
    58.73778     56.36712    -10.31860
    23.52800     19.46980    -17.71530
    40.29348     38.53652     -9.08959
    52.92978     43.75126    -13.06097
    20.98776     23.44226    -10.54164
    48.53230     48.02960    -14.10150
    36.26779     29.09327    -10.00658
    47.54057     44.00801     -8.55762
    33.71952     26.38248    -20.39232
    50.66324     44.48815    -10.91641
    31.87280     20.59970    -17.55220
    41.84140     25.26080    -20.14920
    44.15820     51.70280    -22.33160
    33.53723     37.92868    -17.79700
    42.08204     29.47041     -7.75213
    18.84535     31.07654     -8.71911
    19.90027     22.62846     -7.90931
    23.85310     18.00990    -15.17350
    42.08963     29.48653     -7.75373
    28.77044     22.82271    -11.22214
    50.66525     44.48662    -10.91732
    29.25145     42.74744    -15.51097
    49.31968     44.02602    -13.01586
    16.04109     26.05257     -6.84254
    53.67315     55.21508     -8.31497
    53.67305     55.21490     -8.31480
    22.33459     21.64118    -10.46006
    38.28569     32.01665    -20.05428
    39.55865     53.69593    -11.44450
    36.34839     29.11233    -10.00666
    37.87635     26.85871     -8.47396
    27.16571     38.77814    -12.17243
    52.70594     41.38929    -14.12694
    26.31955     20.84780    -12.48868
    37.08387     30.71462    -18.53329
    26.31948     20.84781    -12.48882
    31.23211     42.50212    -13.47233
    44.61289     40.74053    -13.20208
    45.26689     46.33608    -26.61827
    43.33410     56.46680    -13.13940
    34.97370     17.34560     -5.57550
    33.30664     45.14649    -13.26902
    24.70285     20.51232    -14.47440
    37.81776     28.37123    -14.91225
    44.02155     36.26424     -8.34917
    20.99337     23.44041    -10.54762
    32.98985     25.78278    -10.84300
    47.54678     43.93945     -8.53253
    36.52211     25.08990     -8.90683
    36.52210     25.08990     -8.90688
    30.86909     30.06066     -7.70439
    18.86209     28.19447     -8.13293
    52.29142     52.07048     -7.76815
    35.93093     20.91736    -15.37112
    31.16229     43.47805     -9.62938
    20.99532     23.43925    -10.54911
    55.72998     56.28809    -14.55958
    55.72999     56.28814    -14.55964
    53.67359     55.21562     -8.31527
    39.08054     32.13737     -8.49531
    35.82544     19.95536    -17.77266
    57.35601     47.86793    -16.87070
    35.79826     28.16979    -13.04377
    29.54107     20.12383    -12.95195
    54.20534     53.17063    -11.72898
    27.50249     26.71569    -23.59695
    39.08084     32.13739     -8.49557
    27.50251     26.71571    -23.59695
    48.80505     42.35796    -10.18416
    39.88480     44.21870    -21.71450
    55.72999     56.28817    -14.55965
    41.84170     37.00555    -11.47184
    26.31908     20.84820    -12.48926
    37.47469     29.36833     -9.98599
    17.47130     26.22080    -16.68800
    42.62959     34.10478    -11.92511
    42.62956     34.10472    -11.92522
    23.10613     36.90939     -9.30082
    52.29510     52.07048     -7.75772
    37.91520     46.93580    -17.84970
    48.34455     49.94765    -11.82039
    50.66234     44.48357    -10.91588
    22.33461     21.64147    -10.46034
    43.11374     41.56996     -9.60132
    54.18059     46.33947    -13.57540
    20.98594     23.44292    -10.53931
    49.30094     34.96442     -9.37268
    20.99532     23.44030    -10.55007
    18.82287     28.19498     -8.13979
    35.56479     20.09322    -13.92785
    23.38009     35.52587    -11.44164
    38.62368     31.96501    -13.93499
    30.22980     15.70690    -15.74770
    42.84172     28.55983    -10.57329
    35.93101     20.91745    -15.37154
    35.16500     31.33740    -20.25100
    21.86010     30.31000    -12.24100
    49.22181     36.16319    -11.99360
    53.37853     49.57388    -11.86389
    45.79350     49.08670    -22.09160
    47.54676     43.94057     -8.53307
    31.16244     43.47837     -9.62926
    35.16498     32.66768     -7.50543
    23.10592     36.90885     -9.30081
    29.81430     43.58702    -13.27799
    42.66064     57.07386     -9.85512
    40.30490     24.11620     -6.60510
    47.10790     44.16595    -14.20732
    59.64979     51.83014    -10.15043
    52.00541     46.90522    -11.17512
    42.42592     38.56715    -12.88060
    50.66204     44.48333    -10.91571
    38.30370     23.94830     -8.91820
    53.37811     49.57309    -11.86410
    35.93101     20.91746    -15.37163
    33.30597     45.14652    -13.26920
    32.99239     25.78003    -10.84316
    31.04337     37.76677    -23.41104
    31.65670     26.49830    -13.11930
    41.31760     52.31690    -14.82860
    40.29286     38.53516     -9.08955
    53.37847     49.57380    -11.86395
    50.05727     57.55626    -24.24990
    17.81836     26.93536     -6.08757
    51.71795     65.04825    -13.49268
    18.66341     25.08658     -8.11251
    31.23065     42.50175    -13.47351
    27.08813     38.75239    -12.23450
    51.71749     65.04734    -13.49295
    52.62240     59.43380    -24.33510
    56.09136     64.88313    -22.64087
    40.58867     33.20188    -11.19762
    44.65161     37.09444    -13.05575
    27.10063     38.70675    -12.01133
    41.41570     53.02850     -7.48610
    45.56780     26.47630    -13.16380
    39.40110     40.90210     -9.53460
    30.33820     37.81790    -19.32930
    32.82340     36.71140     -9.76700
    40.72504     54.46119     -9.97181
    42.09087     29.48954     -7.75380
    37.80263     29.44179     -9.97222
    45.14912     43.06931    -10.68976
    48.80505     42.35815    -10.18408
    47.54361     43.97395     -8.54535
    26.31947     20.84781    -12.48890
    41.30960     24.86390    -11.86560
    29.98125     36.38739    -13.45428
    32.21262     21.93625    -10.96510
    48.80446     42.35859    -10.18314
    22.13347     25.85011    -11.88229
    33.40846     37.01562    -15.49720
    31.23026     42.50121    -13.47379
    39.07999     32.13745     -8.49491
    18.84376     31.07819     -8.71704
    31.04317     37.76673    -23.41070
    40.98261     27.57032     -7.99179
    43.76909     35.54319    -13.50852
    42.08945     29.48665     -7.75335
    42.08945     29.48642     -7.75343
    17.81618     26.93982     -6.08414
    18.85380     23.69514     -6.19588
    27.06044     38.74370    -12.25670
    35.43328     36.89673    -14.43835
    44.02274     36.26495     -8.34946
    47.54686     43.93935     -8.53281
    59.64955     51.82977    -10.14983
    39.08057     32.13737     -8.49517
    31.16232     43.47830     -9.62935
    18.85390     23.69516     -6.19582
    23.15820     21.42410     -5.53430
    31.16177     43.47701     -9.62952
    50.66395     44.48513    -10.91677
    50.66793     44.48986    -10.91846
    23.59760     29.32030    -13.29600
    42.62961     34.10455    -11.92542
    48.80482     42.35814    -10.18406
    35.05905     36.19040    -17.14382
    24.86780     14.60160     -8.73950
    41.55992     30.76965    -14.76949
    51.58274     58.18758    -19.00196
    42.08574     28.82619    -13.79893
    35.93101     20.91745    -15.37158
    23.30982     23.93738    -13.15660
    32.99238     25.78005    -10.84316
    29.57350     28.33810    -19.65320
    48.85352     42.26854    -15.16192
    39.55834     53.69648    -11.44353
    49.79440     54.26780    -26.21010
    51.48919     49.74751     -9.89777
    51.48919     49.74748     -9.89794
    51.48919     49.74749     -9.89787
    43.55190     34.37705     -8.10256
    64.62510     57.33450    -26.74960
    41.70814     30.01605    -16.69779
    40.28532     32.95955    -14.75862
    36.81673     37.84077     -9.72380
    30.24730      9.53290    -16.80930
    40.98399     27.56967     -7.99292
    42.53141     37.99249     -7.28153
    35.93100     20.91746    -15.37154
    44.34827     33.19729    -15.57266
    41.15710     25.76320    -17.02690
    30.48339     34.34495    -13.67480
    30.32622     32.13597    -16.12698
    56.27390     53.54740    -12.86100
    33.30569     45.14807    -13.27087
    16.49600     29.29630    -16.03870
    42.62965     34.10456    -11.92524
    54.18010     46.33880    -13.57526
    47.32248     39.29044    -14.65235
    32.99277     25.78098    -10.84313
    52.29177     52.07204     -7.75077
    40.58245     33.23722    -11.17493
    53.67299     55.21489     -8.31469
    31.15765     35.21033    -15.74674
    32.99272     25.78115    -10.84313
    56.09199     64.88393    -22.64172
    48.34449     49.94762    -11.82057
    47.69125     34.55366     -7.62698
    40.12900     23.35350    -20.44900
    23.30604     23.92643    -13.14778
    25.35550     39.39550    -15.87860
    23.31463     23.95253    -13.16819
    30.19360     15.51390    -22.92640
    28.38260     18.26430    -13.36990
    37.71174     21.22871    -17.09985
    20.98441     23.44279    -10.53781
    47.69135     34.55404     -7.62679
    27.05929     38.74335    -12.25770
    52.43970     64.98020    -23.98260
    32.48497     42.64564    -11.63908
    41.98760     42.60780    -23.76900
    44.61378     40.74040    -13.20145
    26.74100     38.61170     -8.38330
    44.61371     40.74041    -13.20154
    33.53647     37.93135    -17.79743
    45.03790     49.15630    -27.34960
    35.41608     30.87896    -12.97343
    41.73860     30.07144    -16.69846
    26.31956     20.84780    -12.48864
    31.16230     43.47819     -9.62938
    30.32617     32.13599    -16.12695
    40.92580     27.62060    -20.48360
    42.53014     37.98238     -7.29137
    38.10913     45.79669    -21.58638
    37.74650     30.73250    -21.58330
    50.02850     57.53387    -24.23341
    42.88980     26.81090    -14.48280
    52.02865     46.95192    -11.18038
    31.18870     35.18094    -15.75986
    31.18876     35.18094    -15.75982
    35.05927     36.19055    -17.14371
    43.61940     55.57070    -14.36970
    42.53047     37.98507     -7.28658
    45.54160     35.85340    -10.33930
    40.28547     32.95974    -14.75870
    42.53037     37.98500     -7.28589
    42.83998     28.55966    -10.57830
    38.02754     32.32011    -12.94136
    42.62964     34.10442    -11.92540
    46.61505     46.32647     -6.55380
    47.06144     37.52557     -9.81827
    40.28548     32.95974    -14.75874
    40.28546     32.95971    -14.75869
    50.66239     44.48296    -10.91601
    32.02910     31.05970     -8.60630
    31.22434     35.06756    -15.81396
    34.51110     24.52160    -19.07710
    52.92877     43.75302    -13.05704
    44.85100     42.72200     -5.11700
    55.23120     49.96620     -3.99030
    33.47414     26.07079     -8.48594
    38.81510     31.83350    -14.22698
    35.56478     20.09248    -13.92809
    48.34421     49.94785    -11.82121
    40.72179     54.46137     -9.97409
    35.79754     28.17006    -13.04709
    48.34429     49.94781    -11.82104
    33.38660     39.33160    -21.26650
    48.73470     61.40290    -11.50270
    34.58153     31.00314    -10.52000
    18.84348     31.07860     -8.71555
    43.55183     34.37612     -8.10240
    50.66196     44.48603    -10.91555
    40.98442     27.57044     -7.99275
    45.90208     59.31933    -16.49405
    27.69900     39.58950     -6.07220
    54.18011     46.33882    -13.57524
    36.33032     28.74997    -18.64293
    34.05280     30.90560     -8.18960
    28.71737     37.84390    -15.29967
    42.50631     37.95129     -7.31397
    33.53658     37.93168    -17.79762
    37.81968     49.41084    -12.79703
    36.81647     37.84073     -9.72370
    16.01460     27.88150    -21.06910
    30.77680     27.94290    -10.40010
    40.58224     33.23973    -11.17337
    40.97492     27.57444     -7.98265
    17.81646     26.93847     -6.08385
    49.90447     57.83913    -20.70724
    41.85138     39.63834     -9.94048
    41.10411     54.30876    -10.13762
    35.93098     20.91745    -15.37175
    25.52350     14.22830    -15.46170
    23.25280     28.10120     -9.25690
    31.23023     42.50186    -13.47356
    49.21869     36.15905    -11.99178
    32.99440     14.82930    -12.25890
    40.07474     35.38478    -12.82116
    50.66275     44.48344    -10.91617
    41.44500     25.02200     -7.22820
    35.56505     20.09403    -13.92868
    41.89600     44.71240    -16.53980
    40.58387     33.22781    -11.18103
    33.88667     47.47688    -11.77051
    47.10800     44.16595    -14.20718
    47.32122     39.29001    -14.65213
    25.50420     38.24397     -6.58721
    35.43336     36.89696    -14.43856
    30.48331     34.34495    -13.67480
    50.66079     44.48125    -10.91519
    47.54704     43.94039     -8.53328
    37.97277     28.27825    -15.00770
    37.53750     35.57940    -10.89980
    35.05904     36.19041    -17.14383
    42.62962     34.10468    -11.92540
    37.61099     32.00002    -11.39958
    42.62985     34.10455    -11.92532
    39.67990     45.18180    -19.60970
    24.27189     33.38734    -13.99107
    27.05820     38.74310    -12.25846
    52.29271     52.07157     -7.75278
    22.64780     24.30780     -8.40420
    43.55177     34.37603     -8.10246
    52.29201     52.07219     -7.75147
    48.80506     42.35808    -10.18417
    34.14597     44.68961    -10.22653
    55.01748     50.36502    -13.44431
    39.08098     32.13742     -8.49596
    20.84940     19.39410    -12.48970
    35.56557     20.09266    -13.92754
    39.08011     32.13716     -8.49469
    20.99578     23.43931    -10.55011
    39.41130     29.35850    -24.47000
    29.23350     19.06460    -10.50650
    43.55180     34.37602     -8.10249
    51.12380     41.97430    -14.62060
    43.70715     35.42335    -13.58816
    40.72119     54.46119     -9.97585
    30.85250     26.72530     -8.67040
    40.97743     27.57326     -7.98588
    39.55814     53.69621    -11.44437
    40.28548     32.96002    -14.75874
    20.98758     23.44416    -10.54299
    42.08948     29.48664     -7.75331
    35.93103     20.91751    -15.37166
    35.93036     20.91630    -15.36891
    48.34480     49.94740    -11.81987
    42.08858     28.82522    -13.79806
    27.12943     38.76448    -12.19580
    52.31093     52.05752     -7.80183
    23.31375     23.94948    -13.16626
    44.34843     33.19731    -15.57244
    53.29760     56.71430    -24.11930
    47.32295     39.29068    -14.65232
    42.08483     28.82660    -13.80007
    41.85135     39.63822     -9.94034
    52.29272     52.07151     -7.75331
    49.85750     46.81460    -14.13820
    26.31939     20.84798    -12.48572
    36.26766     29.09352    -10.00666
    51.71775     65.04745    -13.49279
    63.63890     59.54110    -21.47440
    43.87240     46.62340    -23.87660
    27.06903     38.74629    -12.25117
    42.08575     28.82634    -13.79881
    33.88508     47.47648    -11.77023
    52.01328     46.92162    -11.17595
    36.33018     28.75003    -18.64287
    50.21050     49.60490    -15.33280
    38.05023     41.13213    -18.55362
    37.66938     29.41177     -9.98853
    35.41723     30.87828    -12.97274
    47.32401     39.29092    -14.65246
    36.52211     25.09028     -8.90693
    35.41717     30.87829    -12.97284
    42.42406     38.56792    -12.88249
    18.08720     28.36950    -18.64750
    52.08846     47.03169    -11.22869
    49.21904     36.15966    -11.99200
    40.36930     28.90750    -11.08900
    48.34413     49.94797    -11.82145
    27.06198     38.74427    -12.25571
    57.84320     56.62030     -7.86500
    27.05983     38.74367    -12.25745
    59.59970     51.27030    -15.21760
    36.63240     51.07660     -5.95940
    42.08630     29.47900     -7.75255
    17.81599     26.93976     -6.08392
    32.20963     21.93330    -10.97162
    35.16518     32.66740     -7.50550
    38.10927     45.79691    -21.58622
    40.07339     35.38046    -12.82094
    23.10602     36.90944     -9.30048
    39.81800     33.21350    -19.45400
    35.21890     16.95400    -12.52680
    37.98818     28.26861    -15.01702
    49.25258     36.20312    -12.01178
    38.27440     28.36460    -17.94510
    33.90460     29.79770    -20.04260
    23.37686     35.52413    -11.43887
    35.41710     30.87853    -12.97271
    58.44250     48.36421    -10.50840
    50.67020     44.49435    -10.91888
    42.23004     29.80236     -7.80042
    22.37170     22.43420    -14.22210
    33.88347     47.47510    -11.76996
    40.99491     27.56329     -8.00202
    37.61100     31.99968    -11.39933
    40.71825     31.38740     -7.66555
    41.76636     30.12165    -16.69944
    41.10543     54.30875    -10.13852
    40.60200     44.28370    -25.14600
    43.55183     34.37598     -8.10242
    33.47271     26.07210     -8.48358
    40.59603     33.17656    -11.21370
    43.71141     35.43254    -13.58026
    23.40317     35.53684    -11.45883
    40.98883     27.56695     -7.99698
    32.99274     25.78170    -10.84317
    29.54147     20.12348    -12.95229
    33.53650     37.93162    -17.79747
    28.89630     24.24160    -22.32350
    49.30096     34.96438     -9.37272
    42.62780     34.07089    -11.97361
    26.31949     20.84781    -12.48873
    29.98130     36.38745    -13.45427
    55.73001     56.28816    -14.55976
    23.10606     36.90935     -9.30059
    32.98820     25.77002    -10.84333
    47.11350     57.17400    -19.60400
    35.34646     46.62462     -9.47724
    16.29530     25.38540    -13.04020
    52.06020     59.89710    -22.93630
    15.04028     27.51971    -12.77433
    40.58297     33.23622    -11.17599
    52.29183     52.07207     -7.75106
    54.18095     46.34051    -13.57519
    34.09500     14.30000     -5.67740
    36.96428     27.61677    -21.89062
    35.31170     42.41710    -24.22580
    40.58502     33.22085    -11.18557
    30.12750     13.82510    -22.58130
    49.90433     57.83907    -20.70716
    60.87451     54.62136    -24.10434
    52.17110     48.81070     -7.24050
    21.00261     23.43141    -10.55110
    47.05307     37.52393     -9.81663
    51.27489     40.78617    -12.43596
    40.91060     34.23550    -16.75230
    21.87920     21.46820    -19.03910
    45.26689     46.33609    -26.61828
    50.96330     47.55530     -7.77730
    25.71450     39.31980     -9.21900
    44.92470     31.47050    -10.29290
    35.56474     20.09174    -13.92842
    50.59789     64.47787    -23.91900
    46.61505     46.32643     -6.55380
    43.92690     43.35860    -25.81570
    42.22204     29.78331     -7.79788
    58.73769     56.36716    -10.31864
    47.54815     43.93202     -8.53050
    27.14344     38.76892    -12.18355
    50.09220     57.60482    -24.23952
    29.54209     20.12281    -12.95213
    45.52875     39.49815     -6.89200
    51.27443     40.78447    -12.43617
    48.80502     42.35811    -10.18418
    48.80501     42.35810    -10.18410
    36.52206     25.09012     -8.90676
    41.70631     30.01272    -16.69799
    25.08210     22.76080    -15.26680
    28.79140     41.73989     -5.27405
    42.08674     28.82572    -13.79811
    42.53003     37.98220     -7.29149
    49.30875     36.27627    -12.04501
    40.07410     35.38328    -12.82142
    55.58560     48.26350    -15.06370
    32.99164     25.77835    -10.84311
    38.28571     32.01630    -20.05401
    23.38627     35.52874    -11.44635
    36.51050     41.11700    -17.67680
    27.37580     19.40650    -13.56040
    43.61260     47.63450    -22.50900
    50.66494     44.48687    -10.91696
    57.58050     64.72880    -20.73380
    20.98752     23.44616    -10.54466
    37.76629     29.43428     -9.97526
    20.98723     23.44352    -10.54219
    29.98148     36.38741    -13.45418
    27.60050     32.67590    -17.18070
    48.80490     42.35815    -10.18405
    35.79830     28.16988    -13.04432
    47.62420     47.50910    -26.54980
    40.58772     33.20712    -11.19426
    33.24323     45.17951    -13.32976
    17.26539     26.24822     -8.98420
    44.61356     40.74035    -13.20158
    36.28260     48.65140    -11.37600
    38.28582     32.01664    -20.05435
    33.43076     45.94986     -9.06044
    41.85121     39.63830     -9.94050
    26.31891     20.84848    -12.48922
    31.31778     30.96812    -11.87027
    36.69930     22.92220     -7.11420
    54.18275     46.34119    -13.57722
    33.30273     45.14879    -13.27284
    35.79824     28.17027    -13.04453
    48.29061     39.91209    -10.66866
    48.29065     39.91221    -10.66868
    35.79860     28.17198    -13.04591
    45.81940     50.76700     -8.41320
    42.84154     28.55993    -10.57356
    40.28543     32.95985    -14.75874
    20.99557     23.44045    -10.55059
    40.98260     27.57052     -7.99168
    44.60860     40.74142    -13.20324
    37.67347     32.06868    -11.66189
    36.66890     25.06560    -12.30700
    49.71470     61.23100    -21.37650
    27.05758     38.74281    -12.25874
    33.53652     37.93161    -17.79752
    27.10889     38.75786    -12.21249
    29.00333     34.17162    -11.70395
    39.62240     33.09510    -16.80600
    35.16548     32.66702     -7.50588
    35.56480     20.09363    -13.92841
    30.12240     27.94340     -5.97000
    31.74212     23.14025     -7.71393
    29.14661     27.27128    -12.61264
    35.82548     19.95533    -17.77293
    34.06720     18.10510    -11.82880
    52.92997     43.75071    -13.06217
    15.04036     27.51989    -12.77406
    29.00424     34.16936    -11.70411
    32.20534     21.92894    -10.98063
    28.77036     22.82269    -11.22216
    36.80577     34.05420    -12.06157
    50.66819     44.49098    -10.91848
    33.30843     45.14665    -13.26902
    38.89346     36.13682     -8.30112
    29.98123     36.38744    -13.45442
    32.20631     21.93011    -10.97839
    31.19683     35.14959    -15.77488
    24.70282     20.51256    -14.47449
    29.00407     34.16984    -11.70426
    28.01250     36.51400    -17.31020
    27.05561     38.74275    -12.26046
    52.70600     41.38917    -14.12705
    46.68765     32.79891     -6.87179
    46.68763     32.79890     -6.87180
    46.68766     32.79891     -6.87180
    25.84970     37.40030     -8.33290
    46.00440     61.43460    -21.12490
    52.29413     52.07109     -7.75500
    29.25145     42.74746    -15.51093
    35.63377     49.45823     -7.32394
    47.13713     34.70273    -10.43603
    50.66215     44.48266    -10.91587
    18.17360     26.44880    -13.23670
    35.62202     49.46492     -7.29865
    52.92931     43.75230    -13.05850
    53.67348     55.21543     -8.31516
    53.37859     49.57379    -11.86389
    36.11270     45.26220    -17.48320
    45.14873     43.06941    -10.68984
    18.22420     26.13560    -10.30060
    45.14893     43.06942    -10.68992
    29.98123     36.38739    -13.45439
    38.03017     32.31972    -12.94733
    36.26683     29.09240    -10.00744
    42.84152     28.55989    -10.57385
    27.78770     28.79800    -19.31580
    54.20536     53.17057    -11.72902
    33.41670     41.00530    -19.54690
    49.21816     36.15884    -11.99146
    35.69087     35.72695     -7.25540
    51.27804     40.78651    -12.43998
    27.06031     38.74367    -12.25671
    23.31381     23.94959    -13.16624
    35.15930     33.41870    -13.77510
    29.98131     36.38740    -13.45429
    39.22560     43.62550    -27.10760
    47.04109     37.52137     -9.81336
    42.64220     57.91170    -11.87480
    58.27590     48.50580    -21.62960
    15.04036     27.51988    -12.77420
    45.59656     42.92230     -7.64853
    31.23058     35.04829    -15.82328
    50.66222     44.48362    -10.91573
    41.97346     32.71514     -7.58419
    35.25839     46.53996     -9.45849
    42.08937     29.48620     -7.75349
    31.23065     42.50176    -13.47345
    42.62929     34.10347    -11.92674
    35.66918     20.32844    -14.33932
    35.79829     28.16991    -13.04428
    35.43325     36.89684    -14.43846
    45.42410     53.69910    -18.28400
    34.58065     31.00407    -10.52004
    35.79849     28.16932    -13.04377
    33.88656     47.47682    -11.77057
    52.02609     46.94766    -11.17894
    34.99120     23.62841    -10.33462
    23.37678     35.52419    -11.43854
    22.13414     25.85102    -11.88285
    43.70710     35.42317    -13.58815
    25.32066     35.09321     -9.22687
    33.47494     26.07003     -8.48703
    59.69935     54.39358    -21.15469
    59.69944     54.39349    -21.15519
    42.84150     28.55994    -10.57362
    42.84156     28.55995    -10.57348
    42.62934     34.10410    -11.92586
    18.48034     23.89166    -14.04012
    20.10430     22.30070    -18.06400
    31.65200     37.81280    -17.97280
    43.70643     35.42322    -13.58803
    37.71176     21.22869    -17.09985
    23.30669     23.92769    -13.14878
    50.66751     44.49012    -10.91806
    27.16425     38.77773    -12.17366
    33.30540     45.14707    -13.27010
    33.30504     45.14748    -13.27062
    33.53645     37.93161    -17.79732
    32.99758     25.79615    -10.84173
    35.26717     46.54774     -9.46076
    23.98760     27.03520    -18.04650
    23.37721     35.52463    -11.43912
    50.66214     44.48263    -10.91594
    37.61098     31.99991    -11.39942
    43.55171     34.37619     -8.10242
    42.84147     28.55995    -10.57370
    52.29179     52.07154     -7.75277
    43.55830     40.48090     -4.81850
    17.26520     26.24827     -8.98454
    43.70721     35.42353    -13.58801
    33.94190     48.43720     -9.26220
    26.31907     20.84830    -12.48897
    23.10605     36.90937     -9.30061
    31.16721     35.19715    -15.75277
    36.78370     30.24430     -7.26690
    26.31965     20.84782    -12.48927
    23.37526     35.52449    -11.43605
    33.47514     26.06983     -8.48713
    47.69130     34.55404     -7.62686
    34.60750     38.02690    -21.63930
    18.84570     31.07612     -8.72029
    42.62981     34.10454    -11.92536
    63.63940     57.09060    -22.95500
    37.89980     44.14494    -23.53814
    28.79140     41.74001     -5.27405
    54.95650     45.64500     -8.92050
    39.08122     32.13728     -8.49620
    47.06103     37.52546     -9.81844
    33.28652     32.40108     -7.38823
    29.98108     36.38744    -13.45485
    35.09180     33.91190    -18.83450
    27.07272     38.74743    -12.24662
    47.69127     34.55382     -7.62687
    38.81100     22.74720    -10.33140
    37.61091     32.00021    -11.39966
    40.59236     33.18741    -11.20688
    48.03750     49.49930    -22.54640
    37.98903     28.26819    -15.01737
    40.58292     33.23347    -11.17754
    36.96384     27.61546    -21.89060
    18.85300     31.06886     -8.72886
    34.69810     33.59550    -16.31990
    35.93101     20.91739    -15.37189
    50.66348     44.48485    -10.91646
    42.62943     34.10431    -11.92573
    31.23088     42.50184    -13.47333
    35.41695     30.87868    -12.97296
    50.66188     44.48347    -10.91563
    34.14650     44.69096    -10.22666
    32.04260     44.71850     -5.76230
    32.26410     14.60940     -8.98340
    49.31940     44.02584    -13.01569
    47.13737     34.70300    -10.43637
    56.19467     64.95562    -22.77568
    52.34424     52.03471     -7.86211
    35.34662     46.62501     -9.47710
    26.31791     20.85010    -12.48981
    33.30822     45.14674    -13.26915
    48.69890     45.74370    -18.25660
    27.16220     41.81880     -6.56650
    40.58197     33.24102    -11.17243
    45.59588     42.92204     -7.64858
    18.84326     31.07904     -8.71444
    22.41080     34.20410    -13.61540
    36.56157     29.16064    -10.00373
    18.85006     28.19479     -8.13473
    27.05272     38.74224    -12.26230
    26.31919     20.84818    -12.48906
    35.28778     46.56729     -9.46499
    49.21897     36.15954    -11.99195
    40.29351     38.53703     -9.08948
    23.37822     35.52507    -11.44016
    35.60650     34.44040     -8.91420
    28.71733     37.84390    -15.29963
    34.95460     29.07880    -16.89440
    38.69138     26.94569    -12.34998
    18.48046     23.89154    -14.03998
    22.09320     20.36050    -13.91980
    50.86240     63.58390    -10.17290
    42.84174     28.55977    -10.57306
    29.00373     34.17055    -11.70428
    36.52211     25.08987     -8.90689
    26.31968     20.84783    -12.48832
    58.44270     48.36320    -10.51032
    45.52876     39.49825     -6.89196
    39.32370     35.12960    -22.01330
    25.71730     24.01840    -14.62910
    47.54025     44.00772     -8.55778
    34.02740     43.03406    -17.38533
    23.89290     30.19230    -17.38090
    31.16222     43.47806     -9.62947
    47.32095     39.28985    -14.65212
    55.72999     56.28811    -14.55961
    59.69930     54.39382    -21.15411
    58.44265     48.36379    -10.50944
    56.12880     66.11570    -20.89740
    51.27275     40.69997    -12.46820
    44.02174     36.26451     -8.34931
    41.24120     51.32250    -16.82890
    40.14180     50.56540    -15.18710
    46.31780     59.10500    -13.12020
    20.98776     23.44220    -10.54166
    20.98446     23.44285    -10.53776
    37.82046     49.41054    -12.79208
    48.85373     42.26842    -15.16175
    27.08883     38.74937    -12.21979
    29.11120     15.29010    -10.75820
    51.27386     40.75452    -12.44750
    31.22445     35.06738    -15.81359
    46.04730     45.19440     -7.92790
    48.87364     48.33999    -15.75319
    50.08300     56.19730     -9.08960
    34.02740     43.03404    -17.38537
    42.53003     37.98224     -7.29117
    48.34453     49.94759    -11.82045
    19.90037     22.62919     -7.91089
    32.98795     25.78496    -10.84311
    24.27099     33.38527    -13.99105
    48.80483     42.35815    -10.18404
    51.58276     58.18762    -19.00184
    29.89900     39.27480    -15.11640
    34.58085     31.00389    -10.52002
    33.30877     45.14680    -13.26921
    37.80171     29.44177     -9.97318
    33.88637     47.47756    -11.77007
    20.99549     23.44017    -10.55053
    51.27455     40.78444    -12.43635
    41.84144     37.00655    -11.47096
    18.66220     28.18290    -10.38880
    41.84099     37.00356    -11.47251
    26.31350     20.85787    -12.49484
    54.00120     64.80940    -19.34930
    50.66376     44.48638    -10.91643
    38.28572     32.01593    -20.05365
    30.50810     19.00410     -7.59800
    41.85039     39.63727     -9.94006
    42.62886     34.10025    -11.93126
    50.12746     57.66008    -24.22455
    27.05935     38.74350    -12.25773
    32.98861     25.77131    -10.84320
    19.91350     26.11470     -7.88740
    50.66171     44.48249    -10.91553
    25.50420     38.24393     -6.58719
    51.07740     53.31000    -15.06350
    42.62899     34.10504    -11.92513
    56.56050     60.99320    -19.21710
    37.76416     29.43231     -9.98818
    40.89240     54.39387    -10.04543
    45.03290     31.48270    -15.08140
    52.15470     38.42500    -10.76880
    33.88566     47.47675    -11.77032
    58.97410     64.07940    -21.15830
    37.89980     44.14496    -23.53816
    38.05005     41.13184    -18.55392
    50.05771     57.55477    -24.25227
    44.73872     37.23832    -13.05257
    27.23190     17.19050    -14.70600
    52.93025     43.75112    -13.06240
    45.85810     52.15090    -21.02200
    36.96397     27.61576    -21.89060
    18.84333     31.07899     -8.71399
    32.98786     25.76940    -10.84322
    43.55151     34.37640     -8.10225
    17.81674     26.93876     -6.08457
    55.01715     50.36451    -13.44447
    42.43047     38.56486    -12.87539
    16.96380     23.96540    -10.14870
    43.11344     41.57015     -9.60121
    26.80230     12.92620     -8.95300
    49.30818     36.27544    -12.04463
    35.61917     49.46598     -7.29253
    40.98151     27.57141     -7.99046
    32.99360     28.94420    -10.75110
    50.66222     44.48305    -10.91594
    32.98986     25.77532    -10.84309
    42.84171     28.55983    -10.57305
    42.08572     28.82624    -13.79894
    16.04101     26.05233     -6.84246
    50.11840     57.59098    -24.22788
    38.02901     32.31986    -12.94463
    33.30695     45.14666    -13.26935
    31.16236     43.47812     -9.62939
    47.32045     39.28877    -14.65244
    35.41689     30.87862    -12.97289
    45.59588     42.92207     -7.64845
    42.52996     37.98206     -7.29111
    38.05040     41.13224    -18.55347
    35.93101     20.91747    -15.37165
    52.29202     52.07204     -7.75130
    20.62090     25.06050    -19.23630
    33.30734     45.14662    -13.26911
    52.70664     41.38993    -14.12777
    33.53654     37.93165    -17.79760
    64.60260     55.96750    -25.49600
    57.35613     47.86791    -16.87074
    27.06012     38.74359    -12.25690
    53.67413     55.21605     -8.31554
    33.71966     26.38247    -20.39232
    20.99691     23.43933    -10.55196
    22.13453     25.85124    -11.88329
    17.81888     26.94136     -6.08677
    19.58386     27.42149    -14.39124
    28.08980     24.34570    -15.65960
    35.16480     32.66750     -7.50534
    25.12850     32.76800    -17.31850
    20.99583     23.43969    -10.55070
    54.18154     46.34046    -13.57598
    50.02566     57.53207    -24.23085
    34.86110     25.91790    -13.95890
    49.30620     64.84760    -26.27330
    31.16079     43.47489     -9.63005
    23.31381     23.94964    -13.16628
    60.42100     50.59010    -20.36510
    52.29163     52.07111     -7.76313
    36.26727     29.09334    -10.00691
    18.66353     25.08658     -8.11292
    52.03136     46.95379    -11.18368
    40.02470     24.98110    -13.12710
    20.99541     23.44129    -10.55095
    50.04388     57.54715    -24.24328
    58.90550     50.36640    -17.29480
    42.43123     38.56399    -12.87423
    24.27163     33.38747    -13.99111
    25.89790     32.00640    -13.19250
    31.33950     24.58480     -7.06100
    59.64951     51.82957    -10.14990
    52.70574     41.38904    -14.12668
    41.84154     37.00530    -11.47180
    42.84068     28.55945    -10.57574
    31.37160     34.32400     -9.00520
    50.19370     62.41980    -26.10540
    40.54080     41.92350    -11.80240
    47.32202     39.28988    -14.65246
    17.81641     26.93965     -6.08418
    30.32618     32.13599    -16.12695
    53.37432     49.55863    -11.86615
    18.84352     31.07929     -8.70946
    51.27461     40.78479    -12.43623
    34.58076     31.00399    -10.51991
    35.26694     46.54749     -9.46045
    34.14602     44.68968    -10.22653
    44.37590     30.46530    -13.50520
    29.54152     20.12339    -12.95236
    43.70722     35.42354    -13.58800
    28.54850     25.12600    -13.74662
    49.83630     62.97820    -21.28470
    59.64949     51.82945    -10.14994
    37.82691     49.40911    -12.76155
    49.31947     44.02563    -13.01582
    41.00810     31.56480    -19.21380
    29.54203     20.12286    -12.95230
    54.17984     46.33835    -13.57523
    18.82949     28.19511     -8.13891
    39.77640     26.12720    -22.34250
    37.56120     24.48320     -6.56660
    40.58217     33.23979    -11.17326
    51.27480     40.78716    -12.43563
    30.32619     32.13599    -16.12695
    45.59603     42.92200     -7.64857
    42.53089     37.98770     -7.28471
    48.80515     42.35822    -10.18396
    39.82010     45.91080    -17.82930
