    42.97694     41.68127     -9.51323
    29.33112     42.15721     -5.99902
    38.98374     36.22332     -8.36498
    42.97694     41.68127     -9.51323
    55.82150     57.28757     -9.82908
    33.30580     17.84170    -15.31120
    38.02350     27.05190     -8.34205
    43.75715     36.41267     -8.26791
    43.05120     41.15400    -13.59075
    53.06328     43.54557    -13.33474
    31.53905     37.69295    -16.98600
    50.79850     64.61575    -15.10105
    18.55935     28.03195     -7.81291
    42.24462     37.44002    -11.62106
    48.93523     42.34884    -14.88845
    38.48323     28.05520    -14.97931
    26.15912     20.97751    -12.41721
    35.47335     36.87208    -14.62914
    35.47335     36.87208    -14.62914
    38.79543     31.66774    -14.19466
    48.79179     42.35487    -10.04183
    54.07827     50.06358    -12.28920
    39.66380     39.17040     -8.58565
    47.41712     37.60167    -10.37821
    48.25314     39.84020    -10.68157
    34.84074     31.40927    -13.53669
    29.49964     20.17605    -12.90401
    31.28317     43.55088     -9.52441
    49.25755     49.02100     -7.44625
    38.79547     31.66772    -14.19475
    33.58383     20.44278    -12.46739
    46.50560     40.92520    -10.37440
    28.66128     22.63823    -11.79756
    49.59680     37.17130     -8.03180
    48.25314     39.84020    -10.68157
    42.97694     41.68127     -9.51323
    44.85030     47.70500     -5.77110
    34.92637     36.01137    -17.26193
    37.74590     26.71980    -18.65540
    52.20821     47.37444    -11.13558
    36.57832     25.11801     -9.54605
    42.68195     57.25730    -10.30130
    56.32516     65.28504    -22.78256
    56.33195     65.29022    -22.78504
    33.58383     20.44278    -12.46739
    33.58383     20.44278    -12.46739
    33.58383     20.44278    -12.46739
    50.75259     64.38949    -24.55033
    38.98374     36.22332     -8.36498
    30.08197     36.21368    -13.81006
    42.62207     37.95610     -7.29836
    25.31182     35.12176     -8.41496
    56.33248     65.29061    -22.78524
    18.59730     25.18891     -8.05661
    24.39408     33.42135    -13.91008
    38.38286     27.34594    -12.06440
    55.82150     57.28757     -9.82907
    18.40101     27.93135     -7.68708
    55.82150     57.28758     -9.82907
    55.82150     57.28758     -9.82907
    47.70320     45.95270    -14.10210
    33.41601     37.47862    -17.17316
    28.44211     24.95412    -14.19341
    33.13093     32.36460     -7.42087
    26.15912     20.97751    -12.41721
    59.60980     51.79558    -10.04868
    33.58383     20.44278    -12.46739
    31.28317     43.55088     -9.52441
    33.71623     26.37002    -20.41644
    58.41295     47.54110    -11.12660
    52.45343     51.87782     -7.96130
    42.62207     37.95610     -7.29836
    32.58410     28.10750    -21.45320
    37.72553     32.14529    -12.08810
    31.28322     43.55096     -9.52440
    48.45870     45.30940    -17.53180
    36.57832     25.11801     -9.54605
    42.68462     41.83949     -9.36654
    51.74423     49.58127    -10.23536
    53.51456     55.13696     -8.22021
    31.28322     43.55096     -9.52440
    35.71782     20.32487    -15.05962
    42.94040     41.70104     -9.49489
    29.56246     43.33094    -14.15318
    58.47900     56.43918     -9.79051
    41.92380     46.97900    -10.85520
    56.69980     52.80560     -9.72560
    52.45343     51.87782     -7.96130
    24.38545     33.41797    -13.90832
    33.41168     37.44605    -17.14204
    20.34182     24.53361    -10.55726
    37.87014     49.39343    -12.65924
    35.88877     28.17288    -12.82760
    49.25755     49.02100     -7.44625
    35.47335     36.87208    -14.62914
    19.58385     27.42150    -14.39125
    46.87254     44.28559    -14.99073
    23.59260     34.84070    -14.41390
    35.40303     49.71476     -6.85515
    47.41712     37.60167    -10.37821
    56.33248     65.29061    -22.78524
    31.69463     21.49107    -11.81383
    23.20927     37.12850     -9.00636
    47.41712     37.60167    -10.37821
    34.72850     31.23511    -11.97600
    55.90230     62.32160    -24.12560
    26.15912     20.97751    -12.41721
    26.15912     20.97751    -12.41721
    26.67570     23.94420    -17.96450
    33.41168     37.44605    -17.14204
    31.00872     43.15713     -9.64157
    24.39408     33.42135    -13.91008
    38.01877     41.09375    -18.58036
    52.20821     47.37443    -11.13557
    31.71581     42.68075    -12.78256
    41.17355     36.50570     -8.23345
    35.47335     36.87208    -14.62914
    35.43482     31.55229    -13.10019
    35.71789     20.32479    -15.06087
    49.86518     45.50152    -10.56347
    45.51228     39.43854     -6.91733
    41.61495     29.16651    -14.90584
    35.71500     20.31385    -15.05364
    42.94040     41.70105     -9.49489
    31.28317     43.55088     -9.52441
    17.86890     33.31230     -3.54400
    29.15016     34.33856    -12.07113
    46.91680     37.05580     -7.52600
    22.21925     26.08284    -11.90167
    27.08191     38.66313    -11.93966
    20.76833     23.27076     -9.97717
    36.57376     25.11782     -9.49014
    36.57601     25.11791     -9.51775
    29.56246     43.33094    -14.15318
    35.71789     20.32479    -15.06087
    58.41295     47.54110    -11.12660
    43.24610     44.68840    -18.05850
    56.67740     60.55160     -9.56270
    33.13093     32.36460     -7.42087
    35.71789     20.32479    -15.06087
    36.88697     27.33766    -21.91533
    35.04431     46.77318    -10.11243
    36.57376     25.11782     -9.49014
    31.17934     34.21652    -15.39243
    42.24462     37.44002    -11.62106
    26.20386     20.94915    -12.41225
    49.47780     46.84670     -7.65100
    26.15912     20.97751    -12.41721
    28.44211     24.95412    -14.19341
    37.08390     30.71460    -18.53325
    31.07403     37.73107    -23.41490
    18.87847     30.95194     -8.77189
    36.88697     27.33766    -21.91533
    48.93523     42.34884    -14.88845
    41.61494     29.16651    -14.90584
    23.20927     37.12850     -9.00636
    45.26320     46.33177    -26.61550
    54.22377     46.32863    -13.60044
    59.60980     51.79558    -10.04868
    26.15912     20.97751    -12.41721
    43.90983     35.47274    -12.61957
    26.15912     20.97751    -12.41721
    52.05830     52.08280    -12.49850
    52.28212     51.97070     -7.85593
    42.62207     37.95610     -7.29836
    52.28212     51.97070     -7.85593
    42.62207     37.95610     -7.29836
    45.47530     58.13070    -13.98000
    39.66380     39.17040     -8.58565
    50.75259     64.38949    -24.55033
    23.20927     37.12850     -9.00636
    43.05120     41.15400    -13.59075
    48.93523     42.34884    -14.88845
    34.70603     31.20027    -11.66380
    33.71623     26.37002    -20.41644
    39.80080     27.44242     -6.59640
    48.79179     42.35487    -10.04183
    42.24462     37.44002    -11.62106
    34.70605     31.20028    -11.66386
    25.31182     35.12176     -8.41496
    33.14658     25.35677    -10.24527
    54.86480     59.73460     -8.00220
    29.49964     20.17605    -12.90401
    29.33112     42.15721     -5.99902
    59.60980     51.79558    -10.04868
    52.27419     51.91721     -7.87936
    42.62207     37.95610     -7.29836
    31.99081     26.68821    -11.35350
    52.28212     51.97070     -7.85593
    27.03597     38.64740    -11.93652
    43.87978     35.43746    -12.60946
    45.90210     59.31935    -16.49405
    28.72240     33.36090    -21.77620
    20.85936     23.28231    -10.08481
    37.87014     49.39343    -12.65924
    54.61300     43.71910    -15.58420
    35.70911     35.27787     -7.74778
    48.75987     48.23653    -15.20263
    35.47335     36.87208    -14.62914
    28.53175     39.15237    -12.00882
    29.49964     20.17605    -12.90401
    42.68195     57.25730    -10.30130
    58.47900     56.43918     -9.79051
    40.84082     38.25758     -9.78730
    53.06328     43.54557    -13.33474
    48.75987     48.23653    -15.20263
    33.71623     26.37002    -20.41644
    49.86518     45.50152    -10.56347
    18.93048     30.86210     -8.88280
    28.66128     22.63823    -11.79756
    29.56246     43.33094    -14.15318
    53.51456     55.13696     -8.22021
    53.51456     55.13696     -8.22021
    38.25330     32.03869    -20.05494
    40.88005     53.04405    -11.06630
    38.02350     27.05190     -8.34205
    26.15912     20.97751    -12.41721
    37.08390     30.71460    -18.53325
    26.15912     20.97751    -12.41721
    45.03256     40.63329    -13.12466
    45.26320     46.33177    -26.61550
    43.75715     36.41267     -8.26791
    20.85936     23.28231    -10.08481
    31.99081     26.68821    -11.35350
    36.57376     25.11782     -9.49014
    36.57601     25.11791     -9.51775
    35.71789     20.32480    -15.06088
    31.28322     43.55096     -9.52440
    55.73524     56.28142    -14.59056
    55.73524     56.28142    -14.59056
    53.51456     55.13696     -8.22021
    35.91564     27.94564    -12.75003
    29.33955     20.36249    -12.91009
    48.79179     42.35487    -10.04183
    55.73524     56.28142    -14.59056
    42.24462     37.44002    -11.62106
    23.20927     37.12850     -9.00636
    37.91520     46.93580    -17.84970
    48.35805     49.93437    -11.78545
    42.94040     41.70105     -9.49489
    54.20577     46.30874    -13.59459
    48.74445     35.43733    -11.26434
    38.78908     31.67623    -14.18510
    42.69893     28.65234    -10.33859
    35.72117     20.32062    -15.12131
    48.82810     35.55357    -11.34796
    54.28092     50.17579    -12.44945
    31.57342     43.90583     -9.37105
    35.23570     32.67553     -7.50531
    23.26732     35.33050    -11.47876
    29.56246     43.33094    -14.15318
    42.68195     57.25730    -10.30130
    46.87254     44.28559    -14.99073
    59.60980     51.79558    -10.04868
    52.11103     47.06271    -10.87956
    51.74423     49.58127    -10.23536
    35.72122     20.32052    -15.12230
    31.07403     37.73107    -23.41490
    31.99081     26.68821    -11.35350
    40.60076     38.02283     -9.56547
    51.97980     66.01210    -13.33990
    18.59730     25.18891     -8.05661
    31.71581     42.68075    -12.78257
    50.79850     64.61575    -15.10105
    52.34130     59.66545    -23.63570
    26.03691     38.00508     -8.34686
    39.40110     40.90210     -9.53460
    30.33820     37.81790    -19.32930
    48.79179     42.35487    -10.04183
    26.15912     20.97751    -12.41721
    30.01322     36.14745    -14.03437
    48.79179     42.35487    -10.04183
    22.21925     26.08284    -11.90167
    33.41168     37.44604    -17.14204
    18.87847     30.95194     -8.77189
    31.07403     37.73107    -23.41490
    18.85385     23.69515     -6.19585
    35.47335     36.87208    -14.62914
    45.43351     37.07015     -9.16826
    59.60980     51.79558    -10.04868
    18.85385     23.69515     -6.19585
    31.08017     43.25792     -9.61025
    48.79179     42.35487    -10.04183
    34.92637     36.01137    -17.26193
    51.58275     58.18760    -19.00190
    41.61495     29.16651    -14.90583
    35.72122     20.32052    -15.12230
    48.93523     42.34884    -14.88845
    51.74423     49.58127    -10.23536
    51.74423     49.58127    -10.23536
    51.74423     49.58127    -10.23536
    43.41518     34.37028     -8.72164
    41.61495     29.16651    -14.90584
    42.77176     39.52498     -6.50107
    35.72112     20.32071    -15.12032
    44.34835     33.19730    -15.57255
    31.17934     34.21652    -15.39243
    30.33190     32.13280    -16.13088
    47.15643     39.18282    -14.68070
    52.27667     51.97406     -7.85211
    53.51456     55.13696     -8.22021
    29.96637     36.12707    -14.14126
    56.33248     65.29061    -22.78524
    48.35805     49.93437    -11.78545
    47.47737     34.54645     -8.64712
    25.35550     39.39550    -15.87860
    37.71175     21.22870    -17.09985
    47.47737     34.54645     -8.64712
    52.43970     64.98020    -23.98260
    31.71581     42.68075    -12.78256
    45.03256     40.63329    -13.12466
    45.03256     40.63329    -13.12466
    33.41168     37.44605    -17.14204
    34.84074     31.40927    -13.53669
    26.15912     20.97751    -12.41721
    30.33190     32.13280    -16.13087
    42.62207     37.95610     -7.29836
    37.77550     45.24520    -21.96600
    52.20821     47.37443    -11.13557
    35.47335     36.87208    -14.62914
    42.62207     37.95610     -7.29836
    42.62207     37.95610     -7.29836
    37.72553     32.14529    -12.08810
    47.41712     37.60167    -10.37821
    31.17934     34.21652    -15.39243
    53.06328     43.54557    -13.33474
    32.64305     26.60800     -7.40330
    38.79547     31.66772    -14.19475
    35.46990     18.70776    -14.30414
    48.35805     49.93437    -11.78545
    48.35805     49.93437    -11.78545
    18.87847     30.95194     -8.77189
    43.41518     34.37028     -8.72164
    49.86518     45.50152    -10.56347
    45.90210     59.31935    -16.49405
    35.87245     28.87578    -18.11978
    41.17355     36.50570     -8.23345
    33.41848     37.49723    -17.19093
    37.87014     49.39343    -12.65924
    30.77680     27.94290    -10.40010
    40.88005     53.04405    -11.06630
    35.72122     20.32051    -15.12229
    41.44500     25.02200     -7.22820
    35.72170     20.34787    -15.07121
    41.89600     44.71240    -16.53980
    46.87254     44.28559    -14.99073
    47.11796     39.15215    -14.67551
    26.03691     38.00508     -8.34686
    35.47335     36.87208    -14.62914
    29.20492     34.27518    -12.10765
    34.92637     36.01137    -17.26193
    37.72553     32.14529    -12.08810
    39.75000     45.54630    -18.71950
    24.42659     33.43405    -13.91672
    52.49845     51.84904     -7.99016
    43.41518     34.37028     -8.72164
    48.79179     42.35487    -10.04183
    43.41518     34.37028     -8.72165
    30.85250     26.72530     -8.67040
    20.34182     24.53361    -10.55726
    35.71791     20.32477    -15.06114
    48.35805     49.93437    -11.78545
    28.44278     39.12293    -12.00703
    44.34835     33.19730    -15.57255
    53.29760     56.71430    -24.11930
    41.61495     29.16651    -14.90584
    52.49805     51.84521     -7.99293
    49.85750     46.81460    -14.13820
    26.15912     20.97751    -12.41721
    52.17710     64.52120    -13.20430
    43.87240     46.62340    -23.87660
    41.61495     29.16651    -14.90584
    52.20818     47.37436    -11.13554
    35.87245     28.87578    -18.11978
    50.21050     49.60490    -15.33280
    38.01877     41.09375    -18.58036
    36.57601     25.11791     -9.51775
    48.82810     35.55357    -11.34796
    48.35805     49.93437    -11.78545
    27.08192     38.66313    -11.93966
    58.47900     56.43918     -9.79051
    26.98241     38.61701    -11.96841
    59.59970     51.27030    -15.21760
    36.63240     51.07660     -5.95940
    35.23570     32.67553     -7.50531
    23.20927     37.12850     -9.00636
    35.21890     16.95400    -12.52680
    38.27440     28.36460    -17.94510
    23.09537     35.12895    -11.53527
    58.42277     48.84953     -9.99173
    37.72553     32.14529    -12.08809
    43.41518     34.37028     -8.72164
    32.64305     26.60800     -7.40330
    43.92625     35.50389    -12.64580
    24.71890     36.05750    -12.38709
    29.49964     20.17605    -12.90401
    33.41168     37.44605    -17.14204
    26.15912     20.97751    -12.41721
    30.01322     36.14745    -14.03437
    55.73524     56.28142    -14.59056
    23.20927     37.12850     -9.00636
    32.74724     24.86297    -10.54118
    36.19110     47.86713     -9.81273
    16.29530     25.38540    -13.04020
    52.34130     59.66545    -23.63570
    15.02943     27.49729    -12.69385
    52.28212     51.97070     -7.85593
    54.20578     46.30874    -13.59459
    37.33940     29.20870    -21.84140
    35.31170     42.41710    -24.22580
    45.43351     37.07015     -9.16826
    45.26320     46.33177    -26.61550
    35.46990     18.70776    -14.30414
    50.75259     64.38949    -24.55033
    43.92690     43.35860    -25.81570
    58.47900     56.43918     -9.79051
    48.79179     42.35487    -10.04183
    28.44278     39.12293    -12.00703
    50.68390     59.11995    -23.82775
    29.52250     20.14942    -12.90314
    45.51228     39.43854     -6.91733
    48.79179     42.35487    -10.04183
    48.79179     42.35487    -10.04183
    36.57376     25.11782     -9.49014
    41.61495     29.16651    -14.90584
    29.33112     42.15721     -5.99902
    42.62207     37.95610     -7.29836
    49.57258     36.59960    -12.10464
    38.25330     32.03869    -20.05494
    24.71890     36.05750    -12.38709
    36.51050     41.11700    -17.67680
    20.34182     24.53361    -10.55726
    20.34182     24.53361    -10.55726
    30.11912     36.14023    -13.89264
    48.79179     42.35487    -10.04183
    35.91564     27.94564    -12.75003
    47.62420     47.50910    -26.54980
    45.03256     40.63329    -13.12466
    36.19255     47.86873     -9.81241
    38.25330     32.03869    -20.05494
    35.88877     28.17288    -12.82760
    48.25314     39.84020    -10.68157
    48.25314     39.84020    -10.68157
    45.81940     50.76700     -8.41320
    45.03256     40.63329    -13.12466
    37.72553     32.14529    -12.08810
    49.71470     61.23100    -21.37650
    33.41168     37.44605    -17.14204
    28.87638     34.65548    -11.88855
    35.23570     32.67553     -7.50531
    35.71789     20.32479    -15.06087
    53.06328     43.54557    -13.33474
    15.02943     27.49729    -12.69385
    31.69463     21.49107    -11.81383
    28.66128     22.63823    -11.79756
    38.98374     36.22332     -8.36498
    30.01322     36.14745    -14.03437
    31.69463     21.49107    -11.81383
    29.15016     34.33856    -12.07113
    28.01250     36.51400    -17.31020
    25.20179     39.18464    -13.13574
    46.68703     32.79867     -6.87200
    46.68703     32.79867     -6.87200
    46.68703     32.79867     -6.87200
    26.03691     38.00508     -8.34686
    29.56246     43.33094    -14.15318
    36.19255     47.86873     -9.81241
    47.47737     34.54645     -8.64712
    18.17360     26.44880    -13.23670
    35.40303     49.71476     -6.85515
    53.06328     43.54557    -13.33474
    53.51456     55.13696     -8.22021
    54.28137     50.17604    -12.44981
    36.11270     45.26220    -17.48320
    45.10133     43.14388    -10.57114
    45.10133     43.14388    -10.57114
    30.01322     36.14745    -14.03437
    37.72553     32.14529    -12.08810
    35.91564     27.94564    -12.75003
    48.74435     35.43719    -11.26424
    35.70911     35.27787     -7.74778
    26.98241     38.61701    -11.96841
    30.01322     36.14745    -14.03437
    39.22560     43.62550    -27.10760
    45.43351     37.07015     -9.16826
    42.68195     57.25730    -10.30130
    15.02943     27.49729    -12.69385
    31.17934     34.21652    -15.39243
    31.71580     42.68075    -12.78257
    35.91564     27.94564    -12.75003
    35.47335     36.87208    -14.62914
    36.18210     27.21784    -12.59433
    52.20821     47.37443    -11.13557
    23.21172     35.26282    -11.50059
    22.21925     26.08284    -11.90167
    25.31182     35.12176     -8.41496
    60.20390     54.49467    -22.42932
    18.48040     23.89160    -14.04005
    31.53905     37.69295    -16.98600
    37.71175     21.22870    -17.09985
    33.41601     37.47862    -17.17316
    35.04431     46.77318    -10.11243
    23.21172     35.26282    -11.50059
    37.72553     32.14529    -12.08810
    43.41518     34.37028     -8.72169
    43.87978     35.43746    -12.60946
    23.20927     37.12850     -9.00636
    30.01322     36.14745    -14.03437
    47.47737     34.54645     -8.64712
    18.93048     30.86210     -8.88280
    29.33112     42.15721     -5.99902
    47.41712     37.60167    -10.37821
    33.13093     32.36460     -7.42087
    30.01322     36.14745    -14.03437
    35.09180     33.91190    -18.83450
    47.47737     34.54645     -8.64712
    37.72553     32.14529    -12.08810
    36.88697     27.33766    -21.91533
    35.72122     20.32051    -15.12229
    31.71581     42.68075    -12.78256
    47.47737     34.54645     -8.64712
    56.33248     65.29061    -22.78524
    36.19204     47.86814     -9.81252
    48.45870     45.30940    -17.53180
    45.60210     43.01313     -8.02957
    18.87029     30.96606     -8.75446
    22.76698     34.72145    -11.67520
    25.20179     39.18464    -13.13574
    48.82810     35.55357    -11.34796
    40.98160     38.38963     -9.93758
    23.21172     35.26282    -11.50058
    35.70911     35.27787     -7.74778
    35.87245     28.87578    -18.11978
    38.38286     27.34594    -12.06440
    18.48040     23.89160    -14.04005
    42.69893     28.65234    -10.33859
    29.15016     34.33856    -12.07113
    36.57376     25.11782     -9.49014
    58.42277     48.84953     -9.99173
    45.51228     39.43854     -6.91733
    39.32370     35.12960    -22.01330
    31.28322     43.55096     -9.52440
    47.11796     39.15215    -14.67551
    55.73524     56.28142    -14.59056
    60.14387     54.48621    -22.27184
    58.42277     48.84953     -9.99173
    56.37510     65.32334    -22.80061
    43.75715     36.41267     -8.26791
    46.31780     59.10500    -13.12020
    37.87014     49.39343    -12.65924
    48.93523     42.34884    -14.88845
    27.03597     38.64740    -11.93652
    31.17934     34.21652    -15.39243
    48.75987     48.23653    -15.20263
    50.08300     56.19730     -9.08960
    42.62207     37.95610     -7.29836
    48.35805     49.93437    -11.78545
    31.99081     26.68821    -11.35350
    24.11910     31.65590    -14.19770
    48.79179     42.35487    -10.04183
    51.58275     58.18760    -19.00190
    34.70605     31.20028    -11.66386
    40.98160     38.38963     -9.93758
    18.55935     28.03195     -7.81291
    38.25330     32.03869    -20.05494
    50.68390     59.11995    -23.82775
    26.98241     38.61701    -11.96841
    33.14658     25.35677    -10.24527
    19.91350     26.11470     -7.88740
    26.03691     38.00508     -8.34686
    38.38286     27.34594    -12.06440
    45.03290     31.48270    -15.08140
    52.15470     38.42500    -10.76880
    38.01877     41.09375    -18.58036
    53.06328     43.54557    -13.33474
    36.88697     27.33766    -21.91533
    18.87847     30.95194     -8.77189
    32.67114     24.76731    -10.59678
    43.41519     34.37028     -8.72163
    16.96380     23.96540    -10.14870
    42.94040     41.70105     -9.49489
    49.57258     36.59960    -12.10464
    35.40303     49.71476     -6.85515
    33.14848     25.35912    -10.24387
    41.61495     29.16651    -14.90583
    37.72555     32.14528    -12.08814
    42.62207     37.95610     -7.29836
    38.01877     41.09375    -18.58036
    52.28214     51.97072     -7.85593
    53.06328     43.54557    -13.33474
    33.41601     37.47862    -17.17316
    26.98241     38.61701    -11.96841
    33.71623     26.37002    -20.41644
    22.21925     26.08284    -11.90167
    19.58385     27.42150    -14.39125
    28.44211     24.95412    -14.19341
    35.23570     32.67553     -7.50531
    54.20578     46.30874    -13.59459
    34.86110     25.91790    -13.95890
    49.30620     64.84760    -26.27330
    18.59730     25.18891     -8.05661
    52.20821     47.37443    -11.13557
    40.02470     24.98110    -13.12710
    58.90550     50.36640    -17.29480
    42.24462     37.44002    -11.62106
    24.39408     33.42135    -13.91008
    31.33950     24.58480     -7.06100
    59.60980     51.79558    -10.04868
    42.24462     37.44002    -11.62106
    31.37160     34.32400     -9.00520
    50.19370     62.41980    -26.10540
    47.11834     39.15246    -14.67556
    30.33190     32.13280    -16.13087
    18.87847     30.95194     -8.77189
    34.59937     31.20863    -11.32556
    29.49964     20.17605    -12.90401
    43.87978     35.43746    -12.60946
    28.44211     24.95412    -14.19341
    49.83630     62.97820    -21.28470
    59.60980     51.79558    -10.04868
    37.87014     49.39343    -12.65924
    41.00810     31.56480    -19.21380
    29.60541     20.05298    -12.89976
    54.07984     46.16956    -13.55365
    30.33190     32.13280    -16.13087
    42.77176     39.52498     -6.50107
    48.79179     42.35487    -10.04183
    39.75000     45.54630    -18.71950
    29.33113     42.15721     -5.99902
    35.71791     20.32476    -15.06114
    35.71791     20.32476    -15.06114
    35.71791     20.32476    -15.06114
    26.15907     20.97753    -12.41727
    26.15771     38.08422     -8.79763
    34.51110     24.52160    -19.07710
    40.54860     38.45990    -19.46670
    30.94220     23.06340    -14.43650
    31.70093     35.87757    -15.40090
    31.70093     35.87757    -15.40090
    31.70093     35.87757    -15.40090
    51.22543     38.93520    -13.14367
    51.22543     38.93520    -13.14367
    51.22543     38.93520    -13.14367
    22.60500     21.19557    -10.39500
    22.60500     21.19557    -10.39500
    22.60500     21.19557    -10.39500
    57.33243     47.87367    -16.86357
    57.33243     47.87367    -16.86357
    55.58560     48.26350    -15.06370
    57.33243     47.87367    -16.86357
    27.16220     41.81880     -6.56650
    35.72123     20.32053    -15.12231
    54.20577     46.30873    -13.59458
    54.20577     46.30873    -13.59458
    47.14450     45.26417     -8.80993
    47.14411     45.26407     -8.80991
    47.14411     45.26407     -8.80991
    47.14362     45.26395     -8.80989
    52.22016     47.41321    -11.16632
    54.26071     46.36944    -13.61244
    39.60456     31.82347     -8.45359
    39.60456     31.82347     -8.45359
    39.60455     31.82348     -8.45359
    39.66045     31.79927     -8.45011
    49.69548     36.77644    -12.23402
    49.69547     36.77642    -12.23401
    18.53585     28.01733     -7.79407
    18.53584     28.01732     -7.79406
    18.53585     28.01733     -7.79407
    38.44948     28.07301    -14.97977
    38.46334     28.06570    -14.97958
    38.46334     28.06570    -14.97958
    38.46485     28.06490    -14.97956
    47.05597     39.10397    -14.66664
    56.20714     65.19441    -22.74000
    56.20705     65.19434    -22.73997
    56.20714     65.19441    -22.74000
    31.89547     42.68050    -12.61720
    31.83113     42.68056    -12.67648
    35.71975     20.30008    -15.15538
    20.85936     23.28232    -10.08481
    54.20888     50.13579    -12.39255
    54.24207     50.15421    -12.41876
    54.24207     50.15421    -12.41876
    23.21477     23.67415    -13.22035
    23.21475     23.67411    -13.22033
    23.21478     23.67417    -13.22036
    26.12385     21.00076    -12.45229
    51.17111     40.83169    -12.36903
    51.25683     40.91592    -12.45762
    51.17111     40.83169    -12.36903
    22.99318     23.12092    -12.99261
    60.23929     54.49966    -22.52215
    60.30685     54.50919    -22.69940
    60.23929     54.49966    -22.52215
    45.70714     43.04426     -8.03730
    45.70714     43.04426     -8.03730
    45.75636     43.05907     -8.03785
    45.70255     43.04290     -8.03718
    33.36837     37.12029    -16.83092
    36.61262     25.11945     -9.96596
    38.82103     31.63376    -14.23331
    49.07631     35.90172    -11.59960
    19.34661     30.14340     -9.77006
    22.64780     24.30780     -8.40420
    29.34630     34.09468    -12.18788
    31.40169     43.70085     -9.46419
    31.34929     43.62947     -9.48843
    31.34929     43.62947     -9.48843
    40.38652     27.66534     -8.01444
    26.90778     38.58929    -11.96869
    41.22238     27.26109     -8.58842
    41.16278     27.29100     -8.54679
    41.22238     27.26109     -8.58842
    41.33127     27.22055     -8.66824
    27.02770     38.63310    -11.96981
    35.25933     46.95128    -10.04635
    43.81860     35.36376    -12.58643
    43.76093     35.30730    -12.58960
    32.02910     31.05970     -8.60630
    28.50323     38.86012    -12.69654
    40.15181     27.80415     -7.85648
    40.15181     27.80415     -7.85648
    56.27390     53.54740    -12.86100
    30.86905     30.06065     -7.70440
    30.86905     30.06065     -7.70440
    29.89900     39.27480    -15.11640
    28.71479     37.94027    -15.10983
    28.71479     37.94027    -15.10983
    25.71450     39.31980     -9.21900
    20.78430     28.26350     -8.84910
    31.31775     30.96810    -11.87025
    31.31775     30.96810    -11.87025
    34.02740     43.03405    -17.38535
    34.02740     43.03405    -17.38535
    41.65180     25.08310    -11.14435
    41.65180     25.08310    -11.14435
    36.71305     34.25585    -12.09360
    36.71305     34.25585    -12.09360
    35.15930     33.41870    -13.77510
    38.30370     23.94830     -8.91820
    37.53750     35.57940    -10.89980
    37.89980     44.14495    -23.53815
    37.89980     44.14495    -23.53815
    45.19670     37.90310    -13.15870
    45.19670     37.90310    -13.15870
    34.43110     43.09450    -20.58980
    54.20535     53.17060    -11.72900
    54.20535     53.17060    -11.72900
    64.62510     57.33450    -26.74960
    64.60260     55.96750    -25.49600
    37.12710     19.25490    -13.25670
    25.64145     24.08495    -15.49385
    25.64145     24.08495    -15.49385
    33.30690     25.55158    -10.12482
    33.30626     25.55080    -10.12530
    33.30580     25.55023    -10.12564
    43.47675     56.01875    -13.75455
    43.47675     56.01875    -13.75455
    63.52225     57.30995    -23.67305
    63.63890     59.54110    -21.47440
    63.52225     57.30995    -23.67305
    29.14655     27.27125    -12.61265
    29.14655     27.27125    -12.61265
    28.89630     24.24160    -22.32350
    27.69900     39.58950     -6.07220
    43.55830     40.48090     -4.81850
    45.03790     49.15630    -27.34960
    57.78140     45.95380    -19.94950
    46.61505     46.32645     -6.55380
    46.61505     46.32645     -6.55380
    44.04020     51.88685    -23.33570
    44.04020     51.88685    -23.33570
    32.73970     25.93380    -17.92810
    33.16640     41.19940     -6.84530
    20.84940     19.39410    -12.48970
    45.85810     52.15090    -21.02200
    30.12240     27.94340     -5.97000
    36.19810     21.13200    -22.24690
    36.19810     21.13200    -22.24690
    27.50250     26.71570    -23.59695
    27.50250     26.71570    -23.59695
    31.44481     42.68132    -13.03164
    48.13980     62.62900    -16.83150
    49.47249     36.45797    -12.00182
    49.47237     36.45779    -12.00169
    49.47229     36.45768    -12.00161
    33.30182     25.54535    -10.12860
    33.30222     25.54584    -10.12831
    23.24662     23.75817    -13.25756
    23.27830     23.83782    -13.29068
    23.27831     23.83783    -13.29068
    23.27832     23.83787    -13.29070
    54.36305     50.22144    -12.51430
    54.36303     50.22143    -12.51429
    32.33463     22.75003     -9.52567
    32.33504     22.74967     -9.52718
    32.37437     22.71642     -9.66982
    33.48830     25.76732     -9.98623
    33.48944     25.76845     -9.98525
    33.48895     25.76799     -9.98569
    33.49057     25.76928     -9.98415
    32.27577     22.79978     -9.31222
    32.20630     22.85852     -9.06026
    33.23476     25.46279    -10.17847
    33.23476     25.46280    -10.17847
    23.50138     24.43015    -13.55518
    52.31098     51.95463     -7.87407
    56.46084     65.38891    -22.83175
    56.49918     65.41806    -22.84581
    51.53985     41.22950    -12.74972
    51.53996     41.22951    -12.74984
    51.53988     41.22950    -12.74975
    32.50693     22.60435    -10.15063
    54.52999     50.31416    -12.64616
    51.56182     41.39953    -12.76512
    35.69953     20.20497    -15.00506
    35.69952     20.20497    -15.00480
    35.69624     20.18963    -14.99887
    35.69612     20.18935    -14.99756
    55.10430     56.03850     -8.77580
    36.10077     47.77950     -9.83609
    39.54288     31.85132     -8.45930
    39.49976     31.87066     -8.46309
    39.48110     31.87882     -8.46438
    40.44805     32.77522    -13.12161
    40.44818     32.77539    -13.12033
    40.44807     32.77530    -13.12136
    36.50158     29.69052    -10.54304
    33.90850     45.02156    -12.00496
    33.90709     45.02197    -12.00638
    33.90709     45.02197    -12.00640
    55.09704     50.62942    -13.09387
    41.94924     31.53622    -14.19059
    41.90753     31.48185    -14.16360
    41.94794     31.53407    -14.19066
    41.90742     31.48164    -14.16368
    49.15381     36.01121    -11.67901
    48.60450     35.26251    -11.14608
    48.61464     35.27312    -11.15237
    42.26260     32.05924     -7.77245
    42.23819     32.13870     -7.75682
    41.66645     27.08761     -8.89884
    41.76564     27.05246     -8.97080
    41.76565     27.05246     -8.97080
    41.83028     27.02911     -9.01995
    42.61961     28.67376    -10.73763
    47.55191     39.48937    -14.73763
    53.63532     51.09050     -8.73492
    51.53994     41.16373    -12.75300
    42.46341     28.94804     -9.97587
    42.46356     28.94777     -9.97655
    51.54789     41.16604    -12.76156
    36.57517     29.68417    -10.30827
    36.69818     29.57915    -10.25797
    36.57276     29.68463    -10.30890
    36.57517     29.68417    -10.30828
    42.11209     32.49673     -7.68385
    46.95627     39.02476    -14.65307
    46.85150     38.93972    -14.63956
    39.10160     32.04120     -8.48494
    34.26220     45.06481    -12.25976
    42.32872     31.84811     -7.81420
    42.29291     31.97013     -7.79044
    42.30998     31.91408     -7.80144
    42.44023     28.99090     -9.87576
    39.90895     31.68699     -8.42695
    40.02375     31.63471     -8.41560
    52.27888     47.62134    -11.28486
    40.48686     32.69863    -12.84289
    40.47143     32.72766    -12.94560
    40.47143     32.72766    -12.94570
    40.55405     32.56781    -12.43037
    34.38098     31.22063    -10.54550
    34.38099     31.22063    -10.54553
    51.67160     41.27923    -12.89104
    51.67143     41.27908    -12.89086
    51.69462     41.22140    -12.91894
    35.88604     28.02650    -12.76733
    35.88604     28.02651    -12.76733
    35.86120     28.01322    -12.75021
    23.55763     35.47590    -11.66043
    23.55764     35.47591    -11.66043
    42.44434     28.98215     -9.89569
    42.51075     28.86200    -10.19177
    42.50347     28.87705    -10.15273
    42.12362     31.75492    -14.32000
    40.11219     54.13372    -10.32257
    40.11359     54.13406    -10.32243
    45.98538     43.13202     -8.08231
    45.94248     43.11620     -8.03913
    46.03009     43.14696     -8.10098
    26.05609     21.05212    -12.48298
    42.48714     28.90730    -10.07723
    42.48660     28.90824    -10.07455
    51.42403     41.08340    -12.63078
    20.97832     23.33445    -10.26415
    20.99960     23.34011    -10.29258
    17.76922     26.26807     -7.78361
    17.76922     26.26807     -7.78360
    17.79387     26.27827     -7.65488
    52.33009     51.94387     -7.88612
    33.78588     45.05024    -12.07245
    33.82918     45.05157    -12.08948
    33.82919     45.05157    -12.08946
    39.99820     54.10255    -10.33625
    25.98079     21.16002    -12.57047
    25.98095     21.15992    -12.57041
    39.76564     29.14674    -10.16781
    42.07487     39.01356    -12.15321
    42.08469     38.93219    -12.39976
    42.08316     38.94639    -12.35722
    53.11173     51.49998     -8.37286
    40.34995     54.24350    -10.26220
    51.48952     41.14437    -12.69903
    50.05889     57.30425    -23.59067
    52.42110     41.30272    -13.70985
    52.42176     41.30271    -13.71060
    27.23333     38.71794    -11.98750
    33.69482     45.11692    -12.20480
    33.96116     44.95630    -11.73182
    33.96038     44.95703    -11.73587
    42.90339     34.17032    -12.33257
    26.55197     20.78200    -12.39012
    26.55165     20.78210    -12.39009
    49.84471     57.29310    -23.32195
    49.93813     57.34915    -23.30276
    49.73831     57.29900    -23.15870
    49.93811     57.34916    -23.30272
    51.47437     41.76938    -12.65223
    51.47439     41.76933    -12.65225
    20.30572     23.05224     -9.26212
    20.22799     23.00511     -9.13111
    53.02437     51.56820     -8.31266
    52.97627     51.57629     -8.29066
    53.02447     51.56823     -8.31249
    53.00341     51.58206     -8.29908
    28.63242     39.32390    -11.67046
    28.63242     39.32390    -11.67047
    42.04430     39.22122    -11.50649
    41.99443     39.19101    -11.40971
    32.50132     45.55159    -13.58068
    32.57931     45.53418    -13.47047
    32.58797     45.53866    -13.45113
    32.58826     45.53876    -13.45080
    20.13191     22.93907     -8.96138
    20.05913     22.87526     -8.81667
    20.12619     22.93487     -8.95085
    21.14929     23.27516    -10.39492
    36.58612     29.80260     -8.55628
    42.42546     29.01488     -9.81865
    42.41988     29.02424     -9.79633
    41.37854     54.28342    -10.31176
    41.67556     54.24501    -10.36287
    41.39402     54.28189    -10.31404
    42.89364     34.14284    -12.35284
    42.88725     34.12461    -12.36642
    17.59669     26.19663     -8.68465
    42.58682     33.26229    -13.01316
    42.66618     33.51162    -12.83751
    21.18490     23.26021    -10.41803
    17.99506     25.97375     -7.85806
    17.78029     26.16784     -8.04108
    23.05981     35.43255    -11.05583
    33.86522     47.61531    -11.51801
    33.84755     47.54699    -11.52604
    33.84734     47.54656    -11.52603
    33.86667     47.65270    -11.53861
    51.91807     41.27391    -13.16041
    35.80324     20.21590    -16.63408
    45.63142     43.05671     -8.35404
    45.63142     43.05672     -8.35403
    45.67006     43.07699     -8.45658
    42.83034     34.00644    -12.50423
    42.83017     34.00600    -12.50445
    42.85445     34.08344    -12.44906
    51.78613     41.26991    -13.01640
    51.75932     41.25840    -12.98767
    46.76614     43.36799     -8.04551
    46.85744     43.39682     -8.04526
    47.03619     43.45596     -8.05383
    25.34818     21.51279    -13.22360
    25.48721     21.68865    -13.00191
    25.42464     21.81225    -13.17254
    41.10061     54.30497    -10.27446
    52.88072     51.63150     -8.23170
    20.84540     23.54897    -10.30257
    42.09974     29.52001     -8.61700
    42.09975     29.51973     -8.61731
    32.20810     44.65016     -9.02090
    35.78170     20.59733    -15.12351
    34.86994     46.72338    -10.21436
    34.86739     46.72197    -10.21542
    34.93824     46.77727    -10.19134
    31.17543     36.06573    -12.48365
    40.42200     32.89465    -13.39834
    40.39814     32.85381    -13.49859
    40.39681     32.85486    -13.50818
    38.85893     29.26708     -9.96983
    38.75357     29.28204     -9.96821
    42.16679     29.51220     -8.69592
    30.31424     42.13272     -9.92358
    30.36066     42.20076     -9.90532
    30.51197     42.42532     -9.84454
    32.80087     45.31749    -13.26644
    26.87473     38.57606    -11.96717
    26.79164     38.54003    -11.97022
    42.41848     29.03048     -9.74564
    49.00437     56.78869    -23.49486
    40.39284     32.92165    -13.60516
    40.38100     32.94736    -13.69131
    17.54807     27.42301     -6.98967
    17.58481     27.24170     -7.03260
    42.72104     31.97780    -15.79502
    49.68097     57.50913    -22.51663
    49.68095     57.50905    -22.51685
    50.21941     44.42589    -11.21023
    45.87815     43.09622     -8.03826
    39.62900     53.88311    -10.46693
    39.76463     53.95788    -10.42406
    17.39875     27.33963     -6.86432
    17.39879     27.33953     -6.86441
    50.19926     57.28006    -23.84918
    50.25778     57.26982    -23.95658
    42.94459     34.28161    -12.24878
    42.94798     34.28602    -12.25008
    42.95737     34.26586    -12.30867
    42.95426     34.25676    -12.34088
    38.47589     29.31947     -9.92397
    38.44769     29.32556     -9.95111
    38.55114     29.30910     -9.92828
    40.54359     34.66272    -12.16198
    40.54586     34.67670    -12.16766
    44.08103     35.53762    -12.43148
    50.24820     44.50349    -11.19046
    50.26650     44.49414    -11.17114
    50.26316     44.47466    -11.17447
    50.19892     44.31190    -11.23049
    50.16398     44.32832    -11.26667
    50.16951     44.33963    -11.26113
    21.17561     23.30193    -10.44994
    40.42985     34.40592    -12.17113
    17.23161     27.25254     -6.65989
    17.24859     27.45558     -6.79212
    21.03580     23.33852    -10.33103
    40.66166     54.29277    -10.24957
    40.75609     54.29075    -10.25827
    40.60509     54.37896    -10.17991
    42.56667     28.68800    -11.00456
    42.54345     28.69409    -11.12342
    34.84289     46.50793    -10.12161
    34.86560     46.44428    -10.08039
    42.55317     28.79833    -10.31626
    50.23660     44.45347    -11.19454
    46.43765     43.26673     -8.05338
    52.15993     51.86874     -7.87801
    52.17327     51.87719     -7.87792
    40.29560     54.50806    -10.05520
    43.64738     35.15158    -12.51937
    42.74142     33.73113    -12.67060
    42.70913     33.64007    -12.74244
    40.44302     54.27459    -10.24629
    39.20111     53.57312    -10.64102
    39.57574     53.84933    -10.48682
    50.04999     44.19868    -11.37783
    21.08718     23.27805    -10.33121
    21.08045     23.29989    -10.34595
    40.43402     34.42040    -12.24992
    42.02486     39.35874    -11.08084
    41.95640     39.29590    -11.00349
    21.06594     23.38817    -10.41751
    49.85155     44.29855    -11.58156
    49.90961     44.26515    -11.52156
    25.44368     21.88679    -13.15980
    25.42043     22.13328    -13.29184
    40.38933     34.20518    -12.33219
    33.76755     47.30052    -11.64965
    33.87554     47.32472    -11.33380
    27.60050     32.67590    -17.18070
    27.42987     38.78054    -11.95626
    27.49839     38.79878    -11.95219
    27.38512     38.77716    -11.92549
    40.46216     34.44476    -12.17404
    40.49348     34.51645    -12.15554
    40.47774     34.48639    -12.17300
    41.55043     38.91807    -10.56084
    20.83053     23.59178    -10.32304
    36.25175     29.80774    -11.12075
    29.23350     19.06460    -10.50650
    42.39307     29.07809     -9.62829
    51.98586     51.71641     -7.90042
    21.07899     23.40342    -10.44588
    20.72178     23.45436    -10.07953
    20.71030     23.44615    -10.05913
    52.23929     52.19955     -7.68251
    52.29010     52.32558     -7.58387
    52.26970     52.27331     -7.62624
    20.55363     23.22472     -9.69459
    20.63409     23.25225     -9.80978
    50.21722     44.36706    -11.21877
    52.14629     51.97688     -7.85180
    51.49720     51.13391     -7.98748
    33.92504     47.85854    -11.43693
    42.02528     39.43309    -10.88997
    42.07625     39.62534    -10.57837
    42.54500     28.80110    -10.35747
    40.38793     34.35936    -12.18808
    40.41321     34.29317    -12.14406
    40.38737     34.35535    -12.19717
    37.81780     32.79150     -8.25670
    21.29537     23.62881    -10.90598
    42.10864     29.69585     -8.41280
    42.12015     29.69086     -8.44494
    42.03713     29.60491     -8.42605
    42.05795     29.57637     -8.48590
    42.19835     29.36634     -8.97051
    42.29615     29.24569     -9.22104
    26.57123     38.64533    -12.14689
    42.35760     29.15897     -9.46339
    42.33229     29.19668     -9.39829
    40.77351     27.51037     -8.34690
    36.28251     29.79674    -11.08014
    35.58072     47.29636     -9.97915
    50.35910     43.86988    -11.05769
    40.93568     27.43596     -8.44921
    44.07997     35.69186    -12.68919
    21.75553     22.76802    -10.47617
    26.78741     38.49422    -11.11863
    34.43120     46.72007    -10.46912
    34.51466     46.91832    -10.63266
    27.90788     38.94390    -11.98883
    31.90063     45.74896    -14.40898
    32.24516     45.61328    -13.96640
    42.14870     29.44523     -8.78571
    51.20449     45.45387    -10.54351
    51.31035     45.41494    -10.80063
    51.13649     45.38600    -10.68588
    51.14581     45.41933    -10.57149
    50.60754     45.10621    -10.82520
    42.60648     34.56911    -12.31311
    43.15417     34.34036    -10.90869
    56.15560     63.33370    -20.96360
    40.17997     34.25459    -12.38546
    18.02843     27.71050     -7.38640
    43.06515     34.40011    -12.25789
    43.09106     34.42688    -12.29903
    42.20598     29.39673     -8.88983
    45.45240     34.36470     -9.65390
    45.21323     42.84736     -7.30501
    45.41131     42.92867     -7.67853
    40.75561     27.49666     -8.29935
    40.72666     27.37441     -8.19619
    40.65130     27.53307     -8.19510
    49.22880     39.52600    -14.66970
    50.34220     44.58626    -11.12135
    43.06328     34.44243    -12.37911
    25.80061     21.07242    -12.14829
    41.41570     53.02850     -7.48610
    43.21002     34.61497    -12.35942
    50.64431     44.90653    -10.93711
    27.37580     19.40650    -13.56040
    40.10011     34.01108    -11.90510
    50.46503     44.70548    -11.05461
    50.29056     44.68948    -11.05861
    36.73852     29.63952    -10.44731
    36.76869     29.63315    -10.43028
    50.13980     44.60903    -11.12721
    40.14594     28.08822     -8.45172
    40.22442     28.00366     -8.41390
    50.49055     44.89128    -10.94179
    50.49501     44.71919    -11.02561
    42.39540     32.61704    -13.49954
    39.93560     36.78020    -12.50270
    47.11350     57.17400    -19.60400
    50.69925     45.24382    -10.74609
    50.94743     45.15004    -10.84968
    50.88885     45.17744    -10.79202
    17.94924     27.61938     -7.33803
    35.93465     29.94734    -11.78985
    35.90727     29.92479    -11.89620
    41.03145     29.97772     -6.84357
    40.24391     33.19249    -14.78522
    35.73800     30.14636    -12.11174
    35.71617     30.07219    -12.28090
    35.82616     29.92074    -12.28019
    40.01693     33.96602    -11.84865
    51.48561     45.79790    -10.48387
    33.98590     27.81760    -10.62090
    33.25613     46.04531    -11.41841
    33.34058     46.24581    -10.92049
    33.22838     46.06318    -11.48066
    17.63357     26.78749     -7.38640
    35.04761     31.00289    -12.31432
    34.85581     31.26654    -12.33788
    33.52226     46.32271    -10.84151
    33.30170     46.36778    -10.33302
    17.83278     26.25032     -7.01943
    52.02880     46.08759     -9.36434
    40.32582     34.03019    -15.22670
    26.01846     38.07001    -12.54245
    40.39494     34.27756    -12.69981
    30.66160     41.06190    -14.08760
    33.04580     45.35889    -12.91985
    32.95985     45.67850    -12.56647
    24.61870     19.79740    -14.35230
    39.85958     33.17991    -17.34484
    40.00714     33.28342    -16.37500
    34.95835     31.30621    -12.78471
    25.89790     32.00640    -13.19250
    28.37070     40.67040    -13.65690
    35.91333     29.49022    -13.37000
    34.27820     23.30980    -10.11930
    49.79440     54.26780    -26.21010
    35.54890     23.84040    -10.64570
    30.19360     15.51390    -22.92640
    30.12750     13.82510    -22.58130
