    43.52020     41.15976     -9.67634
    28.78920     42.20030     -7.79720
    39.09470     36.69140     -8.59910
    39.34267     32.37688     -8.69208
    40.05000     32.03040    -13.85310
    43.52412     41.16230     -9.68570
    55.82149     57.28757     -9.82919
    33.30580     17.84170    -15.31120
    52.62013     41.31217    -13.99498
    40.51131     32.87747    -14.83198
    37.71450     27.26970     -8.92110
    44.10090     36.21740     -7.96960
    41.85099     29.51947     -7.41444
    41.49530     50.84940    -19.94120
    42.51180     40.97500    -13.80150
    51.74280     40.33200    -13.01160
    35.83890     21.28830    -22.06900
    53.36523     43.90331    -13.94322
    31.42610     37.57310    -15.99920
    50.62280     64.47660    -16.25290
    19.53931     28.14290     -8.12239
    46.64770     39.56945    -14.27937
    41.93652     36.75342    -11.91234
    49.00420     42.72730    -15.12510
    40.75345     55.17368     -9.32649
    33.85020     20.85440    -17.85220
    40.14350     54.97720    -10.27270
    19.53929     28.14290     -8.12241
    42.42669     28.73422    -11.35141
    22.41520     22.65730     -9.38360
    39.48090     27.72830    -13.80310
    26.58327     20.72978    -12.31559
    35.64500     37.13458    -14.64120
    35.64499     37.13454    -14.64123
    38.07680     31.82080    -14.85930
    33.68610     46.32820     -9.09230
    42.61540     39.20370    -12.64280
    49.09881     41.63474    -10.62442
    25.49080     20.60090    -10.04270
    53.39508     49.98995    -11.66785
    39.66379     39.17040     -8.58566
    32.26050     23.49600     -7.53170
    33.03550     45.98930    -10.87470
    41.85979     27.46687     -8.30608
    40.61260     27.52830     -9.28980
    47.52370     36.89560    -10.84190
    56.20380     62.35240    -17.98270
    42.22965     39.90114     -9.70713
    28.37070     40.67040    -13.65690
    48.32060     40.06205    -10.69072
    25.95841     38.44081    -12.72397
    34.88110     31.81330    -15.48400
    29.73340     19.42490    -13.11390
    31.73723     43.40065     -9.23915
    49.61920     48.86400     -8.04130
    39.20533     31.52766    -14.60837
    34.02056     20.85016    -11.82771
    34.93250     18.55510     -9.84340
    46.50560     40.92520    -10.37440
    25.40740     21.19280    -10.60350
    40.14813     28.65867     -8.30545
    40.14817     28.65863     -8.30545
    28.55040     22.23620    -13.10380
    43.92220     52.07090    -24.33980
    32.46250     22.66190    -12.75660
    20.07083     22.55128     -9.77511
    49.59680     37.17130     -8.03180
    48.32054     40.06199    -10.69077
    30.44380     29.95390     -7.83580
    43.52294     41.16158     -9.68284
    44.85030     47.70500     -5.77110
    57.44493     65.54102    -23.96084
    42.74283     34.96744    -12.33808
    34.92635     36.01140    -17.26202
    42.71131     30.55768     -7.81044
    42.71098     30.55643     -7.80955
    37.74590     26.71980    -18.65540
    40.37840     31.45620    -12.25050
    52.02820     47.96485    -10.51544
    63.40510     57.52930    -24.39110
    52.25920     46.10750     -8.11370
    41.30010     36.23470    -22.85650
    50.36925     37.65060    -12.60827
    36.58268     24.36448     -8.94859
    42.21400     33.52497    -12.56348
    42.21402     33.52505    -12.56343
    45.74607     43.32789     -7.47081
    35.46443     27.91525    -10.95496
    51.80627     41.86692    -12.68777
    55.32970     50.29490    -13.58700
    32.36700     22.73850     -9.41360
    41.91020     56.49160    -10.16880
    55.63018     64.45547    -22.33370
    55.63017     64.45557    -22.33356
    55.63017     64.45559    -22.33351
    21.18972     23.40491    -10.35994
    36.53060     30.71140    -12.32960
    55.63016     64.45549    -22.33353
    33.30463     20.18140    -12.79827
    33.30457     20.18145    -12.79827
    33.30461     20.18144    -12.79827
    53.74620     49.22670    -11.74510
    50.59792     64.47780    -23.91900
    38.46590     36.20860     -7.86160
    30.65410     37.20860    -13.55440
    45.45240     34.36470     -9.65390
    42.35898     37.65329     -5.79185
    42.42668     28.73414    -11.35154
    37.76880     28.98520    -14.37940
    25.26470     35.40590     -8.72060
    57.06300     65.65740    -22.61570
    18.84880     25.10670     -7.24980
    23.91740     33.37870    -13.67230
    39.18560     26.66160    -12.13460
    55.82150     57.28757     -9.82904
    18.74560     28.38570     -6.94130
    55.82150     57.28758     -9.82902
    55.82151     57.28759     -9.82904
    52.60150     51.17700    -10.47940
    47.70320     45.95270    -14.10210
    40.12204     33.76646    -11.71204
    32.73970     25.93380    -17.92810
    36.69440     48.05111     -9.72681
    33.56374     38.17342    -17.85321
    21.19013     23.40514    -10.36003
    51.14304     44.59847    -11.36341
    20.06460     22.85260     -7.47730
    45.64082     43.26246     -7.51356
    29.03240     25.43170    -13.00510
    32.90660     31.78430     -6.87190
    26.63342     20.77755    -12.11883
    29.45460     41.52220    -10.40850
    50.22216     40.36168    -11.89970
    30.26400     41.81480     -9.64650
    48.80823     35.55677    -11.76210
    32.63043     45.13325    -13.61280
    59.83181     52.33411    -10.31227
    34.02054     20.85014    -11.82789
    31.18675     43.87783     -9.73238
    46.20570     32.72890    -11.25580
    50.63400     45.82140    -11.79040
    52.59086     41.23447    -13.94074
    33.78621     26.22589    -20.55121
    57.78140     45.95380    -19.94950
    58.41296     47.54114    -11.12665
    53.05224     51.49625     -7.45317
    18.67370     24.49300    -17.50850
    42.67906     37.99353     -7.65576
    32.58410     28.10750    -21.45320
    37.07670     32.53390    -10.52110
    34.17950     22.68200    -16.91630
    43.25650     34.51280     -9.97920
    53.39492     51.85649     -7.17887
    31.73749     43.40127     -9.24046
    42.24731     28.52604     -7.90718
    48.21850     44.87510    -16.80700
    33.25362     44.49682    -11.94174
    17.99950     27.85760     -6.82000
    36.89860     25.25720     -9.77340
    36.09120     31.10600    -21.94950
    42.13340     42.51670     -8.73110
    45.37563     43.09571     -7.61434
    51.48899     49.75439     -9.86830
    34.79564     45.77912     -9.19367
    52.99560     54.49480     -8.31370
    42.40644     26.54356     -9.23205
    50.36925     37.65060    -12.60823
    31.18639     43.92466     -9.72290
    33.31830     15.36970    -29.73350
    34.79585     45.77961     -9.19431
    39.27300     33.66610    -10.49120
    49.31240     57.36660    -24.91240
    35.31310     20.13172    -13.77567
    35.36237     20.06803    -13.73183
    39.51430     29.31540     -9.78150
    43.71230     42.22020    -10.05090
    39.90952     28.21107     -6.76566
    38.50660     34.28780    -14.59280
    48.13980     62.62900    -16.83150
    29.95250     43.30100    -12.39860
    43.45295     28.13989     -9.86195
    43.82928     35.33298    -13.87842
    25.60837     22.64297    -13.36750
    58.02680     56.46750    -10.19170
    41.92380     46.97900    -10.85520
    56.69980     52.80560     -9.72560
    42.71195     30.55981     -7.81210
    50.61063     56.88203    -25.28211
    45.73896     42.08886     -7.66975
    21.18963     23.40491    -10.35987
    33.59720     24.69260     -9.42220
    31.45530     35.89290    -12.17470
    42.24730     28.52620     -7.90726
    52.50790     51.65660     -9.31420
    36.71306     34.25588    -12.09359
    40.49860     54.33360     -8.28780
    23.36830     32.83080    -13.76790
    33.77210     36.87920    -15.91220
    20.96570     25.33730    -10.77470
    39.62462     54.13951     -9.93819
    38.01200     49.27370    -12.06950
    35.70871     28.52542    -13.24805
    48.89590     49.17800     -6.85120
    35.64511     37.13475    -14.64126
    25.56560     24.15150    -16.35860
    45.15613     42.94146     -7.64604
    31.18540     46.23060    -15.59000
    19.58383     27.42153    -14.39128
    46.46720     44.59930    -16.69510
    38.66770     30.50110    -14.48330
    23.59260     34.84070    -14.41390
    30.94220     23.06340    -14.43650
    35.86460     50.13430     -8.09360
    46.76820     37.76060    -12.27300
    51.64849     45.39691    -11.07117
    55.84660     65.81250    -22.64950
    33.16640     41.19940     -6.84530
    31.68130     13.26550    -28.55530
    42.43180     32.52240     -7.41580
    36.90690     24.60850    -16.54050
    31.66596     21.75288    -11.38984
    23.06231     37.08718     -9.06838
    47.58975     37.77204     -9.63422
    34.58599     30.98280    -10.64788
    55.90230     62.32160    -24.12560
    26.51565     20.68937    -12.46123
    26.66033     21.02412    -11.00166
    42.70594     28.82651    -10.58738
    41.06240     54.33840     -8.88160
    34.79571     45.77930     -9.19386
    44.75430     36.00940    -12.21760
    26.67570     23.94420    -17.96450
    33.56376     38.17338    -17.85303
    37.94371     29.57726     -8.72502
    30.78749     42.64883     -9.60575
    46.23380     38.35080    -14.62660
    24.56300     33.11890    -14.05930
    42.42675     28.73408    -11.35160
    37.90828     41.26973    -18.39850
    52.02830     47.96480    -10.51552
    34.43637     48.36468    -11.18962
    31.19201     42.61084    -13.47014
    41.41930     36.94940     -7.92720
    17.22100     27.36020     -4.82280
    43.82886     35.33295    -13.87843
    49.78113     36.69454    -12.24636
    49.78112     36.69453    -12.24635
    34.75114     36.66143    -13.98515
    31.45920     45.83530    -14.20260
    36.05690     31.93960    -12.23170
    35.36250     20.06781    -13.73162
    41.73940     31.51360    -13.10320
    46.33920     54.49780     -6.72030
    49.29960     45.32370    -10.05180
    45.07280     38.72260     -7.24850
    40.71210     29.26760    -14.61570
    35.38018     20.07570    -13.69569
    17.72980     26.58700     -6.67540
    60.87448     54.62134    -24.10423
    35.39415     20.04268    -13.69256
    33.01980     46.13820     -9.24140
    27.21540     11.38560     -5.57460
    21.57845     22.70936    -11.50098
    21.57958     22.70529    -11.48982
    45.43117     43.12864     -7.58744
    42.34891     41.84491     -9.43474
    35.39430     20.04251    -13.69246
    31.21624     43.89172     -9.69819
    17.86890     33.31230     -3.54400
    29.32153     33.87407    -11.85065
    34.27820     23.30980    -10.11930
    46.91680     37.05580     -7.52600
    39.40694     53.41590    -11.58532
    51.14247     44.59884    -11.36315
    53.34330     50.53100    -12.59780
    34.43110     43.09450    -20.58980
    22.23160     26.24140    -11.07290
    26.73232     38.35016    -12.47679
    20.07087     22.55132     -9.77519
    36.65310     25.74060     -8.08790
    27.80507     38.83160    -11.38436
    36.03799     25.29345     -8.48123
    29.59280     44.43680    -13.51140
    41.55986     30.76965    -14.76952
    32.55730     46.47620     -8.53200
    35.34093     20.10559    -13.74506
    42.29960     39.33190    -10.46130
    39.90120     54.17310    -11.57920
    58.41294     47.54106    -11.12655
    20.78460     29.74560     -9.72620
    43.24610     44.68840    -18.05850
    56.67740     60.55160     -9.56270
    43.12270     32.60930    -13.25310
    51.02689     40.70246    -12.38062
    40.84714     34.34986    -10.21782
    23.84950     21.80500    -18.29680
    50.46474     43.51948    -10.70222
    33.48590     32.55070     -7.28060
    35.44616     19.94055    -13.66801
    37.04394     27.16403    -22.02831
    35.47060     46.80540     -8.50090
    37.25860     26.01720     -9.38420
    41.03396     26.98592     -8.11369
    41.79730     32.87170     -6.98840
    30.89780     34.07140    -16.32190
    42.19240     37.54986    -10.85991
    54.52760     50.24690    -13.29360
    26.81044     20.86949    -11.80450
    49.47780     46.84670     -7.65100
    30.98020     30.79970    -11.61570
    26.51272     20.68731    -12.46906
    53.05312     51.49484     -7.45417
    45.25893     43.01193     -7.62587
    28.35231     25.00351    -14.08860
    37.33820     30.54020    -18.17900
    33.66427     26.68597     -8.82130
    30.84520     37.29310    -22.59600
    18.32827     31.36118     -8.71845
    40.54860     38.45990    -19.46670
    26.64389     38.61589    -12.83291
    36.07480     27.07360    -21.39060
    51.14752     41.11855    -12.15484
    30.13360     42.60420     -4.39510
    49.26380     42.70740    -13.37530
    41.23189     29.29191    -17.04353
    23.70370     37.25600     -7.08850
    45.26747     46.32154    -26.59842
    40.71824     31.38740     -7.66554
    55.15210     47.01460    -13.40230
    42.57885     28.78446    -10.93520
    59.83224     52.33458    -10.31399
    26.44067     20.66373    -12.58488
    36.68334     29.53327     -9.29802
    33.53690     47.00590    -14.03660
    44.00830     36.33610    -11.93160
    49.78110     36.69454    -12.24624
    26.50915     20.68476    -12.47886
    52.05830     52.08280    -12.49850
    46.25010     42.80640     -8.13050
    51.88014     52.26827     -8.24930
    51.83609     52.45994     -7.79907
    42.67901     37.99347     -7.65595
    51.07140     50.78740     -7.56940
    41.37620     26.79190    -13.86710
    51.83168     52.46175     -7.82029
    42.67903     37.99348     -7.65598
    45.47530     58.13070    -13.98000
    51.88270     40.08390    -11.64370
    39.66381     39.17040     -8.58564
    51.07440     64.27430    -26.02480
    45.68870     59.75300     -9.77230
    23.06227     37.08716     -9.06839
    33.66423     26.68603     -8.82140
    43.59060     41.33300    -13.38000
    48.00910     42.82540    -15.32550
    40.88223     27.67354     -7.31681
    50.76990     43.05370    -11.78840
    46.53930     48.89540    -29.01360
    51.22542     38.93521    -13.14366
    42.24730     28.52610     -7.90731
    34.58599     30.98277    -10.64773
    34.39270     46.57750    -10.45350
    41.94353     54.28690    -10.58126
    41.99400     25.30230    -10.42310
    26.76010     18.81160     -7.32450
    35.60395     29.25324    -10.20578
    57.67479     47.79070    -16.97678
    33.78619     26.22591    -20.55139
    39.61860     26.99760     -5.94330
    28.66000     27.01520    -12.69600
    22.88428     22.91870    -12.47081
    17.48376     26.19805     -8.60882
    49.09874     41.63844    -10.62298
    42.19240     37.54994    -10.85989
    51.66160     51.57890     -5.51110
    34.58595     30.98277    -10.64780
    25.31040     35.08090     -6.68600
    27.33691     39.26431    -12.92307
    32.57995     24.60707    -11.12430
    54.86480     59.73460     -8.00220
    29.31964     20.41403    -13.17580
    50.22214     40.36172    -11.89970
    29.78310     42.14760     -6.74570
    59.01260     51.52240     -8.65790
    50.84600     42.42360    -11.45200
    51.86883     52.40469     -7.78966
    51.63779     52.61098     -8.53155
    42.67894     37.99374     -7.65481
    32.68920     27.41650    -10.43760
    41.06950     48.15990    -22.65070
    51.88274     52.42449     -7.62628
    51.91726     52.41934     -7.41691
    26.62750     38.66192    -12.89799
    56.15560     63.33370    -20.96360
    43.82930     35.33308    -13.87835
    32.50793     42.61108    -11.27787
    46.09600     59.61560    -16.48390
    40.73140     30.00080     -6.62840
    28.72240     33.36090    -21.77620
    33.91360     48.26540    -11.90360
    21.18959     23.40481    -10.35982
    26.77680     26.24690     -8.44700
    38.43990     52.98980    -10.40000
    38.39792     31.46040     -7.61075
    37.76849     49.53224    -13.95619
    54.61300     43.71910    -15.58420
    35.97220     35.29770     -7.24670
    48.87368     48.34003    -15.75323
    35.64505     37.13472    -14.64126
    28.97039     39.63571    -11.25538
    36.55730     20.97570    -22.42480
    51.59858     52.63938     -8.68020
    41.85094     29.51917     -7.41454
    51.08643     40.92071    -12.26161
    42.48480     32.09160    -14.74700
    57.44497     65.54098    -23.96076
    29.98150     19.03190    -22.11260
    39.93560     36.78020    -12.50270
    26.87478     38.36287    -10.32019
    42.56000     53.62470    -10.79050
    35.70871     28.52533    -13.24822
    35.36251     20.06783    -13.73166
    29.31976     20.41462    -13.17533
    42.73020     57.07150    -10.18100
    19.26150     23.58400     -9.60780
    35.47473     19.81553    -13.68547
    23.80008     35.67084    -11.88789
    42.66769     28.18783    -13.26832
    59.45470     56.11050    -10.11790
    23.52800     19.46980    -17.71530
    40.61180     37.98210     -9.23020
    52.66161     43.12517    -13.25375
    20.08860     23.65646     -9.34380
    48.53230     48.02960    -14.10150
    36.34840     28.48200     -9.93870
    48.18280     45.75510     -8.67390
    32.96240     26.56410    -20.26920
    49.45390     46.16210    -11.32420
    31.87280     20.59970    -17.55220
    41.84140     25.26080    -20.14920
    44.15820     51.70280    -22.33160
    33.35790     36.18270    -17.70980
    41.37620     28.71030     -8.58010
    18.95075     30.93043     -9.68454
    20.02410     22.10390     -7.02840
    23.85310     18.00990    -15.17350
    42.51550     29.76150     -8.96530
    29.19120     22.91110    -11.09790
    51.15905     44.58915    -11.37032
    29.25145     42.74742    -15.51099
    50.03530     44.92620    -13.30080
    16.24830     26.70990     -7.07820
    53.30830     54.98830     -8.61170
    53.58990     54.50910     -7.85230
    22.21750     20.82420     -9.62620
    37.82130     32.74550    -20.33430
    40.73700     52.99160    -11.98560
    36.68329     29.53332     -9.29793
    38.33250     26.83410     -7.76300
    29.07461     39.73283    -11.16505
    52.73714     41.62242    -14.21175
    26.58356     20.72985    -12.31550
    36.82960     30.88900    -18.88750
    26.51567     20.68937    -12.46127
    32.88900     42.85680    -13.01050
    45.38650     40.61960    -14.06780
    45.26758     46.32171    -26.59857
    43.33410     56.46680    -13.13940
    34.97370     17.34560     -5.57550
    33.25368     44.49688    -11.94186
    24.61870     19.79740    -14.35230
    36.50520     29.28750    -14.72760
    43.52459     36.44183     -8.50363
    21.18944     23.40476    -10.35990
    31.82110     26.73250    -10.61010
    47.67245     43.74706     -8.24314
    36.58274     24.36443     -8.94825
    36.58269     24.36445     -8.94837
    31.29430     30.16740     -7.57300
    20.78430     28.26350     -8.84910
    51.41240     51.50900     -9.36490
    36.01423     21.13385    -15.44008
    31.38993     43.72846     -9.54592
    21.57961     22.70531    -11.48983
    55.72967     56.30552    -14.59571
    55.72982     56.30659    -14.59709
    53.89243     55.84134     -8.67560
    39.34264     32.37690     -8.69035
    35.61120     19.78610    -17.46600
    56.64770     48.03960    -16.63710
    35.46400     27.91505    -10.95771
    28.68840     20.99970    -11.78360
    54.12120     53.47290    -11.52730
    27.50249     26.71568    -23.59694
    39.34289     32.37690     -8.69036
    27.50251     26.71572    -23.59696
    49.10210     42.05764    -10.39824
    39.88480     44.21870    -21.71450
    55.72990     56.30716    -14.59778
    41.93656     36.75342    -11.91247
    25.77538     20.49473    -13.50585
    37.36670     29.74393    -10.95956
    17.47130     26.22080    -16.68800
    42.67075     34.83939    -11.87578
    42.67075     34.83940    -11.87579
    23.54800     37.18920    -10.53850
    53.61042     52.49003     -8.41523
    37.91520     46.93580    -17.84970
    48.46830     50.40500    -11.10960
    49.91717     44.27473    -10.53235
    23.18780     21.37000    -10.45080
    43.52244     41.16127     -9.68163
    53.90850     46.36430    -13.48500
    21.08920     24.26700     -8.87600
    49.30093     34.96444     -9.37266
    21.64553     24.25761    -11.53610
    16.70280     28.13760     -8.25010
    35.39767     20.03728    -13.69035
    23.80012     35.67086    -11.88791
    38.88730     32.82940    -13.76680
    30.22980     15.70690    -15.74770
    43.45303     28.13985     -9.86215
    36.01423     21.13382    -15.44030
    35.16500     31.33740    -20.25100
    21.86010     30.31000    -12.24100
    48.80434     35.55187    -11.76051
    53.39607     49.99077    -11.66730
    45.79350     49.08670    -22.09160
    47.67254     43.74715     -8.24350
    31.44734     44.62746     -9.28880
    34.82790     33.64310     -7.66290
    23.13100     35.61900     -9.25200
    29.59470     43.44750    -13.68520
    43.37440     57.70320     -9.08090
    40.30490     24.11620     -6.60510
    46.73820     44.13290    -14.70880
    59.83554     52.33870    -10.32783
    51.90060     46.54386    -11.14443
    42.18690     38.59910    -13.81000
    49.88828     44.28685    -10.52956
    38.30370     23.94830     -8.91820
    52.33880     49.18170    -12.15110
    36.01420     21.13380    -15.44046
    32.35380     44.35800    -12.54240
    33.59697     25.94804    -10.91676
    31.62260     37.76740    -24.24120
    31.65670     26.49830    -13.11930
    41.31760     52.31690    -14.82860
    39.96140     37.24210     -9.47670
    53.39544     49.99023    -11.66767
    50.11230     57.99950    -24.53740
    18.22650     25.78710     -7.22260
    51.97980     66.01210    -13.33990
    18.46230     24.44990     -8.45210
    31.12334     42.59669    -13.49599
    27.80578     38.83128    -11.38436
    50.97420     64.75490    -13.94920
    52.62240     59.43380    -24.33510
    55.63017     64.45551    -22.33347
    39.75890     31.97410    -11.77980
    45.31490     37.68860    -12.74570
    26.29670     37.49390     -9.91120
    41.41570     53.02850     -7.48610
    45.56780     26.47630    -13.16380
    39.40110     40.90210     -9.53460
    30.33820     37.81790    -19.32930
    32.82340     36.71140     -9.76700
    40.75345     55.17372     -9.32631
    42.71134     30.55779     -7.81059
    38.86510     29.23100     -9.70040
    45.87200     42.71960    -10.18740
    49.16795     42.28781    -10.16561
    47.04024     45.06745     -9.21074
    26.51275     20.68732    -12.46913
    41.30960     24.86390    -11.86560
    29.63308     36.30279    -13.59951
    32.89454     22.17809    -10.47466
    48.25133     42.64534     -9.50034
    22.09300     25.50220    -11.74630
    33.04490     37.15200    -15.08230
    30.66160     41.06190    -14.08760
    37.81780     32.79150     -8.25670
    18.32825     31.36126     -8.71864
    30.75430     38.13270    -23.40750
    40.25120     26.42010     -8.33950
    44.18910     36.80790    -12.90870
    41.85100     29.51966     -7.41436
    41.85100     29.51944     -7.41448
    17.09460     27.67970     -6.01110
    18.40350     23.62630     -6.44820
    26.69432     38.46301    -12.62826
    35.57030     35.98860    -13.81830
    45.19750     36.58100     -8.19230
    47.04650     43.26580     -8.80150
    59.83182     52.33392    -10.31212
    39.34281     32.37689     -8.69017
    31.44724     44.62743     -9.28893
    19.30420     23.76400     -5.94350
    23.15820     21.42410     -5.53430
    30.78751     42.64887     -9.60565
    51.14298     44.59837    -11.36344
    52.17960     44.94770    -11.98430
    23.59760     29.32030    -13.29600
    42.68945     34.87250    -11.99572
    48.21093     42.63976     -9.71036
    34.92638     36.01135    -17.26189
    24.86780     14.60160     -8.73950
    41.55994     30.76965    -14.76948
    51.58274     58.18757    -19.00199
    41.86084     28.87432    -13.83495
    36.01422     21.13379    -15.44040
    23.18240     23.62950    -12.90730
    33.59696     25.94806    -10.91676
    29.57350     28.33810    -19.65320
    48.79140     41.78940    -15.56950
    39.40696     53.41590    -11.58518
    49.79440     54.26780    -26.21010
    51.48899     49.75450     -9.86780
    51.48898     49.75443     -9.86817
    51.48899     49.75443     -9.86807
    43.92220     35.09830     -8.69060
    64.62510     57.33450    -26.74960
    41.63540     29.62380    -16.22510
    40.51044     32.87686    -14.83160
    37.48920     37.95930    -10.00680
    30.24730      9.53290    -16.80930
    41.03401     26.98585     -8.11374
    42.76360     39.95040     -6.79170
    36.01422     21.13383    -15.44029
    43.91020     33.15360    -16.14580
    41.15710     25.76320    -17.02690
    30.90720     34.38270    -13.68510
    30.34035     32.13227    -16.12492
    56.27390     53.54740    -12.86100
    33.58380     46.17160    -13.62680
    16.49600     29.29630    -16.03870
    42.81072     33.98856    -11.23914
    53.68574     45.54938    -13.46516
    47.90630     39.69190    -15.03790
    33.59699     25.94812    -10.91676
    51.96891     52.40684     -7.12689
    40.47210     33.39660    -10.26310
    53.34570     55.09370     -7.23380
    29.65260     35.21490    -15.62790
    33.54810     26.04534    -10.99317
    56.32880     65.41420    -22.67640
    48.49391     49.56605    -11.51573
    47.53371     33.91246     -7.81487
    40.12900     23.35350    -20.44900
    22.88432     22.91870    -12.47069
    25.35550     39.39550    -15.87860
    23.45720     25.47900    -13.28050
    30.19360     15.51390    -22.92640
    28.38260     18.26430    -13.36990
    37.71172     21.22873    -17.09984
    20.08849     23.65633     -9.34359
    48.13410     35.12560     -7.11650
    26.74864     38.17667    -12.32876
    52.43970     64.98020    -23.98260
    32.50787     42.61112    -11.27803
    41.98760     42.60780    -23.76900
    45.37417     40.94263    -12.54883
    26.74100     38.61170     -8.38330
    45.37413     40.94267    -12.54887
    33.00160     37.30590    -17.48690
    45.03790     49.15630    -27.34960
    33.87230     31.44090    -13.88690
    41.92280     30.94300    -16.50350
    26.58359     20.72985    -12.31545
    31.27399     44.07566     -9.59602
    30.34007     32.13241    -16.12479
    40.92580     27.62060    -20.48360
    43.13800     38.74330     -8.40660
    37.77550     45.24520    -21.96600
    37.74650     30.73250    -21.58330
    49.01080     57.13290    -22.80250
    42.88980     26.81090    -14.48280
    52.02836     47.96470    -10.51554
    31.69431     35.88162    -15.41478
    31.69449     35.88166    -15.41451
    36.05150     36.83580    -16.65510
    43.61940     55.57070    -14.36970
    41.73150     38.22390     -6.33720
    45.54160     35.85340    -10.33930
    40.51097     32.87724    -14.83186
    42.35892     37.65321     -5.79185
    42.39077     28.72198    -11.45020
    37.58248     32.76601    -12.87629
    42.81083     33.98837    -11.23899
    46.61505     46.32649     -6.55379
    47.58975     37.77204     -9.63420
    40.51102     32.87725    -14.83194
    40.51096     32.87722    -14.83185
    50.46484     43.51948    -10.70243
    32.02910     31.05970     -8.60630
    31.58068     34.28156    -16.63774
    34.51110     24.52160    -19.07710
    53.08082     44.11019    -12.03541
    44.85100     42.72200     -5.11700
    55.23120     49.96620     -3.99030
    32.45150     26.30710     -7.97960
    39.20537     31.52774    -14.60843
    35.52571     18.40321    -14.43745
    47.97978     50.27627    -12.70479
    39.62458     54.13949     -9.93811
    35.16160     27.68090    -14.81930
    47.97983     50.27628    -12.70475
    33.38660     39.33160    -21.26650
    48.73470     61.40290    -11.50270
    35.90560     30.36360    -10.71670
    18.32826     31.36113     -8.71825
    44.07740     34.40930     -7.68060
    49.65020     45.83650    -10.00310
    41.85981     27.46683     -8.30602
    45.70820     59.02310    -16.50420
    27.69900     39.58950     -6.07220
    53.68576     45.54939    -13.46512
    36.85830     28.50460    -18.88580
    34.05280     30.90560     -8.18960
    29.01340     37.78940    -15.48410
    40.92780     36.06200     -8.53970
    33.56389     38.17348    -17.85338
    37.76851     49.53216    -13.95631
    36.14400     37.72220     -9.44070
    16.01460     27.88150    -21.06910
    30.77680     27.94290    -10.40010
    40.84739     34.35004    -10.21789
    39.90968     28.21144     -6.76520
    17.78180     25.71350     -4.95540
    50.39170     58.06940    -21.00940
    42.22970     39.90151     -9.70773
    41.02310     53.09650    -10.14700
    35.84589     21.02129    -16.11933
    25.52350     14.22830    -15.46170
    23.25280     28.10120     -9.25690
    30.85987     42.54277    -13.59420
    48.55670     34.15770    -11.53860
    32.99440     14.82930    -12.25890
    40.43020     35.66650    -12.96410
    50.46564     43.51989    -10.70322
    41.44500     25.02200     -7.22820
    36.06204     21.16722    -14.85501
    41.89600     44.71240    -16.53980
    40.72370     32.85370    -11.02800
    34.90504     46.92561    -12.23930
    47.47770     44.19900    -13.70570
    46.64794     39.56962    -14.27961
    25.50421     38.24399     -6.58721
    35.64512     37.13487    -14.64135
    30.05950     34.30720    -13.66450
    49.44740     43.51780    -10.21040
    47.67278     43.74726     -8.24415
    37.73580     28.16890    -15.18040
    37.53750     35.57940    -10.89980
    34.92637     36.01135    -17.26189
    42.68956     34.87281    -11.99599
    37.83132     31.36840    -10.99377
    43.83537     34.24495    -11.72889
    39.67990     45.18180    -19.60970
    25.58180     33.56560    -13.92480
    25.95836     38.44071    -12.72381
    53.12100     51.56790     -7.39859
    22.64780     24.30780     -8.40420
    43.63240     33.69397     -8.23472
    52.72790     53.25290     -7.06790
    49.10309     42.23273    -10.30505
    33.96576     44.16233    -10.00208
    55.63670     51.39410    -13.11830
    39.34274     32.37690     -8.69117
    20.84940     19.39410    -12.48970
    37.12710     19.25490    -13.25670
    38.39798     31.46040     -7.61075
    21.57843     22.70944    -11.50106
    39.41130     29.35850    -24.47000
    29.23350     19.06460    -10.50650
    43.63242     33.69398     -8.23475
    51.12380     41.97430    -14.62060
    43.83270     34.72650    -14.62230
    39.89990     55.50770    -10.95180
    30.85250     26.72530     -8.67040
    39.90927     28.21037     -6.76646
    39.12410     54.15180    -12.24050
    40.36550     34.36050    -14.79840
    20.14776     24.87281    -10.97600
    41.85105     29.51958     -7.41432
    36.02764     21.14268    -15.43021
    36.03104     21.14506    -15.37214
    49.13010     49.32940    -10.31950
    43.94640     28.53020    -14.08800
    28.81397     39.49025    -11.39163
    53.81820     51.38760     -9.57130
    23.59248     24.42604    -13.96086
    44.78650     33.24100    -14.99930
    53.29760     56.71430    -24.11930
    48.23650     40.26340    -14.35860
    41.60940     28.84850    -15.20900
    42.22953     39.90049     -9.70603
    53.05251     51.49568     -7.45362
    49.85750     46.81460    -14.13820
    26.78009     20.90084    -11.64274
    35.60382     29.25336    -10.20600
    52.17710     64.52120    -13.20430
    63.63890     59.54110    -21.47440
    43.87240     46.62340    -23.87660
    28.69250     38.77950    -13.45680
    41.91460     29.79770    -13.38820
    33.34670     47.42602    -11.88914
    51.90178     46.55511    -11.16196
    35.80220     28.99540    -18.40000
    50.21050     49.60490    -15.33280
    37.90822     41.26977    -18.39860
    37.36670     29.74387    -10.95964
    35.53490     30.25966    -13.01031
    49.22880     39.52600    -14.66970
    36.24020     25.94300     -9.14970
    35.53490     30.25964    -13.01039
    41.07930     38.99670    -13.70690
    18.08720     28.36950    -18.64750
    53.12840     47.86480    -12.94110
    48.80378     35.55122    -11.76031
    40.36930     28.90750    -11.08900
    47.97979     50.27635    -12.70486
    27.33689     39.26429    -12.92303
    57.84320     56.62030     -7.86500
    26.65159     38.59463    -12.80311
    59.59970     51.27030    -15.21760
    36.63240     51.07660     -5.95940
    42.24727     28.52610     -7.90715
    16.69050     27.02450     -5.66690
    32.89456     22.17811    -10.47484
    35.58510     32.54980     -7.27980
    38.44290     46.34840    -21.20660
    39.34200     34.16610    -12.78820
    23.06225     37.08729     -9.06824
    39.81800     33.21350    -19.45400
    35.21890     16.95400    -12.52680
    38.42350     27.61940    -15.55980
    48.80465     35.55222    -11.76065
    38.27440     28.36460    -17.94510
    33.90460     29.79770    -20.04260
    22.59080     34.26580    -11.52790
    34.98367     31.00216    -12.78565
    58.10880     48.58530     -9.03170
    51.89295     46.47237    -11.03364
    43.22583     31.79394     -8.32742
    22.37170     22.43420    -14.22210
    32.37460     46.64870    -12.03440
    42.40650     26.54356     -9.23209
    37.83123     31.36822    -10.99365
    40.71826     31.38740     -7.66556
    42.91500     31.80250    -17.05960
    41.94376     54.28694    -10.58211
    40.60200     44.28370    -25.14600
    43.63248     33.69395     -8.23463
    32.83460     26.90890     -6.82700
    42.32370     32.06870    -11.35800
    43.41330     36.47810    -13.21160
    24.95080     36.45080    -12.90720
    42.40646     26.54348     -9.23196
    33.30397     26.53089    -11.37498
    29.31985     20.41499    -13.17510
    33.52014     38.17765    -17.73655
    28.89630     24.24160    -22.32350
    49.30097     34.96436     -9.37274
    42.96950     33.07540    -14.10190
    26.53047     20.69799    -12.42975
    29.63315     36.30298    -13.59951
    55.72990     56.30689    -14.59766
    23.06237     37.08705     -9.06856
    32.57996     24.60698    -11.12448
    47.11350     57.17400    -19.60400
    36.69433     48.05149     -9.72635
    16.29530     25.38540    -13.04020
    52.06020     59.89710    -22.93630
    14.74470     26.86100    -13.31690
    41.28810     33.63060    -11.38810
    51.95054     52.41136     -7.23090
    54.22000     47.13320    -12.60330
    34.09500     14.30000     -5.67740
    37.33940     29.20870    -21.84140
    35.31170     42.41710    -24.22580
    40.07440     32.75510    -11.53880
    30.12750     13.82510    -22.58130
    49.41710     57.60880    -20.40500
    60.87452     54.62136    -24.10437
    52.17110     48.81070     -7.24050
    22.40970     21.39250    -11.10800
    46.02590     37.47730     -9.97650
    51.80633     41.86688    -12.68763
    40.91060     34.23550    -16.75230
    21.87920     21.46820    -19.03910
    45.26760     46.32179    -26.59865
    50.96330     47.55530     -7.77730
    25.71450     39.31980     -9.21900
    44.92470     31.47050    -10.29290
    35.52569     18.40319    -14.43755
    50.59788     64.47790    -23.91900
    46.61505     46.32641     -6.55381
    43.92690     43.35860    -25.81570
    43.22587     31.79396     -8.32748
    58.74370     56.50450    -10.61200
    48.41109     42.66757     -8.66737
    28.86630     39.53832    -11.34493
    50.68392     59.11993    -23.82784
    30.40703     19.45956    -12.58655
    45.71321     39.84781     -6.73362
    51.08603     40.91983    -12.26198
    49.10347     42.25594    -10.29185
    49.10299     42.23300    -10.30492
    36.03801     25.29345     -8.48107
    41.23191     29.29189    -17.04347
    25.08210     22.76080    -15.26680
    28.78740     41.21090     -5.31540
    42.66771     28.18787    -13.26838
    42.67904     37.99339     -7.65661
    49.52240     37.42330    -12.56050
    39.87120     35.15080    -13.55630
    55.58560     48.26350    -15.06370
    33.60762     25.92631    -10.90004
    38.09030     31.64760    -19.89170
    24.88740     35.81880    -12.08690
    36.51050     41.11700    -17.67680
    27.37580     19.40650    -13.56040
    43.61260     47.63450    -22.50900
    51.64796     45.39660    -11.06927
    57.58050     64.72880    -20.73380
    20.14774     24.87279    -10.97620
    37.94369     29.57724     -8.72518
    19.74280     24.46950    -10.51520
    30.54960     36.45220    -13.17450
    27.60050     32.67590    -17.18070
    48.21132     42.63975     -9.70968
    35.95881     27.67198    -12.81348
    47.62420     47.50910    -26.54980
    40.56730     32.13090    -11.16440
    32.49140     46.06630    -14.73250
    17.48374     26.19805     -8.60878
    44.50211     40.32560    -13.21827
    36.28260     48.65140    -11.37600
    38.92830     32.46170    -20.73760
    32.75480     44.79920     -8.86670
    41.09240     40.21000    -10.34990
    25.31084     21.19166    -12.82062
    31.65530     31.13650    -12.12480
    36.69930     22.92220     -7.11420
    55.24880     46.48730    -15.04450
    32.63035     45.13329    -13.61291
    35.70876     28.52547    -13.24794
    48.01820     39.04500    -10.59740
    48.32048     40.06190    -10.69083
    35.91500     29.45310    -13.74450
    45.81940     50.76700     -8.41320
    42.70719     28.82682    -10.58396
    39.94450     33.59470    -15.11710
    21.64553     24.25762    -11.53619
    41.03387     26.98597     -8.11371
    44.50209     40.32560    -13.21843
    37.58187     32.76725    -12.87303
    36.66890     25.06560    -12.30700
    49.71470     61.23100    -21.37650
    25.45570     37.62070    -12.37960
    33.52022     38.17763    -17.73678
    27.80525     38.83152    -11.38430
    28.60700     35.49150    -11.00160
    39.62240     33.09510    -16.80600
    35.74300     31.87480     -8.37430
    35.01306     20.34305    -14.16541
    30.12240     27.94340     -5.97000
    31.22390     22.78460     -7.89610
    29.63310     27.52730    -12.52930
    36.00020     19.98510    -18.45060
    34.06720     18.10510    -11.82880
    52.66159     43.12513    -13.25385
    15.16284     27.79377    -12.49552
    29.13880     33.13810    -11.20400
    31.75200     20.96740    -12.66180
    28.34960     22.73430    -11.34640
    36.71304     34.25582    -12.09361
    51.64859     45.39696    -11.07153
    34.77480     45.21582    -13.21830
    38.94700     35.32140     -8.27030
    29.63302     36.30300    -13.60008
    31.66594     21.75292    -11.38986
    31.69394     35.88152    -15.41529
    24.65100     21.18370    -14.69410
    29.32147     33.87413    -11.85075
    28.01250     36.51400    -17.31020
    25.43800     39.56780    -13.07590
    53.30030     40.94150    -15.02380
    46.68704     32.79869     -6.87198
    46.68700     32.79865     -6.87201
    46.68706     32.79866     -6.87201
    25.84970     37.40030     -8.33290
    46.00440     61.43460    -21.12490
    53.61038     52.49007     -8.41517
    29.25145     42.74748    -15.51091
    36.17300     48.72740     -8.15300
    46.99550     34.16610     -9.91470
    50.46476     43.51942    -10.70232
    18.17360     26.44880    -13.23670
    35.48920     49.55510     -6.83640
    53.08088     44.11011    -12.03539
    53.89247     55.84126     -8.67560
    54.29500     49.71630    -11.49200
    36.11270     45.26220    -17.48320
    44.42800     43.26040    -10.56210
    18.22420     26.13560    -10.30060
    45.27520     43.31500    -11.30130
    29.63303     36.30283    -13.60003
    37.58262     32.76567    -12.87717
    35.46449     27.91520    -10.95501
    43.45523     28.14053     -9.87027
    27.78770     28.79800    -19.31580
    54.28950     52.86830    -11.93070
    33.41670     41.00530    -19.54690
    47.67550     35.34070    -11.09520
    35.40960     36.15610     -7.26410
    52.57051     41.18016    -13.90250
    26.68890     38.47742    -12.64889
    23.59268     24.42617    -13.96063
    35.15930     33.41870    -13.77510
    29.63325     36.30251    -13.59913
    39.22560     43.62550    -27.10760
    45.47280     37.24980     -9.39120
    42.64220     57.91170    -11.87480
    58.27590     48.50580    -21.62960
    15.16286     27.79383    -12.49568
    46.65810     43.30610     -7.10530
    31.58072     34.28154    -16.63786
    49.94624     44.26265    -10.53489
    41.31240     33.17750     -8.21680
    34.79569     45.77882     -9.19332
    41.85094     29.51918     -7.41466
    31.12250     42.59651    -13.49627
    42.21405     33.52502    -12.56332
    36.03104     21.14502    -15.37210
    35.95879     27.67202    -12.81342
    34.75116     36.66147    -13.98535
    45.42410     53.69910    -18.28400
    33.57340     31.86200    -10.78330
    36.47630     26.76740    -12.25440
    34.90496     46.92559    -12.23940
    51.90539     46.58858    -11.21361
    35.54890     23.84040    -10.64570
    23.16380     34.64120    -10.43160
    21.83610     26.08130    -12.16530
    43.80180     33.95610    -13.87500
    25.37660     34.78060     -9.73300
    33.47690     25.76140     -8.52640
    59.52880     54.04700    -21.11690
    59.96320     54.30510    -22.23780
    42.70607     28.82652    -10.58694
    42.71148     28.82824    -10.57220
    42.21403     33.52510    -12.56315
    18.13660     24.28790    -14.47240
    20.10430     22.30070    -18.06400
    31.65200     37.81280    -17.97280
    41.96370     34.84260    -13.72640
    37.71178     21.22867    -17.09986
    23.89830     23.17180    -12.25690
    51.64840     45.39685    -11.07077
    29.12633     39.78205    -11.12178
    32.63035     45.13326    -13.61275
    32.63037     45.13330    -13.61275
    33.25942     38.20331    -17.03913
    33.98590     27.81760    -10.62090
    35.97328     46.53379     -9.66005
    23.98760     27.03520    -18.04650
    22.81872     35.75208    -11.43500
    50.46454     43.51933    -10.70223
    37.83126     31.36832    -10.99365
    43.11440     34.63950     -8.11160
    42.70644     28.82664    -10.58598
    51.45540     51.21750     -7.18850
    43.55830     40.48090     -4.81850
    16.72220     26.36500     -9.86960
    43.82948     35.33298    -13.87840
    33.94190     48.43720     -9.26220
    25.31086     21.19164    -12.82048
    23.06233     37.08713     -9.06854
    29.99220     36.15260    -15.69850
    36.78370     30.24430     -7.26690
    27.46950     21.05010    -13.79130
    22.11080     35.81240    -10.03390
    34.34260     25.38720     -8.32890
    47.59690     35.23550     -7.86250
    34.60750     38.02690    -21.63930
    18.95075     30.93047     -9.68466
    43.83533     34.24495    -11.72891
    63.63940     57.09060    -22.95500
    37.89979     44.14493    -23.53814
    28.79540     42.26900     -5.23270
    54.95650     45.64500     -8.92050
    40.02920     31.29820     -9.37230
    47.58970     37.77203     -9.63438
    33.00030     32.75880     -8.11010
    29.63274     36.30359    -13.60156
    35.09180     33.91190    -18.83450
    27.80490     38.83171    -11.38429
    47.53369     33.91254     -7.81473
    38.81100     22.74720    -10.33140
    37.45870     32.25080    -11.38510
    41.17830     32.06140    -12.24380
    48.03750     49.49930    -22.54640
    39.50520     27.73760    -15.44420
    40.12206     33.76644    -11.71196
    37.04386     27.16407    -22.02839
    19.53190     29.85280     -9.96690
    34.69810     33.59550    -16.31990
    35.91910     20.27250    -16.44740
    51.14238     44.59868    -11.36316
    42.67045     34.83864    -11.87549
    31.19201     42.61078    -13.47008
    35.44590     31.54780    -13.74020
    49.75910     44.34113    -10.51705
    34.34070     45.23720    -10.94800
    32.04260     44.71850     -5.76230
    32.26410     14.60940     -8.98340
    48.81740     44.44390    -12.41360
    46.91000     34.96830    -10.59250
    56.11370     65.20130    -24.32300
    54.04540     50.53200     -8.91750
    36.69424     48.05188     -9.72593
    25.23250     22.06810    -12.32240
    34.77477     45.21588    -13.21846
    48.69890     45.74370    -18.25660
    27.16220     41.81880     -6.56650
    39.99460     35.01500    -10.09830
    44.87545     42.73558     -7.65656
    18.70050     31.93540     -7.73090
    22.41080     34.20410    -13.61540
    36.68336     29.53331     -9.29806
    18.52950     28.89560     -9.05130
    24.61980     38.97760    -13.19020
    26.39531     20.64511    -12.66306
    35.91050     47.22430     -9.90920
    48.80105     35.54778    -11.75919
    41.05563     38.75947     -9.55498
    22.81878     35.75212    -11.43510
    35.60650     34.44040     -8.91420
    28.42130     37.89840    -15.11520
    34.95460     29.07880    -16.89440
    38.19730     27.22970    -12.56530
    18.82420     23.49530    -13.60770
    22.09320     20.36050    -13.91980
    50.86240     63.58390    -10.17290
    43.45282     28.13976     -9.86140
    28.47760     34.78550    -12.31300
    36.58273     24.36442     -8.94839
    26.88264     20.88367    -11.79080
    58.57974     48.98165    -10.47181
    45.71319     39.84789     -6.73358
    39.32370     35.12960    -22.01330
    25.71730     24.01840    -14.62910
    47.04016     45.06745     -9.21086
    34.02740     43.03406    -17.38531
    23.89290     30.19230    -17.38090
    31.19803     43.91233     -9.71331
    46.64786     39.56956    -14.27957
    55.72982     56.30648    -14.59698
    59.65050     54.93570    -20.09180
    58.57976     48.98165    -10.47169
    56.12880     66.11570    -20.89740
    51.22544     38.93518    -13.14369
    43.52461     36.44187     -8.50377
    41.24120     51.32250    -16.82890
    40.14180     50.56540    -15.18710
    46.31780     59.10500    -13.12020
    20.08856     23.65640     -9.34379
    20.08856     23.65639     -9.34359
    37.40310     49.26090    -12.73960
    49.62000     41.68430    -14.51880
    26.87482     38.36283    -10.32031
    29.11120     15.29010    -10.75820
    51.22544     38.93521    -13.14365
    31.77660     34.16000    -14.99030
    46.04730     45.19440     -7.92790
    48.87362     48.33997    -15.75317
    50.08300     56.19730     -9.08960
    34.02740     43.03404    -17.38539
    42.67908     37.99339     -7.65625
    48.49389     49.56605    -11.51567
    19.44520     22.35050     -8.15680
    31.49400     26.32020    -11.32180
    24.11910     31.65590    -14.19770
    48.21094     42.63978     -9.71034
    51.58276     58.18763    -19.00181
    29.89900     39.27480    -15.11640
    34.58596     30.98276    -10.64779
    34.77483     45.21594    -13.21865
    38.65150     30.00710    -10.12700
    34.43633     48.36472    -11.18948
    20.85450     23.71730    -11.83920
    51.08514     40.91682    -12.26369
    40.98180     37.92530    -10.96230
    18.66220     28.18290    -10.38880
    41.27025     35.32919    -11.76688
    25.60843     22.64293    -13.36740
    54.00120     64.80940    -19.34930
    50.41420     45.61530    -10.45770
    38.39140     31.16530    -19.16280
    30.50810     19.00410     -7.59800
    41.05567     38.75953     -9.55512
    42.21397     33.52500    -12.56353
    50.68388     59.11997    -23.82766
    26.68052     38.51730    -12.69207
    32.57992     24.60714    -11.12420
    19.91350     26.11470     -7.88740
    50.46429     43.51926    -10.70179
    25.50419     38.24391     -6.58719
    51.07740     53.31000    -15.06350
    41.27025     35.32911    -11.76682
    56.56050     60.99320    -19.21710
    37.85840     28.20460    -11.24300
    41.94308     54.28679    -10.57974
    45.03290     31.48270    -15.08140
    52.15470     38.42500    -10.76880
    33.34680     47.42598    -11.88916
    58.97410     64.07940    -21.15830
    37.89981     44.14497    -23.53816
    37.59620     40.27070    -19.39160
    50.61057     56.88197    -25.28209
    45.07850     38.11760    -13.57170
    27.23190     17.19050    -14.70600
    53.36527     43.90339    -13.94328
    45.85810     52.15090    -21.02200
    37.25960     27.95640    -22.01910
    19.13530     31.12420     -7.73140
    32.05500     23.83890    -10.58500
    42.63540     35.00150     -7.31870
    18.09490     26.13410     -5.98580
    54.78520     49.71150    -13.77100
    43.14430     38.52590    -12.33230
    16.96380     23.96540    -10.14870
    42.34899     41.84489     -9.43476
    26.80230     12.92620     -8.95300
    49.78115     36.69459    -12.24634
    34.81330     49.53270     -5.64460
    40.88217     27.67356     -7.31699
    32.99360     28.94420    -10.75110
    49.94606     44.26235    -10.53557
    32.21300     25.39170    -10.08300
    43.45232     28.13970     -9.85965
    41.86086     28.87438    -13.83495
    15.83380     25.39500     -6.60680
    51.33430     57.48930    -23.73610
    37.58281     32.76522    -12.87798
    33.73870     44.44520    -13.45860
    31.73766     43.40196     -9.24183
    46.83490     37.87160    -15.19710
    34.98363     31.00224    -12.78575
    44.86276     42.72605     -7.65427
    42.76480     37.11010     -7.60620
    38.78060     41.50510    -18.19780
    36.01419     21.13380    -15.44070
    51.98919     52.40283     -7.01469
    20.62090     25.06050    -19.23630
    34.00740     44.91780    -12.65660
    53.48750     42.70070    -14.91330
    33.56371     38.17342    -17.85312
    64.60260     55.96750    -25.49600
    57.67481     47.79070    -16.97682
    26.72292     38.37706    -12.51253
    55.10430     56.03850     -8.77580
    34.29800     26.53040    -20.23200
    21.57459     22.72312    -11.53830
    22.82200     26.60730    -12.68810
    19.21470     27.23210     -6.58750
    19.58387     27.42147    -14.39122
    28.08980     24.34570    -15.65960
    34.87390     32.59390     -6.96700
    25.12850     32.76800    -17.31850
    21.57820     22.71010    -11.50296
    54.59070     47.02590    -14.10180
    48.74850     56.08120    -23.80340
    34.86110     25.91790    -13.95890
    49.30620     64.84760    -26.27330
    31.26960     42.03460    -10.31950
    23.59263     24.42615    -13.96070
    60.42100     50.59010    -20.36510
    51.62019     52.62500     -8.59483
    35.60363     29.25343    -10.20618
    19.07150     25.24200     -9.09370
    52.86470     46.89590    -11.89150
    40.02470     24.98110    -13.12710
    21.64554     24.25767    -11.53621
    49.66860     57.84150    -23.36600
    58.90550     50.36640    -17.29480
    43.05960     37.79990    -12.10010
    24.61480     34.10060    -14.12640
    25.89790     32.00640    -13.19250
    31.33950     24.58480     -7.06100
    59.48776     50.90783    -10.47484
    52.62006     41.31195    -13.99483
    41.93652     36.75336    -11.91239
    42.40290     27.14730    -11.33240
    31.37160     34.32400     -9.00520
    50.19370     62.41980    -26.10540
    40.54080     41.92350    -11.80240
    47.95640     38.70150    -15.20240
    18.09360     27.16690     -5.57140
    30.34007     32.13240    -16.12477
    52.85010     48.25360    -12.01490
    19.12790     30.92560     -6.30180
    51.09885     40.96632    -12.23668
    34.31030     31.41100     -9.64690
    35.97332     46.53381     -9.65985
    33.96584     44.16237    -10.00202
    44.37590     30.46530    -13.50520
    29.31978     20.41470    -13.17535
    43.82946     35.33302    -13.87838
    28.35229     25.00349    -14.08850
    49.83630     62.97820    -21.28470
    59.48774     50.90777    -10.47486
    38.40650     49.43370    -10.64190
    49.23480     43.92360    -13.03780
    41.00810     31.56480    -19.21380
    30.40707     19.45954    -12.58675
    53.68571     45.54932    -13.46511
    17.92970     28.00320     -8.32100
    39.77640     26.12720    -22.34250
    37.56120     24.48320     -6.56660
    40.84730     34.35001    -10.21786
    51.53450     42.60210    -12.15950
    30.34013     32.13239    -16.12479
    45.73894     42.08884     -7.66985
    42.83240     39.37650     -6.16330
    49.48140     42.50165     -9.52054
    39.82010     45.91080    -17.82930
