    43.48244     41.13496     -9.58667
    28.78920     42.20030     -7.79720
    39.09470     36.69140     -8.59910
    39.34138     32.37667     -8.71328
    40.05000     32.03040    -13.85310
    43.55283     41.18050     -9.75473
    55.82133     57.28744     -9.83120
    33.30580     17.84170    -15.31120
    52.60406     41.27057    -13.96626
    40.51758     32.88186    -14.83427
    37.71450     27.26970     -8.92110
    44.10090     36.21740     -7.96960
    41.85112     29.52038     -7.41407
    41.49530     50.84940    -19.94120
    42.51180     40.97500    -13.80150
    51.74280     40.33200    -13.01160
    35.83890     21.28830    -22.06900
    53.36496     43.90268    -13.94274
    31.42610     37.57310    -15.99920
    50.62280     64.47660    -16.25290
    19.53950     28.14292     -8.12214
    46.64549     39.56782    -14.27689
    41.93634     36.75368    -11.91130
    49.00420     42.72730    -15.12510
    40.75352     55.17334     -9.32806
    33.85020     20.85440    -17.85220
    40.14350     54.97720    -10.27270
    19.53910     28.14288     -8.12266
    42.37243     28.71843    -11.49578
    22.41520     22.65730     -9.38360
    39.48090     27.72830    -13.80310
    26.56741     20.70970    -12.38014
    35.64413     37.13266    -14.64021
    35.64399     37.13188    -14.64066
    38.07680     31.82080    -14.85930
    33.68610     46.32820     -9.09230
    42.61540     39.20370    -12.64280
    49.09941     41.60342    -10.63666
    25.49080     20.60090    -10.04270
    53.38743     49.98376    -11.67194
    39.66368     39.17048     -8.58580
    32.26050     23.49600     -7.53170
    33.03550     45.98930    -10.87470
    41.85955     27.46727     -8.30656
    40.61260     27.52830     -9.28980
    47.52370     36.89560    -10.84190
    56.20380     62.35240    -17.98270
    42.23010     39.90277     -9.70996
    28.37070     40.67040    -13.65690
    48.32159     40.06324    -10.68980
    25.95881     38.44164    -12.72538
    34.88110     31.81330    -15.48400
    29.73340     19.42490    -13.11390
    31.73329     43.38972     -9.21653
    49.61920     48.86400     -8.04130
    39.20505     31.52693    -14.60782
    34.02077     20.85034    -11.82613
    34.93250     18.55510     -9.84340
    46.50560     40.92520    -10.37440
    25.40740     21.19280    -10.60350
    40.14787     28.65895     -8.30539
    40.14843     28.65835     -8.30551
    28.55040     22.23620    -13.10380
    43.92220     52.07090    -24.33980
    32.46250     22.66190    -12.75660
    20.07046     22.55092     -9.77436
    49.59680     37.17130     -8.03180
    48.32056     40.06219    -10.69070
    30.44380     29.95390     -7.83580
    43.53170     41.16751     -9.70343
    44.85030     47.70500     -5.77110
    57.44458     65.54133    -23.96143
    42.78290     35.03868    -12.59586
    34.92604     36.01195    -17.26353
    42.70987     30.55355     -7.80652
    42.70397     30.53110     -7.79057
    37.74590     26.71980    -18.65540
    40.37840     31.45620    -12.25050
    52.02680     47.96593    -10.51439
    63.40510     57.52930    -24.39110
    52.25920     46.10750     -8.11370
    41.30010     36.23470    -22.85650
    50.36933     37.65058    -12.60853
    36.58214     24.36513     -8.95175
    42.21371     33.52405    -12.56520
    42.21412     33.52546    -12.56415
    45.83992     43.38398     -7.42587
    35.46647     27.91658    -10.93906
    51.80578     41.86730    -12.68895
    55.32970     50.29490    -13.58700
    32.36700     22.73850     -9.41360
    41.91020     56.49160    -10.16880
    55.63033     64.45451    -22.33612
    55.63015     64.45628    -22.33369
    55.63019     64.45665    -22.33278
    21.19002     23.40501    -10.36038
    36.53060     30.71140    -12.32960
    55.63001     64.45497    -22.33314
    33.30506     20.18090    -12.79825
    33.30400     20.18178    -12.79831
    33.30473     20.18162    -12.79824
    53.74620     49.22670    -11.74510
    50.59827     64.47702    -23.91905
    38.46590     36.20860     -7.86160
    30.65410     37.20860    -13.55440
    45.45240     34.36470     -9.65390
    42.35946     37.65394     -5.79179
    42.37234     28.71691    -11.49808
    37.76880     28.98520    -14.37940
    25.26470     35.40590     -8.72060
    57.06300     65.65740    -22.61570
    18.84880     25.10670     -7.24980
    23.91740     33.37870    -13.67230
    39.18560     26.66160    -12.13460
    55.82146     57.28740     -9.82852
    18.74560     28.38570     -6.94130
    55.82153     57.28758     -9.82812
    55.82168     57.28789     -9.82846
    52.60150     51.17700    -10.47940
    47.70320     45.95270    -14.10210
    40.12183     33.76656    -11.71279
    32.73970     25.93380    -17.92810
    36.69564     48.04457     -9.73445
    33.59231     38.17091    -17.93136
    21.19739     23.40914    -10.36207
    51.11930     44.61323    -11.35288
    20.06460     22.85260     -7.47730
    45.74579     43.32823     -7.47221
    29.03240     25.43170    -13.00510
    32.90660     31.78430     -6.87190
    26.72086     20.83085    -11.91493
    29.45460     41.52220    -10.40850
    50.22233     40.36132    -11.89976
    30.26400     41.81480     -9.64650
    48.85613     35.61703    -11.78153
    32.63135     45.13277    -13.61273
    59.81756     52.31762    -10.25365
    34.02033     20.84996    -11.82947
    31.14383     43.87916     -9.77284
    46.20570     32.72890    -11.25580
    50.63400     45.82140    -11.79040
    52.57035     41.18007    -13.90401
    33.78630     26.22577    -20.54962
    57.78140     45.95380    -19.94950
    58.41314     47.54178    -11.12744
    53.01230     51.47115     -7.47257
    18.67370     24.49300    -17.50850
    42.67962     37.99398     -7.65344
    32.58410     28.10750    -21.45320
    37.07670     32.53390    -10.52110
    34.17950     22.68200    -16.91630
    43.25650     34.51280     -9.97920
    53.39492     51.85649     -7.17887
    31.73801     43.40088     -9.24018
    42.24759     28.52490     -7.90639
    48.21850     44.87510    -16.80700
    33.25308     44.49635    -11.94065
    17.99950     27.85760     -6.82000
    36.89860     25.25720     -9.77340
    36.09120     31.10600    -21.94950
    42.13340     42.51670     -8.73110
    45.28751     43.05611     -7.68791
    51.48901     49.75360     -9.87192
    34.79424     45.77758     -9.19170
    52.99560     54.49480     -8.31370
    42.40600     26.54403     -9.23228
    50.36917     37.65062    -12.60797
    31.11691     43.90764     -9.80017
    33.31830     15.36970    -29.73350
    34.79799     45.78627     -9.20309
    39.27300     33.66610    -10.49120
    49.31240     57.36660    -24.91240
    35.32884     20.16414    -13.71623
    35.38254     20.08027    -13.69282
    39.51430     29.31540     -9.78150
    43.71230     42.22020    -10.05090
    39.91004     28.21293     -6.76374
    38.50660     34.28780    -14.59280
    48.13980     62.62900    -16.83150
    29.95250     43.30100    -12.39860
    43.44841     28.13908     -9.84553
    43.82932     35.33262    -13.87886
    25.60788     22.64332    -13.36837
    58.02680     56.46750    -10.19170
    41.92380     46.97900    -10.85520
    56.69980     52.80560     -9.72560
    42.72131     30.59167     -7.83638
    50.61111     56.88249    -25.28236
    45.73917     42.08895     -7.66895
    21.18840     23.40492    -10.35917
    33.59720     24.69260     -9.42220
    31.45530     35.89290    -12.17470
    42.24735     28.52775     -7.90784
    52.50790     51.65660     -9.31420
    36.71323     34.25648    -12.09350
    40.49860     54.33360     -8.28780
    23.36830     32.83080    -13.76790
    33.77210     36.87920    -15.91220
    20.96570     25.33730    -10.77470
    39.62491     54.13966     -9.93890
    38.01200     49.27370    -12.06950
    35.70837     28.52569    -13.24766
    48.89590     49.17800     -6.85120
    35.64600     37.13574    -14.64134
    25.56560     24.15150    -16.35860
    45.12502     42.92681     -7.68493
    31.18540     46.23060    -15.59000
    19.58347     27.42197    -14.39183
    46.46720     44.59930    -16.69510
    38.66770     30.50110    -14.48330
    23.59260     34.84070    -14.41390
    30.94220     23.06340    -14.43650
    35.86460     50.13430     -8.09360
    46.76820     37.76060    -12.27300
    51.65064     45.39832    -11.07933
    55.84660     65.81250    -22.64950
    33.16640     41.19940     -6.84530
    31.68130     13.26550    -28.55530
    42.43180     32.52240     -7.41580
    36.90690     24.60850    -16.54050
    31.66620     21.75253    -11.38964
    23.06244     37.08744     -9.06768
    47.59007     37.77207     -9.63336
    34.58626     30.98321    -10.64917
    55.90230     62.32160    -24.12560
    26.48934     20.66444    -12.54092
    26.66033     21.02412    -11.00166
    42.73909     28.83825    -10.49726
    41.06240     54.33840     -8.88160
    34.79558     45.78075     -9.19501
    44.75430     36.00940    -12.21760
    26.67570     23.94420    -17.96450
    33.59274     38.17012    -17.92814
    37.94381     29.57744     -8.72360
    30.78740     42.64855     -9.60658
    46.23380     38.35080    -14.62660
    24.56300     33.11890    -14.05930
    42.37368     28.71581    -11.49916
    37.90876     41.26940    -18.39764
    52.02849     47.96503    -10.51585
    34.43668     48.36428    -11.19075
    31.28675     42.63127    -13.43327
    41.41930     36.94940     -7.92720
    17.22100     27.36020     -4.82280
    43.82189     35.33207    -13.87903
    49.78127     36.69431    -12.24697
    49.78099     36.69424    -12.24679
    34.75094     36.66109    -13.98343
    31.45920     45.83530    -14.20260
    36.05690     31.93960    -12.23170
    35.38502     20.07633    -13.68904
    41.73940     31.51360    -13.10320
    46.33920     54.49780     -6.72030
    49.29960     45.32370    -10.05180
    45.07280     38.72260     -7.24850
    40.71210     29.26760    -14.61570
    35.39946     20.10288    -13.63547
    17.72980     26.58700     -6.67540
    60.87405     54.62112    -24.10305
    35.41663     20.05009    -13.65242
    33.01980     46.13820     -9.24140
    27.21540     11.38560     -5.57460
    21.57870     22.70802    -11.49896
    21.59168     22.66216    -11.37220
    45.45130     43.15157     -7.61246
    42.34824     41.84504     -9.43462
    35.41939     20.04709    -13.65072
    31.14874     43.87919     -9.77429
    17.86890     33.31230     -3.54400
    29.32196     33.87356    -11.84976
    34.27820     23.30980    -10.11930
    46.91680     37.05580     -7.52600
    39.40672     53.41593    -11.58648
    51.10912     44.61990    -11.34832
    53.34330     50.53100    -12.59780
    34.43110     43.09450    -20.58980
    22.23160     26.24140    -11.07290
    26.78518     38.32974    -12.36706
    20.07124     22.55168     -9.77594
    36.65310     25.74060     -8.08790
    27.80198     38.83287    -11.38495
    36.03775     25.29337     -8.48250
    29.59280     44.43680    -13.51140
    41.55922     30.76974    -14.76992
    32.55730     46.47620     -8.53200
    35.34158     20.14295    -13.71573
    42.29960     39.33190    -10.46130
    39.90120     54.17310    -11.57920
    58.41276     47.54042    -11.12576
    20.78460     29.74560     -9.72620
    43.24610     44.68840    -18.05850
    56.67740     60.55160     -9.56270
    43.12270     32.60930    -13.25310
    51.02689     40.70246    -12.38062
    40.84487     34.34807    -10.21718
    23.84950     21.80500    -18.29680
    50.46371     43.51949    -10.69980
    33.48590     32.55070     -7.28060
    35.46240     19.96371    -13.64455
    37.04459     27.16368    -22.02767
    35.47060     46.80540     -8.50090
    37.25860     26.01720     -9.38420
    41.03424     26.98599     -8.11325
    41.79730     32.87170     -6.98840
    30.89780     34.07140    -16.32190
    42.19231     37.54913    -10.86012
    54.52760     50.24690    -13.29360
    26.86352     20.87964    -11.76763
    49.47780     46.84670     -7.65100
    30.98020     30.79970    -11.61570
    26.46815     20.64962    -12.59695
    53.02806     51.44600     -7.49047
    45.28008     43.04764     -7.69249
    28.35257     25.00372    -14.08946
    37.33820     30.54020    -18.17900
    33.66459     26.68551     -8.82051
    30.84520     37.29310    -22.59600
    18.32843     31.36103     -8.71851
    40.54860     38.45990    -19.46670
    26.59385     38.74096    -13.01826
    36.07480     27.07360    -21.39060
    51.14752     41.11855    -12.15484
    30.13360     42.60420     -4.39510
    49.26380     42.70740    -13.37530
    41.23172     29.29215    -17.04398
    23.70370     37.25600     -7.08850
    45.26609     46.31912    -26.59631
    40.71815     31.38747     -7.66533
    55.15210     47.01460    -13.40230
    42.56252     28.78003    -10.97986
    59.82513     52.32610    -10.28450
    26.41080     20.63696    -12.67351
    36.68348     29.53279     -9.29830
    33.53690     47.00590    -14.03660
    44.00830     36.33610    -11.93160
    49.78065     36.69434    -12.24486
    26.46840     20.64931    -12.59742
    52.05830     52.08280    -12.49850
    46.25010     42.80640     -8.13050
    51.88014     52.26827     -8.24930
    51.85319     52.45463     -7.70601
    42.67870     37.99302     -7.65692
    51.07140     50.78740     -7.56940
    41.37620     26.79190    -13.86710
    51.79938     52.47805     -7.95927
    42.67902     37.99318     -7.65744
    45.47530     58.13070    -13.98000
    51.88270     40.08390    -11.64370
    39.66392     39.17032     -8.58550
    51.07440     64.27430    -26.02480
    45.68870     59.75300     -9.77230
    23.06167     37.08712     -9.06783
    33.66391     26.68649     -8.82219
    43.59060     41.33300    -13.38000
    48.00910     42.82540    -15.32550
    40.88271     27.67336     -7.31535
    50.76990     43.05370    -11.78840
    46.53930     48.89540    -29.01360
    51.22519     38.93542    -13.14357
    42.24743     28.52593     -7.90876
    34.58629     30.98260    -10.64663
    34.39270     46.57750    -10.45350
    41.94471     54.28732    -10.58508
    41.99400     25.30230    -10.42310
    26.76010     18.81160     -7.32450
    35.60644     29.25146    -10.20226
    57.67469     47.79072    -16.97652
    33.78610     26.22603    -20.55298
    39.61860     26.99760     -5.94330
    28.66000     27.01520    -12.69600
    22.88394     22.91875    -12.47177
    17.48394     26.19813     -8.60924
    49.09814     41.66977    -10.61074
    42.19249     37.55067    -10.85968
    51.66160     51.57890     -5.51110
    34.58556     30.98271    -10.64787
    25.31040     35.08090     -6.68600
    27.33705     39.26441    -12.92348
    32.58009     24.60723    -11.12387
    54.86480     59.73460     -8.00220
    29.31760     20.40469    -13.18266
    50.22197     40.36208    -11.89964
    29.78310     42.14760     -6.74570
    59.01260     51.52240     -8.65790
    50.84600     42.42360    -11.45200
    51.85649     52.39393     -7.88669
    51.65134     52.61053     -8.45681
    42.67756     37.99783     -7.63653
    32.68920     27.41650    -10.43760
    41.06950     48.15990    -22.65070
    51.89592     52.42243     -7.54009
    51.95404     52.40575     -7.21941
    26.59776     38.74219    -13.02006
    56.15560     63.33370    -20.96360
    43.82966     35.33435    -13.87753
    32.50837     42.61068    -11.27653
    46.09600     59.61560    -16.48390
    40.73140     30.00080     -6.62840
    28.72240     33.36090    -21.77620
    33.91360     48.26540    -11.90360
    21.18771     23.40319    -10.35825
    26.77680     26.24690     -8.44700
    38.43990     52.98980    -10.40000
    38.39742     31.46035     -7.61068
    37.76830     49.53291    -13.95516
    54.61300     43.71910    -15.58420
    35.97220     35.29770     -7.24670
    48.87410     48.34054    -15.75367
    35.64498     37.13524    -14.64123
    28.97136     39.63385    -11.24982
    36.55730     20.97570    -22.42480
    51.56290     52.65492     -8.84420
    41.85013     29.51504     -7.41574
    51.08459     40.92059    -12.26201
    42.48480     32.09160    -14.74700
    57.44532     65.54067    -23.96017
    29.98150     19.03190    -22.11260
    39.93560     36.78020    -12.50270
    26.87437     38.36321    -10.31917
    42.56000     53.62470    -10.79050
    35.70845     28.52405    -13.25081
    35.38506     20.07667    -13.68973
    29.31989     20.41524    -13.17419
    42.73020     57.07150    -10.18100
    19.26150     23.58400     -9.60780
    35.47473     19.81553    -13.68547
    23.79976     35.67066    -11.88771
    42.66759     28.18749    -13.26776
    59.45470     56.11050    -10.11790
    23.52800     19.46980    -17.71530
    40.61180     37.98210     -9.23020
    52.66175     43.12557    -13.25289
    20.08945     23.65751     -9.34568
    48.53230     48.02960    -14.10150
    36.34840     28.48200     -9.93870
    48.18280     45.75510     -8.67390
    32.96240     26.56410    -20.26920
    49.45390     46.16210    -11.32420
    31.87280     20.59970    -17.55220
    41.84140     25.26080    -20.14920
    44.15820     51.70280    -22.33160
    33.35790     36.18270    -17.70980
    41.37620     28.71030     -8.58010
    18.95069     30.93002     -9.68350
    20.02410     22.10390     -7.02840
    23.85310     18.00990    -15.17350
    42.51550     29.76150     -8.96530
    29.19120     22.91110    -11.09790
    51.21656     44.55591    -11.39504
    29.25140     42.74697    -15.51164
    50.03530     44.92620    -13.30080
    16.24830     26.70990     -7.07820
    53.30830     54.98830     -8.61170
    53.58990     54.50910     -7.85230
    22.21750     20.82420     -9.62620
    37.82130     32.74550    -20.33430
    40.73700     52.99160    -11.98560
    36.68263     29.53368     -9.29667
    38.33250     26.83410     -7.76300
    29.11642     39.76780    -11.12328
    52.73714     41.62242    -14.21175
    26.57262     20.71097    -12.37848
    36.82960     30.88900    -18.88750
    26.48966     20.66434    -12.54162
    32.88900     42.85680    -13.01050
    45.38650     40.61960    -14.06780
    45.26805     46.32230    -26.59896
    43.33410     56.46680    -13.13940
    34.97370     17.34560     -5.57550
    33.25422     44.49735    -11.94295
    24.61870     19.79740    -14.35230
    36.50520     29.28750    -14.72760
    43.52444     36.44150     -8.50244
    21.18500     23.40228    -10.35968
    31.82110     26.73250    -10.61010
    47.67003     43.74542     -8.23542
    36.58330     24.36411     -8.94578
    36.58238     24.36455     -8.94788
    31.29430     30.16740     -7.57300
    20.78430     28.26350     -8.84910
    51.41240     51.50900     -9.36490
    36.02940     21.14418    -15.44660
    31.34417     43.72382     -9.60184
    21.59219     22.66246    -11.37228
    55.72708     56.28850    -14.57312
    55.72979     56.30765    -14.59795
    53.89215     55.84209     -8.67559
    39.34075     32.37695     -8.68234
    35.61120     19.78610    -17.46600
    56.64770     48.03960    -16.63710
    35.45881     27.91313    -10.98855
    28.68840     20.99970    -11.78360
    54.12120     53.47290    -11.52730
    27.50224     26.71540    -23.59674
    39.34517     32.37705     -8.68247
    27.50276     26.71600    -23.59716
    49.08547     41.98474    -10.46747
    39.88480     44.21870    -21.71450
    55.73125     56.31782    -14.61019
    41.93703     36.75378    -11.91367
    25.77538     20.49473    -13.50585
    37.36662     29.74438    -10.95889
    17.47130     26.22080    -16.68800
    42.65634     34.81492    -11.77946
    42.65627     34.81511    -11.77971
    23.54800     37.18920    -10.53850
    53.61070     52.48962     -8.41575
    37.91520     46.93580    -17.84970
    48.46830     50.40500    -11.10960
    49.98775     44.24562    -10.53856
    23.18780     21.37000    -10.45080
    43.52274     41.16194     -9.68169
    53.90850     46.36430    -13.48500
    21.08920     24.26700     -8.87600
    49.30062     34.96513     -9.37192
    21.64547     24.25725    -11.53503
    16.70280     28.13760     -8.25010
    35.43708     20.01584    -13.64250
    23.80044     35.67104    -11.88809
    38.88730     32.82940    -13.76680
    30.22980     15.70690    -15.74770
    43.44976     28.13846     -9.84917
    36.02940     21.14358    -15.45055
    35.16500     31.33740    -20.25100
    21.86010     30.31000    -12.24100
    48.80261     35.54942    -11.75959
    53.40528     49.99842    -11.66210
    45.79350     49.08670    -22.09160
    47.67173     43.74696     -8.24187
    31.44817     44.62774     -9.28772
    34.82790     33.64310     -7.66290
    23.13100     35.61900     -9.25200
    29.59470     43.44750    -13.68520
    43.37440     57.70320     -9.08090
    40.30490     24.11620     -6.60510
    46.73820     44.13290    -14.70880
    59.86295     52.37289    -10.44276
    51.90225     46.55826    -11.16714
    42.18690     38.59910    -13.81000
    49.89078     44.28593    -10.52906
    38.30370     23.94830     -8.91820
    52.33880     49.18170    -12.15110
    36.02891     21.14318    -15.45353
    32.35380     44.35800    -12.54240
    33.61161     25.91974    -10.89418
    31.62260     37.76740    -24.24120
    31.65670     26.49830    -13.11930
    41.31760     52.31690    -14.82860
    39.96140     37.24210     -9.47670
    53.39387     49.98878    -11.66878
    50.11230     57.99950    -24.53740
    18.22650     25.78710     -7.22260
    51.97980     66.01210    -13.33990
    18.46230     24.44990     -8.45210
    31.16116     42.60394    -13.48410
    27.81480     38.82704    -11.38494
    50.97420     64.75490    -13.94920
    52.62240     59.43380    -24.33510
    55.63015     64.45522    -22.33205
    39.75890     31.97410    -11.77980
    45.31490     37.68860    -12.74570
    26.29670     37.49390     -9.91120
    41.41570     53.02850     -7.48610
    45.56780     26.47630    -13.16380
    39.40110     40.90210     -9.53460
    30.33820     37.81790    -19.32930
    32.82340     36.71140     -9.76700
    40.75338     55.17406     -9.32474
    42.71042     30.55539     -7.80922
    38.86510     29.23100     -9.70040
    45.87200     42.71960    -10.18740
    49.15175     42.37444    -10.14662
    47.04085     45.06737     -9.20973
    26.46878     20.64978    -12.59827
    41.30960     24.86390    -11.86560
    29.63367     36.30000    -13.59171
    32.89435     22.17796    -10.47310
    48.23907     42.64338     -9.56613
    22.09300     25.50220    -11.74630
    33.04490     37.15200    -15.08230
    30.66160     41.06190    -14.08760
    37.81780     32.79150     -8.25670
    18.32810     31.36245     -8.72190
    30.75430     38.13270    -23.40750
    40.25120     26.42010     -8.33950
    44.18910     36.80790    -12.90870
    41.85125     29.52376     -7.41262
    41.85130     29.51982     -7.41466
    17.09460     27.67970     -6.01110
    18.40350     23.62630     -6.44820
    26.74994     38.33156    -12.42313
    35.57030     35.98860    -13.81830
    45.19750     36.58100     -8.19230
    47.04650     43.26580     -8.80150
    59.81759     52.31434    -10.25090
    39.34384     32.37688     -8.67901
    31.44641     44.62715     -9.29000
    19.30420     23.76400     -5.94350
    23.15820     21.42410     -5.53430
    30.78760     42.64915     -9.60482
    51.11825     44.61157    -11.35336
    52.17960     44.94770    -11.98430
    23.59760     29.32030    -13.29600
    42.67748     34.85020    -11.91420
    48.18775     42.63692     -9.82279
    34.92666     36.01101    -17.26110
    24.86780     14.60160     -8.73950
    41.56058     30.76956    -14.76908
    51.58248     58.18705    -19.00349
    41.86071     28.87374    -13.83501
    36.02931     21.14309    -15.45250
    23.18240     23.62950    -12.90730
    33.61144     25.91994    -10.89413
    29.57350     28.33810    -19.65320
    48.79140     41.78940    -15.56950
    39.40718     53.41587    -11.58402
    49.79440     54.26780    -26.21010
    51.48899     49.75556     -9.86295
    51.48895     49.75430     -9.86965
    51.48899     49.75429     -9.86783
    43.92220     35.09830     -8.69060
    64.62510     57.33450    -26.74960
    41.63540     29.62380    -16.22510
    40.50202     32.87101    -14.82745
    37.48920     37.95930    -10.00680
    30.24730      9.53290    -16.80930
    41.03506     26.98478     -8.11426
    42.76360     39.95040     -6.79170
    36.02917     21.14376    -15.45047
    43.91020     33.15360    -16.14580
    41.15710     25.76320    -17.02690
    30.90720     34.38270    -13.68510
    30.34359     32.13065    -16.12660
    56.27390     53.54740    -12.86100
    33.58380     46.17160    -13.62680
    16.49600     29.29630    -16.03870
    42.80978     33.99016    -11.24044
    53.68576     45.54964    -13.46568
    47.90630     39.69190    -15.03790
    33.61198     25.92115    -10.89408
    51.99589     52.39929     -6.95958
    40.47210     33.39660    -10.26310
    53.34570     55.09370     -7.23380
    29.65260     35.21490    -15.62790
    33.55964     26.02443    -10.97505
    56.32880     65.41420    -22.67640
    48.49417     49.56601    -11.51621
    47.53389     33.91186     -7.81599
    40.12900     23.35350    -20.44900
    22.88466     22.91865    -12.46973
    25.35550     39.39550    -15.87860
    23.45720     25.47900    -13.28050
    30.19360     15.51390    -22.92640
    28.38260     18.26430    -13.36990
    37.71126     21.22918    -17.09971
    20.08743     23.65531     -9.34181
    48.13410     35.12560     -7.11650
    26.74864     38.17667    -12.32876
    52.43970     64.98020    -23.98260
    32.50743     42.61152    -11.27937
    41.98760     42.60780    -23.76900
    45.37444     40.94237    -12.54841
    26.74100     38.61170     -8.38330
    45.37386     40.94293    -12.54929
    33.00160     37.30590    -17.48690
    45.03790     49.15630    -27.34960
    33.87230     31.44090    -13.88690
    41.92280     30.94300    -16.50350
    26.57310     20.71103    -12.37762
    31.22326     44.06643     -9.65592
    30.33862     32.13318    -16.12428
    40.92580     27.62060    -20.48360
    43.13800     38.74330     -8.40660
    37.77550     45.24520    -21.96600
    37.74650     30.73250    -21.58330
    49.01080     57.13290    -22.80250
    42.88980     26.81090    -14.48280
    52.02957     47.96339    -10.51626
    31.69531     35.88193    -15.41340
    31.69866     35.88268    -15.40858
    36.05150     36.83580    -16.65510
    43.61940     55.57070    -14.36970
    41.73150     38.22390     -6.33720
    45.54160     35.85340    -10.33930
    40.51144     32.87777    -14.83202
    42.35844     37.65256     -5.79191
    42.34365     28.70354    -11.58318
    37.58301     32.76561    -12.87925
    42.81176     33.98678    -11.23770
    46.61504     46.32712     -6.55366
    47.59002     37.77211     -9.63311
    40.51230     32.87802    -14.83352
    40.51136     32.87739    -14.83198
    50.46549     43.51951    -10.70347
    32.02910     31.05970     -8.60630
    31.58035     34.28181    -16.63674
    34.51110     24.52160    -19.07710
    53.08039     44.11087    -12.03553
    44.85100     42.72200     -5.11700
    55.23120     49.96620     -3.99030
    32.45150     26.30710     -7.97960
    39.20565     31.52847    -14.60898
    35.52587     18.40334    -14.43666
    47.97940     50.27572    -12.70461
    39.62429     54.13934     -9.93740
    35.16160     27.68090    -14.81930
    47.98036     50.27594    -12.70398
    33.38660     39.33160    -21.26650
    48.73470     61.40290    -11.50270
    35.90560     30.36360    -10.71670
    18.32824     31.36009     -8.71493
    44.07740     34.40930     -7.68060
    49.65020     45.83650    -10.00310
    41.86005     27.46643     -8.30554
    45.70820     59.02310    -16.50420
    27.69900     39.58950     -6.07220
    53.68614     45.54985    -13.46495
    36.85830     28.50460    -18.88580
    34.05280     30.90560     -8.18960
    29.01340     37.78940    -15.48410
    40.92780     36.06200     -8.53970
    33.59514     38.17188    -17.93425
    37.76870     49.53149    -13.95734
    36.14400     37.72220     -9.44070
    16.01460     27.88150    -21.06910
    30.77680     27.94290    -10.40010
    40.84933     34.35123    -10.21842
    39.91290     28.21957     -6.75550
    17.78180     25.71350     -4.95540
    50.39170     58.06940    -21.00940
    42.23088     39.90936     -9.72072
    41.02310     53.09650    -10.14700
    35.84589     21.02129    -16.11933
    25.52350     14.22830    -15.46170
    23.25280     28.10120     -9.25690
    30.85987     42.54277    -13.59420
    48.55670     34.15770    -11.53860
    32.99440     14.82930    -12.25890
    40.43020     35.66650    -12.96410
    50.47984     43.52685    -10.71766
    41.44500     25.02200     -7.22820
    36.06204     21.16722    -14.85501
    41.89600     44.71240    -16.53980
    40.72370     32.85370    -11.02800
    34.90570     46.92577    -12.23843
    47.47770     44.19900    -13.70570
    46.64969     39.57094    -14.28121
    25.50429     38.24472     -6.58744
    35.64616     37.13794    -14.64285
    30.05950     34.30720    -13.66450
    49.44740     43.51780    -10.21040
    47.67602     43.74909     -8.25350
    37.73580     28.16890    -15.18040
    37.53750     35.57940    -10.89980
    34.92640     36.01114    -17.26116
    42.67948     34.85588    -11.91909
    37.83221     31.36982    -10.99515
    43.83562     34.24492    -11.72863
    39.67990     45.18180    -19.60970
    25.58180     33.56560    -13.92480
    25.95796     38.43988    -12.72240
    53.09286     51.54116     -7.41893
    22.64780     24.30780     -8.40420
    43.63175     33.69409     -8.23504
    52.72790     53.25290     -7.06790
    49.07403     42.24392    -10.35111
    33.96514     44.16207    -10.00250
    55.63670     51.39410    -13.11830
    39.34262     32.37694     -8.69703
    20.84940     19.39410    -12.48970
    37.12710     19.25490    -13.25670
    38.39848     31.46045     -7.61082
    21.57838     22.70949    -11.50042
    39.41130     29.35850    -24.47000
    29.23350     19.06460    -10.50650
    43.63225     33.69417     -8.23564
    51.12380     41.97430    -14.62060
    43.83270     34.72650    -14.62230
    39.89990     55.50770    -10.95180
    30.85250     26.72530     -8.67040
    39.90552     28.20037     -6.77807
    39.12410     54.15180    -12.24050
    40.36550     34.36050    -14.79840
    20.14797     24.87292    -10.97432
    41.85205     29.52228     -7.41179
    36.04642     21.15585    -15.44833
    36.04724     21.15556    -15.37911
    49.13010     49.32940    -10.31950
    43.94640     28.53020    -14.08800
    28.75236     39.43708    -11.45331
    53.81820     51.38760     -9.57130
    23.59045     24.42477    -13.96303
    44.78650     33.24100    -14.99930
    53.29760     56.71430    -24.11930
    48.23650     40.26340    -14.35860
    41.60940     28.84850    -15.20900
    42.22790     39.89100     -9.69019
    53.01719     51.46095     -7.48066
    49.85750     46.81460    -14.13820
    26.81703     20.91616    -11.59306
    35.60413     29.25362    -10.20626
    52.17710     64.52120    -13.20430
    63.63890     59.54110    -21.47440
    43.87240     46.62340    -23.87660
    28.69250     38.77950    -13.45680
    41.91460     29.79770    -13.38820
    33.34589     47.42627    -11.88891
    51.91055     46.64028    -11.29560
    35.80220     28.99540    -18.40000
    50.21050     49.60490    -15.33280
    37.90774     41.27010    -18.39946
    37.36678     29.74342    -10.96031
    35.53491     30.25977    -13.00956
    49.22880     39.52600    -14.66970
    36.24020     25.94300     -9.14970
    35.53489     30.25953    -13.01114
    41.07930     38.99670    -13.70690
    18.08720     28.36950    -18.64750
    53.12840     47.86480    -12.94110
    48.79251     35.53772    -11.75597
    40.36930     28.90750    -11.08900
    47.97964     50.27724    -12.70581
    27.33675     39.26419    -12.92262
    57.84320     56.62030     -7.86500
    26.61027     38.70811    -12.96725
    59.59970     51.27030    -15.21760
    36.63240     51.07660     -5.95940
    42.24682     28.52586     -7.90591
    16.69050     27.02450     -5.66690
    32.89475     22.17824    -10.47640
    35.58510     32.54980     -7.27980
    38.44290     46.34840    -21.20660
    39.34200     34.16610    -12.78820
    23.06130     37.08943     -9.06512
    39.81800     33.21350    -19.45400
    35.21890     16.95400    -12.52680
    38.42350     27.61940    -15.55980
    48.80810     35.55574    -11.76209
    38.27440     28.36460    -17.94510
    33.90460     29.79770    -20.04260
    22.59080     34.26580    -11.52790
    34.98398     31.00151    -12.78484
    58.10880     48.58530     -9.03170
    51.87623     46.31674    -10.79218
    43.22544     31.79386     -8.32697
    22.37170     22.43420    -14.22210
    32.37460     46.64870    -12.03440
    42.40704     26.54396     -9.23313
    37.83058     31.36672    -10.99303
    40.71835     31.38733     -7.66577
    42.91500     31.80250    -17.05960
    41.94890     54.28799    -10.60027
    40.60200     44.28370    -25.14600
    43.63331     33.69365     -8.23342
    32.83460     26.90890     -6.82700
    42.32370     32.06870    -11.35800
    43.41330     36.47810    -13.21160
    24.95080     36.45080    -12.90720
    42.40636     26.54261     -9.23069
    33.30397     26.53089    -11.37498
    29.32137     20.42181    -13.17009
    33.54248     38.17475    -17.79732
    28.89630     24.24160    -22.32350
    49.30128     34.96367     -9.37348
    42.96950     33.07540    -14.10190
    26.49110     20.66458    -12.53732
    29.63493     36.30344    -13.59174
    55.73115     56.31300    -14.60812
    23.06343     37.08522     -9.07093
    32.58029     24.60562    -11.12710
    47.11350     57.17400    -19.60400
    36.69445     48.05150     -9.72610
    16.29530     25.38540    -13.04020
    52.06020     59.89710    -22.93630
    14.74470     26.86100    -13.31690
    41.28810     33.63060    -11.38810
    51.96738     52.41101     -7.12220
    54.22000     47.13320    -12.60330
    34.09500     14.30000     -5.67740
    37.33940     29.20870    -21.84140
    35.31170     42.41710    -24.22580
    40.07440     32.75510    -11.53880
    30.12750     13.82510    -22.58130
    49.41710     57.60880    -20.40500
    60.87495     54.62158    -24.10555
    52.17110     48.81070     -7.24050
    22.40970     21.39250    -11.10800
    46.02590     37.47730     -9.97650
    51.80682     41.86650    -12.68645
    40.91060     34.23550    -16.75230
    21.87920     21.46820    -19.03910
    45.26849     46.32362    -26.60037
    50.96330     47.55530     -7.77730
    25.71450     39.31980     -9.21900
    44.92470     31.47050    -10.29290
    35.52553     18.40306    -14.43834
    50.59753     64.47868    -23.91895
    46.61506     46.32578     -6.55394
    43.92690     43.35860    -25.81570
    43.22626     31.79404     -8.32793
    58.74370     56.50450    -10.61200
    48.41109     42.66757     -8.66737
    28.82713     39.49852    -11.37226
    50.68430     59.11962    -23.82932
    30.40670     19.45979    -12.58488
    45.71341     39.84707     -6.73388
    51.07747     40.90467    -12.26873
    49.06773     42.34274    -10.30487
    49.07220     42.24869    -10.34863
    36.03825     25.29353     -8.47980
    41.23208     29.29165    -17.04302
    25.08210     22.76080    -15.26680
    28.78740     41.21090     -5.31540
    42.66781     28.18821    -13.26894
    42.67935     37.99147     -7.66877
    49.52240     37.42330    -12.56050
    39.87120     35.15080    -13.55630
    55.58560     48.26350    -15.06370
    33.62317     25.88946    -10.87468
    38.09030     31.64760    -19.89170
    24.88740     35.81880    -12.08690
    36.51050     41.11700    -17.67680
    27.37580     19.40650    -13.56040
    43.61260     47.63450    -22.50900
    51.64126     45.39265    -11.04533
    57.58050     64.72880    -20.73380
    20.14753     24.87268    -10.97788
    37.94359     29.57706     -8.72660
    19.74280     24.46950    -10.51520
    30.54960     36.45220    -13.17450
    27.60050     32.67590    -17.18070
    48.19471     42.63667     -9.81054
    35.95892     27.67157    -12.81397
    47.62420     47.50910    -26.54980
    40.56730     32.13090    -11.16440
    32.49140     46.06630    -14.73250
    17.48356     26.19797     -8.60836
    44.50231     40.32555    -13.21686
    36.28260     48.65140    -11.37600
    38.92830     32.46170    -20.73760
    32.75480     44.79920     -8.86670
    41.09240     40.21000    -10.34990
    25.31061     21.19180    -12.82172
    31.65530     31.13650    -12.12480
    36.69930     22.92220     -7.11420
    55.24880     46.48730    -15.04450
    32.62999     45.13350    -13.61473
    35.70936     28.52649    -13.24574
    48.01820     39.04500    -10.59740
    48.31948     40.06051    -10.69183
    35.91500     29.45310    -13.74450
    45.81940     50.76700     -8.41320
    42.76154     28.84375    -10.43578
    39.94450     33.59470    -15.11710
    21.64552     24.25737    -11.53650
    41.03253     26.98697     -8.11363
    44.50189     40.32565    -13.21984
    37.57220     32.78778    -12.82063
    36.66890     25.06560    -12.30700
    49.71470     61.23100    -21.37650
    25.45570     37.62070    -12.37960
    33.54398     38.17435    -17.80147
    27.80529     38.83145    -11.38384
    28.60700     35.49150    -11.00160
    39.62240     33.09510    -16.80600
    35.74300     31.87480     -8.37430
    35.01306     20.34305    -14.16541
    30.12240     27.94340     -5.97000
    31.22390     22.78460     -7.89610
    29.63310     27.52730    -12.52930
    36.00020     19.98510    -18.45060
    34.06720     18.10510    -11.82880
    52.66145     43.12473    -13.25471
    15.16260     27.79327    -12.49417
    29.13880     33.13810    -11.20400
    31.75200     20.96740    -12.66180
    28.34960     22.73430    -11.34640
    36.71287     34.25522    -12.09370
    51.65251     45.39912    -11.08589
    34.77482     45.21478    -13.21536
    38.94700     35.32140     -8.27030
    29.63255     36.30389    -13.60185
    31.66570     21.75327    -11.39006
    31.68876     35.88019    -15.42260
    24.65100     21.18370    -14.69410
    29.32104     33.87464    -11.85164
    28.01250     36.51400    -17.31020
    25.43800     39.56780    -13.07590
    53.30030     40.94150    -15.02380
    46.68720     32.79900     -6.87163
    46.68636     32.79842     -6.87220
    46.68754     32.79857     -6.87218
    25.84970     37.40030     -8.33290
    46.00440     61.43460    -21.12490
    53.61010     52.49048     -8.41465
    29.25150     42.74793    -15.51026
    36.17300     48.72740     -8.15300
    46.99550     34.16610     -9.91470
    50.46402     43.51855    -10.70149
    18.17360     26.44880    -13.23670
    35.48920     49.55510     -6.83640
    53.08131     44.10943    -12.03527
    53.89275     55.84051     -8.67561
    54.29500     49.71630    -11.49200
    36.11270     45.26220    -17.48320
    44.42800     43.26040    -10.56210
    18.22420     26.13560    -10.30060
    45.27520     43.31500    -11.30130
    29.63275     36.30084    -13.60108
    37.58564     32.75939    -12.89501
    35.46764     27.91579    -10.94007
    43.48280     28.14898     -9.97184
    27.78770     28.79800    -19.31580
    54.28950     52.86830    -11.93070
    33.41670     41.00530    -19.54690
    47.67550     35.34070    -11.09520
    35.40960     36.15610     -7.26410
    52.55267     41.13202    -13.86723
    26.69640     38.47143    -12.62334
    23.59415     24.42693    -13.95900
    35.15930     33.41870    -13.77510
    29.63671     36.29509    -13.58491
    39.22560     43.62550    -27.10760
    45.47280     37.24980     -9.39120
    42.64220     57.91170    -11.87480
    58.27590     48.50580    -21.62960
    15.16310     27.79433    -12.49703
    46.65810     43.30610     -7.10530
    31.58105     34.28129    -16.63886
    49.98842     44.24773    -10.53372
    41.31240     33.17750     -8.21680
    34.79508     45.77224     -9.18535
    41.85006     29.51522     -7.41789
    31.14613     42.60080    -13.48912
    42.21463     33.52490    -12.56230
    36.04729     21.15486    -15.37845
    35.95868     27.67243    -12.81293
    34.75136     36.66181    -13.98707
    45.42410     53.69910    -18.28400
    33.57340     31.86200    -10.78330
    36.47630     26.76740    -12.25440
    34.90430     46.92543    -12.24027
    51.91125     46.64111    -11.29302
    35.54890     23.84040    -10.64570
    23.16380     34.64120    -10.43160
    21.83610     26.08130    -12.16530
    43.80180     33.95610    -13.87500
    25.37660     34.78060     -9.73300
    33.47690     25.76140     -8.52640
    59.52880     54.04700    -21.11690
    59.96320     54.30510    -22.23780
    42.74133     28.83833    -10.48923
    42.78649     28.85238    -10.36714
    42.21432     33.52630    -12.55925
    18.13660     24.28790    -14.47240
    20.10430     22.30070    -18.06400
    31.65200     37.81280    -17.97280
    41.96370     34.84260    -13.72640
    37.71224     21.22822    -17.09999
    23.89830     23.17180    -12.25690
    51.64902     45.39723    -11.07219
    29.18450     39.84162    -11.07916
    32.62993     45.13305    -13.61188
    32.63023     45.13378    -13.61186
    33.25942     38.20331    -17.03913
    33.98590     27.81760    -10.62090
    35.97290     46.53359     -9.66178
    23.98760     27.03520    -18.04650
    22.81828     35.75181    -11.43407
    50.46010     43.51681    -10.69981
    37.83102     31.36840    -10.99290
    43.11440     34.63950     -8.11160
    42.74802     28.84042    -10.47200
    51.45540     51.21750     -7.18850
    43.55830     40.48090     -4.81850
    16.72220     26.36500     -9.86960
    43.83291     35.33259    -13.87845
    33.94190     48.43720     -9.26220
    25.31109     21.19150    -12.81938
    23.06268     37.08659     -9.07053
    29.99220     36.15260    -15.69850
    36.78370     30.24430     -7.26690
    27.46950     21.05010    -13.79130
    22.11080     35.81240    -10.03390
    34.34260     25.38720     -8.32890
    47.59690     35.23550     -7.86250
    34.60750     38.02690    -21.63930
    18.95081     30.93088     -9.68570
    43.83508     34.24498    -11.72917
    63.63940     57.09060    -22.95500
    37.89965     44.14452    -23.53792
    28.79540     42.26900     -5.23270
    54.95650     45.64500     -8.92050
    40.02920     31.29820     -9.37230
    47.58911     37.77191     -9.63633
    33.00030     32.75880     -8.11010
    29.62766     36.31444    -13.62854
    35.09180     33.91190    -18.83450
    27.79892     38.83475    -11.38359
    47.53351     33.91314     -7.81361
    38.81100     22.74720    -10.33140
    37.45870     32.25080    -11.38510
    41.17830     32.06140    -12.24380
    48.03750     49.49930    -22.54640
    39.50520     27.73760    -15.44420
    40.12227     33.76634    -11.71121
    37.04321     27.16442    -22.02903
    19.53190     29.85280     -9.96690
    34.69810     33.59550    -16.31990
    35.91910     20.27250    -16.44740
    51.10750     44.61712    -11.34838
    42.65094     34.80144    -11.77420
    31.28690     42.63022    -13.43226
    35.44590     31.54780    -13.74020
    49.50716     44.44692    -10.49316
    34.34070     45.23720    -10.94800
    32.04260     44.71850     -5.76230
    32.26410     14.60940     -8.98340
    48.81740     44.44390    -12.41360
    46.91000     34.96830    -10.59250
    56.11370     65.20130    -24.32300
    54.04540     50.53200     -8.91750
    36.69288     48.05840     -9.71854
    25.23250     22.06810    -12.32240
    34.77430     45.21582    -13.21829
    48.69890     45.74370    -18.25660
    27.16220     41.81880     -6.56650
    39.99460     35.01500    -10.09830
    44.87665     42.73489     -7.66370
    18.70050     31.93540     -7.73090
    22.41080     34.20410    -13.61540
    36.68389     29.53343     -9.29903
    18.52950     28.89560     -9.05130
    24.61980     38.97760    -13.19020
    26.37061     20.62125    -12.73892
    35.91050     47.22430     -9.90920
    48.76440     35.50216    -11.74425
    41.05526     38.75897     -9.55384
    22.81922     35.75239    -11.43603
    35.60650     34.44040     -8.91420
    28.42130     37.89840    -15.11520
    34.95460     29.07880    -16.89440
    38.19730     27.22970    -12.56530
    18.82420     23.49530    -13.60770
    22.09320     20.36050    -13.91980
    50.86240     63.58390    -10.17290
    43.44597     28.13689     -9.83576
    28.47760     34.78550    -12.31300
    36.58303     24.36399     -8.94820
    26.96206     20.89575    -11.81632
    58.57965     48.98173    -10.47280
    45.71299     39.84863     -6.73332
    39.32370     35.12960    -22.01330
    25.71730     24.01840    -14.62910
    47.03955     45.06753     -9.21187
    34.02732     43.03426    -17.38458
    23.89290     30.19230    -17.38090
    31.14664     43.88039     -9.77634
    46.64832     39.56987    -14.28046
    55.72985     56.30565    -14.59584
    59.65050     54.93570    -20.09180
    58.57985     48.98157    -10.47070
    56.12880     66.11570    -20.89740
    51.22550     38.93480    -13.14414
    43.52476     36.44220     -8.50496
    41.24120     51.32250    -16.82890
    40.14180     50.56540    -15.18710
    46.31780     59.10500    -13.12020
    20.08862     23.65647     -9.34542
    20.08871     23.65630     -9.34185
    37.40310     49.26090    -12.73960
    49.62000     41.68430    -14.51880
    26.87523     38.36249    -10.32133
    29.11120     15.29010    -10.75820
    51.22562     38.93538    -13.14329
    31.77660     34.16000    -14.99030
    46.04730     45.19440     -7.92790
    48.87320     48.33946    -15.75273
    50.08300     56.19730     -9.08960
    34.02748     43.03384    -17.38612
    42.67991     37.99153     -7.66227
    48.49363     49.56609    -11.51519
    19.44520     22.35050     -8.15680
    31.49400     26.32020    -11.32180
    24.11910     31.65590    -14.19770
    48.18798     42.63722     -9.82239
    51.58302     58.18815    -19.00031
    29.89900     39.27480    -15.11640
    34.58579     30.98259    -10.64753
    34.77528     45.21704    -13.22176
    38.65150     30.00710    -10.12700
    34.43602     48.36512    -11.18835
    20.85450     23.71730    -11.83920
    51.06138     40.85064    -12.29927
    40.98180     37.92530    -10.96230
    18.66220     28.18290    -10.38880
    41.27031     35.32980    -11.76739
    25.60892     22.64258    -13.36653
    54.00120     64.80940    -19.34930
    50.41420     45.61530    -10.45770
    38.39140     31.16530    -19.16280
    30.50810     19.00410     -7.59800
    41.05604     38.76003     -9.55626
    42.21330     33.52444    -12.56602
    50.68350     59.12028    -23.82618
    26.67346     38.54929    -12.71696
    32.57945     24.60835    -11.12201
    19.91350     26.11470     -7.88740
    50.45563     43.51562    -10.69198
    25.50411     38.24318     -6.58696
    51.07740     53.31000    -15.06350
    41.27019     35.32850    -11.76631
    56.56050     60.99320    -19.21710
    37.85840     28.20460    -11.24300
    41.93675     54.28531    -10.55775
    45.03290     31.48270    -15.08140
    52.15470     38.42500    -10.76880
    33.34761     47.42573    -11.88939
    58.97410     64.07940    -21.15830
    37.89995     44.14538    -23.53838
    37.59620     40.27070    -19.39160
    50.61009     56.88151    -25.28184
    45.07850     38.11760    -13.57170
    27.23190     17.19050    -14.70600
    53.36554     43.90402    -13.94376
    45.85810     52.15090    -21.02200
    37.25960     27.95640    -22.01910
    19.13530     31.12420     -7.73140
    32.05500     23.83890    -10.58500
    42.63540     35.00150     -7.31870
    18.09490     26.13410     -5.98580
    54.78520     49.71150    -13.77100
    43.14430     38.52590    -12.33230
    16.96380     23.96540    -10.14870
    42.34966     41.84476     -9.43488
    26.80230     12.92620     -8.95300
    49.78160     36.69531    -12.24667
    34.81330     49.53270     -5.64460
    40.88169     27.67374     -7.31845
    32.99360     28.94420    -10.75110
    49.98519     44.24242    -10.54591
    32.21300     25.39170    -10.08300
    43.43696     28.13568     -9.80432
    41.86099     28.87496    -13.83489
    15.83380     25.39500     -6.60680
    51.33430     57.48930    -23.73610
    37.58892     32.75137    -12.90958
    33.73870     44.44520    -13.45860
    31.74107     43.41328     -9.26473
    46.83490     37.87160    -15.19710
    34.98332     31.00289    -12.78656
    44.80279     42.68173     -7.64034
    42.76480     37.11010     -7.60620
    38.78060     41.50510    -18.19780
    36.02872     21.14328    -15.45786
    52.00981     52.39934     -6.92018
    20.62090     25.06050    -19.23630
    34.00740     44.91780    -12.65660
    53.48750     42.70070    -14.91330
    33.59183     38.17094    -17.92960
    64.60260     55.96750    -25.49600
    57.67491     47.79068    -16.97708
    26.75652     38.31210    -12.39977
    55.10430     56.03850     -8.77580
    34.29800     26.53040    -20.23200
    21.55546     22.79323    -11.72767
    22.82200     26.60730    -12.68810
    19.21470     27.23210     -6.58750
    19.58423     27.42103    -14.39067
    28.08980     24.34570    -15.65960
    34.87390     32.59390     -6.96700
    25.12850     32.76800    -17.31850
    21.57436     22.72131    -11.53464
    54.59070     47.02590    -14.10180
    48.74850     56.08120    -23.80340
    34.86110     25.91790    -13.95890
    49.30620     64.84760    -26.27330
    31.26960     42.03460    -10.31950
    23.59319     24.42665    -13.96017
    60.42100     50.59010    -20.36510
    51.61940     52.63375     -8.57425
    35.60082     29.25496    -10.20944
    19.07150     25.24200     -9.09370
    52.86470     46.89590    -11.89150
    40.02470     24.98110    -13.12710
    21.64560     24.25828    -11.53697
    49.66860     57.84150    -23.36600
    58.90550     50.36640    -17.29480
    43.05960     37.79990    -12.10010
    24.61480     34.10060    -14.12640
    25.89790     32.00640    -13.19250
    31.33950     24.58480     -7.06100
    59.48792     50.90842    -10.47463
    52.60273     41.26662    -13.96351
    41.93623     36.75273    -11.91223
    42.40290     27.14730    -11.33240
    31.37160     34.32400     -9.00520
    50.19370     62.41980    -26.10540
    40.54080     41.92350    -11.80240
    47.95640     38.70150    -15.20240
    18.09360     27.16690     -5.57140
    30.33869     32.13299    -16.12400
    52.85010     48.25360    -12.01490
    19.12790     30.92560     -6.30180
    51.10531     40.99929    -12.21800
    34.31030     31.41100     -9.64690
    35.97370     46.53401     -9.65812
    33.96646     44.16263    -10.00160
    44.37590     30.46530    -13.50520
    29.32016     20.41660    -13.17464
    43.83261     35.33338    -13.87810
    28.35203     25.00328    -14.08764
    49.83630     62.97820    -21.28470
    59.48758     50.90718    -10.47507
    38.40650     49.43370    -10.64190
    49.23480     43.92360    -13.03780
    41.00810     31.56480    -19.21380
    30.40740     19.45931    -12.58842
    53.68530     45.54860    -13.46477
    17.92970     28.00320     -8.32100
    39.77640     26.12720    -22.34250
    37.56120     24.48320     -6.56660
    40.84763     34.35061    -10.21797
    51.53450     42.60210    -12.15950
    30.33973     32.13266    -16.12439
    45.73873     42.08875     -7.67065
    42.83240     39.37650     -6.16330
    49.48140     42.50165     -9.52054
    39.82010     45.91080    -17.82930
