    34.47957     31.11494    -10.43786
    36.00560     21.05374    -15.67081
    36.01667     21.08138    -15.68221
    36.00330     21.05501    -15.68339
    55.81896     57.28546     -9.86111
    55.82264     57.28581     -9.79625
    55.82398     57.28914     -9.78695
    55.82665     57.29472     -9.79447
    43.03938     28.52732    -10.12922
    43.05520     28.51427    -10.17085
    43.05072     28.46740    -10.03410
    43.02162     28.51833    -10.02308
    26.37937     20.72283    -12.64542
    26.39331     20.72543    -12.65336
    51.48957     49.73038     -9.98171
    51.48964     49.76909     -9.79323
    51.48836     49.74267     -9.93877
    51.48919     49.74785     -9.87770
    30.35069     32.12262    -16.14270
    30.31447     32.14267    -16.12516
    30.31586     32.13941    -16.11996
    30.32374     32.13924    -16.12001
    35.97358     21.02864    -15.73765
    36.01004     21.05935    -15.62757
    36.00810     21.04968    -15.64703
    36.00593     21.06301    -15.62396
    26.38717     20.72803    -12.62737
    26.39795     20.73019    -12.60186
    33.45117     25.96278    -10.87768
    33.44724     25.96868    -10.87740
    33.47478     25.99572    -10.88295
    33.43253     26.05141    -10.88551
    26.69201     38.54741    -12.52506
    55.93719     64.99588    -22.49983
    55.95737     64.94370    -22.49890
    57.38404     47.86101    -16.87561
    57.29239     47.88334    -16.84938
    57.39175     47.85941    -16.88715
    26.59382     38.65138    -12.72526
    26.36425     20.72461    -12.70591
    26.38425     20.72338    -12.70206
    26.33884     20.71805    -12.69633
    45.52654     42.88039     -7.69321
    55.72213     56.24985    -14.50274
    55.72508     56.29298    -14.54829
    55.72917     56.26812    -14.52985
    26.43266     20.73378    -12.55701
    26.44151     20.72330    -12.57278
    26.45061     20.72467    -12.54909
    33.28283     25.67284    -10.81879
    26.37707     20.71479    -12.66795
    42.90771     28.61338    -10.34681
    42.89717     28.61862    -10.39036
    55.76961     64.65518    -22.35108
    55.77451     64.60691    -22.27667
    51.24151     41.12213    -12.23347
    42.02757     29.44967     -7.64258
    42.01082     29.51329     -7.61901
    42.03386     29.50330     -7.58500
    35.45563     36.90338    -14.47474
    35.46447     36.94486    -14.47727
    34.56170     31.04863    -10.57655
    34.57203     31.03046    -10.50444
    34.52645     31.05620    -10.53500
    34.54667     31.04307    -10.52820
    48.68760     42.39480    -10.18727
    48.75092     42.39855    -10.18293
    48.69165     42.40292    -10.17448
    35.98322     21.05061    -15.42462
    24.78455     36.21621    -12.44862
    24.23587     35.89972    -12.07936
    23.10239     36.97495     -9.21411
    23.08809     36.96710     -9.21719
    23.09446     36.99810     -9.19501
    46.50560     40.92520    -10.37440
    43.63399     35.17283    -13.83839
    43.58563     35.17447    -13.81614
    52.76388     41.44356    -14.20457
    52.80320     41.34168    -14.27745
    26.52049     20.73900    -12.84599
    39.33708     32.19818     -8.94212
    39.30972     32.19635     -8.84133
    39.46789     32.07703     -8.98320
    33.51433     20.34393    -12.61520
    33.49275     20.35915    -12.61791
    33.50924     20.35837    -12.61368
    33.62377     20.45061    -12.48879
    26.26149     20.71281    -12.81294
    42.93767     28.60441    -10.31614
    42.94849     28.61929    -10.27140
    31.26711     43.67813     -9.59802
    55.80693     64.72069    -22.47901
    55.80832     64.76967    -22.42473
    55.81190     64.77422    -22.42676
    49.73179     36.80175    -12.29959
    49.71944     36.79026    -12.29143
    49.65550     36.70872    -12.21580
    33.54373     38.08952    -17.92267
    33.56263     38.09679    -17.89731
    33.53096     38.08038    -17.88361
    55.72962     56.32001    -14.56371
    55.74398     56.30971    -14.65384
    42.69443     28.65026    -10.82736
    42.62261     28.61321    -11.02135
    42.70824     28.62814    -10.86563
    40.38734     33.03360    -14.78162
    40.35495     33.00319    -14.78727
    40.36688     33.00114    -14.81754
    40.35110     32.97866    -14.78217
    42.88584     28.61702    -10.42700
    42.95181     28.57272    -10.48178
    49.79719     36.90878    -12.33105
    31.21170     43.69211     -9.66659
    35.98672     20.96424    -15.81772
    43.65477     35.28368    -13.76858
    35.44266     36.90575    -14.45665
    35.39176     36.88863    -14.44694
    45.52680     42.94516     -7.62292
    45.55410     42.92974     -7.64068
    45.53190     42.92416     -7.66335
    35.49211     20.18497    -13.83465
    35.50852     20.14686    -13.79095
    35.44959     20.14902    -13.84719
    35.51098     20.15383    -13.80797
    51.22117     41.01729    -12.26819
    35.48662     36.95686    -14.48893
    35.48839     36.98345    -14.52733
    23.52161     35.60981    -11.67296
    23.57847     35.63070    -11.70415
    23.28771     35.52034    -11.54555
    43.67668     35.10044    -13.90857
    43.69795     35.17733    -13.83795
    43.69930     35.18626    -13.83668
    48.33817     40.01346    -10.66060
    48.31162     39.97365    -10.66720
    48.24177     39.78070    -10.66292
    48.27102     39.88083    -10.68389
    36.49868     24.92777     -9.02150
    36.49757     24.93065     -8.88686
    36.51329     24.90892     -8.89928
    34.88181     36.17715    -17.25663
    35.09075     36.14412    -17.12604
    35.26292     36.26714    -17.03505
    35.08383     36.14532    -17.12912
    23.12501     36.92588     -9.28581
    23.11896     36.94511     -9.30448
    48.71760     35.46887    -11.68649
    48.60829     35.23256    -11.63341
    48.65218     35.42743    -11.67240
    48.64067     35.39198    -11.66120
    33.53810     38.05891    -17.83102
    33.49460     38.05903    -17.77958
    33.50980     38.04980    -17.82029
    26.78428     38.59428    -12.49262
    26.73119     38.58191    -12.46795
    52.66776     41.32134    -14.08500
    52.68260     41.28648    -14.11101
    52.66005     41.27964    -14.07049
    31.22067     43.73890     -9.68347
    45.56616     42.82826     -7.68496
    40.24641     32.86345    -14.72568
    54.04911     46.23488    -13.46940
    53.87210     45.92161    -13.48713
    53.88214     45.93210    -13.47326
    53.75487     45.68436    -13.48937
    28.61648     39.38075    -11.31272
    28.79260     39.50853    -11.25180
    28.75786     39.52725    -11.30695
    34.39694     31.17558    -10.54638
    31.31666     43.71672     -9.60780
    39.98243     32.57352    -14.55307
    40.73117     27.89520     -8.04597
    59.63588     51.67662    -10.20645
    59.61657     51.57887    -10.23594
    33.45920     37.88288    -17.74899
    33.45211     38.05613    -17.65069
    31.26856     43.58910     -9.49170
    31.31265     43.61882     -9.53413
    48.48117     42.67138     -9.59196
    45.25123     46.31248    -26.59946
    45.27523     46.34245    -26.62001
    45.27418     46.35328    -26.63531
    47.62420     47.50910    -26.54980
    49.89646     37.05406    -12.40243
    49.88817     37.04609    -12.38544
    49.80059     36.97785    -12.36304
    40.35878     33.22736    -14.81250
    40.54087     33.94325    -10.61326
    31.26703     43.76136     -9.60137
    45.58437     42.84343     -7.63456
    29.49036     20.13412    -13.08622
    29.47095     20.19699    -12.97455
    29.42693     20.28285    -12.97652
    29.46476     20.21393    -13.03226
    36.50970     24.93079     -8.84943
    48.35729     35.30894    -11.47889
    48.19866     50.04719    -12.14366
    48.25690     50.02141    -12.03412
    48.15017     50.12803    -12.30292
    42.41690     33.58179    -12.56168
    42.48524     33.78320    -12.32407
    21.42037     23.27741    -11.30307
    33.36104     26.14461    -10.93092
    31.23869     43.65868     -9.60790
    55.03032     50.34169    -13.46166
    54.92108     50.29434    -13.44369
    55.18954     50.61542    -13.37060
    54.93196     50.21299    -13.50003
    45.62355     42.96720     -7.60365
    42.85366     34.41721    -11.24504
    39.25199     32.18090     -8.59328
    51.08000     44.75920    -11.14543
    50.97835     44.75941    -11.09241
    51.20528     44.74931    -11.22633
    51.05775     44.92806    -10.99233
    40.32443     33.08873    -14.81754
    23.18050     36.96236     -9.47492
    45.44033     42.88760     -7.58109
    23.49382     24.81547    -13.58879
    23.48736     24.42635    -13.67583
    23.51804     24.47978    -13.62950
    23.51561     24.49198    -13.64181
    35.49051     20.05017    -13.81028
    47.51356     37.48397    -10.12721
    47.55900     37.66408     -9.78778
    47.55914     37.66627     -9.77880
    47.38828     37.60996     -9.94771
    29.85656     36.41558    -13.56103
    29.85207     36.37901    -13.53689
    41.99014     29.32105     -7.65230
    42.03476     29.39683     -7.68126
    35.45931     20.23308    -13.95091
    26.71912     38.68950    -12.76727
    26.70568     38.65897    -12.67108
    48.87730     42.40609    -10.19823
    48.88040     42.35290    -10.27068
    48.84521     42.37590    -10.28101
    48.84085     42.36718    -10.21631
    35.47396     19.93199    -13.81087
    29.85432     36.38191    -13.45655
    29.89384     36.42560    -13.45564
    29.90180     36.38720    -13.47207
    53.83557     55.46067     -8.47331
    54.19098     55.71170     -8.62832
    53.48314     49.82906    -11.78433
    53.44007     49.78377    -11.82747
    53.53490     49.77194    -11.77768
    43.38925     41.45382     -9.80349
    43.35509     41.45584     -9.75826
    43.37104     41.57004     -9.77690
    52.03922     52.13005     -6.59298
    50.49715     43.94997    -10.87133
    50.55175     44.02731    -10.90367
    42.71346     34.34550    -11.64346
    29.25036     42.73746    -15.52522
    29.25254     42.75744    -15.49668
    51.24970     39.36088    -12.98438
    51.24400     39.08977    -13.09862
    51.25793     39.36443    -12.97782
    26.25578     20.79540    -12.63645
    43.18618     41.39288     -9.61337
    35.50001     20.02808    -13.77250
    35.55251     20.06121    -13.72829
    31.22085     43.66329     -9.55454
    33.05039     26.66080    -10.78612
    25.62874     38.86210    -12.95931
    51.01916     40.73865    -12.21583
    51.01176     40.75894    -12.21107
    42.66404     34.42193    -11.55756
    42.72006     34.43316    -11.65807
    42.67482     34.41665    -11.53869
    43.42714     35.16203    -13.71860
    33.37166     45.44150    -13.43112
    33.73049     26.37038    -20.36257
    33.72376     26.37384    -20.44696
    33.65474     26.39554    -20.38175
    33.76935     26.39010    -20.37808
    31.28932     42.57791    -13.47190
    31.15560     42.50252    -13.56713
    31.15048     42.51047    -13.51791
    31.30510     42.56073    -13.44511
    40.54572     38.33374     -9.28744
    40.19455     37.65555     -9.25826
    41.90275     37.29613    -11.26263
    41.71896     37.50411    -11.10766
    31.35748     43.86531     -9.51278
    31.27176     43.83397     -9.58447
    48.96371     42.45715    -10.10106
    43.79215     35.77509    -13.33328
    43.56148     34.22678     -8.13210
    43.58659     34.21639     -8.15584
    43.61327     34.18819     -8.09939
    58.45761     47.99967    -10.95537
    58.44123     47.84620    -10.99722
    58.48128     48.48470    -10.59370
    52.03369     47.65132    -10.73346
    52.06130     47.63086    -10.77210
    52.07016     47.41529    -10.89274
    48.87418     42.25354    -10.25311
    51.23683     40.94631    -12.32090
    37.73153     32.71810    -12.92420
    51.10238     40.85409    -12.21333
    42.19420     34.61668    -11.57291
    43.14049     35.06401    -13.74396
    42.62352     37.88866     -7.60260
    42.67047     37.90881     -7.68079
    42.66599     37.75370     -7.73238
    43.50896     34.35182     -8.09588
    53.44178     49.87532    -11.91877
    53.39800     49.76692    -11.82460
    43.60727     34.29901     -8.08163
    21.42612     23.02840    -10.73802
    51.55464     44.98107    -11.41697
    32.58908     24.76435    -10.84553
    32.54564     24.66174    -10.93737
    32.57733     24.78035    -10.82800
    32.45705     24.57950    -10.84724
    18.63609     31.25418     -8.70019
    18.62435     31.24460     -8.89772
    35.84390     28.01214    -12.86342
    35.83257     28.03801    -12.83575
    37.51374     32.02388    -11.12005
    37.63566     31.83850    -11.17696
    37.56651     31.96647    -11.19907
    26.49948     20.75416    -12.38126
    26.51697     20.73116    -12.32576
    26.54987     20.76144    -12.40696
    31.93381     42.69513    -12.99469
    45.44683     42.86042     -7.69667
    51.50600     45.61288    -11.09195
    35.49327     20.03845    -13.67662
    42.89592     34.32270    -11.59817
    42.86524     34.32466    -11.61763
    45.68086     42.92062     -7.69471
    53.43313     49.63530    -11.82412
    36.51306     25.20662     -8.78990
    50.37871     44.16410    -10.74027
    45.69560     43.01345     -7.61748
    49.11854     36.00456    -11.92101
    48.95191     35.75681    -11.82901
    35.87989     20.90029    -15.04481
    35.83240     20.79895    -14.88434
    27.48700     38.82015    -11.87428
    33.80502     20.62732    -12.11103
    28.24619     39.17246    -11.67515
    27.94546     38.97432    -11.50787
    41.87706     36.97148    -11.51004
    41.98535     37.00574    -11.66115
    41.86604     36.85208    -11.59794
    42.58615     34.25066    -11.75879
    21.23484     23.30290    -10.71345
    21.29349     23.29943    -10.70432
    21.18097     23.28485    -10.70135
    18.62443     31.28099     -8.49989
    48.39005     49.89099    -11.73194
    26.89801     38.63585    -12.46542
    33.68315     44.96968    -13.01071
    26.48958     38.60101    -12.68521
    53.01781     41.82132    -14.48226
    29.82124     36.38863    -13.83366
    42.73968     34.31916    -11.54448
    42.04912     29.22504     -7.77381
    42.00243     29.29614     -7.73341
    35.31911     36.79758    -14.27868
    35.41639     36.79295    -14.35484
    46.69087     32.80516     -6.86494
    46.67488     32.79431     -6.87550
    46.69720     32.79724     -6.87495
    21.47553     23.07876    -11.16296
    21.43890     23.13684    -11.05903
    26.92944     38.72277    -12.55715
    45.04790     40.69401    -12.95384
    45.02307     40.69300    -13.01717
    44.94377     40.63097    -13.03449
    53.23820     49.52302    -11.89352
    35.50143     19.55177    -13.92243
    35.48215     30.64918    -13.02238
    35.42724     30.83678    -12.90942
    40.63397     34.05996    -10.60613
    40.50609     34.19720    -10.43997
    40.57668     34.05818    -10.54972
    42.70140     37.88276     -7.78465
    48.84602     42.06882    -10.35516
    48.89609     42.16417    -10.35274
    24.16006     34.04423    -14.12874
    29.98816     36.49465    -13.49081
    30.02257     36.40364    -13.40358
    52.18083     52.19198     -7.34469
    35.60733     20.40809    -13.96327
    48.42049     49.92370    -11.60567
    48.59331     49.74863    -11.26958
    48.40723     49.87099    -11.64790
    30.96793     36.11705    -12.62496
    41.99921     28.94450     -7.81256
    41.97923     28.99233     -7.76397
    51.14651     45.25089    -11.25058
    51.40810     45.24042    -11.28452
    51.41965     45.22867    -11.31913
    51.35880     45.21452    -11.15439
    50.01024     57.39108    -24.77145
    50.28144     57.25562    -24.99980
    50.12692     57.62087    -24.62000
    50.23404     57.24505    -24.98174
    19.46331     28.23450     -8.13924
    19.43169     28.24685     -8.17211
    19.91759     28.22582     -8.35975
    35.03507     30.49942    -10.51033
    41.82126     29.55988     -7.44383
    35.49349     20.11203    -13.60490
    25.51892     22.36247    -13.15720
    25.55770     22.14556    -13.04669
    42.76156     38.00495     -7.84464
    42.69851     37.91068     -7.87727
    34.40272     47.44839    -11.92755
    29.86853     19.80526    -12.83469
    29.82715     19.83906    -12.97593
    43.65559     34.99140    -13.86865
    41.95473     39.77424    -10.00105
    37.19332     28.30613    -21.91371
    47.65435     34.36628     -7.71375
    47.74197     34.67766     -7.55514
    47.69918     34.67429     -7.61503
    47.66953     34.49610     -7.62421
    32.75079     25.26826    -10.75123
    29.14890     20.52440    -12.70636
    53.77107     55.33537     -8.40878
    37.63859     31.62064    -11.06048
    37.62113     31.77818    -11.08546
    26.65806     38.62405    -12.62853
    53.44351     54.95389     -8.18752
    53.55984     55.11402     -8.28925
    53.50495     54.99281     -8.16916
    53.46899     54.99588     -8.08310
    42.01231     39.77135     -9.93753
    41.94504     39.67656    -10.00784
    41.94031     39.68076     -9.88332
    36.55838     25.10822     -9.02679
    40.64604     28.04096     -8.03185
    40.70134     27.69451     -7.57862
    40.54860     38.45990    -19.46670
    35.45156     20.14844    -13.66402
    38.09099     41.18674    -18.46675
    38.03688     41.16192    -18.54700
    37.89680     40.92992    -18.77739
    38.17276     41.24447    -18.42919
    52.03726     41.11656    -13.22133
    42.01777     28.84644     -7.95482
    41.69420     28.76219     -7.96484
    49.27775     43.56164    -13.13246
    49.46434     44.31122    -13.04299
    49.23663     44.17937    -12.89310
    49.29991     44.03075    -13.00166
    35.66876     30.83457    -12.78754
    35.78274     31.11597    -12.62533
    31.09580     43.26960     -9.66623
    31.14022     43.36923     -9.59458
    30.95631     42.53318    -13.59024
    29.16526     33.83074    -11.70464
    29.17166     33.73261    -11.64614
    29.07651     34.01208    -11.77349
    50.27423     44.13662    -10.67681
    50.33634     44.22246    -10.65003
    50.16808     44.21904    -10.62925
    59.43988     51.77131     -9.57595
    50.39786     43.84602    -10.80415
    35.78552     28.27101    -12.98896
    35.80443     28.26382    -12.96849
    52.39630     52.02928     -7.29892
    26.52139     38.53812    -12.60528
    48.84929     42.31409    -15.16628
    48.69617     42.38709    -15.22529
    48.84890     42.23070    -15.19506
    49.02046     42.14189    -15.06001
    41.93340     28.86281    -13.83705
    41.94035     28.99173    -13.74928
    41.92924     28.90145    -13.83903
    38.70151     31.96810     -7.99766
    38.80553     32.01060     -8.07350
    26.17435     20.85326    -12.76125
    45.99555     43.07252     -7.64890
    26.48803     20.82631    -11.83737
    59.83488     52.11589    -10.57149
    42.63776     37.98551     -7.30754
    35.76381     28.23555    -13.21199
    35.43760     27.96521    -14.21162
    36.94194     27.43059    -21.88577
    36.78887     27.32613    -21.82878
    36.91281     27.44817    -21.91199
    37.00667     27.64701    -21.91369
    38.06468     28.19964    -15.11701
    38.51843     27.86662    -15.36781
    34.75591     31.14726    -13.39249
    18.76794     31.05955     -9.08226
    18.82199     31.00220     -9.32358
    41.91389     37.19811    -11.34019
    26.92669     38.73760    -12.63750
    26.21437     38.78724    -12.83030
    23.04307     36.62376     -9.38524
    33.12740     45.01833    -13.22803
    32.99186     45.00790    -13.21438
    33.00544     45.07746    -13.28072
    34.16726     45.05015    -13.07733
    34.07241     45.09147    -13.13854
    34.34213     45.14042    -13.21851
    50.38982     43.82946    -10.85551
    27.32247     38.76763    -12.06102
    59.62214     51.87306    -10.00969
    59.72182     51.96504    -10.28296
    59.66896     51.84066    -10.14470
    52.16280     52.18101     -6.90997
    52.20900     52.21361     -7.04496
    37.49768     32.52660    -11.86805
    35.76842     27.97333    -12.58403
    35.95434     27.70862    -12.65696
    43.20219     28.48512    -13.70384
    36.46638     25.08855     -8.89565
    35.46904     19.06361    -14.17996
    42.73312     34.25269    -11.60666
    26.63658     38.50293    -12.59462
    55.91670     63.89846    -21.53718
    50.68272     44.41428    -10.94085
    29.62733     19.99924    -13.00106
    36.46769     25.10540     -8.79128
    43.34400     34.51470     -7.95560
    34.81614     46.07452     -9.30075
    34.89603     46.14490     -9.32708
    34.94247     46.08070     -9.23929
    51.84749     52.23771     -8.74975
    51.79979     52.32453     -8.62920
    42.54893     41.89740     -9.25407
    42.78232     41.71875     -9.42232
    33.56996     26.12470     -8.58183
    33.55804     26.18319     -8.63696
    33.56885     25.97931     -8.61305
    33.70286     25.85265     -8.64375
    42.21090     29.80671     -7.65289
    42.18651     29.65735     -7.70397
    41.08241     27.36260     -8.16073
    40.92524     27.28607     -8.18882
    41.18991     27.24990     -8.26880
    24.23011     33.41240    -13.94745
    24.11244     33.08551    -13.92596
    41.52261     36.00919    -11.88067
    43.00203     41.62479     -9.54094
    31.94338     21.70633    -11.47066
    31.80602     21.43910    -11.89739
    31.93798     21.73724    -11.45180
    26.37353     38.39727    -12.59059
    38.24630     32.21230    -20.20066
    38.26524     31.95184    -20.00496
    38.35289     32.20130    -20.25064
    38.27891     31.68908    -19.74972
    42.41503     38.03189     -6.43474
    42.39342     38.08855     -6.57384
    42.37193     37.99822     -6.36042
    49.93384     43.58140    -10.53929
    41.82339     39.74880    -10.02402
    17.30715     26.24081     -8.92558
    17.32054     26.23300     -8.87402
    18.22420     26.13560    -10.30060
    17.16741     26.27111     -9.15488
    50.23301     43.88024    -10.62324
    50.33679     43.94903    -10.70174
    33.01188     44.84690    -12.95074
    27.60050     32.67590    -17.18070
    42.53631     33.99527    -11.99309
    51.43537     41.28417    -12.46564
    51.39158     41.19541    -12.34661
    24.35393     33.39300    -13.96913
    24.59282     33.55328    -13.97977
    24.38155     33.63852    -14.00620
    52.30473     52.31659     -7.20690
    52.30766     52.20011     -7.13218
    50.54931     43.66900    -11.05305
    18.66487     31.35945     -8.23703
    18.73388     31.28236     -8.07738
    41.36691     29.41961    -16.76227
    41.49066     29.58861    -16.59078
    41.37701     29.41297    -16.73727
    50.38693     44.01459    -10.83922
    42.15539     29.43657     -7.92294
    20.39961     23.54130     -9.89333
    36.14570     48.99838     -8.41566
    52.70625     52.01185     -7.36768
    52.77584     51.83574     -7.43313
    52.60550     51.99754     -7.40906
    52.64932     51.95200     -7.52278
    60.86318     54.61550    -24.07244
    60.88582     54.62720    -24.13616
    28.68464     34.97334    -11.56259
    28.88045     34.40587    -11.80825
    52.23782     52.13936     -7.17711
    43.92690     43.35860    -25.81570
    40.60813     32.07259    -11.87011
    40.39157     32.30475    -11.68663
    40.81358     32.10323    -11.89768
    42.00081     37.19543     -7.95111
    36.50253     25.23629     -8.92854
    36.47159     29.27709     -9.67368
    36.48956     29.31833     -9.60414
    36.55930     29.33538     -9.74520
    20.96121     23.36878    -10.37135
    20.99743     23.27856    -10.31843
    18.98613     31.11139     -7.09936
    46.81128     39.26222    -14.46003
    46.99720     39.32187    -14.55700
    51.18229     40.84564    -12.32965
    50.85792     44.42950    -11.09340
    37.85639     32.67517    -13.16898
    37.82008     32.66766    -13.04692
    32.66704     45.32019    -13.74669
    21.45210     23.03239    -10.75141
    20.41406     23.57825     -9.88218
    20.19804     23.29260     -9.58289
    20.12938     23.53571     -9.67013
    20.14763     23.41752     -9.47585
    20.19391     23.46358     -9.43676
    39.97022     38.97465     -8.78572
    40.00863     38.95180     -8.79965
    40.56823     38.60164     -9.22887
    39.05390     32.16977     -8.44337
    33.33002     44.86625    -12.89846
    20.26036     24.03464    -10.20929
    18.74602     28.38714     -8.47652
    35.50847     46.56171     -9.65265
    35.51969     46.53232     -9.44213
    36.31204     47.52064     -9.76996
    36.46091     47.79185     -9.71172
    36.42993     47.93982     -9.56454
    42.75510     39.53948     -6.52386
    42.61626     38.88583     -6.50032
    36.04399     29.04840     -9.96091
    36.07827     28.96705     -9.99630
    35.98141     29.17203    -10.05844
    35.79596     29.10027    -10.19826
    28.40183     39.25639    -11.41059
    40.86959     27.64291     -8.00569
    57.03611     65.48875    -23.83520
    57.07875     65.49078    -23.73737
    56.83440     65.42596    -23.95556
    21.46663     23.94832    -11.44018
    42.54795     38.06285     -6.97194
    35.52304     30.64526    -12.94386
    43.20504     41.49024     -9.60119
    41.94206     54.05291    -10.56096
    42.00128     53.99445    -10.60457
    42.01751     54.06333    -10.70700
    53.04878     43.58849    -13.54323
    52.92463     43.63213    -13.09989
    52.92955     43.42654    -13.47142
    53.14534     43.77745    -13.61387
    40.95284     27.55401     -8.29374
    40.97964     27.41583     -8.15142
    42.39857     33.50619    -12.70440
    35.27852     46.35650     -9.26028
    20.51904     23.31708     -9.95191
    17.44333     27.14691     -5.66443
    17.52724     27.14706     -5.89280
    17.41922     27.10878     -5.77042
    17.68970     27.03609     -5.89010
    38.82044     31.53460    -14.56343
    39.02669     31.56303    -14.49723
    38.88438     31.33283    -14.57030
    39.17209     31.77211    -14.49576
    33.60865     47.47422    -11.80671
    33.87801     47.55076    -11.84282
    52.13902     52.26630     -7.57827
    34.85493     46.14265     -9.73160
    50.72091     43.16268    -11.28055
    47.71473     39.55037    -14.69883
    47.92685     39.66082    -14.66339
    48.27861     39.60894    -14.73100
    45.45890     39.36025     -6.95414
    45.55621     39.52905     -6.87676
    45.57064     39.60437     -6.84546
    28.61980     25.17028    -13.61586
    28.50702     25.10125    -13.85146
    28.08980     24.34570    -15.65960
    28.51914     25.10676    -13.77189
    44.98577     37.61298    -13.05693
    45.10961     37.83867    -13.17968
    51.24683     40.75342    -12.24390
    35.83936     29.03696    -13.35887
    41.57203     29.04099    -14.25704
    41.62153     29.01840    -14.45181
    34.17417     47.79783    -11.73086
    34.05746     47.78573    -11.76661
    34.15459     47.95276    -11.58849
    37.91577     49.33766    -12.05638
    39.09440     32.16772     -8.34861
    42.60509     28.56342    -11.18522
    42.51843     28.24909    -11.32302
    42.38144     30.14284     -7.79237
    37.89704     44.13674    -23.53382
    37.90256     44.15316    -23.54248
    45.00790     40.64517    -13.25621
    44.77304     40.66143    -13.22514
    22.95336     23.19218    -12.56302
    23.26581     23.61543    -12.97306
    22.98720     23.18530    -12.51592
    23.20439     23.22133    -12.56789
    21.64153     22.88499    -10.35731
    40.71644     31.38864     -7.66158
    40.72006     31.38616     -7.66952
    47.11852     39.40547    -14.55846
    42.56946     33.18567    -13.14731
    46.74103     38.92185    -14.60949
    46.90192     38.64613    -14.82020
    35.33711     30.95100    -13.09928
    35.28717     30.90701    -13.03972
    33.22427     26.29707     -8.20451
    58.35732     48.74011     -9.75348
    58.45950     48.72525    -10.19373
    41.64057     53.80798    -10.31822
    41.59223     54.12282    -10.16671
    49.79440     54.26780    -26.21010
    38.68797     32.24840     -8.23308
    33.96025     46.10094     -9.13863
    30.91525     42.09805    -13.73824
    17.33514     28.15037     -8.34392
    51.13824     40.64735    -12.32515
    23.99402     32.47024    -14.00428
    37.42915     28.77775    -14.69279
    33.14009     44.69443    -12.58232
    31.37637     34.23975    -16.27672
    31.42300     34.38175    -16.19336
    31.42294     34.25022    -16.38190
    31.50677     34.24422    -15.89679
    52.04033     47.04720    -11.09330
    52.15470     38.42500    -10.76880
    21.38033     23.52687    -11.09117
    21.42182     23.63013    -11.27470
    21.34862     23.46337    -11.26578
    17.76450     26.43448     -5.63536
    17.83742     26.59242     -6.03609
    41.40288     27.66141     -8.22959
    41.41720     27.54993     -8.21185
    42.52010     34.13620    -11.77968
    41.95063     26.94012     -8.77639
    42.31515     26.71691     -9.11056
    41.99626     26.88462     -8.76679
    39.88361     53.51135    -11.74497
    51.60072     51.40107     -7.34866
    32.48827     42.67191    -11.76053
    37.69484     49.47890    -13.51300
    37.72023     49.45684    -13.64993
    37.70823     49.40037    -12.99791
    40.22536     27.98803     -7.11713
    39.98803     27.69736     -6.63443
    40.15067     27.97123     -6.79075
    33.67867     25.54432     -8.97959
    51.99281     52.29260     -7.80215
    52.05108     52.17329     -8.06417
    51.92909     52.35416     -8.07142
    36.01936     47.15332     -9.67201
    40.43703     33.57957    -11.02615
    40.31834     33.75274    -10.75709
    40.49675     33.74621    -10.75242
    42.44455     28.49555    -11.90289
    58.66301     56.38148    -10.31332
    58.81508     56.34261    -10.30366
    57.84320     56.62030     -7.86500
    58.73500     56.37731    -10.33884
    51.31609     40.66322    -12.48819
    21.63129     23.27296    -11.63341
    43.96531     36.20211     -8.29993
    43.78155     36.23762     -8.28530
    44.54980     36.54167     -8.46587
    43.87088     36.25087     -8.37102
    31.64338     45.97350    -14.88573
    31.94184     45.78359    -14.50114
    32.22769     45.71052    -14.33927
    39.56361     53.65757    -11.66062
    39.63750     53.88269    -11.43922
    39.52515     53.68444    -11.41336
    39.49743     53.75120    -11.67726
    40.12915     54.71864    -10.11115
    39.91682     54.45750    -10.39737
    40.03016     54.56888    -10.03656
    40.01780     54.74415    -10.42857
    30.90550     42.67882     -9.79437
    29.87085     35.69305    -15.58901
    30.07376     35.87319    -15.42773
    36.70324     25.47511     -8.98398
    51.12380     41.97430    -14.62060
    38.82939     29.49555     -9.78386
    38.64172     29.50486     -9.66920
    43.87240     46.62340    -23.87660
    40.47941     33.22385    -11.15063
    33.37151     37.02947    -15.45504
    34.33584     47.41768    -11.98041
    35.10709     46.24039     -9.46083
    52.09864     51.96190     -9.15240
    51.82623     52.18789     -9.02533
    51.84514     52.09625     -8.98138
    38.48747     29.60311     -9.79497
    40.26897     27.91444     -7.20371
    31.65558     35.84671    -15.41164
    31.67897     35.85000    -15.37779
    31.41454     35.70239    -15.56416
    34.51110     24.52160    -19.07710
    38.96083     36.25519     -8.37953
    38.84314     36.12331     -8.24943
    38.87687     36.03284     -8.27491
    27.87445     38.94321    -11.69961
    31.42610     37.57310    -15.99920
    33.51780     44.95985    -13.13085
    18.20158     25.95678     -6.80754
    35.83849     49.54491     -7.77927
    35.41234     49.63493     -6.83796
    37.70199     21.23823    -17.09710
    37.72151     21.21917    -17.10260
    40.45126     32.45920    -11.57295
    47.42816     43.44140     -8.12894
    47.48477     43.59346     -8.29064
    47.48101     43.36276     -8.35806
    52.82908     44.01144    -12.28698
    43.62196     34.75309     -8.18708
    25.95470     20.91575    -10.58268
    25.98706     20.95989    -10.64922
    26.27316     20.91240    -11.00439
    32.58608     22.37694     -9.99221
    32.63236     22.30218    -10.13140
    32.38632     22.07483    -10.76213
    32.82399     26.61539     -7.44526
    40.39785     32.89458    -11.41163
    40.48819     54.68906     -9.74964
    43.09682     41.06196    -13.62476
    43.52535     40.99343    -13.54114
    51.30957     41.75383    -12.16207
    40.74605     54.65285     -8.92481
    40.79768     54.60461     -9.21849
    40.68026     54.73978     -9.12807
    19.89267     22.56279     -7.69719
    19.89465     22.48990     -7.62531
    19.87745     22.73384     -8.22356
    36.11270     45.26220    -17.48320
    36.12939     19.69724    -13.52973
    59.68608     54.35348    -21.17331
    59.75827     54.29897    -21.51935
    59.65401     54.53118    -20.76780
    45.47530     58.13070    -13.98000
    45.91574     59.34018    -16.49334
    45.88846     59.29852    -16.49476
    46.31780     59.10500    -13.12020
    42.68220     38.61934    -12.68220
    42.88593     38.43275    -12.41703
    52.33698     47.15901    -11.52691
    47.54622     39.20807    -14.79933
    42.69408     32.66171    -14.09032
    42.65720     33.04654    -13.53246
    41.50397     39.23264     -9.83460
    42.78202     30.86374     -7.95957
    42.88643     31.40900     -8.03536
    42.97477     31.28414     -8.12301
    41.54608     30.77140    -14.77806
    41.57372     30.76790    -14.76094
    39.06360     53.39434    -11.02761
    34.95460     29.07880    -16.89440
    48.88296     48.35110    -15.76298
    50.21050     49.60490    -15.33280
    48.86434     48.32890    -15.74342
    22.94500     35.08720    -11.21287
    22.96730     35.16130    -11.04279
    23.05489     35.41331    -11.25796
    35.07993     32.87733     -7.43536
    35.22317     32.66425     -7.47605
    35.43270     32.38721     -7.75571
    34.93421     32.72868     -7.36588
    52.05764     51.93825     -7.30109
    55.90230     62.32160    -24.12560
    40.83170     33.77216    -11.07993
    52.98610     52.04731     -7.71011
    26.76010     18.81160     -7.32450
    34.03982     44.43011    -10.17859
    34.27065     45.06882    -10.36449
    34.07815     44.47620    -10.18403
    18.88033     27.94092     -7.19362
    17.80261     28.25004     -8.45283
    22.14597     25.93713    -11.76889
    21.88169     25.48840    -11.67019
    22.15358     25.95178    -11.91711
    22.42168     26.07977    -12.22485
    47.57086     45.24971     -8.90495
    47.44717     44.80137     -8.85359
    51.57438     58.17033    -19.05168
    49.95997     57.86536    -20.74166
    49.84883     57.81284    -20.67274
    51.59112     58.20487    -18.95212
    41.98527     38.81888    -13.45228
    41.64572     38.85285    -13.65567
    47.69555     43.51620     -8.48041
    47.86792     43.23766     -8.41439
    42.33368     28.60712    -13.26652
    42.37419     28.64176    -13.43666
    33.20471     32.29757     -7.29434
    33.43228     32.43993     -7.36405
    33.22276     32.46538     -7.50575
    56.54036     65.33975    -22.97741
    39.40110     40.90210     -9.53460
    20.40733     23.66533     -9.55207
    32.58410     28.10750    -21.45320
    51.83429     46.21896    -11.28421
    51.88938     46.35976    -11.39775
    32.46250     22.66190    -12.75660
    17.84450     26.86119     -6.21097
    47.23075     34.81003    -10.56770
    26.77284     38.18757    -10.30486
    38.68130     32.36455    -13.83636
    44.20193     36.31256    -12.55716
    44.12711     36.33882    -12.56414
    44.18135     36.46447    -12.73964
    36.16991     21.14427    -22.23294
    36.22629     21.11973    -22.26086
    27.82642     38.93063    -12.63751
    30.08269     41.85389    -10.05094
    30.57756     42.28921     -9.85056
    33.09212     46.00670     -8.98897
    33.04253     46.06431     -8.93240
    32.68552     45.44538     -8.96545
    25.77425     21.49498    -12.81986
    49.97768     44.79887    -10.47684
    49.30850     34.94780     -9.39048
    54.89120     46.72091    -14.35708
    17.86890     33.31230     -3.54400
    35.66055     28.63575    -10.34552
    35.70305     28.50650    -10.47295
    22.71700     35.56113    -10.36583
    34.43110     43.09450    -20.58980
    56.27390     53.54740    -12.86100
    42.11965     30.83145    -16.63029
    41.41570     53.02850     -7.48610
    42.15893     32.56786     -7.57866
    41.91727     32.79083     -7.49036
    36.26807     28.77890    -18.61430
    29.09835     27.24588    -12.62091
    29.19475     27.29662    -12.60439
    53.30092     51.90902     -8.10723
    27.24886     38.52240    -11.01730
    48.13980     62.62900    -16.83150
    50.58126     44.96283    -10.79031
    23.15820     21.42410     -5.53430
    52.47403     51.58687     -9.65198
    48.99844     56.71206    -23.45535
    37.54256     29.67647    -10.52445
    36.51050     41.11700    -17.67680
    42.46814     31.33402    -16.80560
    20.12452     29.93987     -9.79081
    19.46712     30.36998     -9.69339
    42.43369     56.88635    -10.02201
    42.62507     57.03889     -9.91648
    42.92794     57.30058     -9.62164
    52.64048     44.18760    -12.15288
    32.92675     46.50357    -11.41475
    33.05787     46.95585    -11.73317
    36.76268     34.16948    -12.07471
    36.84876     33.93920    -12.04846
    37.74020     26.79073     -8.63211
    18.57022     25.24337     -7.62292
    54.46221     46.71838    -13.53745
    54.16514     46.82272    -13.24325
    54.49124     46.68040    -13.74960
    41.25657     31.80933    -12.37606
    41.58694     31.98933    -11.83261
    38.30370     23.94830     -8.91820
    34.85504     23.56603    -10.29938
    35.12701     23.69063    -10.36976
    14.99801     27.42495    -12.88356
    15.06257     27.57062    -12.66311
    15.06023     27.56350    -12.77617
    29.78935     43.55968    -13.11693
    29.71872     43.76673    -13.34279
    29.86039     43.50375    -13.35398
    34.02573     43.03837    -17.36964
    34.02907     43.02973    -17.40106
    49.17790     57.09096    -23.32492
    49.55468     57.45513    -23.76105
    47.04376     34.59570    -10.30470
    56.67740     60.55160     -9.56270
    54.86480     59.73460     -8.00220
    27.69900     39.58950     -6.07220
    29.21059     42.17796     -7.35139
    29.36171     42.16994     -7.19151
    22.37170     22.43420    -14.22210
    44.98866     43.09400    -10.69049
    45.15178     43.10067    -10.75423
    31.65200     37.81280    -17.97280
    18.17360     26.44880    -13.23670
    40.33753     33.50806    -11.33136
    47.70320     45.95270    -14.10210
    20.31729     24.36313    -10.40824
    20.32905     24.68632    -10.82779
    38.01214     26.92651     -8.31622
    50.06556     45.54224    -10.78377
    49.91560     45.16057    -10.46396
    25.84970     37.40030     -8.33290
    45.03790     49.15630    -27.34960
    59.59970     51.27030    -15.21760
    58.90550     50.36640    -17.29480
    38.01821     29.57332     -9.00637
    37.69454     29.52615     -9.43343
    42.79090     38.10068    -12.30002
    52.98903     48.33493    -12.10802
    24.69036     20.60945    -14.51019
    45.30663     43.01314    -10.62423
    18.05012     27.40064     -6.38788
    26.71257     38.08819    -10.26438
    29.89900     39.27480    -15.11640
    44.85030     47.70500     -5.77110
    46.61479     46.33972     -6.55100
    46.61531     46.31318     -6.55660
    18.52490     27.53219     -6.67270
    57.78140     45.95380    -19.94950
    32.02910     31.05970     -8.60630
    48.53230     48.02960    -14.10150
    30.83413     30.05188     -7.71519
    30.90397     30.06942     -7.69361
    56.12880     66.11570    -20.89740
    38.18386     49.36973    -11.30880
    33.30580     17.84170    -15.31120
    32.17779     26.49789    -10.78282
    31.87871     26.56074    -10.90829
    46.13670     37.40622     -9.73175
    56.69980     52.80560     -9.72560
