    36.02510     21.07794    -15.74938
    57.26030     47.88965    -16.79058
    57.02540     47.94715    -16.73172
    51.99103     47.14468    -10.84241
    36.01866     21.08123    -15.77693
    41.94220     29.46836     -7.51383
    41.89126     29.60468     -7.46419
    41.96113     29.57522     -7.40080
    52.62932     41.18276    -14.03112
    55.82623     65.11217    -22.51012
    53.74192     55.68186     -8.66026
    53.76137     55.58273     -8.66001
    35.99194     21.09831    -15.29631
    55.81243     57.28017     -9.94314
    55.82193     57.28096     -9.77500
    55.82540     57.28968     -9.75088
    55.83241     57.30429     -9.77040
    26.43158     20.66952    -12.65630
    42.57559     34.30788    -11.85084
    48.54290     42.44560    -10.27410
    48.70398     42.46108    -10.25189
    48.55693     42.46200    -10.25220
    40.38770     33.52221    -14.84916
    26.41392     20.65606    -12.69726
    26.44609     20.66519    -12.71698
    26.45365     20.67634    -12.59810
    35.47759     20.17657    -13.75052
    27.02987     38.63622    -12.41174
    26.91774     38.58956    -12.43221
    26.84109     38.59490    -12.39865
    36.03813     21.09255    -15.65513
    36.03254     21.06756    -15.69750
    36.02750     21.10207    -15.64742
    33.51458     25.97219    -10.89092
    33.57051     26.03521    -10.89918
    33.49559     26.11178    -10.91707
    51.49035     49.80153     -9.63688
    51.48705     49.73599     -9.99917
    51.48919     49.74808     -9.84695
    26.38305     20.65998    -12.83725
    43.40094     35.18778    -13.63584
    43.05866     28.57798    -10.53587
    36.05302     21.14873    -15.77401
    55.72003     64.72061    -22.40137
    55.72715     64.72982    -22.40537
    55.69486     64.59556    -22.35184
    55.68620     64.58739    -22.27700
    43.03431     31.39968     -8.16731
    40.26981     32.60638    -14.47776
    51.82616     52.41939     -8.45275
    30.39011     32.10110    -16.16805
    30.29563     32.15342    -16.12233
    30.29927     32.14489    -16.10872
    30.31987     32.14446    -16.10882
    35.47634     20.23433    -13.82924
    35.48294     20.18929    -13.78781
    34.46969     31.12956    -10.65220
    34.48863     31.08932    -10.45901
    34.42900     31.11499    -10.54687
    34.44332     31.10614    -10.52472
    52.04312     52.23940     -7.39620
    55.71017     56.19009    -14.41613
    55.71733     56.30107    -14.53116
    55.72828     56.23689    -14.48473
    42.88044     28.68746    -10.41272
    42.95210     28.63165    -10.27365
    42.89540     28.65102    -10.29983
    42.89735     28.69282    -10.34688
    26.50846     20.71840    -12.50100
    26.52789     20.69291    -12.53865
    26.54635     20.69668    -12.48542
    54.87891     50.21558    -13.47191
    34.38094     31.20783    -10.30382
    33.58192     25.94560    -10.91899
    33.36635     25.64280    -10.81992
    37.66953     31.38498    -11.01633
    35.71594     20.62550    -14.01043
    35.90202     20.95783    -14.94008
    35.86119     20.85617    -14.79561
    33.57786     38.07188    -17.84475
    50.59011     43.97444    -10.93609
    39.39524     32.21036     -9.24477
    39.61437     31.93527     -9.20080
    42.37125     28.62424    -11.90716
    26.40789     20.63664    -12.74938
    40.33342     32.97710    -11.36841
    40.36025     32.54663    -11.35388
    51.49022     49.70491    -10.10605
    40.40653     32.94909    -14.79309
    43.72068     35.22669    -13.92134
    40.51559     34.49785    -10.20694
    40.72523     34.29915    -10.29476
    26.42769     20.66020    -12.82942
    43.15200     28.46063     -9.94083
    43.14821     28.35228     -9.78609
    43.09071     28.45245     -9.79211
    60.73120     54.54730    -23.70100
    42.96830     28.66629    -10.20037
    35.44831     20.03332    -13.82026
    35.47034     19.98739    -13.73256
    38.96664     32.19847     -8.50159
    39.44209     32.24087     -8.86235
    55.72302     64.60048    -22.54433
    49.75011     36.79065    -12.31937
    49.72542     36.77150    -12.30298
    49.61283     36.63630    -12.14039
    59.56364     51.38611    -10.33254
    59.48920     50.94556    -10.46575
    42.72432     37.68786     -7.56514
    26.74549     38.66176    -12.69711
    29.32153     20.42596    -13.14458
    29.34428     20.51043    -13.13847
    29.32586     20.44921    -13.21608
    33.45645     20.26318    -12.72526
    33.40158     20.30444    -12.72973
    33.44173     20.29968    -12.72350
    33.61627     20.41922    -12.64644
    42.74256     34.63432    -11.47755
    26.98642     38.85062    -12.76921
    53.62406     55.43411     -8.64596
    35.41924     19.81343    -13.85661
    31.09765     42.58733    -13.49482
    42.77483     34.64476    -11.40436
    35.50850     36.94627    -14.55406
    35.52438     36.92702    -14.57587
    51.20812     44.74735    -11.33109
    42.85658     34.42914    -11.43988
    42.30238     33.44860    -12.73572
    42.31991     33.52831    -12.71141
    42.27723     33.43995    -12.80736
    52.65877     41.26409    -14.07742
    52.67112     41.18837    -14.11425
    52.81645     41.48610    -14.28653
    35.41190     20.22135    -13.51099
    31.22918     43.99698     -9.68496
    26.32418     20.63875    -12.81343
    43.83175     35.23076    -13.91231
    43.83469     35.24508    -13.91172
    18.57487     31.22623     -9.21438
    43.74835     41.27691    -10.27057
    40.64563     33.86653    -10.50678
    33.98334     44.92559    -12.73162
    33.29265     44.54168    -12.01719
    33.39108     44.82994    -12.65837
    45.37977     46.48803    -26.72961
    45.37353     46.51157    -26.76599
    47.62420     47.50910    -26.54980
    40.48812     33.06918    -14.78183
    40.41171     33.00413    -14.80298
    40.43875     32.99417    -14.87979
    32.55124     24.74360    -10.81723
    49.83256     36.94339    -12.34678
    20.00251     23.51352     -9.31780
    51.24100     39.24599    -13.04272
    48.56891     34.97286    -11.60828
    42.00686     36.94561    -11.50115
    48.11007     50.08881    -12.31945
    48.18851     50.08160    -12.19916
    48.03308     50.25596    -12.61764
    23.61798     35.70869    -11.77571
    23.70685     35.72855    -11.81395
    23.09622     37.03722     -9.10893
    23.05946     37.01939     -9.11646
    23.07514     37.09279     -9.06426
    59.70448     52.16756    -10.21046
    35.55339     20.05765    -13.68006
    40.33200     32.86295    -14.70468
    21.27815     23.35219    -10.63502
    24.17750     35.75250    -11.94099
    35.36956     20.15517    -13.86653
    48.34011     40.05937    -10.66490
    48.17352     39.59420    -10.65287
    48.24187     39.83600    -10.70809
    40.70273     34.17647    -10.31555
    40.81156     34.26123    -10.35121
    50.50027     43.85545    -10.86031
    47.62655     37.79601     -9.55684
    47.62573     37.79787     -9.53993
    47.57434     37.82907     -9.80761
    42.55603     28.77505    -11.01122
    42.48526     28.72780    -11.20662
    42.61015     28.75770    -11.06659
    40.32047     33.20280    -14.87457
    48.76064     35.48538    -11.69471
    48.62201     35.40786    -11.67596
    48.60549     35.33034    -11.65423
    48.40591     40.15463    -10.64787
    42.99305     34.52688    -10.78122
    37.31123     28.76659    -21.90414
    36.62161     24.48323     -8.77391
    21.47801     23.60632    -11.08075
    26.70516     20.76531    -13.14316
    20.30105     23.62247     -9.89867
    40.71352     31.39063     -7.65516
    40.72298     31.38417     -7.67594
    45.34583     43.08300     -7.64110
    42.74151     37.79254     -7.65917
    31.15477     43.84999     -9.88530
    31.15549     43.82059     -9.83000
    53.77411     45.86239    -13.47559
    53.73199     45.72232    -13.49653
    53.75091     45.73563    -13.46165
    53.70454     45.65753    -13.45164
    31.72498     35.89147    -15.37305
    31.77737     35.89565    -15.29181
    51.17558     40.93361    -12.31904
    34.44191     45.01801    -12.78939
    34.38744     45.04175    -12.85945
    35.00646     36.11387    -17.29419
    37.27952     29.99588    -10.32155
    51.13607     41.09157    -12.18033
    26.69996     38.70750    -12.87538
    26.80523     38.72589    -12.80225
    35.94001     21.01433    -15.89633
    35.98978     20.91357    -15.95669
    42.67949     37.85602     -7.50890
    42.69630     37.85929     -7.54412
    42.91500     31.80250    -17.05960
    35.39306     36.91578    -14.55581
    50.93365     40.81937    -12.14715
    51.18422     41.29459    -12.07472
    45.34713     43.12719     -7.53738
    45.41062     43.09921     -7.57726
    48.36028     35.34294    -11.50690
    31.24625     43.87608     -9.72018
    21.56514     22.81079    -11.33028
    21.49642     23.14243    -11.52954
    37.48690     32.48144    -11.60884
    43.76745     41.27529    -10.32453
    35.59249     37.05538    -14.59503
    35.54107     37.02999    -14.57360
    35.56982     37.10257    -14.65772
    42.73023     37.91321     -7.39568
    41.86653     36.63885    -11.76469
    36.58139     24.44787     -8.85151
    36.61164     24.41543     -8.87254
    26.80468     38.51697    -12.46822
    46.99550     34.16610     -9.91470
    34.19531     31.33898    -10.58553
    18.70143     31.11469     -9.36011
    18.56036     31.27702     -9.32587
    34.77712     45.87874     -9.31141
    41.88042     29.21735     -7.53228
    41.96548     29.35924     -7.60006
    49.88630     45.99778    -11.44977
    23.57132     24.89646    -13.63126
    51.99513     52.18677     -6.60737
    52.10852     52.22765     -6.78975
    26.58940     38.60213    -12.76218
    41.97412     28.76775     -7.74626
    51.96538     52.35622     -7.68948
    51.82343     52.40787     -7.88475
    33.55530     38.12384    -17.97387
    31.40112     43.61502     -9.55534
    33.42212     26.26951    -11.04418
    27.60050     32.67590    -17.18070
    41.20670     27.12722     -8.18348
    40.99445     27.24913     -8.17656
    52.74384     51.79270     -7.34589
    49.66860     57.84150    -23.36600
    34.69810     33.59550    -16.31990
    51.26229     39.24955    -13.02802
    21.49471     22.95949    -11.12398
    29.87947     36.44930    -13.37247
    41.31958     29.38284    -16.87101
    43.72273     35.30196    -13.84100
    31.28105     43.76358     -9.69361
    31.38623     43.77453     -9.73776
    33.58570     38.14460    -18.06917
    33.63581     38.16351    -18.00499
    23.15481     36.92200     -9.27907
    23.13691     36.97037     -9.32622
    41.60531     28.65642     -8.06189
    49.75660     44.50373    -10.31944
    27.39940     38.77162    -11.94911
    27.86772     38.85430    -11.61693
    27.95509     38.91519    -11.41583
    27.52232     38.83965    -11.74667
    39.40232     32.23031     -9.12334
    38.30370     23.94830     -8.91820
    23.14545     36.47656     -9.29025
    55.72896     56.37092    -14.56976
    55.76569     56.34182    -14.79955
    23.34316     35.74127    -11.70222
    39.89117     54.50172    -10.21729
    46.22943     43.31594     -7.44580
    26.80949     38.77957    -12.97628
    43.65260     35.21509    -13.88506
    41.89346     36.72996    -11.68878
    49.09042     35.99345    -11.89371
    48.99459     35.77104    -11.85472
    49.75494     43.51094    -10.41083
    35.24598     30.62704    -13.00549
    35.13983     30.76724    -12.85525
    51.23652     38.98249    -13.14583
    31.21747     43.74138     -9.70904
    20.02003     24.24228    -10.32421
    55.07931     50.31573    -13.49527
    55.39265     50.89051    -13.29639
    54.87203     50.04082    -13.58057
    45.31389     42.98639     -7.72071
    45.13082     42.92716     -7.74738
    33.36699     38.07636    -17.40675
    48.95918     42.43134    -10.24068
    48.93668     42.33230    -10.36010
    48.85044     42.38762    -10.39192
    42.54888     33.15575    -12.96063
    23.53555     24.49309    -13.92970
    33.75490     44.07080    -10.14780
    50.11041     44.04359    -10.56386
    50.76617     40.61773    -12.15144
    50.74785     40.66413    -12.13847
    17.38547     26.21411     -8.73844
    28.82368     39.47728    -11.10740
    29.08194     39.69064    -11.04641
    29.03971     39.77341    -11.13308
    50.11475     43.76473    -10.45045
    52.90740     41.26644    -14.44765
    23.61551     24.60864    -13.79786
    23.60433     24.62201    -13.81836
    52.16691     40.98794    -13.33915
    35.09456     36.09403    -17.11535
    35.47691     36.38777    -16.91873
    35.07856     36.09785    -17.12200
    20.08482     23.21236     -9.54597
    21.38938     23.35039    -10.61092
    49.82396     37.09843    -12.41834
    33.46846     38.07634    -17.72063
    33.50569     38.05061    -17.82051
    41.41841     29.44141    -16.66410
    41.34350     29.36293    -16.81124
    56.11370     65.20130    -24.32300
    43.77733     35.12955    -14.05843
    51.50803     45.24425    -11.41320
    51.52371     45.21126    -11.47642
    51.72189     52.55045     -8.39721
    34.33124     46.01022     -9.15914
    43.92690     43.35860    -25.81570
    51.59130     45.02113    -11.54427
    43.87240     46.62340    -23.87660
    45.60269     43.19275     -7.46958
    50.00373     37.19950    -12.47535
    49.98405     37.18189    -12.43247
    38.44714     31.73251     -7.81170
    38.26968     32.40692     -8.17385
    19.54882     28.14375     -8.10993
    21.04357     23.38897    -10.34786
    21.11693     23.23496    -10.27382
    21.19923     23.25397    -10.62910
    39.10074     36.67942     -8.55672
    38.73060     36.40810     -8.16753
    50.35341     43.73679    -10.72865
    21.54610     23.72802    -11.41537
    21.59035     24.00580    -11.50739
    52.92216     43.42200    -13.26978
    33.37602     37.90116    -17.66935
    37.41823     32.16952    -11.01216
    29.79321     36.42565    -13.61751
    45.13880     42.97423     -7.44619
    43.19904     28.42313    -10.03401
    51.07244     44.78861    -11.28399
    50.70546     44.38904    -11.01426
    37.85840     28.20460    -11.24300
    42.66581     38.00278     -7.26940
    49.79440     54.26780    -26.21010
    32.36700     22.73850     -9.41360
    32.87422     45.04264    -13.39080
    32.64147     45.13149    -13.68067
    32.70609     45.07094    -13.40228
    32.71896     45.10631    -13.40251
    50.96493     44.43548    -11.24772
    23.28596     37.01900     -9.73808
    36.79545     29.50568     -9.49501
    43.08823     31.43661     -8.22409
    37.19691     29.55372     -9.38850
    44.92470     31.47050    -10.29290
    48.86973     42.34541    -10.28219
    39.97823     54.66578    -10.23641
    42.02031     28.68429     -7.81718
    42.03694     28.57404     -8.04432
    42.54237     28.66961    -11.31951
    46.69606     32.81528     -6.85386
    46.65425     32.78690     -6.88149
    46.71262     32.79454     -6.88005
    25.08210     22.76080    -15.26680
    35.46344     20.16152    -13.38274
    35.49859     36.68118    -14.36362
    51.77457     52.56955     -8.12678
    31.62059     35.85479    -15.51260
    31.15831     43.74751     -9.58653
    41.53583     29.72911     -7.14491
    45.80556     43.27530     -7.50545
    26.99629     38.81212    -12.62940
    42.40603     33.78228    -12.26626
    35.87805     28.02031    -12.90647
    35.37730     20.32382    -14.08319
    50.31637     43.71591    -10.83858
    53.05934     43.52600    -13.46902
    38.27440     28.36460    -17.94510
    35.46207     19.99031    -13.55984
    31.12575     42.58205    -13.61317
    30.99742     42.57580    -13.58798
    18.22650     25.78710     -7.22260
    51.88310     52.00260     -6.21606
    35.47290     18.69437    -14.36236
    37.13879     30.67695    -18.45678
    37.02901     30.75225    -18.60972
    38.39140     31.16530    -19.16280
    39.65830     39.17430     -8.59296
    39.66930     39.16650     -8.57834
    51.37045     41.97378    -12.02353
    41.97194     29.21347    -13.59134
    51.82090     46.16266    -11.14033
    23.70370     37.25600     -7.08850
    45.93756     59.37352    -16.49219
    45.86664     59.26518    -16.49591
    46.31780     59.10500    -13.12020
    40.32919     37.67523     -9.29667
    28.49402     39.28829    -11.25901
    38.15506     27.83390    -15.41170
    17.35912     26.23247     -8.85795
    17.04201     26.30022     -9.37231
    49.94071     44.16009    -10.52713
    32.57597     25.03060    -10.60914
    26.73238     38.42634    -12.62288
    33.39446     47.41106    -11.90238
    52.16649     52.11445     -7.03669
    46.61147     39.54614    -14.19872
    36.11270     45.26220    -17.48320
    46.71181     39.61970    -14.31215
    46.67838     39.59115    -14.32363
    52.29614     52.18211     -6.97715
    29.24860     42.72139    -15.54819
    29.25430     42.77351    -15.47371
    58.45015     47.86112    -11.12135
    58.41790     47.67172    -11.04385
    58.50078     48.44404    -10.97673
    33.29904     47.44094    -11.87592
    38.50965     31.75022     -7.83090
    37.68626     21.25361    -17.09268
    37.73724     21.20379    -17.10702
    40.48010     28.47804     -8.25044
    40.55711     28.31312     -8.24386
    41.63485     36.20355    -11.85710
    20.07587     24.41434    -10.37435
    20.03321     24.69128    -10.92515
    43.76668     33.81605     -8.05564
    37.28777     28.39851    -21.95636
    51.96907     47.80827    -10.56499
    52.03283     47.77605    -10.63987
    52.04564     47.58070    -10.68985
    52.89736     51.82776     -7.25239
    21.53166     22.85716    -10.65533
    53.65287     49.68238    -11.66084
    49.20424     42.53395    -10.02729
    40.81555     26.94663     -8.19525
    42.24561     28.68917    -13.42460
    41.94196     36.75255    -11.84395
    37.06574     25.88832     -8.97969
    32.58302     24.70943    -10.85988
    32.50458     24.50690    -11.07695
    32.37756     24.40276    -10.83029
    41.27330     27.04117     -8.28641
    43.24931     34.43834    -11.59033
    43.14975     34.42158    -11.69347
    42.01298     28.89645    -13.67462
    42.01491     28.98977    -13.66548
    51.94216     52.23337     -7.97986
    21.56080     22.87099    -10.65843
    51.02929     40.53805    -12.35941
    51.06964     40.75254    -12.37622
    43.67089     33.82577     -8.16317
    43.69317     33.82915     -8.19423
    52.42681     51.89512     -7.22082
    41.64706     27.44751     -8.22375
    19.94290     23.47330     -9.36311
    50.27525     44.07683    -10.67457
    50.20349     44.11168    -10.49257
    19.84110     23.62284     -9.61137
    50.25276     43.87090    -10.54966
    48.89795     48.36895    -15.77873
    50.21050     49.60490    -15.33280
    48.84935     48.31105    -15.72767
    52.01273     51.83529     -7.21913
    29.78130     36.33101    -13.56069
    26.08646     20.75791    -12.95457
    55.87979     64.97072    -22.51215
    26.64108     20.76761    -12.17099
    26.73563     20.78453    -12.24087
    31.22546     42.64286    -13.49886
    31.23933     42.59298    -13.44068
    35.48538     19.11561    -14.08006
    51.39126     40.51633    -12.67811
    26.61246     20.90292    -11.43387
    52.95731     51.54057     -7.42400
    52.79181     51.71164     -7.55951
    36.42550     48.52525     -9.00358
    48.85201     41.74330    -10.48824
    35.86260     28.08097    -12.85737
    35.51681     28.48459    -10.41227
    41.06240     54.33840     -8.88160
    41.89587     29.16216     -7.70170
    48.96516     42.14893    -10.31444
    42.89926     31.07567     -8.02279
    51.51877     45.27529    -11.19705
    53.76272     49.77173    -11.60921
    29.30439     20.33524    -13.30664
    40.95006     27.59064     -8.13496
    47.08992     43.35453     -8.25794
    53.37802     51.95945     -8.08438
    53.64209     49.89216    -11.58640
    29.78116     36.33775    -13.37167
    29.90209     36.34991    -13.41175
    36.74984     29.53350     -9.30372
    23.16974     35.70894    -11.54985
    46.98345     43.43874     -7.68236
    48.98322     41.97254    -10.49398
    36.75663     25.31437     -8.54484
    42.23357     30.07132     -7.52884
    42.51441     30.51803     -7.80480
    51.30282     44.66314    -11.37084
    31.14251     43.48837     -9.56852
    51.07453     45.34606    -11.46796
    38.00424     27.95440    -15.32850
    20.32564     23.68869     -9.89190
    39.97679     37.34523     -9.22681
    25.80245     20.88241    -10.40892
    25.85784     20.99796    -10.54942
    26.28552     20.94462    -10.81552
    50.86980     42.75668    -11.40815
    51.76070     46.00463    -10.93991
    26.17900     20.62977    -13.03840
    34.61931     45.83225     -9.18624
    34.64602     45.89841     -9.19455
    34.76282     45.77064     -9.11873
    49.23480     43.92360    -13.03780
    29.68559     36.43005    -13.91583
    53.50291     49.78612    -11.66229
    53.58386     49.80258    -11.67529
    44.57090     40.30800    -12.73990
    37.54935     32.03220    -11.21252
    50.28030     43.98412    -10.84008
    33.10797     26.78876    -10.78629
    33.53690     47.00590    -14.03660
    36.84675     29.55353     -9.59361
    27.37580     19.40650    -13.56040
    21.93581     22.12929    -11.02081
    18.72348     31.15164     -9.50901
    44.50242     36.35053     -8.05114
    51.50698     41.38351    -12.28668
    36.30060     48.62525     -8.58282
    59.64616     52.12343    -10.00363
    53.23777     42.20578    -14.71290
    37.54748     32.93321    -12.39572
    36.55964     24.41585     -9.10761
    21.92462     22.74902    -10.01393
    42.01642     28.99736     -7.78598
    42.85390     34.52582    -11.62362
    42.84248     34.65051    -11.73555
    26.67507     20.70548    -12.06192
    21.55674     23.15508    -11.87858
    37.70983     31.77135    -11.19459
    37.65360     31.69659    -11.01803
    36.15948     29.25448     -9.95957
    44.79598     36.44787     -8.11076
    41.66628     27.66966     -8.24583
    41.94517     26.88152     -8.71837
    35.09487     30.85586    -12.94602
    34.82790     33.64310     -7.66290
    43.81191     33.96879     -8.00877
    30.11796     36.62458    -13.46309
    30.03462     36.44126    -13.38905
    23.60721     32.45693    -13.90467
    23.88019     32.02977    -14.06093
    40.36360     33.41168    -11.56126
    35.79025     28.28082    -12.93665
    35.83981     28.27918    -12.90764
    19.52978     28.14205     -8.13487
    48.37786     50.02081    -11.60530
    48.34770     49.89289    -11.83252
    48.35127     49.87178    -11.69979
    41.08598     33.81610    -11.14458
    41.97700     26.75803     -8.64965
