    35.99099     21.03636    -15.59159
    57.16048     47.91408    -16.76557
    57.12522     47.92272    -16.75673
    51.97155     47.29034    -10.76842
    35.99022     21.03704    -15.59679
    41.94431     29.31483     -7.62404
    41.93870     29.34893     -7.61227
    41.94916     29.34460     -7.60290
    52.69052     41.30712    -14.10890
    55.76279     64.81320    -22.44152
    53.71426     55.58364     -8.65616
    53.71698     55.56893     -8.65611
    35.98021     21.03146    -15.48874
    55.82149     57.28751     -9.82935
    55.82290     57.28765     -9.80455
    55.82341     57.28892     -9.80099
    55.82443     57.29105     -9.80386
    26.46071     20.69513    -12.61050
    42.73267     34.28192    -11.80087
    48.81350     42.33399    -10.30220
    48.84529     42.34522    -10.29937
    48.81567     42.33671    -10.29881
    40.38473     33.10690    -14.78733
    26.45757     20.69296    -12.61831
    26.46233     20.69427    -12.62159
    26.46468     20.69641    -12.59943
    35.48920     20.11462    -13.83150
    26.99393     38.68628    -12.46485
    26.97056     38.67769    -12.47519
    26.95049     38.67625    -12.47960
    35.99233     21.03786    -15.57384
    35.99173     21.03444    -15.58170
    35.99073     21.03920    -15.57236
    33.39598     25.98978    -10.88473
    33.40658     26.00383    -10.88672
    33.39540     26.01855    -10.88942
    51.48936     49.75580     -9.85759
    51.48888     49.74562     -9.91365
    51.48919     49.74764     -9.89013
    26.45150     20.69295    -12.64430
    43.66055     35.21522    -13.84430
    42.91119     28.60631    -10.47133
    35.99539     21.04714    -15.59690
    55.74578     64.75148    -22.42422
    55.74686     64.75294    -22.42485
    55.74163     64.73181    -22.41652
    55.74024     64.73032    -22.40541
    42.90321     31.14527     -8.07058
    40.36545     32.95575    -14.72578
    52.07591     52.22841     -7.77007
    30.33555     32.13088    -16.13298
    30.32171     32.13854    -16.12627
    30.32224     32.13730    -16.12428
    30.32525     32.13723    -16.12430
    35.49576     20.13824    -13.86353
    35.49047     20.11765    -13.83850
    34.41210     31.15846    -10.53297
    34.41504     31.15246    -10.50415
    34.40611     31.15639    -10.51726
    34.40826     31.15505    -10.51396
    52.19060     52.12939     -7.41688
    55.72697     56.27346    -14.53778
    55.72811     56.28998    -14.55528
    55.72967     56.28046    -14.54819
    42.88574     28.62224    -10.45114
    42.90370     28.61083    -10.41411
    42.89313     28.61468    -10.42291
    42.89120     28.62178    -10.43477
    26.47414     20.70312    -12.58051
    26.47669     20.69922    -12.58749
    26.48007     20.70005    -12.57728
    55.01741     50.32447    -13.46857
    34.39882     31.17023    -10.48101
    33.40704     25.98569    -10.88915
    33.22411     25.69660    -10.86793
    37.59900     31.85394    -11.18108
    35.54539     20.24043    -13.92694
    35.89744     20.90369    -15.19392
    35.78625     20.69413    -14.80280
    33.52014     38.07561    -17.82089
    50.46170     44.06860    -10.83573
    39.24953     32.14950     -8.89929
    39.31202     32.11678     -8.92897
    42.63903     28.66045    -11.07441
    26.45612     20.68989    -12.62804
    40.51445     33.34985    -11.13582
    40.47053     33.10971    -11.27498
    51.48934     49.74090     -9.93019
    40.38663     33.01354    -14.77557
    43.70997     35.22094    -13.88823
    40.67869     34.17264    -10.45019
    40.70311     34.10371    -10.49849
    26.45842     20.69307    -12.64244
    42.96033     28.57591    -10.30152
    42.96854     28.55591    -10.26032
    42.95866     28.57153    -10.26423
    60.73120     54.54730    -23.70100
    42.90892     28.61470    -10.39689
    35.48161     20.07275    -13.83886
    35.48412     20.06350    -13.82369
    39.01596     32.12054     -8.59712
    39.19442     32.14837     -8.77554
    55.74600     64.73317    -22.44509
    49.70671     36.78480    -12.28204
    49.70061     36.77853    -12.27808
    49.65355     36.71647    -12.23530
    59.59316     51.60062    -10.26943
    59.57567     51.49323    -10.30176
    42.70908     37.82713     -7.50257
    26.90429     38.67909    -12.55837
    29.32368     20.42973    -13.19297
    29.32702     20.44215    -13.19199
    29.32430     20.43307    -13.20347
    33.47530     20.31279    -12.70919
    33.46723     20.31879    -12.70987
    33.47316     20.31814    -12.70893
    33.49914     20.33593    -12.69747
    42.83527     34.47563    -11.57164
    26.95134     38.71004    -12.55800
    53.69659     55.54662     -8.65401
    35.47613     20.02701    -13.84518
    31.13136     42.59491    -13.52239
    42.84140     34.47876    -11.55773
    35.51687     36.95143    -14.55444
    35.51920     36.94862    -14.55762
    50.97137     44.64915    -11.12712
    42.85253     34.44391    -11.56678
    42.39858     33.57247    -12.59574
    42.40228     33.58912    -12.58677
    42.39389     33.56722    -12.61058
    52.69952     41.32364    -14.12170
    52.70114     41.31168    -14.12702
    52.74070     41.37450    -14.17543
    35.47312     20.11034    -13.77644
    31.23609     43.80262     -9.69620
    26.44266     20.68984    -12.64059
    43.72670     35.22157    -13.88727
    43.72715     35.22368    -13.88718
    18.63011     31.19758     -9.33153
    43.75650     41.27622    -10.29361
    40.66502     33.92675    -10.63392
    33.63673     44.94193    -12.85713
    33.52991     44.84365    -12.65621
    33.40663     44.93534    -12.90746
    45.37710     46.49808    -26.74514
    45.37620     46.50152    -26.75046
    47.62420     47.50910    -26.54980
    40.39880     33.03306    -14.77472
    40.38749     33.02253    -14.77740
    40.39155     33.02142    -14.78888
    32.62112     24.80896    -10.83811
    49.76067     36.86545    -12.31148
    20.19231     23.63037     -9.79299
    51.23445     39.48040    -12.93979
    48.69707     35.40354    -11.68808
    41.89490     36.70830    -11.69421
    48.21371     50.04439    -12.09364
    48.22729     50.04148    -12.07024
    48.19705     50.07369    -12.15197
    23.60050     35.72486    -11.75867
    23.61692     35.72787    -11.76550
    23.12838     36.95278     -9.24435
    23.12301     36.95001     -9.24543
    23.12508     36.96149     -9.23715
    59.62456     51.78520    -10.23073
    35.49677     20.08677    -13.81191
    40.37541     32.99891    -14.76167
    21.34970     23.23752    -10.78318
    23.70347     35.73194    -11.79042
    35.47913     20.12224    -13.86762
    48.29883     39.93608    -10.66810
    48.27170     39.86128    -10.66649
    48.28310     39.90008    -10.67449
    40.69963     34.07988    -10.50736
    40.71658     34.09409    -10.51152
    50.42420     44.02374    -10.80757
    47.61161     37.80586     -9.62265
    47.61150     37.80612     -9.62011
    47.60377     37.81082     -9.66032
    42.79446     28.64893    -10.64117
    42.76392     28.64980    -10.71905
    42.80070     28.64680    -10.65343
    40.37445     33.05504    -14.78921
    48.75263     35.51556    -11.71514
    48.71598     35.48315    -11.70402
    48.71125     35.46862    -11.69960
    48.30907     39.95154    -10.66558
    42.88644     34.47631    -11.43554
    37.30132     28.61117    -21.92619
    36.65575     24.67579     -8.83751
    21.44244     23.27421    -10.94416
    26.49770     20.70697    -12.70161
    20.39968     23.61604    -10.02157
    40.71756     31.38787     -7.66403
    40.71894     31.38693     -7.66707
    45.49381     43.11090     -7.58729
    42.71160     37.84241     -7.51642
    31.22498     43.78094     -9.72573
    31.22513     43.77639     -9.71743
    53.74536     45.76179    -13.47199
    53.73914     45.74113    -13.47503
    53.74191     45.74309    -13.46994
    53.73509     45.73156    -13.46847
    31.71032     35.88227    -15.38945
    31.71816     35.88293    -15.37732
    51.13394     40.93068    -12.27976
    33.95683     44.93446    -12.74282
    33.87116     44.94923    -12.80062
    35.13473     36.16028    -17.14296
    36.92632     29.64107     -9.78196
    51.12027     40.96292    -12.24646
    26.89290     38.68543    -12.59110
    26.91218     38.68887    -12.57573
    35.97924     21.02776    -15.61838
    35.98675     21.01325    -15.62934
    42.70242     37.85227     -7.49364
    42.70490     37.85266     -7.49893
    42.91500     31.80250    -17.05960
    35.49989     36.94674    -14.55456
    51.08315     40.90622    -12.24408
    51.13123     41.00655    -12.22734
    45.49512     43.11782     -7.57173
    45.50692     43.11446     -7.57755
    48.66939     35.46378    -11.67485
    31.23862     43.78449     -9.70117
    21.47486     23.10974    -10.99292
    21.45931     23.18331    -11.04902
    37.55835     32.12819    -11.36856
    43.75930     41.27598    -10.30149
    35.52935     36.96803    -14.56083
    35.52176     36.96410    -14.55757
    35.52610     36.97526    -14.57021
    42.70974     37.86106     -7.47650
    41.87062     36.65592    -11.73625
    36.64051     24.64146     -8.84825
    36.64452     24.63505     -8.85179
    26.92667     38.65963    -12.50838
    46.99550     34.16610     -9.91470
    34.37088     31.19006    -10.52309
    18.64914     31.18090     -9.35355
    18.62810     31.20496     -9.34806
    34.65165     45.87711     -9.21156
    41.93012     29.25198     -7.63382
    41.94617     29.28595     -7.64114
    50.30185     45.75744    -11.43879
    23.58047     24.69142    -13.76956
    52.20083     52.09607     -7.19252
    52.21851     52.10615     -7.24510
    26.87646     38.66918    -12.57353
    41.90262     29.05509     -7.71288
    52.16385     52.16309     -7.50938
    52.11908     52.18939     -7.56902
    33.51745     38.08354    -17.84114
    31.26172     43.74475     -9.67597
    33.39640     26.06417    -10.91210
    27.60050     32.67590    -17.18070
    41.27750     27.31839     -8.26719
    41.21657     27.37009     -8.25950
    52.37512     52.01800     -7.37802
    49.66860     57.84150    -23.36600
    34.69810     33.59550    -16.31990
    51.23751     39.48263    -12.93694
    21.45782     23.13854    -10.94606
    29.87401     36.42680    -13.48871
    41.35434     29.39369    -16.79547
    43.71002     35.23200    -13.87619
    31.24382     43.76747     -9.69694
    31.25936     43.76920     -9.70347
    33.52241     38.08687    -17.85625
    33.52958     38.08957    -17.84647
    23.13771     36.93457     -9.27158
    23.13524     36.94205     -9.27889
    41.72836     28.83688     -7.83458
    50.22973     44.12075    -10.65957
    27.11727     38.72372    -12.32444
    27.43842     38.82053    -12.04615
    27.90477     39.01446    -11.65458
    27.19455     38.75266    -12.23933
    39.22162     32.15498     -8.85472
    38.30370     23.94830     -8.91820
    23.13661     36.86483     -9.27389
    55.72985     56.30032    -14.56121
    55.73536     56.29644    -14.59578
    23.55061     35.72933    -11.74435
    39.92825     54.57159    -10.22543
    45.79848     43.18408     -7.58628
    26.90927     38.69669    -12.60657
    43.69956     35.21923    -13.88256
    41.87564     36.67139    -11.72417
    49.11996     36.01345    -11.93051
    48.93021     35.74418    -11.82064
    50.11636     43.80236    -10.62905
    35.17295     30.73178    -12.94585
    35.15702     30.75287    -12.92359
    51.24417     39.20207    -13.05604
    31.23440     43.76418     -9.69923
    20.20592     23.84829    -10.06790
    55.05072     50.34515    -13.47013
    55.11339     50.45498    -13.43299
    55.01289     50.29350    -13.48618
    45.48588     43.09564     -7.59943
    45.44990     43.08404     -7.60403
    33.48684     38.07496    -17.75110
    48.88636     42.34195    -10.29775
    48.88198     42.32418    -10.31616
    48.86843     42.33293    -10.32067
    42.42751     33.49358    -12.66645
    23.57510     24.62887    -13.81575
    33.75490     44.07080    -10.14780
    50.31787     44.04148    -10.72639
    51.05328     40.86496    -12.24638
    51.05089     40.87368    -12.24376
    17.28726     26.24222     -8.94071
    28.61793     39.39210    -11.23789
    28.75535     39.48736    -11.17909
    28.74843     39.49903    -11.19209
    50.30356     43.98230    -10.69970
    52.75600     41.34187    -14.20218
    23.58684     24.64698    -13.79561
    23.58521     24.64892    -13.79861
    52.31324     41.13832    -13.62656
    35.14931     36.15843    -17.11556
    35.21184     36.20571    -17.08236
    35.14682     36.15889    -17.11664
    20.22285     23.57713     -9.83604
    21.37122     23.23394    -10.78273
    49.76452     36.89526    -12.32531
    33.50336     38.07582    -17.80093
    33.50930     38.07231    -17.81671
    41.36903     29.40243    -16.76471
    41.35789     29.39083    -16.78661
    56.11370     65.20130    -24.32300
    43.71897     35.20666    -13.90897
    51.33543     45.09660    -11.29685
    51.33655     45.08879    -11.30680
    52.03751     52.26490     -7.78048
    34.58292     45.89778     -9.18876
    43.92690     43.35860    -25.81570
    51.33830     45.04414    -11.31764
    43.87240     46.62340    -23.87660
    45.59598     43.14145     -7.57200
    49.80547     36.92994    -12.34304
    49.80174     36.92612    -12.33620
    38.68071     31.99237     -8.19465
    38.75781     32.13019     -8.37517
    19.54069     28.14302     -8.12058
    21.07844     23.34053    -10.53421
    21.12349     23.28925    -10.53626
    21.33615     23.22069    -10.77801
    39.15605     36.72640     -8.55983
    38.91861     36.54674     -8.35647
    50.38289     43.99175    -10.77444
    21.45641     23.30598    -11.03177
    21.46814     23.36186    -11.06703
    52.98042     43.46617    -13.35439
    33.48916     38.04973    -17.79204
    37.55429     32.00811    -11.20390
    29.86004     36.42312    -13.52677
    45.45310     43.09187     -7.55899
    42.95480     28.57329    -10.34597
    50.90199     44.60908    -11.09085
    50.62715     44.30100    -10.93373
    37.85840     28.20460    -11.24300
    42.70022     37.87474     -7.45724
    49.79440     54.26780    -26.21010
    32.36700     22.73850     -9.41360
    33.08158     45.01286    -13.19876
    32.91172     45.04068    -13.31681
    33.00237     45.02156    -13.22752
    33.00479     45.02669    -13.22733
    50.76526     44.40085    -11.02674
    23.15888     36.94912     -9.34486
    36.82383     29.54178     -9.62114
    42.91423     31.15588     -8.08107
    36.89741     29.55545     -9.60220
    44.92470     31.47050    -10.29290
    48.87129     42.32638    -10.30443
    39.94115     54.59591    -10.22827
    41.88124     28.98992     -7.73780
    41.84393     28.84843     -7.81808
    42.76289     28.64428    -10.75715
    46.68888     32.80130     -6.86918
    46.68277     32.79715     -6.87321
    46.69129     32.79827     -6.87300
    25.08210     22.76080    -15.26680
    35.48017     20.09956    -13.75541
    35.51505     36.91101    -14.52553
    52.08710     52.23290     -7.65501
    31.69474     35.87682    -15.41031
    31.22571     43.76484     -9.68106
    41.88208     29.38937     -7.55128
    45.66738     43.16244     -7.58564
    26.97171     38.70911    -12.51745
    42.62363     34.03508    -12.06205
    35.84798     28.14364    -12.90257
    35.48546     20.16126    -13.91423
    50.37967     43.98784    -10.79254
    53.00108     43.48183    -13.38441
    38.27440     28.36460    -17.94510
    35.47982     20.06823    -13.78451
    31.13539     42.59413    -13.53976
    31.11641     42.59317    -13.53619
    18.22650     25.78710     -7.22260
    52.17351     52.05836     -7.02724
    35.47340     19.61003    -13.97888
    37.09206     30.70900    -18.52188
    37.07574     30.72020    -18.54462
    38.39140     31.16530    -19.16280
    39.66300     39.17097     -8.58672
    39.66460     39.16983     -8.58458
    51.16881     41.21218    -12.18221
    42.04554     28.99003    -13.59182
    51.54547     45.58009    -11.22380
    23.70370     37.25600     -7.08850
    45.90731     59.32732    -16.49378
    45.89689     59.31138    -16.49432
    46.31780     59.10500    -13.12020
    40.14671     37.50969     -9.24332
    28.40652     39.27322    -11.34624
    38.09088     27.88518    -15.37629
    17.28183     26.24528     -8.96096
    17.22683     26.25724     -9.05142
    50.28565     44.05931    -10.71533
    32.85742     25.20524    -10.82010
    26.90255     38.64377    -12.54577
    33.35375     47.42381    -11.89109
    52.22590     52.09496     -7.31937
    46.65904     39.57986    -14.26652
    36.11270     45.26220    -17.48320
    46.67382     39.59070    -14.28326
    46.66893     39.58652    -14.28491
    52.25675     52.09567     -7.28869
    29.25103     42.74363    -15.51640
    29.25187     42.75127    -15.50550
    58.45440     47.96275    -11.06010
    58.44914     47.92971    -11.04940
    58.46373     48.06692    -11.03649
    33.33975     47.42819    -11.88721
    38.74940     32.00490     -8.25990
    37.70802     21.23234    -17.09880
    37.71548     21.22506    -17.10090
    41.06621     28.03053     -8.17164
    41.10773     27.82247     -8.20881
    41.83163     36.58222    -11.75361
    20.19935     23.90212    -10.09121
    20.11221     24.13756    -10.29602
    43.74014     33.85339     -8.09823
    37.29768     28.55393    -21.93431
    51.99984     47.59409    -10.66940
    52.00913     47.58796    -10.68085
    52.01080     47.55395    -10.69008
    52.41183     52.01379     -7.35309
    21.45882     23.11275    -10.83818
    53.63240     49.77159    -11.64209
    48.94652     42.38733    -10.26884
    41.20067     27.29254     -8.26417
    42.08935     28.90658    -13.56479
    41.88265     36.67447    -11.74724
    36.81258     25.18994     -8.84692
    32.62527     24.80291    -10.84475
    32.60374     24.75767    -10.87913
    32.56548     24.71846    -10.84325
    41.29654     27.29614     -8.28597
    42.91427     34.44589    -11.58941
    42.89678     34.44064    -11.60961
    42.05295     28.94075    -13.60322
    42.05281     28.95523    -13.60212
    52.16246     52.15055     -7.58366
    21.46346     23.11496    -10.83939
    51.10100     40.74902    -12.32605
    51.11400     40.89317    -12.28994
    43.72597     33.85465     -8.11418
    43.72921     33.85514     -8.11874
    52.29770     52.04794     -7.35705
    41.40816     27.50902     -8.24100
    20.16941     23.62970     -9.79163
    50.37167     44.06532    -10.76321
    50.34232     44.06122    -10.72313
    20.16820     23.66324     -9.85258
    50.34146     44.01168    -10.72679
    48.87721     48.34424    -15.75694
    50.21050     49.60490    -15.33280
    48.87009     48.33576    -15.74946
    52.20144     52.05600     -7.36151
    29.85825     36.40908    -13.51804
    26.40416     20.70555    -12.67393
    55.77021     64.79128    -22.44149
    26.49446     20.71633    -12.48545
    26.51180     20.71454    -12.52812
    31.15029     42.60307    -13.52284
    31.15239     42.59580    -13.51428
    35.47440     19.84179    -13.87226
    51.20094     40.73381    -12.42644
    26.46450     20.76184    -12.16183
    52.44849     51.95924     -7.39292
    52.38872     52.00817     -7.44172
    36.37305     48.56725     -8.82687
    48.86277     42.21852    -10.33853
    35.84567     28.15270    -12.89543
    35.82019     28.79816    -10.21122
    41.06240     54.33840     -8.88160
    41.93188     29.23377     -7.66325
    48.87966     42.28527    -10.30969
    42.84433     31.03445     -8.02069
    51.33896     45.10627    -11.26311
    53.64865     49.78473    -11.63445
    29.32112     20.41623    -13.21692
    41.22543     27.54519     -8.22639
    46.55710     43.32166     -7.82849
    52.61162     51.99184     -7.58574
    53.63079     49.80249    -11.63113
    29.85895     36.41007    -13.48894
    29.87706     36.41213    -13.49466
    36.81654     29.54420     -9.58759
    23.51808     35.72439    -11.71939
    46.23495     43.27158     -7.67758
    48.88262     42.25552    -10.33776
    36.70475     24.89954     -8.79398
    42.02237     29.51537     -7.61111
    42.28042     30.04467     -7.72228
    50.99892     44.64746    -11.14247
    31.22343     43.72574     -9.67780
    51.20128     45.10723    -11.30187
    38.06842     27.90312    -15.36391
    20.39903     23.63950    -10.03178
    39.92128     37.32327     -9.11733
    26.05225     20.91642    -10.74918
    26.06816     20.93258    -10.78200
    26.23358     20.89156    -11.09186
    50.52992     43.57523    -10.98403
    51.47406     45.40249    -11.21579
    26.41755     20.68668    -12.68795
    34.62755     45.87067     -9.19299
    34.63145     45.88036     -9.19425
    34.64958     45.86115     -9.18318
    49.23480     43.92360    -13.03780
    29.84263     36.42356    -13.57331
    53.61020     49.78688    -11.64233
    53.62216     49.78928    -11.64419
    44.57090     40.30800    -12.73990
    37.57381     32.00320    -11.25430
    50.38021     44.04322    -10.79522
    33.34580     26.16588    -10.87351
    33.53690     47.00590    -14.03660
    36.83393     29.55101     -9.63901
    27.37580     19.40650    -13.56040
    21.55841     22.92865    -10.92310
    18.65259     31.18617     -9.37573
    44.62678     36.39177     -8.07640
    51.22004     41.02959    -12.29755
    36.35305     48.58325     -8.75953
    59.61603     51.77934    -10.19993
    52.88008     41.56123    -14.33490
    37.55276     32.39894    -11.70796
    36.63598     24.63133     -8.88810
    21.51873     23.06573    -10.67132
    41.94204     29.16992     -7.68666
    42.85058     34.45638    -11.59876
    42.84837     34.47463    -11.61708
    26.50035     20.70836    -12.46073
    21.48191     23.18747    -11.14324
    37.60105     31.93283    -11.22229
    37.59381     31.91401    -11.18989
    36.59164     29.40828     -9.76634
    44.67162     36.40663     -8.08550
    41.43967     27.67342     -8.20613
    41.47486     27.20484     -8.37617
    35.15033     30.76601    -12.93683
    34.82790     33.64310     -7.66290
    43.74694     33.87591     -8.09113
    29.91007     36.45330    -13.50178
    29.89733     36.42596    -13.49070
    23.72107     32.27877    -13.96984
    23.76633     32.20793    -13.99576
    40.53696     33.49009    -11.11478
    35.83490     28.18271    -12.90713
    35.84215     28.18240    -12.90288
    19.53791     28.14278     -8.12422
    48.26417     50.02481    -11.95818
    48.25716     50.00814    -11.99858
    48.25953     50.00351    -11.97412
    40.71581     33.82239    -10.81819
    41.48209     27.18213     -8.36807
