    36.04384     21.09641    -15.84872
    57.41415     47.85199    -16.82912
    56.87155     47.98481    -16.69318
    52.00945     47.08823    -10.95400
    36.02714     21.10626    -15.90472
    41.93419     29.58407     -7.42214
    41.82340     29.78785     -7.37348
    41.97311     29.68717     -7.24627
    52.57900     41.13560    -13.96518
    55.88700     65.49717    -22.58710
    53.77829     55.83889     -8.66617
    53.83780     55.59822     -8.66659
    36.02108     21.18810    -15.12323
    55.79662     57.26738    -10.14137
    55.81955     57.26787     -9.72597
    55.82837     57.29044     -9.66632
    55.84690     57.32882     -9.71491
    26.39799     20.64721    -12.63755
    42.46009     34.34546    -11.87817
    48.21502     42.57788    -10.24818
    48.51594     42.57003    -10.19216
    48.24793     42.61450    -10.19677
    40.36397     33.97596    -14.84054
    26.36600     20.61449    -12.71839
    26.44351     20.63723    -12.76568
    26.43254     20.65118    -12.56499
    35.47142     20.16436    -13.70623
    27.11006     38.57565    -12.34770
    26.91553     38.48791    -12.31405
    26.73647     38.51475    -12.22307
    36.07718     21.12894    -15.66058
    36.06336     21.06756    -15.74397
    36.04936     21.15310    -15.64568
    33.61446     25.92102    -10.90456
    33.67332     26.00272    -10.87842
    33.50256     26.14936    -10.92248
    51.49194     49.86515     -9.33794
    51.48378     49.72783    -10.10985
    51.48923     49.74576     -9.78258
    26.32108     20.62893    -13.00396
    43.04221     35.13779    -13.34801
    43.28568     28.51433    -10.71373
    36.11403     21.27567    -15.90222
    55.68415     64.69928    -22.37134
    55.70077     64.71775    -22.37975
    55.63970     64.43436    -22.26429
    55.62285     64.42493    -22.08233
    43.08469     31.55995     -8.20015
    40.13918     32.28414    -14.16282
    51.87936     52.33959     -8.77966
    30.48982     32.04664    -16.23228
    30.24825     32.18050    -16.11611
    30.25778     32.15819    -16.08050
    30.31090     32.15749    -16.08029
    35.45658     20.27681    -13.85970
    35.48108     20.18515    -13.78168
    34.55582     31.09691    -10.84455
    34.59629     30.99814    -10.38543
    34.45355     31.05454    -10.59371
    34.48731     31.03444    -10.54117
    51.94558     52.31253     -7.34391
    55.68612     56.05665    -14.24264
    55.69906     56.32387    -14.49932
    55.73025     56.16696    -14.39756
    42.84448     28.78040    -10.42170
    42.96107     28.67633    -10.20709
    42.83823     28.71156    -10.23299
    42.86338     28.80674    -10.31006
    26.53661     20.74999    -12.39221
    26.59138     20.68635    -12.46690
    26.62259     20.69122    -12.36926
    54.71720     50.15396    -13.43550
    34.34751     31.27623    -10.02050
    33.63724     25.89090    -10.90778
    33.45008     25.53154    -10.75653
    37.73357     31.19549    -11.02020
    35.91710     20.97253    -14.02324
    35.96014     21.05336    -14.77949
    35.93153     20.92926    -14.71447
    33.66847     38.05812    -17.85088
    50.72918     43.91624    -11.03799
    39.34838     32.26877     -9.47873
    39.82578     31.65510     -9.32747
    42.32358     28.55208    -12.14121
    26.36293     20.56611    -12.82491
    40.18510     32.83825    -11.42831
    40.44405     32.28698    -11.25802
    51.49217     49.65606    -10.33974
    40.43490     32.86622    -14.82015
    43.71655     35.23467    -13.96423
    40.31686     34.76369    -10.14358
    40.74316     34.40188    -10.21438
    26.42158     20.62764    -12.99525
    43.25991     28.36776     -9.79482
    43.22458     28.13482     -9.48287
    43.09506     28.36930     -9.47086
    60.73120     54.54730    -23.70100
    42.96887     28.77188    -10.11325
    35.42307     19.94263    -13.88354
    35.50023     19.87793    -13.72957
    38.93482     32.28676     -8.40352
    39.52494     32.31306     -8.67164
    55.70031     64.42323    -22.73353
    49.77305     36.73480    -12.35807
    49.72543     36.70941    -12.32678
    49.59144     36.59009    -12.01078
    59.54637     51.23327    -10.37556
    59.46535     50.82551    -10.50339
    42.74594     37.46508     -7.63514
    26.63934     38.67341    -12.74168
    29.31639     20.41372    -13.05975
    29.37402     20.62627    -13.05141
    29.32848     20.47810    -13.24127
    33.43325     20.17862    -12.75012
    33.29396     20.28837    -12.76026
    33.39360     20.27269    -12.74617
    33.80918     20.55717    -12.56217
    42.59557     34.80353    -11.39046
    27.15857     39.07159    -12.95018
    53.50578     55.25619     -8.63292
    35.37458     19.60587    -13.95339
    31.03771     42.57377    -13.44255
    42.63220     34.76717    -11.28464
    35.49374     36.92933    -14.54759
    35.53468     36.87942    -14.60491
    51.27969     44.74886    -11.35877
    42.83492     34.32797    -11.30000
    42.23238     33.39691    -12.78863
    42.28209     33.56810    -12.76224
    42.16807     33.39883    -12.94596
    52.63176     41.32578    -14.04577
    52.65759     41.13556    -14.13104
    52.86384     41.64050    -14.36760
    35.34288     20.35084    -13.25613
    31.21927     44.29506     -9.63874
    26.18302     20.57586    -12.94305
    43.98014     35.24202    -13.92556
    43.98688     35.27858    -13.92438
    18.49521     31.26435     -9.03166
    43.73312     41.27820    -10.22753
    40.61010     33.65307    -10.39726
    34.03740     44.93421    -12.73642
    33.16162     44.41645    -11.75668
    33.32827     44.73866    -12.47665
    45.38476     46.46916    -26.70042
    45.36854     46.53044    -26.79518
    47.62420     47.50910    -26.54980
    40.63742     33.11625    -14.76749
    40.44534     32.97960    -14.83410
    40.50983     32.94500    -15.02185
    32.51953     24.75860    -10.80155
    49.87185     36.95612    -12.35535
    20.02769     23.55326     -9.07890
    51.21408     39.12549    -13.07922
    48.57119     34.58051    -11.58847
    42.07079     37.09898    -11.26264
    47.99886     50.10255    -12.52021
    48.16142     50.11997    -12.31889
    47.95483     50.40731    -12.84786
    23.64891     35.67963    -11.80197
    23.80292     35.72946    -11.87396
    23.07113     37.12652     -8.96137
    22.97520     37.08622     -8.98144
    23.02459     37.24751     -8.87054
    59.76592     52.34302    -10.31342
    35.68513     19.99128    -13.57895
    40.25708     32.70628    -14.62886
    21.27616     23.40883    -10.54316
    24.54429     35.77422    -12.02595
    35.19814     20.16488    -13.94035
    48.34055     40.09741    -10.66553
    48.06774     39.28698    -10.62242
    48.19879     39.79744    -10.76463
    40.67170     34.13494    -10.24330
    40.93570     34.33961    -10.32155
    50.59323     43.70530    -10.91438
    47.64931     37.78081     -9.46005
    47.64623     37.78624     -9.42038
    47.52829     37.85765    -10.03781
    42.39333     28.85649    -11.12267
    42.29131     28.74425    -11.42402
    42.53935     28.81704    -11.23375
    40.20737     33.37962    -14.98253
    48.79927     35.46429    -11.68174
    48.56633     35.40996    -11.68670
    48.54752     35.25063    -11.64334
    48.47090     40.24445    -10.62615
    43.09577     34.49719    -10.29324
    37.32414     28.96927    -21.87538
    36.64625     24.42509     -8.66424
    21.53118     23.90802    -11.13981
    27.11798     20.89960    -13.55369
    20.21407     23.65434     -9.87843
    40.70588     31.39585     -7.63840
    40.73062     31.37895     -7.69270
    45.27635     43.08677     -7.73375
    42.79030     37.73538     -7.87222
    31.04325     43.93063    -10.13423
    31.04225     43.86782    -10.00413
    53.82321     46.03703    -13.48100
    53.71960     45.69063    -13.53720
    53.76838     45.72330    -13.44595
    53.65107     45.53108    -13.42082
    31.74755     35.90733    -15.34910
    31.87031     35.91441    -15.15661
    51.21222     40.94410    -12.35895
    34.66285     45.04577    -12.78416
    34.53772     45.11120    -12.96973
    34.87797     36.09728    -17.49755
    37.32973     30.01957    -10.60664
    51.16604     41.22357    -12.12263
    26.57371     38.76757    -13.08265
    26.78448     38.80334    -12.96671
    35.82681     20.94715    -16.14525
    35.95479     20.68674    -16.20871
    42.63569     37.86637     -7.52990
    42.67829     37.88038     -7.61258
    42.91500     31.80250    -17.05960
    35.20368     36.86476    -14.55956
    50.81440     40.81144    -12.02618
    51.25759     41.46849    -11.94784
    45.25648     43.18692     -7.48842
    45.39803     43.10610     -7.58972
    48.02030     35.33316    -11.31798
    31.26053     44.01015     -9.73683
    21.58486     22.58766    -11.52936
    21.46873     23.05311    -11.84305
    37.43174     32.68390    -11.75623
    43.78268     41.27400    -10.36757
    35.69811     37.17578    -14.63184
    35.57010     37.12212    -14.58299
    35.63580     37.28106    -14.78380
    42.77301     37.98918     -7.27234
    41.85622     36.60326    -11.81068
    36.54781     24.36571     -8.83425
    36.62914     24.29688     -8.87892
    26.72481     38.33399    -12.33115
    46.99550     34.16610     -9.91470
    33.92385     31.56896    -10.68144
    18.78706     31.00180     -9.36121
    18.45108     31.39769     -9.30406
    34.94622     45.90265     -9.47929
    41.82187     29.18356     -7.41823
    41.98488     29.41338     -7.58761
    49.67030     46.09962    -11.40969
    23.54904     25.17704    -13.44675
    51.92506     52.25291     -6.35528
    52.06112     52.37841     -6.58061
    26.31391     38.54753    -12.84096
    42.03207     28.61589     -7.67844
    51.90720     52.49856     -7.76812
    51.71526     52.49777     -7.99359
    33.58464     38.17726    -18.12937
    31.62717     43.42742     -9.37506
    33.35610     26.45468    -11.24069
    27.60050     32.67590    -17.18070
    41.12874     27.09453     -8.06450
    40.88188     27.19134     -8.16615
    52.94930     51.66864     -7.33006
    49.66860     57.84150    -23.36600
    34.69810     33.59550    -16.31990
    51.26853     39.12653    -13.04291
    21.51313     22.81864    -11.26499
    29.86645     36.49780    -13.22032
    41.26334     29.36917    -16.99438
    43.73263     35.42383    -13.77290
    31.34282     43.75210     -9.68658
    31.60095     43.77419     -9.79655
    33.64311     38.21722    -18.33077
    33.77833     38.26803    -18.17934
    23.19334     36.88575     -9.31174
    23.14090     36.99333     -9.41659
    41.49320     28.65689     -8.26918
    49.51608     44.95106    -10.18031
    27.51880     38.81649    -11.76682
    28.03500     38.79155    -11.54713
    27.95923     38.85576    -11.29014
    27.56571     38.91169    -11.53246
    39.38577     32.30711     -9.22266
    38.30370     23.94830     -8.91820
    23.15737     35.97878     -9.31364
    55.72705     56.49580    -14.58106
    55.81280     56.39770    -15.11064
    23.14577     35.76923    -11.69069
    39.82941     54.38535    -10.20373
    46.49019     43.36654     -7.25415
    26.83251     38.90975    -13.30162
    43.56352     35.20527    -13.88788
    41.89821     36.78312    -11.64458
    49.08313     36.01597    -11.87647
    49.05629     35.77687    -11.90006
    49.61708     43.46573    -10.31803
    35.36084     30.46303    -13.10305
    35.11567     30.78318    -12.73670
    51.23330     38.88419    -13.20386
    31.18814     43.69810     -9.72400
    19.88093     24.37621    -10.40533
    55.15729     50.30844    -13.52449
    55.57629     51.17779    -13.21053
    54.83456     49.91666    -13.64839
    45.24120     42.86231     -7.91204
    44.91263     42.76813     -7.93690
    33.23061     38.12024    -16.97300
    49.05133     42.50962    -10.16793
    49.00723     42.32518    -10.44063
    48.82435     42.44126    -10.52484
    42.79037     32.89175    -13.14218
    23.46422     24.31937    -14.08556
    33.75490     44.07080    -10.14780
    49.98518     44.12650    -10.47005
    50.52247     40.45060    -12.04567
    50.47654     40.55670    -12.02265
    17.45970     26.18735     -8.55224
    28.92292     39.50238    -11.01751
    29.23027     39.74927    -10.97158
    29.11908     39.95620    -11.19205
    50.06599     43.61203    -10.27051
    53.04483     41.10845    -14.67045
    23.66649     24.55905    -13.78779
    23.63780     24.59450    -13.84077
    52.21997     40.90218    -13.26837
    35.05002     36.01582    -17.08384
    35.78022     36.60320    -16.74354
    35.01374     36.02910    -17.09683
    19.98869     22.87352     -9.47746
    21.47556     23.44899    -10.51037
    49.75295     37.22493    -12.47470
    33.41855     38.08947    -17.60642
    33.49419     38.01277    -17.81446
    41.49996     29.50699    -16.49827
    41.32088     29.31380    -16.84841
    56.11370     65.20130    -24.32300
    43.83220     34.99199    -14.28262
    51.61408     45.35490    -11.49539
    51.65555     45.29816    -11.63843
    51.61707     52.65889     -8.65663
    33.98606     46.16698     -9.11895
    43.92690     43.35860    -25.81570
    51.85914     44.97661    -11.73554
    43.87240     46.62340    -23.87660
    45.74493     43.28199     -7.36377
    50.17534     37.41616    -12.58964
    50.13339     37.38540    -12.48510
    38.38664     31.54655     -7.67527
    38.04535     32.70819     -8.27271
    19.56415     28.14512     -8.08985
    21.03715     23.45906    -10.26473
    21.07139     23.21801    -10.13649
    21.10303     23.23764    -10.58833
    39.09412     36.67641     -8.58081
    38.60483     36.31528     -8.02455
    50.42050     43.56451    -10.72739
    21.60772     24.00795    -11.54372
    21.65496     24.34439    -11.65217
    52.83405     43.35522    -13.14180
    33.21227     37.66422    -17.53166
    37.23456     32.39983    -10.80283
    29.70220     36.44420    -13.75272
    44.90731     42.86099     -7.22226
    43.37789     28.26519    -10.00599
    51.03113     44.89030    -11.31006
    50.69800     44.46939    -11.04018
    37.85840     28.20460    -11.24300
    42.61256     38.18476     -6.99572
    49.79440     54.26780    -26.21010
    32.36700     22.73850     -9.41360
    32.87776     45.02820    -13.46786
    32.57917     45.16361    -13.89417
    32.62254     45.07723    -13.39248
    32.65730     45.16903    -13.39123
    51.04581     44.38139    -11.41216
    23.43956     37.10634    -10.21113
    36.74563     29.45589     -9.41122
    43.20406     31.61758     -8.33261
    37.48667     29.51759     -9.26090
    44.92470     31.47050    -10.29290
    48.86234     42.33836    -10.25260
    40.03999     54.78215    -10.24997
    42.14937     28.50014     -7.81217
    42.19538     28.46613     -8.25475
    42.47770     28.60741    -11.58606
    46.70938     32.84158     -6.82503
    46.60083     32.76768     -6.89700
    46.75260     32.78742     -6.89341
    25.08210     22.76080    -15.26680
    35.47196     20.21201    -12.97726
    35.48928     36.34686    -14.12193
    51.71217     52.74377     -8.19272
    31.50175     35.81883    -15.67605
    31.03938     43.72685     -9.42518
    41.14973     29.86976     -6.85799
    45.99672     43.42329     -7.46837
    27.11382     38.99079    -12.70864
    42.33287     33.64487    -12.28474
    35.92499     27.82714    -12.91994
    35.16143     20.39208    -14.32366
    50.30594     43.52694    -10.98200
    53.14745     43.59278    -13.59700
    38.27440     28.36460    -17.94510
    35.47394     19.87510    -13.34602
    31.11603     42.56070    -13.74317
    30.80074     42.54816    -13.66933
    18.22650     25.78710     -7.22260
    51.75538     51.84734     -5.82232
    35.47402     18.50601    -14.50143
    37.21515     30.62459    -18.35041
    36.95265     30.80461    -18.71609
    38.39140     31.16530    -19.16280
    39.64941     39.18060     -8.60475
    39.67819     39.16020     -8.56655
    51.45644     42.26467    -12.04358
    41.89955     29.50161    -13.53634
    51.91625     46.34138    -11.14139
    23.70370     37.25600     -7.08850
    45.99112     59.45536    -16.48939
    45.81308     59.18334    -16.49871
    46.31780     59.10500    -13.12020
    40.46152     37.81112     -9.28716
    28.56437     39.31248    -11.22917
    38.25896     27.75087    -15.46903
    17.43131     26.22542     -8.79140
    16.86154     26.34127     -9.68003
    49.66701     44.36596    -10.46485
    32.41825     25.20898    -10.35269
    26.62648     38.12544    -12.61238
    33.46825     47.38796    -11.92284
    52.11195     52.15765     -6.88349
    46.52851     39.48738    -14.07991
    36.11270     45.26220    -17.48320
    46.77860     39.67093    -14.35992
    46.69279     39.59745    -14.39184
    52.37170     52.36451     -6.80884
    29.24416     42.68069    -15.60634
    29.25874     42.81421    -15.41556
    58.45441     47.79928    -11.21255
    58.38531     47.44114    -11.00200
    58.53348     48.79153    -10.91046
    33.22525     47.46404    -11.85546
    38.53354     31.57869     -7.70844
    37.64594     21.29300    -17.08134
    37.77756     21.16440    -17.11836
    40.27580     28.61380     -8.27562
    40.39045     28.43980     -8.28100
    41.44933     35.85774    -11.88300
    20.12559     24.64173    -10.43368
    20.04631     24.78944    -11.20804
    43.81396     33.74655     -7.97969
    37.27486     28.19583    -21.98512
    51.89530     47.96320    -10.44494
    52.05791     47.90470    -10.62621
    52.10340     47.64054    -10.66064
    53.18928     51.82161     -7.18160
    21.58561     22.67084    -10.58001
    53.68737     49.52601    -11.69277
    49.46883     42.54229     -9.69742
    40.54859     26.70684     -8.23733
    42.42975     28.46651    -13.42897
    42.02170     36.84384    -12.01852
    37.16244     25.97327     -9.17833
    32.59944     24.68767    -10.89222
    32.54719     24.39768    -11.35110
    32.24712     24.13380    -10.77374
    41.22689     26.92382     -8.28274
    43.61997     34.32491    -11.66489
    43.46695     34.34624    -11.75133
    41.94949     28.81826    -13.75285
    41.97107     29.02293    -13.72813
    51.87931     52.17989     -8.17489
    21.65596     22.70714    -10.58678
    51.00839     40.39570    -12.39220
    51.02456     40.66711    -12.48114
    43.57878     33.78292     -8.23985
    43.63813     33.79227     -8.31944
    52.50127     51.77158     -7.17716
    41.79347     27.38970     -8.18935
    19.87987     23.45861     -9.19062
    50.24221     44.13679    -10.62468
    50.18206     44.24001    -10.25977
    19.61542     23.59015     -9.57427
    50.29226     43.76347    -10.39567
    48.93590     48.41416    -15.81859
    50.21050     49.60490    -15.33280
    48.81140     48.26584    -15.68781
    51.71857     51.54231     -7.24547
    29.67621     36.21262    -13.62956
    25.71432     20.90396    -13.11577
    56.04579     65.19391    -22.60616
    26.76483     20.84091    -11.94904
    26.99237     20.89855    -12.03955
    31.34881     42.71433    -13.46373
    31.37962     42.58336    -13.31750
    35.51945     18.73851    -14.19674
    51.60791     40.39894    -12.91665
    26.72427     20.99933    -11.17836
    53.13487     51.27337     -7.47860
    52.96479     51.52796     -7.71987
    36.48703     48.47599     -9.21084
    48.91157     41.45617    -10.57952
    35.88824     27.97009    -12.78997
    35.40036     28.28097    -10.47451
    41.06240     54.33840     -8.88160
    41.84370     29.13799     -7.78370
    49.09510     41.99610    -10.30457
    42.94446     31.06880     -8.02636
    51.62682     45.37711    -11.00126
    53.95580     49.75009    -11.56660
    29.27639     20.19830    -13.45864
    40.83716     27.64226     -8.03757
    47.13832     43.31543     -8.58693
    53.57847     52.19762     -8.47435
    53.66157     50.04882    -11.50690
    29.64893     36.23459    -13.20915
    29.93773     36.24862    -13.31445
    36.67000     29.58298     -9.10045
    22.93605     35.69307    -11.38126
    47.24093     43.48797     -7.62324
    49.11666     41.66178    -10.70097
    36.73663     25.59919     -8.30366
    42.40367     30.33957     -7.49003
    42.56193     30.58439     -7.89323
    51.45899     44.53395    -11.41975
    31.00128     43.13491     -9.41629
    50.80739     45.56347    -11.62068
    37.90034     28.03743    -15.27117
    20.27566     23.79691     -9.84210
    39.97386     37.31034     -9.32221
    25.60802     20.78363    -10.21908
    25.67316     21.06784    -10.52200
    26.32860     20.98366    -10.66561
    50.88598     42.57045    -11.45638
    51.82814     46.09398    -10.66000
    25.93440     20.57314    -13.31918
    34.58993     45.76880     -9.17517
    34.65912     45.93847     -9.19245
    34.90988     45.63643     -9.00047
    49.23480     43.92360    -13.03780
    29.50416     36.45745    -14.36407
    53.32200     49.78347    -11.69396
    53.52111     49.82650    -11.73141
    44.57090     40.30800    -12.73990
    37.51529     32.13134    -11.27440
    50.16868     43.91882    -10.98030
    32.85180     27.17829    -10.64002
    33.53690     47.00590    -14.03660
    36.84993     29.55985     -9.60572
    27.37580     19.40650    -13.56040
    22.17637     21.74190    -11.04159
    18.82877     31.10570     -9.71749
    44.32696     36.29235     -8.01551
    51.73690     41.63262    -12.26486
    36.23907     48.67451     -8.37556
    59.62494     52.23242     -9.81699
    53.36234     42.52285    -14.80625
    37.58492     33.01386    -12.60258
    36.52243     24.46006     -9.35434
    22.22700     22.61179     -9.69953
    42.10776     28.93707     -7.86626
    42.84265     34.57229    -11.68776
    42.83676     34.86663    -11.87569
    26.83310     20.66170    -11.75725
    21.56665     23.03885    -12.19703
    37.85302     31.66852    -11.27685
    37.70183     31.53767    -10.87424
    35.96973     29.27658    -10.17019
    44.97144     36.50605     -8.14639
    41.71485     27.65634     -8.31281
    42.13156     26.76432     -8.98399
    35.00810     30.99868    -12.97231
    34.82790     33.64310     -7.66290
    43.91648     34.12607     -7.87732
    30.40587     36.88852    -13.45281
    30.23254     36.45550    -13.27708
    23.48731     32.64457    -13.83603
    24.00009     31.84213    -14.12957
    40.20936     33.60296    -11.82175
    35.71479     28.43076    -12.98709
    35.84278     28.43129    -12.91252
    19.51445     28.14068     -8.15495
    48.44654     50.13463    -11.34441
    48.44469     49.74531    -11.71314
    48.39088     49.75667    -11.54400
    41.23736     33.76073    -11.28936
    42.19973     26.48674     -8.78635
