    43.52158     41.16067     -9.67961
    28.78920     42.20030     -7.79720
    39.09470     36.69140     -8.59910
    39.34272     32.37689     -8.69130
    40.05000     32.03040    -13.85310
    43.52308     41.16164     -9.68318
    55.82150     57.28757     -9.82912
    33.30580     17.84170    -15.31120
    52.62484     41.32457    -14.00362
    40.51108     32.87731    -14.83190
    37.71450     27.26970     -8.92110
    44.10090     36.21740     -7.96960
    41.85099     29.51944     -7.41446
    41.49530     50.84940    -19.94120
    42.51180     40.97500    -13.80150
    51.74280     40.33200    -13.01160
    35.83890     21.28830    -22.06900
    53.36524     43.90334    -13.94324
    31.42610     37.57310    -15.99920
    50.62280     64.47660    -16.25290
    19.53930     28.14290     -8.12239
    46.64778     39.56950    -14.27946
    41.93653     36.75341    -11.91238
    49.00420     42.72730    -15.12510
    40.75345     55.17369     -9.32644
    33.85020     20.85440    -17.85220
    40.14350     54.97720    -10.27270
    19.53930     28.14290     -8.12241
    42.52063     28.76521    -11.09445
    22.41520     22.65730     -9.38360
    39.48090     27.72830    -13.80310
    26.58493     20.73469    -12.29857
    35.64503     37.13465    -14.64124
    35.64503     37.13463    -14.64125
    38.07680     31.82080    -14.85930
    33.68610     46.32820     -9.09230
    42.61540     39.20370    -12.64280
    49.09879     41.63589    -10.62398
    25.49080     20.60090    -10.04270
    53.39536     49.99018    -11.66770
    39.66380     39.17040     -8.58565
    32.26050     23.49600     -7.53170
    33.03550     45.98930    -10.87470
    41.85979     27.46686     -8.30606
    40.61260     27.52830     -9.28980
    47.52370     36.89560    -10.84190
    56.20380     62.35240    -17.98270
    42.22964     39.90108     -9.70702
    28.37070     40.67040    -13.65690
    48.32056     40.06200    -10.69075
    25.95840     38.44078    -12.72392
    34.88110     31.81330    -15.48400
    29.73340     19.42490    -13.11390
    31.73737     43.40105     -9.23997
    49.61920     48.86400     -8.04130
    39.20534     31.52768    -14.60839
    34.02055     20.85015    -11.82776
    34.93250     18.55510     -9.84340
    46.50560     40.92520    -10.37440
    25.40740     21.19280    -10.60350
    40.14814     28.65866     -8.30545
    40.14816     28.65864     -8.30545
    28.55040     22.23620    -13.10380
    43.92220     52.07090    -24.33980
    32.46250     22.66190    -12.75660
    20.07084     22.55129     -9.77513
    49.59680     37.17130     -8.03180
    48.32054     40.06198    -10.69077
    30.44380     29.95390     -7.83580
    43.52263     41.16136     -9.68209
    44.85030     47.70500     -5.77110
    57.44494     65.54101    -23.96081
    42.72085     34.92839    -12.19708
    34.92636     36.01138    -17.26197
    42.71136     30.55783     -7.81058
    42.71124     30.55736     -7.81024
    37.74590     26.71980    -18.65540
    40.37840     31.45620    -12.25050
    52.02825     47.96481    -10.51548
    63.40510     57.52930    -24.39110
    52.25920     46.10750     -8.11370
    41.30010     36.23470    -22.85650
    50.36925     37.65060    -12.60826
    36.58270     24.36446     -8.94847
    42.21401     33.52501    -12.56342
    42.21402     33.52504    -12.56340
    45.74607     43.32789     -7.47081
    35.46435     27.91520    -10.95553
    51.80629     41.86691    -12.68773
    55.32970     50.29490    -13.58700
    32.36700     22.73850     -9.41360
    41.91020     56.49160    -10.16880
    55.63017     64.45550    -22.33361
    55.63017     64.45554    -22.33356
    55.63017     64.45555    -22.33354
    21.18971     23.40491    -10.35992
    36.53060     30.71140    -12.32960
    55.63016     64.45551    -22.33355
    33.30461     20.18142    -12.79827
    33.30459     20.18144    -12.79827
    33.30460     20.18144    -12.79827
    53.74620     49.22670    -11.74510
    50.59791     64.47783    -23.91900
    38.46590     36.20860     -7.86160
    30.65410     37.20860    -13.55440
    45.45240     34.36470     -9.65390
    42.35896     37.65326     -5.79185
    42.44106     28.73886    -11.31226
    37.76880     28.98520    -14.37940
    25.26470     35.40590     -8.72060
    57.06300     65.65740    -22.61570
    18.84880     25.10670     -7.24980
    23.91740     33.37870    -13.67230
    39.18560     26.66160    -12.13460
    55.82150     57.28757     -9.82906
    18.74560     28.38570     -6.94130
    55.82150     57.28758     -9.82905
    55.82150     57.28758     -9.82906
    52.60150     51.17700    -10.47940
    47.70320     45.95270    -14.10210
    40.12205     33.76645    -11.71202
    32.73970     25.93380    -17.92810
    36.69435     48.05134     -9.72653
    33.55478     38.17429    -17.82919
    21.18987     23.40500    -10.35996
    51.14486     44.59738    -11.36420
    20.06460     22.85260     -7.47730
    45.61931     43.24837     -7.51997
    29.03240     25.43170    -13.00510
    32.90660     31.78430     -6.87190
    26.62220     20.77294    -12.13696
    29.45460     41.52220    -10.40850
    50.22215     40.36169    -11.89970
    30.26400     41.81480     -9.64650
    48.80587     35.55380    -11.76114
    32.63040     45.13326    -13.61280
    59.83245     52.33486    -10.31492
    34.02055     20.85015    -11.82784
    31.19299     43.89254     -9.72268
    46.20570     32.72890    -11.25580
    50.63400     45.82140    -11.79040
    52.59675     41.25006    -13.95157
    33.78620     26.22590    -20.55126
    57.78140     45.95380    -19.94950
    58.41295     47.54111    -11.12662
    53.06304     51.50701     -7.44496
    18.67370     24.49300    -17.50850
    42.67904     37.99351     -7.65584
    32.58410     28.10750    -21.45320
    37.07670     32.53390    -10.52110
    34.17950     22.68200    -16.91630
    43.25650     34.51280     -9.97920
    53.31027     51.76731     -7.24677
    31.73747     43.40129     -9.24047
    42.24730     28.52608     -7.90721
    48.21850     44.87510    -16.80700
    33.25364     44.49684    -11.94178
    17.99950     27.85760     -6.82000
    36.89860     25.25720     -9.77340
    36.09120     31.10600    -21.94950
    42.13340     42.51670     -8.73110
    45.41219     43.11567     -7.59086
    51.48899     49.75442     -9.86817
    34.79569     45.77918     -9.19374
    52.99560     54.49480     -8.31370
    42.40646     26.54354     -9.23204
    50.36925     37.65060    -12.60824
    31.20239     43.93194     -9.70415
    33.31830     15.36970    -29.73350
    34.79577     45.77936     -9.19399
    39.27300     33.66610    -10.49120
    49.31240     57.36660    -24.91240
    35.30806     20.12622    -13.78867
    35.35687     20.06401    -13.74336
    39.51430     29.31540     -9.78150
    43.71230     42.22020    -10.05090
    39.90950     28.21100     -6.76573
    38.50660     34.28780    -14.59280
    48.13980     62.62900    -16.83150
    29.95250     43.30100    -12.39860
    43.45315     28.13992     -9.86265
    43.82928     35.33299    -13.87841
    25.60839     22.64296    -13.36747
    58.02680     56.46750    -10.19170
    41.92380     46.97900    -10.85520
    56.69980     52.80560     -9.72560
    42.71160     30.55864     -7.81122
    50.61061     56.88201    -25.28211
    45.73895     42.08885     -7.66978
    21.18968     23.40491    -10.35990
    33.59720     24.69260     -9.42220
    31.45530     35.89290    -12.17470
    42.24730     28.52615     -7.90724
    52.50790     51.65660     -9.31420
    36.71305     34.25586    -12.09360
    40.49860     54.33360     -8.28780
    23.36830     32.83080    -13.76790
    33.77210     36.87920    -15.91220
    20.96570     25.33730    -10.77470
    39.62461     54.13950     -9.93817
    38.01200     49.27370    -12.06950
    35.70872     28.52541    -13.24806
    48.89590     49.17800     -6.85120
    35.64507     37.13471    -14.64126
    25.56560     24.15150    -16.35860
    45.15853     42.94049     -7.63659
    31.18540     46.23060    -15.59000
    19.58384     27.42151    -14.39126
    46.46720     44.59930    -16.69510
    38.66770     30.50110    -14.48330
    23.59260     34.84070    -14.41390
    30.94220     23.06340    -14.43650
    35.86460     50.13430     -8.09360
    46.76820     37.76060    -12.27300
    51.64841     45.39686    -11.07087
    55.84660     65.81250    -22.64950
    33.16640     41.19940     -6.84530
    31.68130     13.26550    -28.55530
    42.43180     32.52240     -7.41580
    36.90690     24.60850    -16.54050
    31.66596     21.75289    -11.38985
    23.06231     37.08717     -9.06840
    47.58974     37.77203     -9.63425
    34.58598     30.98278    -10.64783
    55.90230     62.32160    -24.12560
    26.52226     20.69656    -12.43794
    26.66033     21.02412    -11.00166
    42.64020     28.80475    -10.76728
    41.06240     54.33840     -8.88160
    34.79572     45.77925     -9.19381
    44.75430     36.00940    -12.21760
    26.67570     23.94420    -17.96450
    33.55479     38.17428    -17.82912
    37.94370     29.57725     -8.72507
    30.78750     42.64884     -9.60572
    46.23380     38.35080    -14.62660
    24.56300     33.11890    -14.05930
    42.44109     28.73884    -11.31229
    37.90826     41.26974    -18.39853
    52.02829     47.96479    -10.51551
    34.43636     48.36469    -11.18958
    31.17066     42.60643    -13.47816
    41.41930     36.94940     -7.92720
    17.22100     27.36020     -4.82280
    43.82912     35.33298    -13.87841
    49.78113     36.69454    -12.24634
    49.78112     36.69454    -12.24634
    34.75115     36.66144    -13.98521
    31.45920     45.83530    -14.20260
    36.05690     31.93960    -12.23170
    35.35692     20.06393    -13.74328
    41.73940     31.51360    -13.10320
    46.33920     54.49780     -6.72030
    49.29960     45.32370    -10.05180
    45.07280     38.72260     -7.24850
    40.71210     29.26760    -14.61570
    35.37236     20.07281    -13.71119
    17.72980     26.58700     -6.67540
    60.87449     54.62135    -24.10427
    35.38813     20.03851    -13.70505
    33.01980     46.13820     -9.24140
    27.21540     11.38560     -5.57460
    21.57826     22.71003    -11.50274
    21.57869     22.70847    -11.49848
    45.43341     43.12825     -7.58058
    42.34893     41.84490     -9.43475
    35.38819     20.03845    -13.70501
    31.23209     43.89794     -9.67961
    17.86890     33.31230     -3.54400
    29.32151     33.87409    -11.85068
    34.27820     23.30980    -10.11930
    46.91680     37.05580     -7.52600
    39.40695     53.41590    -11.58528
    51.14465     44.59752    -11.36411
    53.34330     50.53100    -12.59780
    34.43110     43.09450    -20.58980
    22.23160     26.24140    -11.07290
    26.71931     38.37701    -12.52073
    20.07086     22.55131     -9.77517
    36.65310     25.74060     -8.08790
    27.80518     38.83156    -11.38434
    36.03799     25.29345     -8.48118
    29.59280     44.43680    -13.51140
    41.55989     30.76965    -14.76951
    32.55730     46.47620     -8.53200
    35.33546     20.10104    -13.75753
    42.29960     39.33190    -10.46130
    39.90120     54.17310    -11.57920
    58.41295     47.54109    -11.12658
    20.78460     29.74560     -9.72620
    43.24610     44.68840    -18.05850
    56.67740     60.55160     -9.56270
    43.12270     32.60930    -13.25310
    51.02689     40.70246    -12.38062
    40.84723     34.34993    -10.21784
    23.84950     21.80500    -18.29680
    50.46478     43.51947    -10.70231
    33.48590     32.55070     -7.28060
    35.45499     19.90192    -13.67340
    37.04391     27.16404    -22.02834
    35.47060     46.80540     -8.50090
    37.25860     26.01720     -9.38420
    41.03395     26.98592     -8.11370
    41.79730     32.87170     -6.98840
    30.89780     34.07140    -16.32190
    42.19240     37.54988    -10.85990
    54.52760     50.24690    -13.29360
    26.78956     20.86232    -11.82596
    49.47780     46.84670     -7.65100
    30.98020     30.79970    -11.61570
    26.52115     20.69577    -12.44094
    53.05281     51.49530     -7.45385
    45.28021     43.02231     -7.60748
    28.35231     25.00350    -14.08857
    37.33820     30.54020    -18.17900
    33.66426     26.68599     -8.82133
    30.84520     37.29310    -22.59600
    18.32826     31.36119     -8.71845
    40.54860     38.45990    -19.46670
    26.65291     38.58965    -12.79712
    36.07480     27.07360    -21.39060
    51.14752     41.11855    -12.15484
    30.13360     42.60420     -4.39510
    49.26380     42.70740    -13.37530
    41.23190     29.29191    -17.04351
    23.70370     37.25600     -7.08850
    45.26752     46.32163    -26.59850
    40.71825     31.38740     -7.66555
    55.15210     47.01460    -13.40230
    42.57875     28.78440    -10.93547
    59.83262     52.33504    -10.31558
    26.44943     20.67220    -12.55661
    36.68334     29.53329     -9.29801
    33.53690     47.00590    -14.03660
    44.00830     36.33610    -11.93160
    49.78111     36.69455    -12.24629
    26.51978     20.69480    -12.44468
    52.05830     52.08280    -12.49850
    46.25010     42.80640     -8.13050
    51.88014     52.26827     -8.24930
    51.83346     52.46074     -7.81409
    42.67902     37.99349     -7.65591
    51.07140     50.78740     -7.56940
    41.37620     26.79190    -13.86710
    51.83177     52.46143     -7.82220
    42.67903     37.99349     -7.65593
    45.47530     58.13070    -13.98000
    51.88270     40.08390    -11.64370
    39.66380     39.17040     -8.58565
    51.07440     64.27430    -26.02480
    45.68870     59.75300     -9.77230
    23.06229     37.08716     -9.06841
    33.66424     26.68601     -8.82137
    43.59060     41.33300    -13.38000
    48.00910     42.82540    -15.32550
    40.88221     27.67355     -7.31687
    50.76990     43.05370    -11.78840
    46.53930     48.89540    -29.01360
    51.22543     38.93520    -13.14366
    42.24730     28.52611     -7.90726
    34.58598     30.98277    -10.64778
    34.39270     46.57750    -10.45350
    41.94348     54.28689    -10.58112
    41.99400     25.30230    -10.42310
    26.76010     18.81160     -7.32450
    35.60385     29.25330    -10.20591
    57.67480     47.79070    -16.97679
    33.78620     26.22590    -20.55134
    39.61860     26.99760     -5.94330
    28.66000     27.01520    -12.69600
    22.88429     22.91870    -12.47077
    17.48375     26.19805     -8.60881
    49.09876     41.63730    -10.62342
    42.19240     37.54992    -10.85990
    51.66160     51.57890     -5.51110
    34.58597     30.98277    -10.64780
    25.31040     35.08090     -6.68600
    27.33690     39.26430    -12.92306
    32.57995     24.60707    -11.12432
    54.86480     59.73460     -8.00220
    29.31971     20.41437    -13.17555
    50.22215     40.36171    -11.89970
    29.78310     42.14760     -6.74570
    59.01260     51.52240     -8.65790
    50.84600     42.42360    -11.45200
    51.86922     52.40576     -7.78590
    51.62609     52.61972     -8.57521
    42.67900     37.99359     -7.65548
    32.68920     27.41650    -10.43760
    41.06950     48.15990    -22.65070
    51.89515     52.41344     -7.58765
    51.91009     52.42216     -7.45472
    26.63584     38.63858    -12.86504
    56.15560     63.33370    -20.96360
    43.82928     35.33303    -13.87838
    32.50791     42.61109    -11.27792
    46.09600     59.61560    -16.48390
    40.73140     30.00080     -6.62840
    28.72240     33.36090    -21.77620
    33.91360     48.26540    -11.90360
    21.18966     23.40487    -10.35988
    26.77680     26.24690     -8.44700
    38.43990     52.98980    -10.40000
    38.39794     31.46040     -7.61075
    37.76850     49.53222    -13.95623
    54.61300     43.71910    -15.58420
    35.97220     35.29770     -7.24670
    48.87366     48.34001    -15.75321
    35.64505     37.13470    -14.64126
    28.97035     39.63579    -11.25561
    36.55730     20.97570    -22.42480
    51.61111     52.63057     -8.63199
    41.85097     29.51932     -7.41449
    51.08770     40.92281    -12.26056
    42.48480     32.09160    -14.74700
    57.44496     65.54099    -23.96079
    29.98150     19.03190    -22.11260
    39.93560     36.78020    -12.50270
    26.87479     38.36286    -10.32023
    42.56000     53.62470    -10.79050
    35.70872     28.52538    -13.24813
    35.35692     20.06393    -13.74329
    29.31976     20.41460    -13.17537
    42.73020     57.07150    -10.18100
    19.26150     23.58400     -9.60780
    35.47473     19.81553    -13.68547
    23.80009     35.67085    -11.88790
    42.66770     28.18784    -13.26834
    59.45470     56.11050    -10.11790
    23.52800     19.46980    -17.71530
    40.61180     37.98210     -9.23020
    52.66160     43.12516    -13.25378
    20.08857     23.65642     -9.34373
    48.53230     48.02960    -14.10150
    36.34840     28.48200     -9.93870
    48.18280     45.75510     -8.67390
    32.96240     26.56410    -20.26920
    49.45390     46.16210    -11.32420
    31.87280     20.59970    -17.55220
    41.84140     25.26080    -20.14920
    44.15820     51.70280    -22.33160
    33.35790     36.18270    -17.70980
    41.37620     28.71030     -8.58010
    18.95075     30.93044     -9.68458
    20.02410     22.10390     -7.02840
    23.85310     18.00990    -15.17350
    42.51550     29.76150     -8.96530
    29.19120     22.91110    -11.09790
    51.15098     44.59382    -11.36684
    29.25145     42.74744    -15.51096
    50.03530     44.92620    -13.30080
    16.24830     26.70990     -7.07820
    53.30830     54.98830     -8.61170
    53.58990     54.50910     -7.85230
    22.21750     20.82420     -9.62620
    37.82130     32.74550    -20.33430
    40.73700     52.99160    -11.98560
    36.68332     29.53331     -9.29797
    38.33250     26.83410     -7.76300
    29.06379     39.72296    -11.17474
    52.73714     41.62242    -14.21175
    26.58504     20.73472    -12.29853
    36.82960     30.88900    -18.88750
    26.52227     20.69656    -12.43796
    32.88900     42.85680    -13.01050
    45.38650     40.61960    -14.06780
    45.26756     46.32169    -26.59856
    43.33410     56.46680    -13.13940
    34.97370     17.34560     -5.57550
    33.25366     44.49686    -11.94182
    24.61870     19.79740    -14.35230
    36.50520     29.28750    -14.72760
    43.52460     36.44184     -8.50367
    21.18960     23.40485    -10.35991
    31.82110     26.73250    -10.61010
    47.67254     43.74712     -8.24342
    36.58272     24.36444     -8.94834
    36.58270     24.36445     -8.94839
    31.29430     30.16740     -7.57300
    20.78430     28.26350     -8.84910
    51.41240     51.50900     -9.36490
    36.01009     21.13114    -15.43728
    31.40053     43.73247     -9.53335
    21.57871     22.70848    -11.49848
    55.72976     56.30614    -14.59653
    55.72982     56.30655    -14.59706
    53.89244     55.84132     -8.67560
    39.34271     32.37690     -8.69065
    35.61120     19.78610    -17.46600
    56.64770     48.03960    -16.63710
    35.46419     27.91512    -10.95659
    28.68840     20.99970    -11.78360
    54.12120     53.47290    -11.52730
    27.50249     26.71569    -23.59695
    39.34280     32.37690     -8.69065
    27.50251     26.71571    -23.59695
    49.10761     42.05206    -10.39165
    39.88480     44.21870    -21.71450
    55.72985     56.30677    -14.59732
    41.93654     36.75341    -11.91243
    25.77538     20.49473    -13.50585
    37.36670     29.74391    -10.95958
    17.47130     26.22080    -16.68800
    42.68201     34.85936    -11.94811
    42.68201     34.85936    -11.94811
    23.54800     37.18920    -10.53850
    53.61041     52.49004     -8.41521
    37.91520     46.93580    -17.84970
    48.46830     50.40500    -11.10960
    49.90122     44.28141    -10.53082
    23.18780     21.37000    -10.45080
    43.52243     41.16124     -9.68163
    53.90850     46.36430    -13.48500
    21.08920     24.26700     -8.87600
    49.30094     34.96442     -9.37268
    21.64553     24.25763    -11.53614
    16.70280     28.13760     -8.25010
    35.38948     20.03645    -13.70420
    23.80011     35.67085    -11.88790
    38.88730     32.82940    -13.76680
    30.22980     15.70690    -15.74770
    43.45318     28.13991     -9.86273
    36.01009     21.13113    -15.43736
    35.16500     31.33740    -20.25100
    21.86010     30.31000    -12.24100
    48.80438     35.55193    -11.76054
    53.39574     49.99049    -11.66749
    45.79350     49.08670    -22.09160
    47.67257     43.74715     -8.24356
    31.44731     44.62745     -9.28884
    34.82790     33.64310     -7.66290
    23.13100     35.61900     -9.25200
    29.59470     43.44750    -13.68520
    43.37440     57.70320     -9.08090
    40.30490     24.11620     -6.60510
    46.73820     44.13290    -14.70880
    59.83388     52.33661    -10.32086
    51.90034     46.54146    -11.14071
    42.18690     38.59910    -13.81000
    49.89019     44.28604    -10.52976
    38.30370     23.94830     -8.91820
    52.33880     49.18170    -12.15110
    36.01008     21.13112    -15.43742
    32.35380     44.35800    -12.54240
    33.59224     25.95740    -10.92414
    31.62260     37.76740    -24.24120
    31.65670     26.49830    -13.11930
    41.31760     52.31690    -14.82860
    39.96140     37.24210     -9.47670
    53.39549     49.99029    -11.66763
    50.11230     57.99950    -24.53740
    18.22650     25.78710     -7.22260
    51.97980     66.01210    -13.33990
    18.46230     24.44990     -8.45210
    31.10764     42.59349    -13.50177
    27.80545     38.83143    -11.38434
    50.97420     64.75490    -13.94920
    52.62240     59.43380    -24.33510
    55.63017     64.45552    -22.33352
    39.75890     31.97410    -11.77980
    45.31490     37.68860    -12.74570
    26.29670     37.49390     -9.91120
    41.41570     53.02850     -7.48610
    45.56780     26.47630    -13.16380
    39.40110     40.90210     -9.53460
    30.33820     37.81790    -19.32930
    32.82340     36.71140     -9.76700
    40.75345     55.17371     -9.32636
    42.71137     30.55787     -7.81064
    38.86510     29.23100     -9.70040
    45.87200     42.71960    -10.18740
    49.17344     42.27153    -10.16484
    47.04021     45.06745     -9.21078
    26.52116     20.69577    -12.44096
    41.30960     24.86390    -11.86560
    29.63306     36.30289    -13.59980
    32.89455     22.17810    -10.47471
    48.25615     42.64602     -9.47517
    22.09300     25.50220    -11.74630
    33.04490     37.15200    -15.08230
    30.66160     41.06190    -14.08760
    37.81780     32.79150     -8.25670
    18.32825     31.36122     -8.71852
    30.75430     38.13270    -23.40750
    40.25120     26.42010     -8.33950
    44.18910     36.80790    -12.90870
    41.85099     29.51951     -7.41443
    41.85099     29.51943     -7.41447
    17.09460     27.67970     -6.01110
    18.40350     23.62630     -6.44820
    26.69032     38.46761    -12.63973
    35.57030     35.98860    -13.81830
    45.19750     36.58100     -8.19230
    47.04650     43.26580     -8.80150
    59.83246     52.33479    -10.31486
    39.34277     32.37690     -8.69057
    31.44727     44.62744     -9.28889
    19.30420     23.76400     -5.94350
    23.15820     21.42410     -5.53430
    30.78750     42.64886     -9.60568
    51.14484     44.59734    -11.36421
    52.17960     44.94770    -11.98430
    23.59760     29.32030    -13.29600
    42.68915     34.87200    -11.99392
    48.21724     42.64062     -9.67780
    34.92637     36.01136    -17.26192
    24.86780     14.60160     -8.73950
    41.55991     30.76965    -14.76949
    51.58274     58.18759    -19.00193
    41.86085     28.87434    -13.83495
    36.01009     21.13112    -15.43740
    23.18240     23.62950    -12.90730
    33.59224     25.95740    -10.92414
    29.57350     28.33810    -19.65320
    48.79140     41.78940    -15.56950
    39.40695     53.41590    -11.58522
    49.79440     54.26780    -26.21010
    51.48899     49.75446     -9.86798
    51.48899     49.75443     -9.86812
    51.48899     49.75443     -9.86808
    43.92220     35.09830     -8.69060
    64.62510     57.33450    -26.74960
    41.63540     29.62380    -16.22510
    40.51075     32.87708    -14.83175
    37.48920     37.95930    -10.00680
    30.24730      9.53290    -16.80930
    41.03397     26.98589     -8.11373
    42.76360     39.95040     -6.79170
    36.01009     21.13113    -15.43736
    43.91020     33.15360    -16.14580
    41.15710     25.76320    -17.02690
    30.90720     34.38270    -13.68510
    30.34023     32.13233    -16.12486
    56.27390     53.54740    -12.86100
    33.58380     46.17160    -13.62680
    16.49600     29.29630    -16.03870
    42.81075     33.98850    -11.23910
    53.68573     45.54937    -13.46514
    47.90630     39.69190    -15.03790
    33.59225     25.95742    -10.92414
    51.96122     52.40885     -7.17044
    40.47210     33.39660    -10.26310
    53.34570     55.09370     -7.23380
    29.65260     35.21490    -15.62790
    33.54418     26.05304    -10.99930
    56.32880     65.41420    -22.67640
    48.49391     49.56605    -11.51571
    47.53370     33.91249     -7.81483
    40.12900     23.35350    -20.44900
    22.88431     22.91870    -12.47073
    25.35550     39.39550    -15.87860
    23.45720     25.47900    -13.28050
    30.19360     15.51390    -22.92640
    28.38260     18.26430    -13.36990
    37.71174     21.22871    -17.09985
    20.08853     23.65637     -9.34365
    48.13410     35.12560     -7.11650
    26.74864     38.17667    -12.32876
    52.43970     64.98020    -23.98260
    32.50789     42.61111    -11.27798
    41.98760     42.60780    -23.76900
    45.37416     40.94264    -12.54884
    26.74100     38.61170     -8.38330
    45.37414     40.94266    -12.54886
    33.00160     37.30590    -17.48690
    45.03790     49.15630    -27.34960
    33.87230     31.44090    -13.88690
    41.92280     30.94300    -16.50350
    26.58505     20.73472    -12.29851
    31.28589     44.08032     -9.58198
    30.34012     32.13239    -16.12481
    40.92580     27.62060    -20.48360
    43.13800     38.74330     -8.40660
    37.77550     45.24520    -21.96600
    37.74650     30.73250    -21.58330
    49.01080     57.13290    -22.80250
    42.88980     26.81090    -14.48280
    52.02831     47.96475    -10.51552
    31.69427     35.88161    -15.41483
    31.69434     35.88162    -15.41473
    36.05150     36.83580    -16.65510
    43.61940     55.57070    -14.36970
    41.73150     38.22390     -6.33720
    45.54160     35.85340    -10.33930
    40.51095     32.87722    -14.83185
    42.35894     37.65324     -5.79185
    42.40743     28.72762    -11.40446
    37.58246     32.76603    -12.87618
    42.81079     33.98843    -11.23904
    46.61505     46.32646     -6.55380
    47.58974     37.77204     -9.63424
    40.51097     32.87723    -14.83188
    40.51095     32.87721    -14.83185
    50.46481     43.51948    -10.70239
    32.02910     31.05970     -8.60630
    31.58069     34.28156    -16.63778
    34.51110     24.52160    -19.07710
    53.08084     44.11017    -12.03540
    44.85100     42.72200     -5.11700
    55.23120     49.96620     -3.99030
    32.45150     26.30710     -7.97960
    39.20536     31.52772    -14.60841
    35.52570     18.40320    -14.43748
    47.97979     50.27629    -12.70480
    39.62459     54.13950     -9.93813
    35.16160     27.68090    -14.81930
    47.97981     50.27629    -12.70478
    33.38660     39.33160    -21.26650
    48.73470     61.40290    -11.50270
    35.90560     30.36360    -10.71670
    18.32826     31.36117     -8.71837
    44.07740     34.40930     -7.68060
    49.65020     45.83650    -10.00310
    41.85981     27.46684     -8.30604
    45.70820     59.02310    -16.50420
    27.69900     39.58950     -6.07220
    53.68574     45.54938    -13.46513
    36.85830     28.50460    -18.88580
    34.05280     30.90560     -8.18960
    29.01340     37.78940    -15.48410
    40.92780     36.06200     -8.53970
    33.55484     38.17431    -17.82925
    37.76850     49.53218    -13.95627
    36.14400     37.72220     -9.44070
    16.01460     27.88150    -21.06910
    30.77680     27.94290    -10.40010
    40.84732     34.35000    -10.21787
    39.90956     28.21114     -6.76555
    17.78180     25.71350     -4.95540
    50.39170     58.06940    -21.00940
    42.22965     39.90122     -9.70725
    41.02310     53.09650    -10.14700
    35.84589     21.02129    -16.11933
    25.52350     14.22830    -15.46170
    23.25280     28.10120     -9.25690
    30.85987     42.54277    -13.59420
    48.55670     34.15770    -11.53860
    32.99440     14.82930    -12.25890
    40.43020     35.66650    -12.96410
    50.46512     43.51963    -10.70269
    41.44500     25.02200     -7.22820
    36.06204     21.16722    -14.85501
    41.89600     44.71240    -16.53980
    40.72370     32.85370    -11.02800
    34.90501     46.92560    -12.23933
    47.47770     44.19900    -13.70570
    46.64787     39.56957    -14.27955
    25.50420     38.24397     -6.58721
    35.64508     37.13476    -14.64129
    30.05950     34.30720    -13.66450
    49.44740     43.51780    -10.21040
    47.67266     43.74720     -8.24381
    37.73580     28.16890    -15.18040
    37.53750     35.57940    -10.89980
    34.92637     36.01136    -17.26192
    42.68919     34.87212    -11.99403
    37.83129     31.36835    -10.99372
    43.83536     34.24495    -11.72889
    39.67990     45.18180    -19.60970
    25.58180     33.56560    -13.92480
    25.95838     38.44074    -12.72386
    53.12950     51.57676     -7.39185
    22.64780     24.30780     -8.40420
    43.63242     33.69397     -8.23471
    52.72790     53.25290     -7.06790
    49.11102     42.22080    -10.29769
    33.96579     44.16234    -10.00206
    55.63670     51.39410    -13.11830
    39.34275     32.37690     -8.69096
    20.84940     19.39410    -12.48970
    37.12710     19.25490    -13.25670
    38.39796     31.46040     -7.61075
    21.57825     22.71006    -11.50277
    39.41130     29.35850    -24.47000
    29.23350     19.06460    -10.50650
    43.63243     33.69397     -8.23472
    51.12380     41.97430    -14.62060
    43.83270     34.72650    -14.62230
    39.89990     55.50770    -10.95180
    30.85250     26.72530     -8.67040
    39.90940     28.21073     -6.76604
    39.12410     54.15180    -12.24050
    40.36550     34.36050    -14.79840
    20.14775     24.87280    -10.97606
    41.85101     29.51948     -7.41441
    36.02257     21.13935    -15.42642
    36.02650     21.14211    -15.36907
    49.13010     49.32940    -10.31950
    43.94640     28.53020    -14.08800
    28.83014     39.50511    -11.37720
    53.81820     51.38760     -9.57130
    23.59255     24.42609    -13.96078
    44.78650     33.24100    -14.99930
    53.29760     56.71430    -24.11930
    48.23650     40.26340    -14.35860
    41.60940     28.84850    -15.20900
    42.22959     39.90083     -9.70660
    53.06314     51.50680     -7.44513
    49.85750     46.81460    -14.13820
    26.78212     20.91239    -11.59156
    35.60381     29.25335    -10.20599
    52.17710     64.52120    -13.20430
    63.63890     59.54110    -21.47440
    43.87240     46.62340    -23.87660
    28.69250     38.77950    -13.45680
    41.91460     29.79770    -13.38820
    33.34673     47.42601    -11.88914
    51.90079     46.54576    -11.14740
    35.80220     28.99540    -18.40000
    50.21050     49.60490    -15.33280
    37.90824     41.26976    -18.39857
    37.36670     29.74389    -10.95962
    35.53490     30.25965    -13.01033
    49.22880     39.52600    -14.66970
    36.24020     25.94300     -9.14970
    35.53490     30.25965    -13.01037
    41.07930     38.99670    -13.70690
    18.08720     28.36950    -18.64750
    53.12840     47.86480    -12.94110
    48.80417     35.55168    -11.76046
    40.36930     28.90750    -11.08900
    47.97980     50.27632    -12.70482
    27.33690     39.26430    -12.92304
    57.84320     56.62030     -7.86500
    26.65954     38.57015    -12.77062
    59.59970     51.27030    -15.21760
    36.63240     51.07660     -5.95940
    42.24729     28.52611     -7.90720
    16.69050     27.02450     -5.66690
    32.89455     22.17810    -10.47479
    35.58510     32.54980     -7.27980
    38.44290     46.34840    -21.20660
    39.34200     34.16610    -12.78820
    23.06229     37.08721     -9.06835
    39.81800     33.21350    -19.45400
    35.21890     16.95400    -12.52680
    38.42350     27.61940    -15.55980
    48.80450     35.55207    -11.76059
    38.27440     28.36460    -17.94510
    33.90460     29.79770    -20.04260
    22.59080     34.26580    -11.52790
    34.98366     31.00219    -12.78568
    58.10880     48.58530     -9.03170
    51.89634     46.50414    -11.08290
    43.22584     31.79395     -8.32744
    22.37170     22.43420    -14.22210
    32.37460     46.64870    -12.03440
    42.40648     26.54354     -9.23206
    37.83125     31.36828    -10.99368
    40.71825     31.38740     -7.66555
    42.91500     31.80250    -17.05960
    41.94357     54.28690    -10.58145
    40.60200     44.28370    -25.14600
    43.63245     33.69396     -8.23467
    32.83460     26.90890     -6.82700
    42.32370     32.06870    -11.35800
    43.41330     36.47810    -13.21160
    24.95080     36.45080    -12.90720
    42.40646     26.54351     -9.23200
    33.30397     26.53089    -11.37498
    29.31979     20.41474    -13.17528
    33.51254     38.17842    -17.71619
    28.89630     24.24160    -22.32350
    49.30096     34.96438     -9.37272
    42.96950     33.07540    -14.10190
    26.54143     20.70786    -12.39649
    29.63308     36.30296    -13.59980
    55.72985     56.30666    -14.59728
    23.06233     37.08712     -9.06847
    32.57995     24.60703    -11.12439
    47.11350     57.17400    -19.60400
    36.69433     48.05149     -9.72636
    16.29530     25.38540    -13.04020
    52.06020     59.89710    -22.93630
    14.74470     26.86100    -13.31690
    41.28810     33.63060    -11.38810
    51.94509     52.41236     -7.26318
    54.22000     47.13320    -12.60330
    34.09500     14.30000     -5.67740
    37.33940     29.20870    -21.84140
    35.31170     42.41710    -24.22580
    40.07440     32.75510    -11.53880
    30.12750     13.82510    -22.58130
    49.41710     57.60880    -20.40500
    60.87451     54.62135    -24.10433
    52.17110     48.81070     -7.24050
    22.40970     21.39250    -11.10800
    46.02590     37.47730     -9.97650
    51.80631     41.86689    -12.68767
    40.91060     34.23550    -16.75230
    21.87920     21.46820    -19.03910
    45.26757     46.32172    -26.59859
    50.96330     47.55530     -7.77730
    25.71450     39.31980     -9.21900
    44.92470     31.47050    -10.29290
    35.52570     18.40320    -14.43752
    50.59789     64.47787    -23.91900
    46.61505     46.32644     -6.55380
    43.92690     43.35860    -25.81570
    43.22586     31.79395     -8.32746
    58.74370     56.50450    -10.61200
    48.41109     42.66757     -8.66737
    28.90648     39.57600    -11.31051
    50.68391     59.11994    -23.82778
    30.40704     19.45956    -12.58661
    45.71320     39.84783     -6.73361
    51.08754     40.92248    -12.26070
    49.11116     42.22966    -10.29264
    49.11098     42.22090    -10.29763
    36.03801     25.29345     -8.48112
    41.23190     29.29189    -17.04349
    25.08210     22.76080    -15.26680
    28.78740     41.21090     -5.31540
    42.66770     28.18786    -13.26836
    42.67903     37.99346     -7.65617
    49.52240     37.42330    -12.56050
    39.87120     35.15080    -13.55630
    55.58560     48.26350    -15.06370
    33.60268     25.93640    -10.90779
    38.09030     31.64760    -19.89170
    24.88740     35.81880    -12.08690
    36.51050     41.11700    -17.67680
    27.37580     19.40650    -13.56040
    43.61260     47.63450    -22.50900
    51.64821     45.39674    -11.07015
    57.58050     64.72880    -20.73380
    20.14775     24.87280    -10.97614
    37.94370     29.57725     -8.72513
    19.74280     24.46950    -10.51520
    30.54960     36.45220    -13.17450
    27.60050     32.67590    -17.18070
    48.21738     42.64062     -9.67754
    35.95880     27.67199    -12.81346
    47.62420     47.50910    -26.54980
    40.56730     32.13090    -11.16440
    32.49140     46.06630    -14.73250
    17.48375     26.19805     -8.60879
    44.50210     40.32560    -13.21832
    36.28260     48.65140    -11.37600
    38.92830     32.46170    -20.73760
    32.75480     44.79920     -8.86670
    41.09240     40.21000    -10.34990
    25.31084     21.19165    -12.82058
    31.65530     31.13650    -12.12480
    36.69930     22.92220     -7.11420
    55.24880     46.48730    -15.04450
    32.63037     45.13328    -13.61284
    35.70874     28.52543    -13.24802
    48.01820     39.04500    -10.59740
    48.32052     40.06195    -10.69080
    35.91500     29.45310    -13.74450
    45.81940     50.76700     -8.41320
    42.69409     28.82252    -10.61979
    39.94450     33.59470    -15.11710
    21.64553     24.25763    -11.53617
    41.03391     26.98594     -8.11371
    44.50210     40.32560    -13.21838
    37.58223     32.76650    -12.87494
    36.66890     25.06560    -12.30700
    49.71470     61.23100    -21.37650
    25.45570     37.62070    -12.37960
    33.51257     38.17841    -17.71627
    27.80525     38.83153    -11.38432
    28.60700     35.49150    -11.00160
    39.62240     33.09510    -16.80600
    35.74300     31.87480     -8.37430
    35.01306     20.34305    -14.16541
    30.12240     27.94340     -5.97000
    31.22390     22.78460     -7.89610
    29.63310     27.52730    -12.52930
    36.00020     19.98510    -18.45060
    34.06720     18.10510    -11.82880
    52.66160     43.12514    -13.25382
    15.16284     27.79379    -12.49557
    29.13880     33.13810    -11.20400
    31.75200     20.96740    -12.66180
    28.34960     22.73430    -11.34640
    36.71305     34.25584    -12.09360
    51.64845     45.39688    -11.07101
    34.77480     45.21586    -13.21840
    38.94700     35.32140     -8.27030
    29.63303     36.30297    -13.60001
    31.66594     21.75291    -11.38985
    31.69413     35.88157    -15.41503
    24.65100     21.18370    -14.69410
    29.32149     33.87411    -11.85072
    28.01250     36.51400    -17.31020
    25.43800     39.56780    -13.07590
    53.30030     40.94150    -15.02380
    46.68704     32.79867     -6.87199
    46.68702     32.79866     -6.87200
    46.68704     32.79866     -6.87200
    25.84970     37.40030     -8.33290
    46.00440     61.43460    -21.12490
    53.61039     52.49006     -8.41519
    29.25145     42.74746    -15.51094
    36.17300     48.72740     -8.15300
    46.99550     34.16610     -9.91470
    50.46478     43.51945    -10.70235
    18.17360     26.44880    -13.23670
    35.48920     49.55510     -6.83640
    53.08086     44.11013    -12.03540
    53.89246     55.84128     -8.67560
    54.29500     49.71630    -11.49200
    36.11270     45.26220    -17.48320
    44.42800     43.26040    -10.56210
    18.22420     26.13560    -10.30060
    45.27520     43.31500    -11.30130
    29.63304     36.30291    -13.60000
    37.58251     32.76590    -12.87652
    35.46438     27.91518    -10.95556
    43.45402     28.14017     -9.86583
    27.78770     28.79800    -19.31580
    54.28950     52.86830    -11.93070
    33.41670     41.00530    -19.54690
    47.67550     35.34070    -11.09520
    35.40960     36.15610     -7.26410
    52.57680     41.19695    -13.91432
    26.68825     38.47311    -12.64761
    23.59263     24.42614    -13.96069
    35.15930     33.41870    -13.77510
    29.63312     36.30278    -13.59965
    39.22560     43.62550    -27.10760
    45.47280     37.24980     -9.39120
    42.64220     57.91170    -11.87480
    58.27590     48.50580    -21.62960
    15.16286     27.79381    -12.49563
    46.65810     43.30610     -7.10530
    31.58071     34.28154    -16.63782
    49.93277     44.26821    -10.53378
    41.31240     33.17750     -8.21680
    34.79571     45.77906     -9.19361
    41.85097     29.51933     -7.41454
    31.10732     42.59343    -13.50187
    42.21403     33.52503    -12.56336
    36.02651     21.14209    -15.36905
    35.95880     27.67201    -12.81344
    34.75115     36.66146    -13.98529
    45.42410     53.69910    -18.28400
    33.57340     31.86200    -10.78330
    36.47630     26.76740    -12.25440
    34.90499     46.92560    -12.23937
    51.90217     46.55854    -11.16713
    35.54890     23.84040    -10.64570
    23.16380     34.64120    -10.43160
    21.83610     26.08130    -12.16530
    43.80180     33.95610    -13.87500
    25.37660     34.78060     -9.73300
    33.47690     25.76140     -8.52640
    59.52880     54.04700    -21.11690
    59.96320     54.30510    -22.23780
    42.64025     28.80475    -10.76711
    42.69573     28.82307    -10.61530
    42.21402     33.52506    -12.56330
    18.13660     24.28790    -14.47240
    20.10430     22.30070    -18.06400
    31.65200     37.81280    -17.97280
    41.96370     34.84260    -13.72640
    37.71176     21.22869    -17.09985
    23.89830     23.17180    -12.25690
    51.64837     45.39684    -11.07072
    29.11035     39.76684    -11.13515
    32.63037     45.13327    -13.61278
    32.63037     45.13329    -13.61278
    33.25942     38.20331    -17.03913
    33.98590     27.81760    -10.62090
    35.97329     46.53380     -9.65999
    23.98760     27.03520    -18.04650
    22.81874     35.75209    -11.43503
    50.46470     43.51942    -10.70231
    37.83126     31.36832    -10.99367
    43.11440     34.63950     -8.11160
    42.69380     28.82245    -10.62057
    51.45540     51.21750     -7.18850
    43.55830     40.48090     -4.81850
    16.72220     26.36500     -9.86960
    43.82935     35.33299    -13.87840
    33.94190     48.43720     -9.26220
    25.31086     21.19165    -12.82052
    23.06231     37.08715     -9.06847
    29.99220     36.15260    -15.69850
    36.78370     30.24430     -7.26690
    27.46950     21.05010    -13.79130
    22.11080     35.81240    -10.03390
    34.34260     25.38720     -8.32890
    47.59690     35.23550     -7.86250
    34.60750     38.02690    -21.63930
    18.95075     30.93046     -9.68462
    43.83534     34.24495    -11.72891
    63.63940     57.09060    -22.95500
    37.89980     44.14494    -23.53815
    28.79540     42.26900     -5.23270
    54.95650     45.64500     -8.92050
    40.02920     31.29820     -9.37230
    47.58972     37.77203     -9.63431
    33.00030     32.75880     -8.11010
    29.63293     36.30320    -13.60058
    35.09180     33.91190    -18.83450
    27.80511     38.83160    -11.38431
    47.53370     33.91251     -7.81477
    38.81100     22.74720    -10.33140
    37.45870     32.25080    -11.38510
    41.17830     32.06140    -12.24380
    48.03750     49.49930    -22.54640
    39.50520     27.73760    -15.44420
    40.12205     33.76645    -11.71198
    37.04389     27.16406    -22.02836
    19.53190     29.85280     -9.96690
    34.69810     33.59550    -16.31990
    35.91910     20.27250    -16.44740
    51.14461     44.59746    -11.36411
    42.67057     34.83895    -11.87561
    31.17066     42.60641    -13.47814
    35.44590     31.54780    -13.74020
    49.79902     44.32436    -10.52091
    34.34070     45.23720    -10.94800
    32.04260     44.71850     -5.76230
    32.26410     14.60940     -8.98340
    48.81740     44.44390    -12.41360
    46.91000     34.96830    -10.59250
    56.11370     65.20130    -24.32300
    54.04540     50.53200     -8.91750
    36.69429     48.05164     -9.72620
    25.23250     22.06810    -12.32240
    34.77479     45.21588    -13.21847
    48.69890     45.74370    -18.25660
    27.16220     41.81880     -6.56650
    39.99460     35.01500    -10.09830
    44.87153     42.73264     -7.65585
    18.70050     31.93540     -7.73090
    22.41080     34.20410    -13.61540
    36.68335     29.53330     -9.29802
    18.52950     28.89560     -9.05130
    24.61980     38.97760    -13.19020
    26.39646     20.65135    -12.64675
    35.91050     47.22430     -9.90920
    48.80313     35.55037    -11.76003
    41.05564     38.75949     -9.55502
    22.81876     35.75211    -11.43507
    35.60650     34.44040     -8.91420
    28.42130     37.89840    -15.11520
    34.95460     29.07880    -16.89440
    38.19730     27.22970    -12.56530
    18.82420     23.49530    -13.60770
    22.09320     20.36050    -13.91980
    50.86240     63.58390    -10.17290
    43.45310     28.13988     -9.86244
    28.47760     34.78550    -12.31300
    36.58272     24.36443     -8.94840
    26.88264     20.88367    -11.79080
    58.57975     48.98165    -10.47177
    45.71320     39.84787     -6.73359
    39.32370     35.12960    -22.01330
    25.71730     24.01840    -14.62910
    47.04019     45.06745     -9.21082
    34.02740     43.03405    -17.38533
    23.89290     30.19230    -17.38090
    31.20684     43.92723     -9.70048
    46.64784     39.56955    -14.27954
    55.72982     56.30651    -14.59702
    59.65050     54.93570    -20.09180
    58.57975     48.98165    -10.47173
    56.12880     66.11570    -20.89740
    51.22543     38.93519    -13.14368
    43.52460     36.44186     -8.50373
    41.24120     51.32250    -16.82890
    40.14180     50.56540    -15.18710
    46.31780     59.10500    -13.12020
    20.08855     23.65640     -9.34373
    20.08856     23.65639     -9.34365
    37.40310     49.26090    -12.73960
    49.62000     41.68430    -14.51880
    26.87481     38.36284    -10.32027
    29.11120     15.29010    -10.75820
    51.22544     38.93520    -13.14366
    31.77660     34.16000    -14.99030
    46.04730     45.19440     -7.92790
    48.87364     48.33999    -15.75319
    50.08300     56.19730     -9.08960
    34.02740     43.03405    -17.38537
    42.67905     37.99346     -7.65603
    48.49389     49.56605    -11.51569
    19.44520     22.35050     -8.15680
    31.49400     26.32020    -11.32180
    24.11910     31.65590    -14.19770
    48.21724     42.64063     -9.67779
    51.58276     58.18761    -19.00187
    29.89900     39.27480    -15.11640
    34.58597     30.98277    -10.64779
    34.77481     45.21590    -13.21854
    38.65150     30.00710    -10.12700
    34.43634     48.36471    -11.18952
    20.85450     23.71730    -11.83920
    51.08720     40.92133    -12.26135
    40.98180     37.92530    -10.96230
    18.66220     28.18290    -10.38880
    41.27025     35.32916    -11.76686
    25.60841     22.64294    -13.36743
    54.00120     64.80940    -19.34930
    50.41420     45.61530    -10.45770
    38.39140     31.16530    -19.16280
    30.50810     19.00410     -7.59800
    41.05566     38.75951     -9.55508
    42.21400     33.52502    -12.56344
    50.68389     59.11996    -23.82772
    26.68035     38.51104    -12.68867
    32.57993     24.60709    -11.12428
    19.91350     26.11470     -7.88740
    50.46460     43.51939    -10.70215
    25.50420     38.24393     -6.58719
    51.07740     53.31000    -15.06350
    41.27025     35.32914    -11.76684
    56.56050     60.99320    -19.21710
    37.85840     28.20460    -11.24300
    41.94331     54.28684    -10.58054
    45.03290     31.48270    -15.08140
    52.15470     38.42500    -10.76880
    33.34677     47.42599    -11.88916
    58.97410     64.07940    -21.15830
    37.89980     44.14496    -23.53815
    37.59620     40.27070    -19.39160
    50.61059     56.88199    -25.28209
    45.07850     38.11760    -13.57170
    27.23190     17.19050    -14.70600
    53.36526     43.90336    -13.94326
    45.85810     52.15090    -21.02200
    37.25960     27.95640    -22.01910
    19.13530     31.12420     -7.73140
    32.05500     23.83890    -10.58500
    42.63540     35.00150     -7.31870
    18.09490     26.13410     -5.98580
    54.78520     49.71150    -13.77100
    43.14430     38.52590    -12.33230
    16.96380     23.96540    -10.14870
    42.34897     41.84490     -9.43475
    26.80230     12.92620     -8.95300
    49.78114     36.69457    -12.24633
    34.81330     49.53270     -5.64460
    40.88219     27.67355     -7.31693
    32.99360     28.94420    -10.75110
    49.93270     44.26809    -10.53404
    32.21300     25.39170    -10.08300
    43.45290     28.13985     -9.86177
    41.86085     28.87436    -13.83495
    15.83380     25.39500     -6.60680
    51.33430     57.48930    -23.73610
    37.58258     32.76573    -12.87683
    33.73870     44.44520    -13.45860
    31.68384     43.45210     -9.28819
    46.83490     37.87160    -15.19710
    34.98364     31.00221    -12.78572
    44.86668     42.72900     -7.65497
    42.76480     37.11010     -7.60620
    38.78060     41.50510    -18.19780
    36.01008     21.13112    -15.43752
    51.98292     52.40407     -7.04936
    20.62090     25.06050    -19.23630
    34.00740     44.91780    -12.65660
    53.48750     42.70070    -14.91330
    33.55477     38.17429    -17.82915
    64.60260     55.96750    -25.49600
    57.67480     47.79070    -16.97681
    26.70590     38.41999    -12.57612
    55.10430     56.03850     -8.77580
    34.29800     26.53040    -20.23200
    21.57679     22.71528    -11.51699
    22.82200     26.60730    -12.68810
    19.21470     27.23210     -6.58750
    19.58386     27.42149    -14.39124
    28.08980     24.34570    -15.65960
    34.87390     32.59390     -6.96700
    25.12850     32.76800    -17.31850
    21.57817     22.71031    -11.50350
    54.59070     47.02590    -14.10180
    48.74850     56.08120    -23.80340
    34.86110     25.91790    -13.95890
    49.30620     64.84760    -26.27330
    31.26960     42.03460    -10.31950
    23.59261     24.42613    -13.96072
    60.42100     50.59010    -20.36510
    51.61936     52.62507     -8.59938
    35.60373     29.25338    -10.20606
    19.07150     25.24200     -9.09370
    52.86470     46.89590    -11.89150
    40.02470     24.98110    -13.12710
    21.64553     24.25765    -11.53618
    49.66860     57.84150    -23.36600
    58.90550     50.36640    -17.29480
    43.05960     37.79990    -12.10010
    24.61480     34.10060    -14.12640
    25.89790     32.00640    -13.19250
    31.33950     24.58480     -7.06100
    59.48775     50.90781    -10.47485
    52.62481     41.32449    -14.00356
    41.93653     36.75339    -11.91240
    42.40290     27.14730    -11.33240
    31.37160     34.32400     -9.00520
    50.19370     62.41980    -26.10540
    40.54080     41.92350    -11.80240
    47.95640     38.70150    -15.20240
    18.09360     27.16690     -5.57140
    30.34012     32.13238    -16.12480
    52.85010     48.25360    -12.01490
    19.12790     30.92560     -6.30180
    51.10005     40.96763    -12.23611
    34.31030     31.41100     -9.64690
    35.97331     46.53380     -9.65991
    33.96581     44.16236    -10.00204
    44.37590     30.46530    -13.50520
    29.31976     20.41463    -13.17538
    43.82935     35.33301    -13.87839
    28.35229     25.00350    -14.08853
    49.83630     62.97820    -21.28470
    59.48775     50.90779    -10.47485
    38.40650     49.43370    -10.64190
    49.23480     43.92360    -13.03780
    41.00810     31.56480    -19.21380
    30.40706     19.45954    -12.58669
    53.68572     45.54935    -13.46513
    17.92970     28.00320     -8.32100
    39.77640     26.12720    -22.34250
    37.56120     24.48320     -6.56660
    40.84729     34.34998    -10.21786
    51.53450     42.60210    -12.15950
    30.34015     32.13238    -16.12481
    45.73895     42.08885     -7.66982
    42.83240     39.37650     -6.16330
    49.48140     42.50165     -9.52054
    39.82010     45.91080    -17.82930
