    43.35942     41.04223     -9.30993
    28.78920     42.20030     -7.79720
    39.09470     36.69140     -8.59910
    39.31813     32.37278     -9.09380
    40.05000     32.03040    -13.85310
    43.70976     41.26688    -10.14858
    55.81845     57.28512     -9.86726
    33.30580     17.84170    -15.31120
    52.59349     41.25335    -13.95755
    40.58577     32.92990    -14.85213
    37.71450     27.26970     -8.92110
    44.10090     36.21740     -7.96960
    41.85341     29.53667     -7.40748
    41.49530     50.84940    -19.94120
    42.51180     40.97500    -13.80150
    51.74280     40.33200    -13.01160
    35.83890     21.28830    -22.06900
    53.36005     43.89130    -13.93404
    31.42610     37.57310    -15.99920
    50.62280     64.47660    -16.25290
    19.54286     28.14322     -8.11774
    46.60574     39.53865    -14.23233
    41.93314     36.75851    -11.89274
    49.00420     42.72730    -15.12510
    40.75464     55.16721     -9.35624
    33.85020     20.85440    -17.85220
    40.14350     54.97720    -10.27270
    19.53574     28.14258     -8.12706
    42.31660     28.73407    -11.57464
    22.41520     22.65730     -9.38360
    39.48090     27.72830    -13.80310
    26.50461     20.67442    -12.48852
    35.62851     37.09824    -14.62250
    35.62600     37.08426    -14.63055
    38.07680     31.82080    -14.85930
    33.68610     46.32820     -9.09230
    42.61540     39.20370    -12.64280
    49.08494     41.49527    -10.67820
    25.49080     20.60090    -10.04270
    53.26935     49.88800    -11.73519
    39.66172     39.17188     -8.58842
    32.26050     23.49600     -7.53170
    33.03550     45.98930    -10.87470
    41.85529     27.47445     -8.31518
    40.61260     27.52830     -9.28980
    47.52370     36.89560    -10.84190
    56.20380     62.35240    -17.98270
    42.23508     39.91247     -9.72843
    28.37070     40.67040    -13.65690
    48.33931     40.08459    -10.67323
    25.96608     38.45657    -12.75057
    34.88110     31.81330    -15.48400
    29.73340     19.42490    -13.11390
    31.69071     43.29057     -9.00590
    49.61920     48.86400     -8.04130
    39.19994     31.51390    -14.59801
    34.02448     20.85354    -11.79777
    34.93250     18.55510     -9.84340
    46.50560     40.92520    -10.37440
    25.40740     21.19280    -10.60350
    40.14311     28.66409     -8.30432
    40.15319     28.65321     -8.30658
    28.55040     22.23620    -13.10380
    43.92220     52.07090    -24.33980
    32.46250     22.66190    -12.75660
    20.06386     22.54448     -9.76092
    49.59680     37.17130     -8.03180
    48.32083     40.06574    -10.68936
    30.44380     29.95390     -7.83580
    43.61695     41.23223     -9.89536
    44.85030     47.70500     -5.77110
    57.43835     65.54693    -23.97210
    42.78290     35.03868    -12.59586
    34.92051     36.02181    -17.29060
    42.69495     30.53029     -7.77201
    42.67207     30.38400     -7.68679
    37.74590     26.71980    -18.65540
    40.37840     31.45620    -12.25050
    52.00159     47.98538    -10.49559
    63.40510     57.52930    -24.39110
    52.25920     46.10750     -8.11370
    41.30010     36.23470    -22.85650
    50.37061     37.65031    -12.61327
    36.57240     24.37674     -9.00843
    42.20847     33.50739    -12.59594
    42.21589     33.53285    -12.57713
    45.92565     43.43707     -7.39344
    35.50311     27.94046    -10.65379
    51.79700     41.87416    -12.71009
    55.32970     50.29490    -13.58700
    32.36700     22.73850     -9.41360
    41.91020     56.49160    -10.16880
    55.63307     64.43730    -22.37959
    55.62991     64.46905    -22.33598
    55.63066     64.47576    -22.31957
    21.19528     23.40667    -10.36836
    36.53060     30.71140    -12.32960
    55.62737     64.44546    -22.32609
    33.31294     20.17192    -12.79796
    33.29391     20.18768    -12.79908
    33.30695     20.18470    -12.79777
    53.74620     49.22670    -11.74510
    50.60451     64.46297    -23.91992
    38.46590     36.20860     -7.86160
    30.65410     37.20860    -13.55440
    45.45240     34.36470     -9.65390
    42.36816     37.66557     -5.79070
    42.31487     28.70680    -11.61592
    37.76880     28.98520    -14.37940
    25.26470     35.40590     -8.72060
    57.06300     65.65740    -22.61570
    18.84880     25.10670     -7.24980
    23.91740     33.37870    -13.67230
    39.18560     26.66160    -12.13460
    55.82082     57.28440     -9.81914
    18.74560     28.38570     -6.94130
    55.82198     57.28758     -9.81195
    55.82475     57.29321     -9.81795
    52.60150     51.17700    -10.47940
    47.70320     45.95270    -14.10210
    40.11806     33.76847    -11.72621
    32.73970     25.93380    -17.92810
    36.71801     47.92732     -9.87145
    33.62436     38.17306    -18.04772
    21.32765     23.48078    -10.39863
    51.13934     44.62028    -11.35633
    20.06460     22.85260     -7.47730
    45.74408     43.32463     -7.46212
    29.03240     25.43170    -13.00510
    32.90660     31.78430     -6.87190
    26.74191     20.83014    -11.89426
    29.45460     41.52220    -10.40850
    50.22538     40.35480    -11.90085
    30.26400     41.81480     -9.64650
    49.00124     35.82251    -11.84401
    32.64780     45.12420    -13.61159
    59.75870     52.26810    -10.02818
    34.01662     20.84676    -11.85783
    31.00403     43.84375     -9.80969
    46.20570     32.72890    -11.25580
    50.63400     45.82140    -11.79040
    52.54951     41.11561    -13.87836
    33.78803     26.22354    -20.52111
    57.78140     45.95380    -19.94950
    58.41631     47.55324    -11.14174
    52.91096     51.52350     -7.43157
    18.67370     24.49300    -17.50850
    42.68888     38.00472     -7.59916
    32.58410     28.10750    -21.45320
    37.07670     32.53390    -10.52110
    34.17950     22.68200    -16.91630
    43.25650     34.51280     -9.97920
    53.39492     51.85649     -7.17887
    31.74961     43.39223     -9.23386
    42.25250     28.50433     -7.89219
    48.21850     44.87510    -16.80700
    33.24342     44.48791    -11.92122
    17.99950     27.85760     -6.82000
    36.89860     25.25720     -9.77340
    36.09120     31.10600    -21.94950
    42.13340     42.51670     -8.73110
    45.26605     43.10401     -7.68538
    51.48948     49.73948     -9.93686
    34.76903     45.74996     -9.15637
    52.99560     54.49480     -8.31370
    42.39810     26.55248     -9.23647
    50.36789     37.65089    -12.60323
    31.02689     43.88382     -9.91495
    33.31830     15.36970    -29.73350
    34.83647     45.90593     -9.36073
    39.27300     33.66610    -10.49120
    49.31240     57.36660    -24.91240
    35.37055     20.24746    -13.51549
    35.39627     20.13744    -13.66929
    39.51430     29.31540     -9.78150
    43.71230     42.22020    -10.05090
    39.91135     28.22610     -6.75355
    38.50660     34.28780    -14.59280
    48.13980     62.62900    -16.83150
    29.95250     43.30100    -12.39860
    43.43178     28.14254     -9.78427
    43.83000     35.32613    -13.88678
    25.59910     22.64952    -13.38394
    58.02680     56.46750    -10.19170
    41.92380     46.97900    -10.85520
    56.69980     52.80560     -9.72560
    42.77663     30.74611     -7.96131
    50.61983     56.89087    -25.28673
    45.74287     42.09071     -7.65457
    21.16638     23.40514    -10.34662
    33.59720     24.69260     -9.42220
    31.45530     35.89290    -12.17470
    42.24826     28.55553     -7.91831
    52.50790     51.65660     -9.31420
    36.71621     34.26707    -12.09179
    40.49860     54.33360     -8.28780
    23.36830     32.83080    -13.76790
    33.77210     36.87920    -15.91220
    20.96570     25.33730    -10.77470
    39.63025     54.14233     -9.95168
    38.01200     49.27370    -12.06950
    35.70232     28.53054    -13.24073
    48.89590     49.17800     -6.85120
    35.66209     37.15350    -14.64275
    25.56560     24.15150    -16.35860
    45.17544     42.93368     -7.81313
    31.18540     46.23060    -15.59000
    19.57703     27.42995    -14.40165
    46.46720     44.59930    -16.69510
    38.66770     30.50110    -14.48330
    23.59260     34.84070    -14.41390
    30.94220     23.06340    -14.43650
    35.86460     50.13430     -8.09360
    46.76820     37.76060    -12.27300
    51.68381     45.42064    -11.20581
    55.84660     65.81250    -22.64950
    33.16640     41.19940     -6.84530
    31.68130     13.26550    -28.55530
    42.43180     32.52240     -7.41580
    36.90690     24.60850    -16.54050
    31.67042     21.74618    -11.38605
    23.06473     37.09209     -9.05520
    47.59569     37.77277     -9.61799
    34.59112     30.99056    -10.67234
    55.90230     62.32160    -24.12560
    26.44381     20.63384    -12.65377
    26.61080     21.05180    -10.85089
    42.76339     28.85432    -10.44105
    41.06240     54.33840     -8.88160
    34.79315     45.80683     -9.21574
    44.75430     36.00940    -12.21760
    26.67570     23.94420    -17.96450
    33.63206     38.15889    -17.98995
    37.94565     29.58065     -8.69826
    30.78564     42.64345     -9.62148
    46.23380     38.35080    -14.62660
    24.56300     33.11890    -14.05930
    42.33886     28.68704    -11.63524
    37.91733     41.26354    -18.38227
    52.03187     47.96915    -10.52174
    34.44235     48.35713    -11.21110
    31.48018     42.68526    -13.34677
    41.41930     36.94940     -7.92720
    17.22100     27.36020     -4.82280
    43.69667     35.31632    -13.88981
    49.78365     36.69020    -12.25796
    49.77867     36.68904    -12.25476
    34.74734     36.65492    -13.95261
    31.45920     45.83530    -14.20260
    36.05690     31.93960    -12.23170
    35.44079     20.06670    -13.60144
    41.73940     31.51360    -13.10320
    46.33920     54.49780     -6.72030
    49.29960     45.32370    -10.05180
    45.07280     38.72260     -7.24850
    40.71210     29.26760    -14.61570
    35.41474     20.22533    -13.41752
    17.72980     26.58700     -6.67540
    60.86651     54.61722    -24.08182
    35.44008     20.00572    -13.67015
    33.01980     46.13820     -9.24140
    27.21540     11.38560     -5.57460
    21.58673     22.66107    -11.40793
    21.61770     22.56895    -11.10985
    45.37429     43.11438     -7.66798
    42.33612     41.84739     -9.43248
    35.48964     19.95199    -13.63960
    31.09211     43.84428     -9.83570
    17.86890     33.31230     -3.54400
    29.32980     33.86436    -11.83391
    34.27820     23.30980    -10.11930
    46.91680     37.05580     -7.52600
    39.40281     53.41644    -11.60725
    51.02374     44.70127    -11.30273
    53.34330     50.53100    -12.59780
    34.43110     43.09450    -20.58980
    22.23160     26.24140    -11.07290
    26.92755     38.35907    -12.25027
    20.07784     22.55812     -9.78938
    36.65310     25.74060     -8.08790
    27.74668     38.85560    -11.39552
    36.03344     25.29194     -8.50535
    29.59280     44.43680    -13.51140
    41.54771     30.77120    -14.77706
    32.55730     46.47620     -8.53200
    35.26227     20.24308    -13.79304
    42.29960     39.33190    -10.46130
    39.90120     54.17310    -11.57920
    58.40959     47.52896    -11.11146
    20.78460     29.74560     -9.72620
    43.24610     44.68840    -18.05850
    56.67740     60.55160     -9.56270
    43.12270     32.60930    -13.25310
    51.00629     40.53023    -12.47035
    40.80410     34.31592    -10.20576
    23.84950     21.80500    -18.29680
    50.45437     43.52345    -10.66541
    33.48590     32.55070     -7.28060
    35.53659     19.92638    -13.62825
    37.05625     27.15743    -22.01620
    35.47060     46.80540     -8.50090
    37.25860     26.01720     -9.38420
    41.03930     26.98733     -8.10537
    41.79730     32.87170     -6.98840
    30.89780     34.07140    -16.32190
    42.19079     37.53602    -10.86378
    54.52760     50.24690    -13.29360
    26.90994     20.78683    -11.84154
    49.47780     46.84670     -7.65100
    30.98020     30.79970    -11.61570
    26.42249     20.61867    -12.70120
    53.04271     51.27489     -7.60804
    45.26428     43.06011     -7.74923
    28.35711     25.00737    -14.10494
    37.33820     30.54020    -18.17900
    33.67036     26.67717     -8.80634
    30.84520     37.29310    -22.59600
    18.33134     31.35837     -8.71964
    40.54860     38.45990    -19.46670
    26.54621     38.79571    -13.13167
    36.07480     27.07360    -21.39060
    51.20401     41.23296    -12.09548
    30.13360     42.60420     -4.39510
    49.26380     42.70740    -13.37530
    41.22866     29.29643    -17.05213
    23.70370     37.25600     -7.08850
    45.24148     46.27570    -26.55832
    40.71646     31.38862     -7.66163
    55.15210     47.01460    -13.40230
    42.44433     28.75864    -11.30551
    59.83138     52.34548    -10.31957
    26.37534     20.61267    -12.78286
    36.68591     29.52423     -9.30347
    33.53690     47.00590    -14.03660
    44.00830     36.33610    -11.93160
    49.77260     36.69083    -12.22001
    26.42690     20.61295    -12.70948
    52.05830     52.08280    -12.49850
    46.25010     42.80640     -8.13050
    51.91182     52.17914     -8.52626
    51.84750     52.47274     -7.67553
    42.67235     37.98745     -7.66160
    51.07140     50.78740     -7.56940
    41.37620     26.79190    -13.86710
    51.74013     52.53391     -8.02871
    42.67817     37.99033     -7.67099
    45.47530     58.13070    -13.98000
    51.88270     40.08390    -11.64370
    39.66588     39.16892     -8.58288
    51.07440     64.27430    -26.02480
    45.68870     59.75300     -9.77230
    23.05094     37.08647     -9.05787
    33.65814     26.69483     -8.83636
    43.59060     41.33300    -13.38000
    48.00910     42.82540    -15.32550
    40.89141     27.67006     -7.28902
    50.76990     43.05370    -11.78840
    46.53930     48.89540    -29.01360
    51.22102     38.93920    -13.14193
    42.24969     28.52292     -7.93478
    34.59171     30.97957    -10.62681
    34.39270     46.57750    -10.45350
    41.95317     54.29227    -10.60837
    41.99400     25.30230    -10.42310
    26.76010     18.81160     -7.32450
    35.65123     29.21951    -10.13909
    57.67275     47.79106    -16.97170
    33.78437     26.22826    -20.58149
    39.61860     26.99760     -5.94330
    28.66000     27.01520    -12.69600
    22.87791     22.91966    -12.48907
    17.48712     26.19955     -8.61674
    49.11921     41.55361    -10.65685
    42.19401     37.56378    -10.85602
    51.66160     51.57890     -5.51110
    34.57849     30.98161    -10.64906
    25.31040     35.08090     -6.68600
    27.33952     39.26636    -12.93077
    32.58257     24.60998    -11.11616
    54.86480     59.73460     -8.00220
    29.29273     20.28904    -13.26756
    50.21892     40.36860    -11.89855
    29.78310     42.14760     -6.74570
    59.01260     51.52240     -8.65790
    50.84600     42.42360    -11.45200
    51.85036     52.32802     -8.04182
    51.68367     52.67412     -8.18115
    42.65962     38.04827     -7.41880
    32.68920     27.41650    -10.43760
    41.06950     48.15990    -22.65070
    51.91345     52.42294     -7.31310
    52.01530     52.38559     -6.86979
    26.61630     38.81779    -13.16402
    56.15560     63.33370    -20.96360
    43.83613     35.35713    -13.86288
    32.51626     42.60358    -11.25250
    46.09600     59.61560    -16.48390
    40.73140     30.00080     -6.62840
    28.72240     33.36090    -21.77620
    33.91360     48.26540    -11.90360
    21.15397     23.37413    -10.33013
    26.77680     26.24690     -8.44700
    38.43990     52.98980    -10.40000
    38.38851     31.45959     -7.60957
    37.76494     49.54492    -13.93665
    54.61300     43.71910    -15.58420
    35.97220     35.29770     -7.24670
    48.88176     48.34966    -15.76172
    35.64367     37.14452    -14.64074
    28.98636     39.60536    -11.16462
    36.55730     20.97570    -22.42480
    51.51654     52.65086     -9.13449
    41.83552     29.44092     -7.43738
    51.11187     41.03380    -12.21214
    42.48480     32.09160    -14.74700
    57.45155     65.53507    -23.94950
    29.98150     19.03190    -22.11260
    39.93560     36.78020    -12.50270
    26.86714     38.36924    -10.30086
    42.56000     53.62470    -10.79050
    35.70369     28.50094    -13.29720
    35.44152     20.07272    -13.61386
    29.32008     20.41687    -13.16066
    42.73020     57.07150    -10.18100
    19.26150     23.58400     -9.60780
    35.46673     19.77416    -13.71425
    23.79403     35.66738    -11.88448
    42.66574     28.18146    -13.25768
    59.45470     56.11050    -10.11790
    23.52800     19.46980    -17.71530
    40.61180     37.98210     -9.23020
    52.66427     43.13271    -13.23748
    20.10459     23.67639     -9.37943
    48.53230     48.02960    -14.10150
    36.34840     28.48200     -9.93870
    48.18280     45.75510     -8.67390
    32.96240     26.56410    -20.26920
    49.45390     46.16210    -11.32420
    31.87280     20.59970    -17.55220
    41.84140     25.26080    -20.14920
    44.15820     51.70280    -22.33160
    33.35790     36.18270    -17.70980
    41.37620     28.71030     -8.58010
    18.94972     30.92280     -9.66483
    20.02410     22.10390     -7.02840
    23.85310     18.00990    -15.17350
    42.51550     29.76150     -8.96530
    29.19120     22.91110    -11.09790
    51.27727     44.52128    -11.41914
    29.25050     42.73875    -15.52337
    50.03530     44.92620    -13.30080
    16.24830     26.70990     -7.07820
    53.30830     54.98830     -8.61170
    53.58990     54.50910     -7.85230
    22.21750     20.82420     -9.62620
    37.82130     32.74550    -20.33430
    40.73700     52.99160    -11.98560
    36.67070     29.54012     -9.27406
    38.33250     26.83410     -7.76300
    29.18679     39.80258    -11.03282
    52.73714     41.62242    -14.21175
    26.53510     20.66369    -12.52003
    36.82960     30.88900    -18.88750
    26.44945     20.63208    -12.66629
    32.88900     42.85680    -13.01050
    45.38650     40.61960    -14.06780
    45.27661     46.33277    -26.60601
    43.33410     56.46680    -13.13940
    34.97370     17.34560     -5.57550
    33.26388     44.50579    -11.96238
    24.61870     19.79740    -14.35230
    36.50520     29.28750    -14.72760
    43.52167     36.43564     -8.48107
    21.10526     23.35782    -10.35582
    31.82110     26.73250    -10.61010
    47.62658     43.71603     -8.09694
    36.59331     24.35840     -8.90131
    36.57670     24.36629     -8.93899
    31.29430     30.16740     -7.57300
    20.78430     28.26350     -8.84910
    51.41240     51.50900     -9.36490
    36.05314     21.16768    -15.38593
    31.29356     43.76644     -9.73524
    21.62683     22.57427    -11.11122
    55.70509     56.15108    -14.38649
    55.72667     56.30811    -14.59020
    53.88710     55.85539     -8.67542
    39.30682     32.37794     -8.53850
    35.61120     19.78610    -17.46600
    56.64770     48.03960    -16.63710
    35.36572     27.87870    -11.54188
    28.68840     20.99970    -11.78360
    54.12120     53.47290    -11.52730
    27.49775     26.71023    -23.59314
    39.38624     32.37959     -8.54092
    27.50725     26.72117    -23.60076
    49.10122     41.84093    -10.54021
    39.88480     44.21870    -21.71450
    55.74260     56.42548    -14.72157
    41.94544     36.76026    -11.93519
    25.77538     20.49473    -13.50585
    37.36532     29.75257    -10.94681
    17.47130     26.22080    -16.68800
    42.64315     34.80971    -11.65188
    42.64185     34.81302    -11.65638
    23.54800     37.18920    -10.53850
    53.61587     52.48242     -8.42514
    37.91520     46.93580    -17.84970
    48.46830     50.40500    -11.10960
    50.04734     44.23040    -10.53372
    23.18780     21.37000    -10.45080
    43.45616     41.13223     -9.50517
    53.90850     46.36430    -13.48500
    21.08920     24.26700     -8.87600
    49.29501     34.97746     -9.35871
    21.64447     24.25068    -11.51579
    16.70280     28.13760     -8.25010
    35.49261     19.90806    -13.62112
    23.80617     35.67432    -11.89132
    38.88730     32.82940    -13.76680
    30.22980     15.70690    -15.74770
    43.45607     28.13146     -9.84967
    36.05308     21.15699    -15.45690
    35.16500     31.33740    -20.25100
    21.86010     30.31000    -12.24100
    48.79646     35.52927    -11.75196
    53.49706     50.07609    -11.60807
    45.79350     49.08670    -22.09160
    47.65708     43.74363     -8.21255
    31.46309     44.63278     -9.26837
    34.82790     33.64310     -7.66290
    23.13100     35.61900     -9.25200
    29.59470     43.44750    -13.68520
    43.37440     57.70320     -9.08090
    40.30490     24.11620     -6.60510
    46.73820     44.13290    -14.70880
    59.93941     52.45942    -10.75658
    51.90689     46.58212    -11.21162
    42.18690     38.59910    -13.81000
    49.92411     44.27451    -10.51808
    38.30370     23.94830     -8.91820
    52.33880     49.18170    -12.15110
    36.04433     21.14980    -15.51032
    32.35380     44.35800    -12.54240
    33.62927     25.89132    -10.87240
    31.62260     37.76740    -24.24120
    31.65670     26.49830    -13.11930
    41.31760     52.31690    -14.82860
    39.96140     37.24210     -9.47670
    53.38483     49.97821    -11.67849
    50.11230     57.99950    -24.53740
    18.22650     25.78710     -7.22260
    51.97980     66.01210    -13.33990
    18.46230     24.44990     -8.45210
    31.14184     42.59141    -13.53020
    27.97656     38.75101    -11.39526
    50.97420     64.75490    -13.94920
    52.62240     59.43380    -24.33510
    55.62981     64.45005    -22.30654
    39.75890     31.97410    -11.77980
    45.31490     37.68860    -12.74570
    26.29670     37.49390     -9.91120
    41.41570     53.02850     -7.48610
    45.56780     26.47630    -13.16380
    39.40110     40.90210     -9.53460
    30.33820     37.81790    -19.32930
    32.82340     36.71140     -9.76700
    40.75226     55.18019     -9.29656
    42.70484     30.56337     -7.82036
    38.86510     29.23100     -9.70040
    45.87200     42.71960    -10.18740
    49.11740     42.43788    -10.17096
    47.05195     45.06601     -9.19153
    26.43371     20.62151    -12.72474
    41.30960     24.86390    -11.86560
    29.64126     36.25793    -13.46419
    32.89095     22.17557    -10.44519
    48.28501     42.64513     -9.35966
    22.09300     25.50220    -11.74630
    33.04490     37.15200    -15.08230
    30.66160     41.06190    -14.08760
    37.81780     32.79150     -8.25670
    18.32552     31.38369     -8.78043
    30.75430     38.13270    -23.40750
    40.25120     26.42010     -8.33950
    44.18910     36.80790    -12.90870
    41.85577     29.59736     -7.38146
    41.85668     29.52671     -7.41804
    17.09460     27.67970     -6.01110
    18.40350     23.62630     -6.44820
    26.78984     38.31111    -12.32745
    35.57030     35.98860    -13.81830
    45.19750     36.58100     -8.19230
    47.04650     43.26580     -8.80150
    59.75932     52.20925     -9.97875
    39.36225     32.37656     -8.47876
    31.43148     44.62210     -9.30935
    19.30420     23.76400     -5.94350
    23.15820     21.42410     -5.53430
    30.78936     42.65425     -9.58992
    51.12051     44.59037    -11.36499
    52.17960     44.94770    -11.98430
    23.59760     29.32030    -13.29600
    42.66725     34.81170    -11.78543
    48.10432     42.63224    -10.10627
    34.93155     36.00501    -17.24705
    24.86780     14.60160     -8.73950
    41.57209     30.76810    -14.76194
    51.57796     58.17771    -19.03039
    41.85829     28.86338    -13.83598
    36.05148     21.14821    -15.49183
    23.18240     23.62950    -12.90730
    33.62621     25.89494    -10.87149
    29.57350     28.33810    -19.65320
    48.79140     41.78940    -15.56950
    39.41109     53.41536    -11.56325
    49.79440     54.26780    -26.21010
    51.48900     49.77464     -9.77588
    51.48836     49.75188     -9.89610
    51.48911     49.75175     -9.86351
    43.92220     35.09830     -8.69060
    64.62510     57.33450    -26.74960
    41.63540     29.62380    -16.22510
    40.41876     32.81352    -14.77654
    37.48920     37.95930    -10.00680
    30.24730      9.53290    -16.80930
    41.05402     26.96548     -8.12348
    42.76360     39.95040     -6.79170
    36.04900     21.16024    -15.45548
    43.91020     33.15360    -16.14580
    41.15710     25.76320    -17.02690
    30.90720     34.38270    -13.68510
    30.40172     32.10147    -16.15687
    56.27390     53.54740    -12.86100
    33.58380     46.17160    -13.62680
    16.49600     29.29630    -16.03870
    42.79303     34.01886    -11.26366
    53.68629     45.55434    -13.47492
    47.90630     39.69190    -15.03790
    33.63600     25.91650    -10.87065
    51.99095     52.37043     -6.75017
    40.47210     33.39660    -10.26310
    53.34570     55.09370     -7.23380
    29.65260     35.21490    -15.62790
    33.56257     26.04866    -10.96932
    56.32880     65.41420    -22.67640
    48.49873     49.56526    -11.52476
    47.53715     33.90105     -7.83613
    40.12900     23.35350    -20.44900
    22.89069     22.91774    -12.45243
    25.35550     39.39550    -15.87860
    23.45720     25.47900    -13.28050
    30.19360     15.51390    -22.92640
    28.38260     18.26430    -13.36990
    37.70289     21.23736    -17.09736
    20.06840     23.63686     -9.30993
    48.13410     35.12560     -7.11650
    26.67897     38.02344    -12.37739
    52.43970     64.98020    -23.98260
    32.49954     42.61862    -11.30340
    41.98760     42.60780    -23.76900
    45.37939     40.93761    -12.54097
    26.74100     38.61170     -8.38330
    45.36891     40.94769    -12.55673
    33.00160     37.30590    -17.48690
    45.03790     49.15630    -27.34960
    33.87230     31.44090    -13.88690
    41.92280     30.94300    -16.50350
    26.54373     20.66473    -12.50453
    31.17881     44.04328     -9.75248
    30.31254     32.14684    -16.11524
    40.92580     27.62060    -20.48360
    43.13800     38.74330     -8.40660
    37.77550     45.24520    -21.96600
    37.74650     30.73250    -21.58330
    49.01080     57.13290    -22.80250
    42.88980     26.81090    -14.48280
    52.05139     47.93982    -10.52916
    31.71338     35.88755    -15.38868
    31.77353     35.90096    -15.30217
    36.05150     36.83580    -16.65510
    43.61940     55.57070    -14.36970
    41.73150     38.22390     -6.33720
    45.54160     35.85340    -10.33930
    40.51319     32.88263    -14.83393
    42.34974     37.64093     -5.79300
    42.31636     28.65281    -11.72939
    37.57625     32.79688    -12.84662
    42.82852     33.95808    -11.21447
    46.61481     46.33855     -6.55125
    47.59488     37.77349     -9.61344
    40.52877     32.88697    -14.86072
    40.51181     32.87570    -14.83305
    50.48623     43.52372    -10.73128
    32.02910     31.05970     -8.60630
    31.57448     34.28623    -16.61870
    34.51110     24.52160    -19.07710
    53.07262     44.12306    -12.03766
    44.85100     42.72200     -5.11700
    55.23120     49.96620     -3.99030
    32.45150     26.30710     -7.97960
    39.21076     31.54150    -14.61879
    35.52877     18.40566    -14.42244
    47.97259     50.26582    -12.70137
    39.61895     54.13667     -9.92462
    35.16160     27.68090    -14.81930
    47.98988     50.26987    -12.69008
    33.38660     39.33160    -21.26650
    48.73470     61.40290    -11.50270
    35.90560     30.36360    -10.71670
    18.32791     31.34151     -8.65528
    44.07740     34.40930     -7.68060
    49.65020     45.83650    -10.00310
    41.86431     27.45925     -8.29692
    45.70820     59.02310    -16.50420
    27.69900     39.58950     -6.07220
    53.69302     45.55806    -13.46178
    36.85830     28.50460    -18.88580
    34.05280     30.90560     -8.18960
    29.01340     37.78940    -15.48410
    40.92780     36.06200     -8.53970
    33.67511     38.19046    -18.09957
    37.77206     49.51948    -13.97585
    36.14400     37.72220     -9.44070
    16.01460     27.88150    -21.06910
    30.77680     27.94290    -10.40010
    40.88418     34.37258    -10.22794
    39.96273     28.34526     -6.60570
    17.78180     25.71350     -4.95540
    50.39170     58.06940    -21.00940
    42.24919     40.03071     -9.92151
    41.02310     53.09650    -10.14700
    35.84589     21.02129    -16.11933
    25.52350     14.22830    -15.46170
    23.25280     28.10120     -9.25690
    30.73808     42.52488    -13.61818
    48.55670     34.15770    -11.53860
    32.99440     14.82930    -12.25890
    40.43020     35.66650    -12.96410
    50.62301     43.60155    -10.86536
    41.44500     25.02200     -7.22820
    36.06204     21.16722    -14.85501
    41.89600     44.71240    -16.53980
    40.72370     32.85370    -11.02800
    34.91757     46.92856    -12.22288
    47.47770     44.19900    -13.70570
    46.68119     39.59460    -14.30979
    25.50582     38.25768     -6.59158
    35.66500     37.19294    -14.66976
    30.05950     34.30720    -13.66450
    49.44740     43.51780    -10.21040
    47.73412     43.78180     -8.42131
    37.73580     28.16890    -15.18040
    37.53750     35.57940    -10.89980
    34.92704     36.00728    -17.24814
    42.70301     34.91373    -11.87316
    37.84813     31.39543    -11.01983
    43.84021     34.24448    -11.72413
    39.67990     45.18180    -19.60970
    25.58180     33.56560    -13.92480
    25.95070     38.42495    -12.69721
    53.06054     51.53505     -7.42371
    22.64780     24.30780     -8.40420
    43.62010     33.69614     -8.24084
    52.72790     53.25290     -7.06790
    49.05303     42.29410    -10.38820
    33.95405     44.15725    -10.01017
    55.63670     51.39410    -13.11830
    39.34032     32.37761     -8.80215
    20.84940     19.39410    -12.48970
    37.12710     19.25490    -13.25670
    38.40739     31.46121     -7.61193
    21.58089     22.68747    -11.43414
    39.41130     29.35850    -24.47000
    29.23350     19.06460    -10.50650
    43.62909     33.69753     -8.25161
    51.12380     41.97430    -14.62060
    43.83270     34.72650    -14.62230
    39.89990     55.50770    -10.95180
    30.85250     26.72530     -8.67040
    39.86930     28.09914     -6.89322
    39.12410     54.15180    -12.24050
    40.36550     34.36050    -14.79840
    20.15169     24.87487    -10.94412
    41.87013     29.57071     -7.36645
    36.07972     21.19432    -15.55630
    36.06472     21.16602    -15.30876
    49.13010     49.32940    -10.31950
    43.94640     28.53020    -14.08800
    28.66014     39.38399    -11.60793
    53.81820     51.38760     -9.57130
    23.55403     24.40196    -14.00190
    44.78650     33.24100    -14.99930
    53.29760     56.71430    -24.11930
    48.23650     40.26340    -14.35860
    41.60940     28.84850    -15.20900
    42.21009     39.79627     -9.53105
    52.97405     51.43000     -7.51556
    49.85750     46.81460    -14.13820
    26.77108     20.96223    -11.33880
    35.60980     29.25823    -10.21088
    52.17710     64.52120    -13.20430
    63.63890     59.54110    -21.47440
    43.87240     46.62340    -23.87660
    28.69250     38.77950    -13.45680
    41.91460     29.79770    -13.38820
    33.33128     47.43084    -11.88486
    51.91056     46.69781    -11.41379
    35.80220     28.99540    -18.40000
    50.21050     49.60490    -15.33280
    37.89917     41.27596    -18.41483
    37.36808     29.73523    -10.97239
    35.53506     30.26177    -12.99621
    49.22880     39.52600    -14.66970
    36.24020     25.94300     -9.14970
    35.53474     30.25753    -13.02449
    41.07930     38.99670    -13.70690
    18.08720     28.36950    -18.64750
    53.12840     47.86480    -12.94110
    48.69392     35.42678    -11.72013
    40.36930     28.90750    -11.08900
    47.97693     50.29321    -12.72296
    27.33428     39.26224    -12.91533
    57.84320     56.62030     -7.86500
    26.61126     38.81837    -13.13672
    59.59970     51.27030    -15.21760
    36.63240     51.07660     -5.95940
    42.23874     28.52166     -7.88362
    16.69050     27.02450     -5.66690
    32.89815     22.18063    -10.50431
    35.58510     32.54980     -7.27980
    38.44290     46.34840    -21.20660
    39.34200     34.16610    -12.78820
    23.04433     37.12789     -9.00924
    39.81800     33.21350    -19.45400
    35.21890     16.95400    -12.52680
    38.42350     27.61940    -15.55980
    48.89499     35.64277    -11.79679
    38.27440     28.36460    -17.94510
    33.90460     29.79770    -20.04260
    22.59080     34.26580    -11.52790
    34.98961     30.98982    -12.77034
    58.10880     48.58530     -9.03170
    51.87623     46.31674    -10.79218
    43.21854     31.79229     -8.31883
    22.37170     22.43420    -14.22210
    32.37460     46.64870    -12.03440
    42.41676     26.55113     -9.25165
    37.81889     31.33966    -10.98176
    40.72004     31.38618     -7.66947
    42.91500     31.80250    -17.05960
    42.02839     54.30430    -10.88089
    40.60200     44.28370    -25.14600
    43.64811     33.68823     -8.21164
    32.83460     26.90890     -6.82700
    42.32370     32.06870    -11.35800
    43.41330     36.47810    -13.21160
    24.95080     36.45080    -12.90720
    42.40454     26.52699     -9.20798
    33.30397     26.53089    -11.37498
    29.34660     20.53472    -13.08724
    33.53141     38.16326    -17.78563
    28.89630     24.24160    -22.32350
    49.30689     34.95134     -9.38669
    42.96950     33.07540    -14.10190
    26.47536     20.63645    -12.58910
    29.66381     36.31956    -13.46483
    55.75112     56.40417    -14.77257
    23.08253     37.05237     -9.11348
    32.58623     24.58117    -11.17410
    47.11350     57.17400    -19.60400
    36.69656     48.05165     -9.72162
    16.29530     25.38540    -13.04020
    52.06020     59.89710    -22.93630
    14.74470     26.86100    -13.31690
    41.28810     33.63060    -11.38810
    52.01437     52.40628     -6.84818
    54.22000     47.13320    -12.60330
    34.09500     14.30000     -5.67740
    37.33940     29.20870    -21.84140
    35.31170     42.41710    -24.22580
    40.07440     32.75510    -11.53880
    30.12750     13.82510    -22.58130
    49.41710     57.60880    -20.40500
    60.88249     54.62548    -24.12678
    52.17110     48.81070     -7.24050
    22.40970     21.39250    -11.10800
    46.02590     37.47730     -9.97650
    51.81560     41.85964    -12.66531
    40.91060     34.23550    -16.75230
    21.87920     21.46820    -19.03910
    45.28455     46.35657    -26.63131
    50.96330     47.55530     -7.77730
    25.71450     39.31980     -9.21900
    44.92470     31.47050    -10.29290
    35.52263     18.40074    -14.45256
    50.59129     64.49273    -23.91808
    46.61529     46.31435     -6.55635
    43.92690     43.35860    -25.81570
    43.23316     31.79561     -8.33607
    58.74370     56.50450    -10.61200
    48.41109     42.66757     -8.66737
    28.77402     39.43357    -11.37328
    50.69103     59.11400    -23.85586
    30.40076     19.46380    -12.55483
    45.71695     39.83393     -6.73867
    51.02261     40.84905    -12.27929
    48.99748     42.42385    -10.36477
    49.02024     42.37980    -10.34363
    36.04256     25.29496     -8.45695
    41.23514     29.28737    -17.03487
    25.08210     22.76080    -15.26680
    28.78740     41.21090     -5.31540
    42.66966     28.19424    -13.27902
    42.68405     37.95970     -7.87422
    49.52240     37.42330    -12.56050
    39.87120     35.15080    -13.55630
    55.58560     48.26350    -15.06370
    33.63619     25.78694    -10.83471
    38.09030     31.64760    -19.89170
    24.88740     35.81880    -12.08690
    36.51050     41.11700    -17.67680
    27.37580     19.40650    -13.56040
    43.61260     47.63450    -22.50900
    51.55098     45.33830    -10.72526
    57.58050     64.72880    -20.73380
    20.14381     24.87073    -11.00808
    37.94175     29.57385     -8.75194
    19.74280     24.46950    -10.51520
    30.54960     36.45220    -13.17450
    27.60050     32.67590    -17.18070
    48.22932     42.62774     -9.88653
    35.96090     27.66431    -12.82286
    47.62420     47.50910    -26.54980
    40.56730     32.13090    -11.16440
    32.49140     46.06630    -14.73250
    17.48038     26.19655     -8.60086
    44.50593     40.32462    -13.19169
    36.28260     48.65140    -11.37600
    38.92830     32.46170    -20.73760
    32.75480     44.79920     -8.86670
    41.09240     40.21000    -10.34990
    25.30659     21.19433    -12.84163
    31.65530     31.13650    -12.12480
    36.69930     22.92220     -7.11420
    55.24880     46.48730    -15.04450
    32.62353     45.13729    -13.64739
    35.72017     28.54475    -13.20627
    48.01820     39.04500    -10.59740
    48.30148     40.03561    -10.70974
    35.91500     29.45310    -13.74450
    45.81940     50.76700     -8.41320
    42.83086     28.85380    -10.25618
    39.94450     33.59470    -15.11710
    21.64536     24.25299    -11.54211
    41.00852     27.00493     -8.11230
    44.49827     40.32658    -13.24501
    37.50942     32.90947    -12.47229
    36.66890     25.06560    -12.30700
    49.71470     61.23100    -21.37650
    25.45570     37.62070    -12.37960
    33.55821     38.15609    -17.86012
    27.80604     38.83011    -11.37546
    28.60700     35.49150    -11.00160
    39.62240     33.09510    -16.80600
    35.74300     31.87480     -8.37430
    35.01306     20.34305    -14.16541
    30.12240     27.94340     -5.97000
    31.22390     22.78460     -7.89610
    29.63310     27.52730    -12.52930
    36.00020     19.98510    -18.45060
    34.06720     18.10510    -11.82880
    52.65893     43.11759    -13.27012
    15.15831     27.78428    -12.47000
    29.13880     33.13810    -11.20400
    31.75200     20.96740    -12.66180
    28.34960     22.73430    -11.34640
    36.70989     34.24463    -12.09541
    51.71741     45.43488    -11.32350
    34.77513     45.19619    -13.16272
    38.94700     35.32140     -8.27030
    29.62126     36.32770    -13.64619
    31.66148     21.75962    -11.39365
    31.59582     35.85629    -15.55374
    24.65100     21.18370    -14.69410
    29.31320     33.88384    -11.86749
    28.01250     36.51400    -17.31020
    25.43800     39.56780    -13.07590
    53.30030     40.94150    -15.02380
    46.68999     32.80473     -6.86533
    46.67494     32.79431     -6.87552
    46.69617     32.79696     -6.87515
    25.84970     37.40030     -8.33290
    46.00440     61.43460    -21.12490
    53.60493     52.49768     -8.40526
    29.25240     42.75615    -15.49853
    36.17300     48.72740     -8.15300
    46.99550     34.16610     -9.91470
    50.45984     43.50660    -10.69587
    18.17360     26.44880    -13.23670
    35.48920     49.55510     -6.83640
    53.08908     44.09724    -12.03314
    53.89780     55.82721     -8.67578
    54.29500     49.71630    -11.49200
    36.11270     45.26220    -17.48320
    44.42800     43.26040    -10.56210
    18.22420     26.13560    -10.30060
    45.27520     43.31500    -11.30130
    29.62486     36.27299    -13.63234
    37.62345     32.68523    -13.12942
    35.52409     27.92634    -10.67201
    43.57063     28.18172    -10.31266
    27.78770     28.79800    -19.31580
    54.28950     52.86830    -11.93070
    33.41670     41.00530    -19.54690
    47.67550     35.34070    -11.09520
    35.40960     36.15610     -7.26410
    52.51635     41.03451    -13.77448
    26.75348     38.36755    -12.34149
    23.62050     24.44070    -13.92961
    35.15930     33.41870    -13.77510
    29.67648     36.20802    -13.44927
    39.22560     43.62550    -27.10760
    45.47280     37.24980     -9.39120
    42.64220     57.91170    -11.87480
    58.27590     48.50580    -21.62960
    15.16739     27.80332    -12.52120
    46.65810     43.30610     -7.10530
    31.58692     34.27687    -16.65690
    50.05933     44.26824    -10.44697
    41.31240     33.17750     -8.21680
    34.78423     45.65414     -9.04231
    41.83442     29.44412     -7.47598
    30.87214     42.53520    -13.62038
    42.22499     33.52265    -12.54395
    36.06564     21.15357    -15.29693
    35.95670     27.67969    -12.80404
    34.75496     36.66798    -14.01789
    45.42410     53.69910    -18.28400
    33.57340     31.86200    -10.78330
    36.47630     26.76740    -12.25440
    34.89243     46.92264    -12.25582
    51.92299     46.71262    -11.36745
    35.54890     23.84040    -10.64570
    23.16380     34.64120    -10.43160
    21.83610     26.08130    -12.16530
    43.80180     33.95610    -13.87500
    25.37660     34.78060     -9.73300
    33.47690     25.76140     -8.52640
    59.52880     54.04700    -21.11690
    59.96320     54.30510    -22.23780
    42.80362     28.85571    -10.29695
    42.83234     28.86709    -10.24567
    42.21945     33.54775    -12.48925
    18.13660     24.28790    -14.47240
    20.10430     22.30070    -18.06400
    31.65200     37.81280    -17.97280
    41.96370     34.84260    -13.72640
    37.72061     21.22004    -17.10234
    23.89830     23.17180    -12.25690
    51.65477     45.40095    -11.07770
    29.24695     39.94860    -11.08499
    32.62246     45.12926    -13.59630
    32.62770     45.14234    -13.59591
    33.25942     38.20331    -17.03913
    33.98590     27.81760    -10.62090
    35.96603     46.52997     -9.69273
    23.98760     27.03520    -18.04650
    22.81034     35.74681    -11.41748
    50.38963     43.47533    -10.66563
    37.82679     31.36985    -10.97947
    43.11440     34.63950     -8.11160
    42.82478     28.86604    -10.25886
    51.45540     51.21750     -7.18850
    43.55830     40.48090     -4.81850
    16.72220     26.36500     -9.86960
    43.89448     35.32566    -13.87942
    33.94190     48.43720     -9.26220
    25.31511     21.18897    -12.79947
    23.06901     37.07698     -9.10631
    29.99220     36.15260    -15.69850
    36.78370     30.24430     -7.26690
    27.46950     21.05010    -13.79130
    22.11080     35.81240    -10.03390
    34.34260     25.38720     -8.32890
    47.59690     35.23550     -7.86250
    34.60750     38.02690    -21.63930
    18.95178     30.93810     -9.70437
    43.83049     34.24542    -11.73367
    63.63940     57.09060    -22.95500
    37.89718     44.13715    -23.53403
    28.79540     42.26900     -5.23270
    54.95650     45.64500     -8.92050
    40.02920     31.29820     -9.37230
    47.57864     37.76984     -9.67137
    33.00030     32.75880     -8.11010
    29.57398     36.41881    -13.92828
    35.09180     33.91190    -18.83450
    27.69172     38.88939    -11.37108
    47.53025     33.92395     -7.79347
    38.81100     22.74720    -10.33140
    37.45870     32.25080    -11.38510
    41.17830     32.06140    -12.24380
    48.03750     49.49930    -22.54640
    39.50520     27.73760    -15.44420
    40.12604     33.76443    -11.69779
    37.03155     27.17067    -22.04050
    19.53190     29.85280     -9.96690
    34.69810     33.59550    -16.31990
    35.91910     20.27250    -16.44740
    50.99481     44.65139    -11.30384
    42.59875     34.67490    -11.72677
    31.48294     42.66650    -13.32853
    35.44590     31.54780    -13.74020
    49.50716     44.44692    -10.49316
    34.34070     45.23720    -10.94800
    32.04260     44.71850     -5.76230
    32.26410     14.60940     -8.98340
    48.81740     44.44390    -12.41360
    46.91000     34.96830    -10.59250
    56.11370     65.20130    -24.32300
    54.04540     50.53200     -8.91750
    36.66839     48.17551     -9.58601
    25.23250     22.06810    -12.32240
    34.76586     45.21478    -13.21523
    48.69890     45.74370    -18.25660
    27.16220     41.81880     -6.56650
    39.99460     35.01500    -10.09830
    44.87659     42.70622     -7.74354
    18.70050     31.93540     -7.73090
    22.41080     34.20410    -13.61540
    36.69339     29.53555     -9.31647
    18.52950     28.89560     -9.05130
    24.61980     38.97760    -13.19020
    26.32671     20.59558    -12.82907
    35.91050     47.22430     -9.90920
    48.64698     35.36244    -11.69668
    41.04861     38.75003     -9.53328
    22.82716     35.75739    -11.45262
    35.60650     34.44040     -8.91420
    28.42130     37.89840    -15.11520
    34.95460     29.07880    -16.89440
    38.19730     27.22970    -12.56530
    18.82420     23.49530    -13.60770
    22.09320     20.36050    -13.91980
    50.86240     63.58390    -10.17290
    43.38804     28.10324     -9.60896
    28.47760     34.78550    -12.31300
    36.58843     24.35635     -8.94487
    27.10882     20.99280    -11.87829
    58.57787     48.98300    -10.49056
    45.70945     39.86177     -6.72853
    39.32370     35.12960    -22.01330
    25.71730     24.01840    -14.62910
    47.02845     45.06889     -9.23007
    34.02593     43.03786    -17.37149
    23.89290     30.19230    -17.38090
    31.05450     43.86569     -9.87246
    46.65657     39.57537    -14.29643
    55.72775     56.27224    -14.55225
    59.65050     54.93570    -20.09180
    58.58163     48.98030    -10.45294
    56.12880     66.11570    -20.89740
    51.22658     38.92795    -13.15220
    43.52753     36.44806     -8.52633
    41.24120     51.32250    -16.82890
    40.14180     50.56540    -15.18710
    46.31780     59.10500    -13.12020
    20.08982     23.65766     -9.37476
    20.09139     23.65467     -9.31064
    37.40310     49.26090    -12.73960
    49.62000     41.68430    -14.51880
    26.88246     38.35646    -10.33964
    29.11120     15.29010    -10.75820
    51.22870     38.93845    -13.13687
    31.77660     34.16000    -14.99030
    46.04730     45.19440     -7.92790
    48.86554     48.33034    -15.74468
    50.08300     56.19730     -9.08960
    34.02887     43.03024    -17.39921
    42.69404     37.96074     -7.75761
    48.48907     49.56684    -11.50664
    19.44520     22.35050     -8.15680
    31.49400     26.32020    -11.32180
    24.11910     31.65590    -14.19770
    48.10842     42.63761    -10.09916
    51.58754     58.19749    -18.97341
    29.89900     39.27480    -15.11640
    34.58259     30.97937    -10.64299
    34.78341     45.23667    -13.27746
    38.65150     30.00710    -10.12700
    34.43035     48.37227    -11.16800
    20.85450     23.71730    -11.83920
    51.01732     40.73899    -12.36781
    40.98180     37.92530    -10.96230
    18.66220     28.18290    -10.38880
    41.27129     35.34085    -11.77649
    25.61770     22.63638    -13.35096
    54.00120     64.80940    -19.34930
    50.41420     45.61530    -10.45770
    38.39140     31.16530    -19.16280
    30.50810     19.00410     -7.59800
    41.06269     38.76897     -9.57682
    42.20127     33.51450    -12.61064
    50.67677     59.12590    -23.79964
    26.53555     38.69146    -12.89616
    32.57103     24.63005    -11.08273
    19.91350     26.11470     -7.88740
    50.36134     43.48084    -10.57851
    25.50258     38.23022     -6.58282
    51.07740     53.31000    -15.06350
    41.26921     35.31745    -11.75721
    56.56050     60.99320    -19.21710
    37.85840     28.20460    -11.24300
    41.87260     54.26894    -10.33785
    45.03290     31.48270    -15.08140
    52.15470     38.42500    -10.76880
    33.36222     47.42116    -11.89344
    58.97410     64.07940    -21.15830
    37.90242     44.15275    -23.54227
    37.59620     40.27070    -19.39160
    50.60137     56.87313    -25.27747
    45.07850     38.11760    -13.57170
    27.23190     17.19050    -14.70600
    53.37045     43.91540    -13.95246
    45.85810     52.15090    -21.02200
    37.25960     27.95640    -22.01910
    19.13530     31.12420     -7.73140
    32.05500     23.83890    -10.58500
    42.63540     35.00150     -7.31870
    18.09490     26.13410     -5.98580
    54.78520     49.71150    -13.77100
    43.14430     38.52590    -12.33230
    16.96380     23.96540    -10.14870
    42.36178     41.84241     -9.43702
    26.80230     12.92620     -8.95300
    49.78958     36.70813    -12.25257
    34.81330     49.53270     -5.64460
    40.87299     27.67704     -7.34478
    32.99360     28.94420    -10.75110
    50.00142     44.17292    -10.66571
    32.21300     25.39170    -10.08300
    43.37024     28.12881     -9.58520
    41.86341     28.88532    -13.83392
    15.83380     25.39500     -6.60680
    51.33430     57.48930    -23.73610
    37.64015     32.62512    -13.15910
    33.73870     44.44520    -13.45860
    31.76788     43.52422     -9.48396
    46.83490     37.87160    -15.19710
    34.97769     31.01458    -12.80106
    44.73678     42.65981     -7.54804
    42.76480     37.11010     -7.60620
    38.78060     41.50510    -18.19780
    36.04084     21.15167    -15.58798
    52.11377     52.40034     -6.67749
    20.62090     25.06050    -19.23630
    34.00740     44.91780    -12.65660
    53.48750     42.70070    -14.91330
    33.61564     38.17368    -18.01612
    64.60260     55.96750    -25.49600
    57.67685     47.79034    -16.98190
    26.78544     38.23578    -12.27442
    55.10430     56.03850     -8.77580
    34.29800     26.53040    -20.23200
    21.52599     22.94390    -12.11397
    22.82200     26.60730    -12.68810
    19.21470     27.23210     -6.58750
    19.59067     27.41305    -14.38085
    28.08980     24.34570    -15.65960
    34.87390     32.59390     -6.96700
    25.12850     32.76800    -17.31850
    21.54297     22.79192    -11.74375
    54.59070     47.02590    -14.10180
    48.74850     56.08120    -23.80340
    34.86110     25.91790    -13.95890
    49.30620     64.84760    -26.27330
    31.26960     42.03460    -10.31950
    23.60327     24.43570    -13.95068
    60.42100     50.59010    -20.36510
    51.58958     52.67335     -8.62836
    35.55036     29.28230    -10.26799
    19.07150     25.24200     -9.09370
    52.86470     46.89590    -11.89150
    40.02470     24.98110    -13.12710
    21.64676     24.26923    -11.55059
    49.66860     57.84150    -23.36600
    58.90550     50.36640    -17.29480
    43.05960     37.79990    -12.10010
    24.61480     34.10060    -14.12640
    25.89790     32.00640    -13.19250
    31.33950     24.58480     -7.06100
    59.49078     50.91895    -10.47099
    52.56948     41.18259    -13.90823
    41.93102     36.74143    -11.90927
    42.40290     27.14730    -11.33240
    31.37160     34.32400     -9.00520
    50.19370     62.41980    -26.10540
    40.54080     41.92350    -11.80240
    47.95640     38.70150    -15.20240
    18.09360     27.16690     -5.57140
    30.31391     32.14359    -16.11008
    52.85010     48.25360    -12.01490
    19.12790     30.92560     -6.30180
    51.14702     41.14365    -12.13702
    34.31030     31.41100     -9.64690
    35.98057     46.53763     -9.62717
    33.97755     44.16745     -9.99393
    44.37590     30.46530    -13.50520
    29.32487     20.44125    -13.16885
    43.88910     35.33977    -13.87310
    28.34749     24.99963    -14.07216
    49.83630     62.97820    -21.28470
    59.48472     50.89665    -10.47871
    38.40650     49.43370    -10.64190
    49.23480     43.92360    -13.03780
    41.00810     31.56480    -19.21380
    30.41334     19.45530    -12.61847
    53.67790     45.53570    -13.45869
    17.92970     28.00320     -8.32100
    39.77640     26.12720    -22.34250
    37.56120     24.48320     -6.56660
    40.85356     34.36141    -10.21988
    51.53450     42.60210    -12.15950
    30.33245     32.13757    -16.11708
    45.73503     42.08699     -7.68503
    42.83240     39.37650     -6.16330
    49.48140     42.50165     -9.52054
    39.82010     45.91080    -17.82930
