    43.44973     41.11274     -9.50992
    28.78920     42.20030     -7.79720
    39.09470     36.69140     -8.59910
    39.33916     32.37629     -8.74962
    40.05000     32.03040    -13.85310
    43.59619     41.20797     -9.85895
    55.82106     57.28722     -9.83465
    33.30580     17.84170    -15.31120
    52.59781     41.25522    -13.95591
    40.52831     32.88938    -14.83820
    37.71450     27.26970     -8.92110
    44.10090     36.21740     -7.96960
    41.85134     29.52193     -7.41344
    41.49530     50.84940    -19.94120
    42.51180     40.97500    -13.80150
    51.74280     40.33200    -13.01160
    35.83890     21.28830    -22.06900
    53.36449     43.90159    -13.94191
    31.42610     37.57310    -15.99920
    50.62280     64.47660    -16.25290
    19.53982     28.14295     -8.12172
    46.64169     39.56503    -14.27263
    41.93604     36.75415    -11.90953
    49.00420     42.72730    -15.12510
    40.75362     55.17275     -9.33075
    33.85020     20.85440    -17.85220
    40.14350     54.97720    -10.27270
    19.53878     28.14285     -8.12308
    42.35143     28.71491    -11.54624
    22.41520     22.65730     -9.38360
    39.48090     27.72830    -13.80310
    26.55076     20.69798    -12.41356
    35.64264     37.12937    -14.63852
    35.64227     37.12733    -14.63970
    38.07680     31.82080    -14.85930
    33.68610     46.32820     -9.09230
    42.61540     39.20370    -12.64280
    49.09788     41.59309    -10.64072
    25.49080     20.60090    -10.04270
    53.37434     49.97314    -11.67896
    39.66350     39.17062     -8.58605
    32.26050     23.49600     -7.53170
    33.03550     45.98930    -10.87470
    41.85914     27.46796     -8.30738
    40.61260     27.52830     -9.28980
    47.52370     36.89560    -10.84190
    56.20380     62.35240    -17.98270
    42.23085     39.90557     -9.71482
    28.37070     40.67040    -13.65690
    48.32328     40.06528    -10.68821
    25.95951     38.44307    -12.72778
    34.88110     31.81330    -15.48400
    29.73340     19.42490    -13.11390
    31.72655     43.37100     -9.17779
    49.61920     48.86400     -8.04130
    39.20456     31.52569    -14.60688
    34.02112     20.85064    -11.82342
    34.93250     18.55510     -9.84340
    46.50560     40.92520    -10.37440
    25.40740     21.19280    -10.60350
    40.14742     28.65944     -8.30529
    40.14888     28.65786     -8.30561
    28.55040     22.23620    -13.10380
    43.92220     52.07090    -24.33980
    32.46250     22.66190    -12.75660
    20.06983     22.55030     -9.77307
    49.59680     37.17130     -8.03180
    48.32058     40.06253    -10.69057
    30.44380     29.95390     -7.83580
    43.54085     41.17397     -9.72466
    44.85030     47.70500     -5.77110
    57.44399     65.54187    -23.96245
    42.78290     35.03868    -12.59586
    34.92551     36.01289    -17.26612
    42.70884     30.55162     -7.80367
    42.69339     30.49285     -7.76191
    37.74590     26.71980    -18.65540
    40.37840     31.45620    -12.25050
    52.02439     47.96779    -10.51260
    63.40510     57.52930    -24.39110
    52.25920     46.10750     -8.11370
    41.30010     36.23470    -22.85650
    50.36945     37.65056    -12.60898
    36.58121     24.36624     -8.95716
    42.21321     33.52246    -12.56813
    42.21429     33.52617    -12.56539
    45.84811     43.38905     -7.42277
    35.46997     27.91886    -10.91182
    51.80494     41.86796    -12.69097
    55.32970     50.29490    -13.58700
    32.36700     22.73850     -9.41360
    41.91020     56.49160    -10.16880
    55.63059     64.45287    -22.34027
    55.63013     64.45750    -22.33391
    55.63024     64.45848    -22.33151
    21.19052     23.40516    -10.36114
    36.53060     30.71140    -12.32960
    55.62976     64.45406    -22.33247
    33.30582     20.18005    -12.79822
    33.30304     20.18234    -12.79838
    33.30494     20.18191    -12.79819
    53.74620     49.22670    -11.74510
    50.59886     64.47568    -23.91913
    38.46590     36.20860     -7.86160
    30.65410     37.20860    -13.55440
    45.45240     34.36470     -9.65390
    42.36029     37.65505     -5.79168
    42.35118     28.71093    -11.55227
    37.76880     28.98520    -14.37940
    25.26470     35.40590     -8.72060
    57.06300     65.65740    -22.61570
    18.84880     25.10670     -7.24980
    23.91740     33.37870    -13.67230
    39.18560     26.66160    -12.13460
    55.82140     57.28711     -9.82763
    18.74560     28.38570     -6.94130
    55.82157     57.28758     -9.82658
    55.82197     57.28840     -9.82745
    52.60150     51.17700    -10.47940
    47.70320     45.95270    -14.10210
    40.12147     33.76674    -11.71407
    32.73970     25.93380    -17.92810
    36.69778     48.03337     -9.74753
    33.60249     38.17042    -17.96150
    21.20983     23.41598    -10.36556
    51.11409     44.61804    -11.35010
    20.06460     22.85260     -7.47730
    45.82162     43.37265     -7.43279
    29.03240     25.43170    -13.00510
    32.90660     31.78430     -6.87190
    26.72226     20.82875    -11.91707
    29.45460     41.52220    -10.40850
    50.22262     40.36069    -11.89987
    30.26400     41.81480     -9.64650
    48.88956     35.66033    -11.79528
    32.63292     45.13195    -13.61262
    59.80229     52.30096    -10.19174
    34.01998     20.84966    -11.83218
    31.11181     43.87201     -9.79783
    46.20570     32.72890    -11.25580
    50.63400     45.82140    -11.79040
    52.56180     41.15678    -13.88967
    33.78647     26.22556    -20.54689
    57.78140     45.95380    -19.94950
    58.41344     47.54287    -11.12881
    52.98980     51.47657     -7.46896
    18.67370     24.49300    -17.50850
    42.68058     37.99475     -7.64947
    32.58410     28.10750    -21.45320
    37.07670     32.53390    -10.52110
    34.17950     22.68200    -16.91630
    43.25650     34.51280     -9.97920
    53.39492     51.85649     -7.17887
    31.73890     43.40022     -9.23969
    42.24806     28.52293     -7.90503
    48.21850     44.87510    -16.80700
    33.25216     44.49555    -11.93880
    17.99950     27.85760     -6.82000
    36.89860     25.25720     -9.77340
    36.09120     31.10600    -21.94950
    42.13340     42.51670     -8.73110
    45.29646     43.07070     -7.69313
    51.48906     49.75226     -9.87812
    34.79183     45.77494     -9.18833
    52.99560     54.49480     -8.31370
    42.40525     26.54484     -9.23268
    50.36905     37.65064    -12.60752
    31.09416     43.89538     -9.82779
    33.31830     15.36970    -29.73350
    34.80167     45.79770     -9.21814
    39.27300     33.66610    -10.49120
    49.31240     57.36660    -24.91240
    35.33630     20.18457    -13.67849
    35.39027     20.08668    -13.67957
    39.51430     29.31540     -9.78150
    43.71230     42.22020    -10.05090
    39.91093     28.21613     -6.76046
    38.50660     34.28780    -14.59280
    48.13980     62.62900    -16.83150
    29.95250     43.30100    -12.39860
    43.44458     28.13889     -9.83182
    43.82938     35.33200    -13.87962
    25.60704     22.64391    -13.36986
    58.02680     56.46750    -10.19170
    41.92380     46.97900    -10.85520
    56.69980     52.80560     -9.72560
    42.72954     30.61804     -7.85682
    50.61195     56.88329    -25.28278
    45.73952     42.08912     -7.66758
    21.18630     23.40494    -10.35797
    33.59720     24.69260     -9.42220
    31.45530     35.89290    -12.17470
    42.24744     28.53040     -7.90884
    52.50790     51.65660     -9.31420
    36.71351     34.25749    -12.09334
    40.49860     54.33360     -8.28780
    23.36830     32.83080    -13.76790
    33.77210     36.87920    -15.91220
    20.96570     25.33730    -10.77470
    39.62542     54.13991     -9.94012
    38.01200     49.27370    -12.06950
    35.70779     28.52616    -13.24700
    48.89590     49.17800     -6.85120
    35.64754     37.13744    -14.64148
    25.56560     24.15150    -16.35860
    45.12740     42.92855     -7.70631
    31.18540     46.23060    -15.59000
    19.58285     27.42273    -14.39277
    46.46720     44.59930    -16.69510
    38.66770     30.50110    -14.48330
    23.59260     34.84070    -14.41390
    30.94220     23.06340    -14.43650
    35.86460     50.13430     -8.09360
    46.76820     37.76060    -12.27300
    51.65433     45.40074    -11.09332
    55.84660     65.81250    -22.64950
    33.16640     41.19940     -6.84530
    31.68130     13.26550    -28.55530
    42.43180     32.52240     -7.41580
    36.90690     24.60850    -16.54050
    31.66660     21.75192    -11.38930
    23.06266     37.08788     -9.06649
    47.59060     37.77214     -9.63189
    34.58673     30.98391    -10.65138
    55.90230     62.32160    -24.12560
    26.47627     20.65401    -12.57588
    26.66033     21.02412    -11.00166
    42.74578     28.84162    -10.47996
    41.06240     54.33840     -8.88160
    34.79535     45.78324     -9.19699
    44.75430     36.00940    -12.21760
    26.67570     23.94420    -17.96450
    33.60361     38.16835    -17.95307
    37.94398     29.57775     -8.72118
    30.78723     42.64806     -9.60800
    46.23380     38.35080    -14.62660
    24.56300     33.11890    -14.05930
    42.35468     28.70804    -11.55508
    37.90957     41.26884    -18.39617
    52.02881     47.96542    -10.51641
    34.43723     48.36359    -11.19269
    31.35596     42.64721    -13.40487
    41.41930     36.94940     -7.92720
    17.22100     27.36020     -4.82280
    43.80993     35.33057    -13.88006
    49.78149     36.69392    -12.24802
    49.78077     36.69375    -12.24756
    34.75059     36.66050    -13.98049
    31.45920     45.83530    -14.20260
    36.05690     31.93960    -12.23170
    35.39677     20.07636    -13.66967
    41.73940     31.51360    -13.10320
    46.33920     54.49780     -6.72030
    49.29960     45.32370    -10.05180
    45.07280     38.72260     -7.24850
    40.71210     29.26760    -14.61570
    35.40446     20.12454    -13.59925
    17.72980     26.58700     -6.67540
    60.87333     54.62075    -24.10102
    35.42587     20.04688    -13.64211
    33.01980     46.13820     -9.24140
    27.21540     11.38560     -5.57460
    21.57980     22.70248    -11.48727
    21.60082     22.63066    -11.28524
    45.42707     43.14061     -7.63417
    42.34708     41.84526     -9.43442
    35.43310     20.03904    -13.63766
    31.12467     43.87209     -9.80163
    17.86890     33.31230     -3.54400
    29.32271     33.87268    -11.84825
    34.27820     23.30980    -10.11930
    46.91680     37.05580     -7.52600
    39.40635     53.41598    -11.58846
    51.08742     44.63550    -11.33816
    53.34330     50.53100    -12.59780
    34.43110     43.09450    -20.58980
    22.23160     26.24140    -11.07290
    26.81617     38.32063    -12.31500
    20.07187     22.55230     -9.77723
    36.65310     25.74060     -8.08790
    27.79670     38.83504    -11.38596
    36.03733     25.29323     -8.48468
    29.59280     44.43680    -13.51140
    41.55812     30.76988    -14.77060
    32.55730     46.47620     -8.53200
    35.33182     20.16814    -13.71300
    42.29960     39.33190    -10.46130
    39.90120     54.17310    -11.57920
    58.41246     47.53933    -11.12439
    20.78460     29.74560     -9.72620
    43.24610     44.68840    -18.05850
    56.67740     60.55160     -9.56270
    43.12270     32.60930    -13.25310
    51.01629     40.64868    -12.41000
    40.84098     34.34500    -10.21609
    23.84950     21.80500    -18.29680
    50.46195     43.51952    -10.69564
    33.48590     32.55070     -7.28060
    35.47808     19.95186    -13.64052
    37.04570     27.16308    -22.02658
    35.47060     46.80540     -8.50090
    37.25860     26.01720     -9.38420
    41.03473     26.98612     -8.11250
    41.79730     32.87170     -6.98840
    30.89780     34.07140    -16.32190
    42.19217     37.54787    -10.86047
    54.52760     50.24690    -13.29360
    26.87779     20.87406    -11.76482
    49.47780     46.84670     -7.65100
    30.98020     30.79970    -11.61570
    26.45387     20.63845    -12.63398
    53.03106     51.41071     -7.51583
    45.27699     43.04852     -7.70512
    28.35300     25.00407    -14.09094
    37.33820     30.54020    -18.17900
    33.66514     26.68471     -8.81916
    30.84520     37.29310    -22.59600
    18.32871     31.36078     -8.71862
    40.54860     38.45990    -19.46670
    26.57897     38.76895    -13.06557
    36.07480     27.07360    -21.39060
    51.16027     41.14925    -12.13923
    30.13360     42.60420     -4.39510
    49.26380     42.70740    -13.37530
    41.23143     29.29256    -17.04476
    23.70370     37.25600     -7.08850
    45.26374     46.31497    -26.59268
    40.71799     31.38758     -7.66498
    55.15210     47.01460    -13.40230
    42.53375     28.77235    -11.05857
    59.82211     52.32318    -10.27249
    26.39832     20.62711    -12.70877
    36.68371     29.53198     -9.29880
    33.53690     47.00590    -14.03660
    44.00830     36.33610    -11.93160
    49.77988     36.69401    -12.24249
    26.45452     20.63762    -12.63519
    52.05830     52.08280    -12.49850
    46.25010     42.80640     -8.13050
    51.88014     52.26827     -8.24930
    51.87039     52.44591     -7.62886
    42.67817     37.99223     -7.65858
    51.07140     50.78740     -7.56940
    41.37620     26.79190    -13.86710
    51.78530     52.48659     -8.00828
    42.67902     37.99265     -7.65995
    45.47530     58.13070    -13.98000
    51.88270     40.08390    -11.64370
    39.66410     39.17018     -8.58525
    51.07440     64.27430    -26.02480
    45.68870     59.75300     -9.77230
    23.06065     37.08706     -9.06688
    33.66336     26.68729     -8.82354
    43.59060     41.33300    -13.38000
    48.00910     42.82540    -15.32550
    40.88354     27.67304     -7.31283
    50.76990     43.05370    -11.78840
    46.53930     48.89540    -29.01360
    51.22479     38.93578    -13.14341
    42.24765     28.52564     -7.91124
    34.58681     30.98231    -10.64474
    34.39270     46.57750    -10.45350
    41.94675     54.28805    -10.59163
    41.99400     25.30230    -10.42310
    26.76010     18.81160     -7.32450
    35.61072     29.24841    -10.19622
    57.67450     47.79075    -16.97606
    33.78593     26.22624    -20.55571
    39.61860     26.99760     -5.94330
    28.66000     27.01520    -12.69600
    22.88337     22.91884    -12.47342
    17.48424     26.19827     -8.60996
    49.10282     41.62651    -10.62758
    42.19263     37.55193    -10.85933
    51.66160     51.57890     -5.51110
    34.58488     30.98260    -10.64798
    25.31040     35.08090     -6.68600
    27.33728     39.26460    -12.92418
    32.58033     24.60749    -11.12314
    54.86480     59.73460     -8.00220
    29.31411     20.38867    -13.19442
    50.22168     40.36271    -11.89953
    29.78310     42.14760     -6.74570
    59.01260     51.52240     -8.65790
    50.84600     42.42360    -11.45200
    51.85342     52.38282     -7.92708
    51.64422     52.62834     -8.45589
    42.67519     38.00484     -7.60519
    32.68920     27.41650    -10.43760
    41.06950     48.15990    -22.65070
    51.90269     52.42036     -7.49510
    51.97034     52.40260     -7.12012
    26.58920     38.77217    -13.07029
    56.15560     63.33370    -20.96360
    43.83028     35.33652    -13.87613
    32.50912     42.61000    -11.27424
    46.09600     59.61560    -16.48390
    40.73140     30.00080     -6.62840
    28.72240     33.36090    -21.77620
    33.91360     48.26540    -11.90360
    21.18449     23.40042    -10.35557
    26.77680     26.24690     -8.44700
    38.43990     52.98980    -10.40000
    38.39657     31.46028     -7.61058
    37.76798     49.53406    -13.95339
    54.61300     43.71910    -15.58420
    35.97220     35.29770     -7.24670
    48.87483     48.34141    -15.75444
    35.64485     37.13613    -14.64118
    28.97292     39.63090    -11.24099
    36.55730     20.97570    -22.42480
    51.56290     52.65492     -8.84420
    41.84873     29.50796     -7.41781
    51.08649     40.92996    -12.25791
    42.48480     32.09160    -14.74700
    57.44591     65.54013    -23.95915
    29.98150     19.03190    -22.11260
    39.93560     36.78020    -12.50270
    26.87368     38.36378    -10.31742
    42.56000     53.62470    -10.79050
    35.70799     28.52184    -13.25524
    35.39687     20.07723    -13.67149
    29.32011     20.41631    -13.17223
    42.73020     57.07150    -10.18100
    19.26150     23.58400     -9.60780
    35.47473     19.81553    -13.68547
    23.79921     35.67034    -11.88740
    42.66741     28.18692    -13.26679
    59.45470     56.11050    -10.11790
    23.52800     19.46980    -17.71530
    40.61180     37.98210     -9.23020
    52.66199     43.12625    -13.25142
    20.09089     23.65931     -9.34891
    48.53230     48.02960    -14.10150
    36.34840     28.48200     -9.93870
    48.18280     45.75510     -8.67390
    32.96240     26.56410    -20.26920
    49.45390     46.16210    -11.32420
    31.87280     20.59970    -17.55220
    41.84140     25.26080    -20.14920
    44.15820     51.70280    -22.33160
    33.35790     36.18270    -17.70980
    41.37620     28.71030     -8.58010
    18.95060     30.92933     -9.68172
    20.02410     22.10390     -7.02840
    23.85310     18.00990    -15.17350
    42.51550     29.76150     -8.96530
    29.19120     22.91110    -11.09790
    51.21656     44.55591    -11.39504
    29.25131     42.74618    -15.51276
    50.03530     44.92620    -13.30080
    16.24830     26.70990     -7.07820
    53.30830     54.98830     -8.61170
    53.58990     54.50910     -7.85230
    22.21750     20.82420     -9.62620
    37.82130     32.74550    -20.33430
    40.73700     52.99160    -11.98560
    36.68149     29.53429     -9.29451
    38.33250     26.83410     -7.76300
    29.13510     39.78029    -11.10090
    52.73714     41.62242    -14.21175
    26.56438     20.70131    -12.40922
    36.82960     30.88900    -18.88750
    26.47709     20.65376    -12.57771
    32.88900     42.85680    -13.01050
    45.38650     40.61960    -14.06780
    45.26887     46.32330    -26.59964
    43.33410     56.46680    -13.13940
    34.97370     17.34560     -5.57550
    33.25514     44.49815    -11.94480
    24.61870     19.79740    -14.35230
    36.50520     29.28750    -14.72760
    43.52417     36.44094     -8.50040
    21.17738     23.39804    -10.35931
    31.82110     26.73250    -10.61010
    47.66588     43.74262     -8.22220
    36.58426     24.36356     -8.94153
    36.58184     24.36471     -8.94703
    31.29430     30.16740     -7.57300
    20.78430     28.26350     -8.84910
    51.41240     51.50900     -9.36490
    36.03576     21.14909    -15.44373
    31.32683     43.72543     -9.62893
    21.60215     22.63143    -11.28544
    55.72263     56.25934    -14.53440
    55.72973     56.30947    -14.59943
    53.89167     55.84336     -8.67557
    39.33751     32.37705     -8.66860
    35.61120     19.78610    -17.46600
    56.64770     48.03960    -16.63710
    35.44992     27.90985    -11.04139
    28.68840     20.99970    -11.78360
    54.12120     53.47290    -11.52730
    27.50181     26.71490    -23.59639
    39.34910     32.37729     -8.66895
    27.50319     26.71650    -23.59751
    49.08506     41.86991    -10.53270
    39.88480     44.21870    -21.71450
    55.73356     56.33610    -14.63147
    41.93783     36.75440    -11.91573
    25.77538     20.49473    -13.50585
    37.36650     29.74517    -10.95773
    17.47130     26.22080    -16.68800
    42.65205     34.80924    -11.74531
    42.65186     34.80972    -11.74597
    23.54800     37.18920    -10.53850
    53.61120     52.48894     -8.41665
    37.91520     46.93580    -17.84970
    48.46830     50.40500    -11.10960
    50.00422     44.23964    -10.53913
    23.18780     21.37000    -10.45080
    43.51739     41.15938     -9.66773
    53.90850     46.36430    -13.48500
    21.08920     24.26700     -8.87600
    49.30008     34.96631     -9.37066
    21.64538     24.25662    -11.53319
    16.70280     28.13760     -8.25010
    35.45178     20.00191    -13.62943
    23.80099     35.67136    -11.88840
    38.88730     32.82940    -13.76680
    30.22980     15.70690    -15.74770
    43.44812     28.13728     -9.84136
    36.03576     21.14753    -15.45409
    35.16500     31.33740    -20.25100
    21.86010     30.31000    -12.24100
    48.80125     35.54697    -11.75864
    53.42106     50.01153    -11.65318
    45.79350     49.08670    -22.09160
    47.67033     43.74664     -8.23907
    31.44960     44.62822     -9.28587
    34.82790     33.64310     -7.66290
    23.13100     35.61900     -9.25200
    29.59470     43.44750    -13.68520
    43.37440     57.70320     -9.08090
    40.30490     24.11620     -6.60510
    46.73820     44.13290    -14.70880
    59.88121     52.39512    -10.51890
    51.90367     46.56973    -11.18564
    42.18690     38.59910    -13.81000
    49.90259     44.28122    -10.52884
    38.30370     23.94830     -8.91820
    52.33880     49.18170    -12.15110
    36.03448     21.14648    -15.46188
    32.35380     44.35800    -12.54240
    33.61675     25.91053    -10.88668
    31.62260     37.76740    -24.24120
    31.65670     26.49830    -13.11930
    41.31760     52.31690    -14.82860
    39.96140     37.24210     -9.47670
    53.39119     49.98630    -11.67068
    50.11230     57.99950    -24.53740
    18.22650     25.78710     -7.22260
    51.97980     66.01210    -13.33990
    18.46230     24.44990     -8.45210
    31.15147     42.60110    -13.49153
    27.83024     38.81978    -11.38592
    50.97420     64.75490    -13.94920
    52.62240     59.43380    -24.33510
    55.63012     64.45473    -22.32961
    39.75890     31.97410    -11.77980
    45.31490     37.68860    -12.74570
    26.29670     37.49390     -9.91120
    41.41570     53.02850     -7.48610
    45.56780     26.47630    -13.16380
    39.40110     40.90210     -9.53460
    30.33820     37.81790    -19.32930
    32.82340     36.71140     -9.76700
    40.75328     55.17465     -9.32205
    42.71028     30.55644     -7.81073
    38.86510     29.23100     -9.70040
    45.87200     42.71960    -10.18740
    49.13979     42.39710    -10.15422
    47.04191     45.06724     -9.20799
    26.45551     20.63887    -12.63742
    41.30960     24.86390    -11.86560
    29.63468     36.29523    -13.57833
    32.89403     22.17773    -10.47044
    48.23951     42.64300     -9.56699
    22.09300     25.50220    -11.74630
    33.04490     37.15200    -15.08230
    30.66160     41.06190    -14.08760
    37.81780     32.79150     -8.25670
    18.32786     31.36447     -8.72749
    30.75430     38.13270    -23.40750
    40.25120     26.42010     -8.33950
    44.18910     36.80790    -12.90870
    41.85168     29.53079     -7.40965
    41.85182     29.52048     -7.41499
    17.09460     27.67970     -6.01110
    18.40350     23.62630     -6.44820
    26.76209     38.31206    -12.38452
    35.57030     35.98860    -13.81830
    45.19750     36.58100     -8.19230
    47.04650     43.26580     -8.80150
    59.80238     52.29237    -10.18453
    39.34560     32.37685     -8.65989
    31.44498     44.62666     -9.29185
    19.30420     23.76400     -5.94350
    23.15820     21.42410     -5.53430
    30.78777     42.64964     -9.60340
    51.11134     44.61367    -11.35136
    52.17960     44.94770    -11.98430
    23.59760     29.32030    -13.29600
    42.67398     34.84220    -11.88360
    48.17485     42.63579     -9.87558
    34.92712     36.01044    -17.25976
    24.86780     14.60160     -8.73950
    41.56168     30.76942    -14.76840
    51.58205     58.18616    -19.00606
    41.86048     28.87275    -13.83510
    36.03552     21.14625    -15.45918
    23.18240     23.62950    -12.90730
    33.61630     25.91106    -10.88655
    29.57350     28.33810    -19.65320
    48.79140     41.78940    -15.56950
    39.40755     53.41582    -11.58204
    49.79440     54.26780    -26.21010
    51.48899     49.75739     -9.85463
    51.48889     49.75407     -9.87217
    51.48900     49.75404     -9.86742
    43.92220     35.09830     -8.69060
    64.62510     57.33450    -26.74960
    41.63540     29.62380    -16.22510
    40.48759     32.86098    -14.82033
    37.48920     37.95930    -10.00680
    30.24730      9.53290    -16.80930
    41.03687     26.98293     -8.11514
    42.76360     39.95040     -6.79170
    36.03516     21.14800    -15.45388
    43.91020     33.15360    -16.14580
    41.15710     25.76320    -17.02690
    30.90720     34.38270    -13.68510
    30.34914     32.12786    -16.12949
    56.27390     53.54740    -12.86100
    33.58380     46.17160    -13.62680
    16.49600     29.29630    -16.03870
    42.80818     33.99290    -11.24266
    53.68581     45.55009    -13.46656
    47.90630     39.69190    -15.03790
    33.61773     25.91420    -10.88643
    51.99681     52.39620     -6.92880
    40.47210     33.39660    -10.26310
    53.34570     55.09370     -7.23380
    29.65260     35.21490    -15.62790
    33.56280     26.02133    -10.96998
    56.32880     65.41420    -22.67640
    48.49460     49.56593    -11.51702
    47.53420     33.91083     -7.81791
    40.12900     23.35350    -20.44900
    22.88523     22.91856    -12.46808
    25.35550     39.39550    -15.87860
    23.45720     25.47900    -13.28050
    30.19360     15.51390    -22.92640
    28.38260     18.26430    -13.36990
    37.71046     21.22996    -17.09949
    20.08561     23.65355     -9.33877
    48.13410     35.12560     -7.11650
    26.73491     38.13891    -12.33118
    52.43970     64.98020    -23.98260
    32.50668     42.61220    -11.28166
    41.98760     42.60780    -23.76900
    45.37491     40.94192    -12.54770
    26.74100     38.61170     -8.38330
    45.37339     40.94338    -12.55000
    33.00160     37.30590    -17.48690
    45.03790     49.15630    -27.34960
    33.87230     31.44090    -13.88690
    41.92280     30.94300    -16.50350
    26.56564     20.70146    -12.40696
    31.20502     44.06140     -9.68124
    30.33613     32.13448    -16.12342
    40.92580     27.62060    -20.48360
    43.13800     38.74330     -8.40660
    37.77550     45.24520    -21.96600
    37.74650     30.73250    -21.58330
    49.01080     57.13290    -22.80250
    42.88980     26.81090    -14.48280
    52.03166     47.96114    -10.51749
    31.69704     35.88247    -15.41104
    31.70581     35.88443    -15.39842
    36.05150     36.83580    -16.65510
    43.61940     55.57070    -14.36970
    41.73150     38.22390     -6.33720
    45.54160     35.85340    -10.33930
    40.51224     32.87869    -14.83231
    42.35761     37.65145     -5.79202
    42.33606     28.69684    -11.61082
    37.58394     32.76492    -12.88432
    42.81336     33.98404    -11.23548
    46.61502     46.32822     -6.55343
    47.59048     37.77225     -9.63123
    40.51451     32.87932    -14.83622
    40.51204     32.87768    -14.83218
    50.46660     43.51956    -10.70525
    32.02910     31.05970     -8.60630
    31.57979     34.28223    -16.63501
    34.51110     24.52160    -19.07710
    53.07965     44.11203    -12.03573
    44.85100     42.72200     -5.11700
    55.23120     49.96620     -3.99030
    32.45150     26.30710     -7.97960
    39.20614     31.52971    -14.60992
    35.52615     18.40356    -14.43530
    47.97875     50.27477    -12.70430
    39.62378     54.13909     -9.93618
    35.16160     27.68090    -14.81930
    47.98127     50.27536    -12.70265
    33.38660     39.33160    -21.26650
    48.73470     61.40290    -11.50270
    35.90560     30.36360    -10.71670
    18.32821     31.35832     -8.70923
    44.07740     34.40930     -7.68060
    49.65020     45.83650    -10.00310
    41.86046     27.46574     -8.30472
    45.70820     59.02310    -16.50420
    27.69900     39.58950     -6.07220
    53.68680     45.55064    -13.46464
    36.85830     28.50460    -18.88580
    34.05280     30.90560     -8.18960
    29.01340     37.78940    -15.48410
    40.92780     36.06200     -8.53970
    33.60989     38.17296    -17.96906
    37.76902     49.53034    -13.95911
    36.14400     37.72220     -9.44070
    16.01460     27.88150    -21.06910
    30.77680     27.94290    -10.40010
    40.85266     34.35327    -10.21933
    39.91843     28.23351     -6.73889
    17.78180     25.71350     -4.95540
    50.39170     58.06940    -21.00940
    42.23291     39.92282     -9.74299
    41.02310     53.09650    -10.14700
    35.84589     21.02129    -16.11933
    25.52350     14.22830    -15.46170
    23.25280     28.10120     -9.25690
    30.85987     42.54277    -13.59420
    48.55670     34.15770    -11.53860
    32.99440     14.82930    -12.25890
    40.43020     35.66650    -12.96410
    50.50419     43.53880    -10.74240
    41.44500     25.02200     -7.22820
    36.06204     21.16722    -14.85501
    41.89600     44.71240    -16.53980
    40.72370     32.85370    -11.02800
    34.90683     46.92603    -12.23695
    47.47770     44.19900    -13.70570
    46.65270     39.57320    -14.28394
    25.50444     38.24595     -6.58784
    35.64796     37.14319    -14.64542
    30.05950     34.30720    -13.66450
    49.44740     43.51780    -10.21040
    47.68157     43.75221     -8.26953
    37.73580     28.16890    -15.18040
    37.53750     35.57940    -10.89980
    34.92646     36.01077    -17.25992
    42.67920     34.85709    -11.89640
    37.83373     31.37227    -10.99750
    43.83606     34.24488    -11.72820
    39.67990     45.18180    -19.60970
    25.58180     33.56560    -13.92480
    25.95726     38.43846    -12.72000
    53.08140     51.53407     -7.42430
    22.64780     24.30780     -8.40420
    43.63063     33.69428     -8.23560
    52.72790     53.25290     -7.06790
    49.06457     42.25983    -10.36206
    33.96409     44.16161    -10.00324
    55.63670     51.39410    -13.11830
    39.34240     32.37700     -8.70707
    20.84940     19.39410    -12.48970
    37.12710     19.25490    -13.25670
    38.39933     31.46052     -7.61092
    21.57895     22.70633    -11.49110
    39.41130     29.35850    -24.47000
    29.23350     19.06460    -10.50650
    43.63195     33.69449     -8.23717
    51.12380     41.97430    -14.62060
    43.83270     34.72650    -14.62230
    39.89990     55.50770    -10.95180
    30.85250     26.72530     -8.67040
    39.89910     28.18323     -6.79797
    39.12410     54.15180    -12.24050
    40.36550     34.36050    -14.79840
    20.14833     24.87310    -10.97143
    41.85378     29.52690     -7.40746
    36.05461     21.16278    -15.46222
    36.05342     21.15949    -15.37561
    49.13010     49.32940    -10.31950
    43.94640     28.53020    -14.08800
    28.72591     39.41768    -11.48697
    53.81820     51.38760     -9.57130
    23.58697     24.42260    -13.96674
    44.78650     33.24100    -14.99930
    53.29760     56.71430    -24.11930
    48.23650     40.26340    -14.35860
    41.60940     28.84850    -15.20900
    42.22511     39.87474     -9.66306
    53.00259     51.44986     -7.49013
    49.85750     46.81460    -14.13820
    26.81898     20.92405    -11.55622
    35.60467     29.25406    -10.20670
    52.17710     64.52120    -13.20430
    63.63890     59.54110    -21.47440
    43.87240     46.62340    -23.87660
    28.69250     38.77950    -13.45680
    41.91460     29.79770    -13.38820
    33.34449     47.42671    -11.88852
    51.91187     46.65803    -11.32589
    35.80220     28.99540    -18.40000
    50.21050     49.60490    -15.33280
    37.90693     41.27066    -18.40093
    37.36690     29.74263    -10.96147
    35.53492     30.25996    -13.00829
    49.22880     39.52600    -14.66970
    36.24020     25.94300     -9.14970
    35.53488     30.25934    -13.01241
    41.07930     38.99670    -13.70690
    18.08720     28.36950    -18.64750
    53.12840     47.86480    -12.94110
    48.77481     35.51633    -11.74915
    40.36930     28.90750    -11.08900
    47.97938     50.27877    -12.70745
    27.33652     39.26400    -12.92192
    57.84320     56.62030     -7.86500
    26.58847     38.77226    -13.06631
    59.59970     51.27030    -15.21760
    36.63240     51.07660     -5.95940
    42.24605     28.52546     -7.90378
    16.69050     27.02450     -5.66690
    32.89507     22.17847    -10.47906
    35.58510     32.54980     -7.27980
    38.44290     46.34840    -21.20660
    39.34200     34.16610    -12.78820
    23.05968     37.09310     -9.05979
    39.81800     33.21350    -19.45400
    35.21890     16.95400    -12.52680
    38.42350     27.61940    -15.55980
    48.81562     35.56353    -11.76518
    38.27440     28.36460    -17.94510
    33.90460     29.79770    -20.04260
    22.59080     34.26580    -11.52790
    34.98452     31.00039    -12.78346
    58.10880     48.58530     -9.03170
    51.87623     46.31674    -10.79218
    43.22478     31.79371     -8.32619
    22.37170     22.43420    -14.22210
    32.37460     46.64870    -12.03440
    42.40797     26.54464     -9.23490
    37.82946     31.36413    -10.99195
    40.71851     31.38722     -7.66612
    42.91500     31.80250    -17.05960
    41.95772     54.28980    -10.63140
    40.60200     44.28370    -25.14600
    43.63472     33.69313     -8.23134
    32.83460     26.90890     -6.82700
    42.32370     32.06870    -11.35800
    43.41330     36.47810    -13.21160
    24.95080     36.45080    -12.90720
    42.40619     26.54112     -9.22852
    33.30397     26.53089    -11.37498
    29.32398     20.43350    -13.16152
    33.54752     38.17306    -17.81251
    28.89630     24.24160    -22.32350
    49.30182     34.96249     -9.37474
    42.96950     33.07540    -14.10190
    26.48087     20.65439    -12.56644
    29.63797     36.30422    -13.57843
    55.73330     56.32348    -14.62603
    23.06526     37.08208     -9.07500
    32.58086     24.60329    -11.13159
    47.11350     57.17400    -19.60400
    36.69465     48.05151     -9.72567
    16.29530     25.38540    -13.04020
    52.06020     59.89710    -22.93630
    14.74470     26.86100    -13.31690
    41.28810     33.63060    -11.38810
    51.98085     52.40965     -7.03990
    54.22000     47.13320    -12.60330
    34.09500     14.30000     -5.67740
    37.33940     29.20870    -21.84140
    35.31170     42.41710    -24.22580
    40.07440     32.75510    -11.53880
    30.12750     13.82510    -22.58130
    49.41710     57.60880    -20.40500
    60.87567     54.62195    -24.10758
    52.17110     48.81070     -7.24050
    22.40970     21.39250    -11.10800
    46.02590     37.47730     -9.97650
    51.80766     41.86584    -12.68443
    40.91060     34.23550    -16.75230
    21.87920     21.46820    -19.03910
    45.27003     46.32677    -26.60333
    50.96330     47.55530     -7.77730
    25.71450     39.31980     -9.21900
    44.92470     31.47050    -10.29290
    35.52525     18.40284    -14.43970
    50.59694     64.48002    -23.91887
    46.61508     46.32468     -6.55417
    43.92690     43.35860    -25.81570
    43.22692     31.79419     -8.32871
    58.74370     56.50450    -10.61200
    48.41109     42.66757     -8.66737
    28.81151     39.48046    -11.37806
    50.68494     59.11908    -23.83185
    30.40613     19.46017    -12.58201
    45.71375     39.84582     -6.73434
    51.06784     40.88829    -12.27549
    49.05017     42.37124    -10.31720
    49.05979     42.27233    -10.35555
    36.03867     25.29367     -8.47762
    41.23237     29.29124    -17.04224
    25.08210     22.76080    -15.26680
    28.78740     41.21090     -5.31540
    42.66799     28.18878    -13.26991
    42.67987     37.98819     -7.68960
    49.52240     37.42330    -12.56050
    39.87120     35.15080    -13.55630
    55.58560     48.26350    -15.06370
    33.62857     25.87005    -10.86442
    38.09030     31.64760    -19.89170
    24.88740     35.81880    -12.08690
    36.51050     41.11700    -17.67680
    27.37580     19.40650    -13.56040
    43.61260     47.63450    -22.50900
    51.62978     45.38588    -11.00429
    57.58050     64.72880    -20.73380
    20.14717     24.87250    -10.98077
    37.94342     29.57675     -8.72902
    19.74280     24.46950    -10.51520
    30.54960     36.45220    -13.17450
    27.60050     32.67590    -17.18070
    48.19308     42.63513     -9.84352
    35.95911     27.67088    -12.81482
    47.62420     47.50910    -26.54980
    40.56730     32.13090    -11.16440
    32.49140     46.06630    -14.73250
    17.48326     26.19783     -8.60764
    44.50266     40.32546    -13.21446
    36.28260     48.65140    -11.37600
    38.92830     32.46170    -20.73760
    32.75480     44.79920     -8.86670
    41.09240     40.21000    -10.34990
    25.31023     21.19204    -12.82363
    31.65530     31.13650    -12.12480
    36.69930     22.92220     -7.11420
    55.24880     46.48730    -15.04450
    32.62938     45.13386    -13.61785
    35.71040     28.52823    -13.24197
    48.01820     39.04500    -10.59740
    48.31776     40.05813    -10.69354
    35.91500     29.45310    -13.74450
    45.81940     50.76700     -8.41320
    42.80456     28.85601    -10.31900
    39.94450     33.59470    -15.11710
    21.64551     24.25696    -11.53703
    41.03024     26.98869     -8.11351
    44.50154     40.32574    -13.22224
    37.55563     32.82297    -12.73085
    36.66890     25.06560    -12.30700
    49.71470     61.23100    -21.37650
    25.45570     37.62070    -12.37960
    33.55143     38.17201    -17.82338
    27.80536     38.83132    -11.38304
    28.60700     35.49150    -11.00160
    39.62240     33.09510    -16.80600
    35.74300     31.87480     -8.37430
    35.01306     20.34305    -14.16541
    30.12240     27.94340     -5.97000
    31.22390     22.78460     -7.89610
    29.63310     27.52730    -12.52930
    36.00020     19.98510    -18.45060
    34.06720     18.10510    -11.82880
    52.66121     43.12405    -13.25618
    15.16219     27.79241    -12.49186
    29.13880     33.13810    -11.20400
    31.75200     20.96740    -12.66180
    28.34960     22.73430    -11.34640
    36.71259     34.25421    -12.09386
    51.65923     45.40282    -11.11050
    34.77485     45.21301    -13.21034
    38.94700     35.32140     -8.27030
    29.63176     36.30541    -13.60489
    31.66530     21.75388    -11.39040
    31.67989     35.87791    -15.43513
    24.65100     21.18370    -14.69410
    29.32029     33.87552    -11.85315
    28.01250     36.51400    -17.31020
    25.43800     39.56780    -13.07590
    53.30030     40.94150    -15.02380
    46.68746     32.79955     -6.87103
    46.68527     32.79803     -6.87251
    46.68837     32.79842     -6.87246
    25.84970     37.40030     -8.33290
    46.00440     61.43460    -21.12490
    53.60960     52.49116     -8.41375
    29.25159     42.74872    -15.50914
    36.17300     48.72740     -8.15300
    46.99550     34.16610     -9.91470
    50.46275     43.51707    -10.70008
    18.17360     26.44880    -13.23670
    35.48920     49.55510     -6.83640
    53.08205     44.10827    -12.03507
    53.89323     55.83924     -8.67563
    54.29500     49.71630    -11.49200
    36.11270     45.26220    -17.48320
    44.42800     43.26040    -10.56210
    18.22420     26.13560    -10.30060
    45.27520     43.31500    -11.30130
    29.63229     36.29743    -13.60287
    37.59082     32.74863    -12.92558
    35.47303     27.91680    -10.91447
    43.50834     28.15662    -10.06662
    27.78770     28.79800    -19.31580
    54.28950     52.86830    -11.93070
    33.41670     41.00530    -19.54690
    47.67550     35.34070    -11.09520
    35.40960     36.15610     -7.26410
    52.54858     41.12094    -13.85720
    26.70653     38.44768    -12.57405
    23.59667     24.42825    -13.95619
    35.15930     33.41870    -13.77510
    29.64263     36.28238    -13.56054
    39.22560     43.62550    -27.10760
    45.47280     37.24980     -9.39120
    42.64220     57.91170    -11.87480
    58.27590     48.50580    -21.62960
    15.16351     27.79519    -12.49934
    46.65810     43.30610     -7.10530
    31.58161     34.28087    -16.64059
    50.00597     44.24516    -10.52647
    41.31240     33.17750     -8.21680
    34.79405     45.76097     -9.17169
    41.84857     29.50843     -7.42344
    31.11212     42.59290    -13.50469
    42.21562     33.52468    -12.56055
    36.05355     21.15767    -15.37389
    35.95849     27.67312    -12.81208
    34.75171     36.66240    -13.99001
    45.42410     53.69910    -18.28400
    33.57340     31.86200    -10.78330
    36.47630     26.76740    -12.25440
    34.90317     46.92517    -12.24175
    51.91368     46.66019    -11.31913
    35.54890     23.84040    -10.64570
    23.16380     34.64120    -10.43160
    21.83610     26.08130    -12.16530
    43.80180     33.95610    -13.87500
    25.37660     34.78060     -9.73300
    33.47690     25.76140     -8.52640
    59.52880     54.04700    -21.11690
    59.96320     54.30510    -22.23780
    42.75165     28.84182    -10.45894
    42.80478     28.85795    -10.31746
    42.21481     33.52834    -12.55257
    18.13660     24.28790    -14.47240
    20.10430     22.30070    -18.06400
    31.65200     37.81280    -17.97280
    41.96370     34.84260    -13.72640
    37.71304     21.22744    -17.10021
    23.89830     23.17180    -12.25690
    51.65009     45.39787    -11.07463
    29.20659     39.86904    -11.06944
    32.62922     45.13269    -13.61039
    32.62998     45.13460    -13.61034
    33.25942     38.20331    -17.03913
    33.98590     27.81760    -10.62090
    35.97224     46.53324     -9.66473
    23.98760     27.03520    -18.04650
    22.81752     35.75133    -11.43249
    50.45251     43.51250    -10.69567
    37.83062     31.36854    -10.99162
    43.11440     34.63950     -8.11160
    42.76917     28.84729    -10.41381
    51.45540     51.21750     -7.18850
    43.55830     40.48090     -4.81850
    16.72220     26.36500     -9.86960
    43.83879     35.33193    -13.87855
    33.94190     48.43720     -9.26220
    25.31147     21.19126    -12.81747
    23.06328     37.08568     -9.07395
    29.99220     36.15260    -15.69850
    36.78370     30.24430     -7.26690
    27.46950     21.05010    -13.79130
    22.11080     35.81240    -10.03390
    34.34260     25.38720     -8.32890
    47.59690     35.23550     -7.86250
    34.60750     38.02690    -21.63930
    18.95090     30.93157     -9.68748
    43.83464     34.24502    -11.72960
    63.63940     57.09060    -22.95500
    37.89942     44.14381    -23.53755
    28.79540     42.26900     -5.23270
    54.95650     45.64500     -8.92050
    40.02920     31.29820     -9.37230
    47.58811     37.77171     -9.63968
    33.00030     32.75880     -8.11010
    29.61894     36.33303    -13.67477
    35.09180     33.91190    -18.83450
    27.78868     38.83997    -11.38240
    47.53320     33.91417     -7.81169
    38.81100     22.74720    -10.33140
    37.45870     32.25080    -11.38510
    41.17830     32.06140    -12.24380
    48.03750     49.49930    -22.54640
    39.50520     27.73760    -15.44420
    40.12263     33.76616    -11.70993
    37.04210     27.16502    -22.03012
    19.53190     29.85280     -9.96690
    34.69810     33.59550    -16.31990
    35.91910     20.27250    -16.44740
    51.08320     44.62822    -11.33833
    42.63790     34.77393    -11.73154
    31.35636     42.64447    -13.40221
    35.44590     31.54780    -13.74020
    49.50716     44.44692    -10.49316
    34.34070     45.23720    -10.94800
    32.04260     44.71850     -5.76230
    32.26410     14.60940     -8.98340
    48.81740     44.44390    -12.41360
    46.91000     34.96830    -10.59250
    56.11370     65.20130    -24.32300
    54.04540     50.53200     -8.91750
    36.69054     48.06959     -9.70588
    25.23250     22.06810    -12.32240
    34.77349     45.21572    -13.21800
    48.69890     45.74370    -18.25660
    27.16220     41.81880     -6.56650
    39.99460     35.01500    -10.09830
    44.81688     42.68640     -7.66005
    18.70050     31.93540     -7.73090
    22.41080     34.20410    -13.61540
    36.68480     29.53363     -9.30069
    18.52950     28.89560     -9.05130
    24.61980     38.97760    -13.19020
    26.36955     20.61685    -12.74961
    35.91050     47.22430     -9.90920
    48.73604     35.46750    -11.73266
    41.05462     38.75812     -9.55187
    22.81998     35.75287    -11.43761
    35.60650     34.44040     -8.91420
    28.42130     37.89840    -15.11520
    34.95460     29.07880    -16.89440
    38.19730     27.22970    -12.56530
    18.82420     23.49530    -13.60770
    22.09320     20.36050    -13.91980
    50.86240     63.58390    -10.17290
    43.43820     28.13316     -9.80624
    28.47760     34.78550    -12.31300
    36.58355     24.36326     -8.94789
    26.99974     20.90545    -11.83936
    58.57948     48.98185    -10.47449
    45.71265     39.84988     -6.73286
    39.32370     35.12960    -22.01330
    25.71730     24.01840    -14.62910
    47.03849     45.06766     -9.21361
    34.02719     43.03461    -17.38333
    23.89290     30.19230    -17.38090
    31.11918     43.87521     -9.80699
    46.64911     39.57039    -14.28199
    55.72989     56.30423    -14.59389
    59.65050     54.93570    -20.09180
    58.58002     48.98145    -10.46901
    56.12880     66.11570    -20.89740
    51.22560     38.93414    -13.14491
    43.52503     36.44276     -8.50700
    41.24120     51.32250    -16.82890
    40.14180     50.56540    -15.18710
    46.31780     59.10500    -13.12020
    20.08874     23.65658     -9.34823
    20.08897     23.65614     -9.33887
    37.40310     49.26090    -12.73960
    49.62000     41.68430    -14.51880
    26.87592     38.36192    -10.32308
    29.11120     15.29010    -10.75820
    51.22591     38.93567    -13.14267
    31.77660     34.16000    -14.99030
    46.04730     45.19440     -7.92790
    48.87247     48.33859    -15.75196
    50.08300     56.19730     -9.08960
    34.02761     43.03349    -17.38737
    42.68133     37.98834     -7.67258
    48.49320     49.56617    -11.51438
    19.44520     22.35050     -8.15680
    31.49400     26.32020    -11.32180
    24.11910     31.65590    -14.19770
    48.17545     42.63657     -9.87454
    51.58345     58.18904    -18.99774
    29.89900     39.27480    -15.11640
    34.58548     30.98228    -10.64710
    34.77606     45.21891    -13.22708
    38.65150     30.00710    -10.12700
    34.43547     48.36581    -11.18641
    20.85450     23.71730    -11.83920
    51.05060     40.82271    -12.31490
    40.98180     37.92530    -10.96230
    18.66220     28.18290    -10.38880
    41.27040     35.33086    -11.76826
    25.60976     22.64199    -13.36504
    54.00120     64.80940    -19.34930
    50.41420     45.61530    -10.45770
    38.39140     31.16530    -19.16280
    30.50810     19.00410     -7.59800
    41.05668     38.76088     -9.55823
    42.21215     33.52349    -12.57028
    50.68286     59.12082    -23.82365
    26.65555     38.58128    -12.75390
    32.57864     24.61042    -11.11826
    19.91350     26.11470     -7.88740
    50.44080     43.50939    -10.67517
    25.50396     38.24195     -6.58656
    51.07740     53.31000    -15.06350
    41.27010     35.32744    -11.76544
    56.56050     60.99320    -19.21710
    37.85840     28.20460    -11.24300
    41.92590     54.28278    -10.52008
    45.03290     31.48270    -15.08140
    52.15470     38.42500    -10.76880
    33.34901     47.42529    -11.88978
    58.97410     64.07940    -21.15830
    37.90018     44.14609    -23.53875
    37.59620     40.27070    -19.39160
    50.60925     56.88071    -25.28142
    45.07850     38.11760    -13.57170
    27.23190     17.19050    -14.70600
    53.36601     43.90511    -13.94459
    45.85810     52.15090    -21.02200
    37.25960     27.95640    -22.01910
    19.13530     31.12420     -7.73140
    32.05500     23.83890    -10.58500
    42.63540     35.00150     -7.31870
    18.09490     26.13410     -5.98580
    54.78520     49.71150    -13.77100
    43.14430     38.52590    -12.33230
    16.96380     23.96540    -10.14870
    42.35082     41.84454     -9.43508
    26.80230     12.92620     -8.95300
    49.78236     36.69653    -12.24724
    34.81330     49.53270     -5.64460
    40.88086     27.67406     -7.32097
    32.99360     28.94420    -10.75110
    49.99752     44.23126    -10.55838
    32.21300     25.39170    -10.08300
    43.41462     28.13001     -9.72395
    41.86122     28.87595    -13.83480
    15.83380     25.39500     -6.60680
    51.33430     57.48930    -23.73610
    37.59939     32.72764    -12.96371
    33.73870     44.44520    -13.45860
    31.74692     43.43267     -9.30396
    46.83490     37.87160    -15.19710
    34.98278     31.00401    -12.78794
    44.79649     42.67963     -7.63153
    42.76480     37.11010     -7.60620
    38.78060     41.50510    -18.19780
    36.03397     21.14675    -15.47321
    52.03325     52.39633     -6.82564
    20.62090     25.06050    -19.23630
    34.00740     44.91780    -12.65660
    53.48750     42.70070    -14.91330
    33.60121     38.17051    -17.95689
    64.60260     55.96750    -25.49600
    57.67510     47.79065    -16.97754
    26.77932     38.26111    -12.32336
    55.10430     56.03850     -8.77580
    34.29800     26.53040    -20.23200
    21.53795     22.86050    -11.90737
    22.82200     26.60730    -12.68810
    19.21470     27.23210     -6.58750
    19.58485     27.42027    -14.38973
    28.08980     24.34570    -15.65960
    34.87390     32.59390     -6.96700
    25.12850     32.76800    -17.31850
    21.56845     22.73727    -11.58068
    54.59070     47.02590    -14.10180
    48.74850     56.08120    -23.80340
    34.86110     25.91790    -13.95890
    49.30620     64.84760    -26.27330
    31.26960     42.03460    -10.31950
    23.59415     24.42752    -13.95926
    60.42100     50.59010    -20.36510
    51.63049     52.62823     -8.52114
    35.59600     29.25757    -10.21503
    19.07150     25.24200     -9.09370
    52.86470     46.89590    -11.89150
    40.02470     24.98110    -13.12710
    21.64571     24.25933    -11.53827
    49.66860     57.84150    -23.36600
    58.90550     50.36640    -17.29480
    43.05960     37.79990    -12.10010
    24.61480     34.10060    -14.12640
    25.89790     32.00640    -13.19250
    31.33950     24.58480     -7.06100
    59.48819     50.90943    -10.47429
    52.59431     41.24490    -13.94872
    41.93573     36.75165    -11.91194
    42.40290     27.14730    -11.33240
    31.37160     34.32400     -9.00520
    50.19370     62.41980    -26.10540
    40.54080     41.92350    -11.80240
    47.95640     38.70150    -15.20240
    18.09360     27.16690     -5.57140
    30.33633     32.13401    -16.12267
    52.85010     48.25360    -12.01490
    19.12790     30.92560     -6.30180
    51.11901     41.04989    -12.18975
    34.31030     31.41100     -9.64690
    35.97436     46.53436     -9.65517
    33.96751     44.16309    -10.00086
    44.37590     30.46530    -13.50520
    29.32081     20.41986    -13.17342
    43.83800     35.33399    -13.87762
    28.35160     25.00293    -14.08616
    49.83630     62.97820    -21.28470
    59.48731     50.90617    -10.47541
    38.40650     49.43370    -10.64190
    49.23480     43.92360    -13.03780
    41.00810     31.56480    -19.21380
    30.40797     19.45893    -12.59129
    53.68459     45.54737    -13.46419
    17.92970     28.00320     -8.32100
    39.77640     26.12720    -22.34250
    37.56120     24.48320     -6.56660
    40.84819     34.35164    -10.21815
    51.53450     42.60210    -12.15950
    30.33903     32.13313    -16.12369
    45.73838     42.08858     -7.67202
    42.83240     39.37650     -6.16330
    49.48140     42.50165     -9.52054
    39.82010     45.91080    -17.82930
