    43.52243     41.16123     -9.68162
    28.78920     42.20030     -7.79720
    39.09470     36.69140     -8.59910
    39.34275     32.37690     -8.69083
    40.05000     32.03040    -13.85310
    43.52243     41.16123     -9.68163
    55.82150     57.28757     -9.82908
    33.30580     17.84170    -15.31120
    52.62106     41.31444    -13.99649
    40.51094     32.87721    -14.83185
    37.71450     27.26970     -8.92110
    44.10090     36.21740     -7.96960
    41.85099     29.51942     -7.41446
    41.49530     50.84940    -19.94120
    42.51180     40.97500    -13.80150
    51.74280     40.33200    -13.01160
    35.83890     21.28830    -22.06900
    53.36525     43.90335    -13.94325
    31.42610     37.57310    -15.99920
    50.62280     64.47660    -16.25290
    19.53930     28.14290     -8.12240
    46.64783     39.56954    -14.27952
    41.93653     36.75340    -11.91240
    49.00420     42.72730    -15.12510
    40.75345     55.17370     -9.32640
    33.85020     20.85440    -17.85220
    40.14350     54.97720    -10.27270
    19.53930     28.14290     -8.12240
    42.55753     28.77736    -10.99355
    22.41520     22.65730     -9.38360
    39.48090     27.72830    -13.80310
    26.56573     20.75447    -12.24695
    35.64505     37.13469    -14.64126
    35.64505     37.13469    -14.64126
    38.07680     31.82080    -14.85930
    33.68610     46.32820     -9.09230
    42.61540     39.20370    -12.64280
    49.09878     41.63659    -10.62370
    25.49080     20.60090    -10.04270
    53.39553     49.99032    -11.66761
    39.66380     39.17040     -8.58565
    32.26050     23.49600     -7.53170
    33.03550     45.98930    -10.87470
    41.85980     27.46685     -8.30605
    40.61260     27.52830     -9.28980
    47.52370     36.89560    -10.84190
    56.20380     62.35240    -17.98270
    42.22963     39.90105     -9.70696
    28.37070     40.67040    -13.65690
    48.32054     40.06198    -10.69078
    25.95839     38.44076    -12.72389
    34.88110     31.81330    -15.48400
    29.73340     19.42490    -13.11390
    31.65547     43.48615     -9.31081
    49.61920     48.86400     -8.04130
    39.20535     31.52770    -14.60840
    34.02055     20.85015    -11.82780
    34.93250     18.55510     -9.84340
    46.50560     40.92520    -10.37440
    25.40740     21.19280    -10.60350
    40.14815     28.65865     -8.30545
    40.14815     28.65865     -8.30545
    28.55040     22.23620    -13.10380
    43.92220     52.07090    -24.33980
    32.46250     22.66190    -12.75660
    20.07085     22.55130     -9.77515
    49.59680     37.17130     -8.03180
    48.32054     40.06198    -10.69078
    30.44380     29.95390     -7.83580
    43.52243     41.16123     -9.68163
    44.85030     47.70500     -5.77110
    57.44495     65.54100    -23.96080
    42.68771     34.86948    -11.98485
    34.92637     36.01137    -17.26193
    42.71139     30.55793     -7.81067
    42.71139     30.55792     -7.81067
    37.74590     26.71980    -18.65540
    40.37840     31.45620    -12.25050
    52.02828     47.96478    -10.51550
    63.40510     57.52930    -24.39110
    52.25920     46.10750     -8.11370
    41.30010     36.23470    -22.85650
    50.36925     37.65060    -12.60825
    36.58271     24.36444     -8.94840
    42.21401     33.52503    -12.56338
    42.21401     33.52503    -12.56338
    45.74607     43.32789     -7.47081
    35.46431     27.91517    -10.95589
    51.80630     41.86690    -12.68770
    55.32970     50.29490    -13.58700
    32.36700     22.73850     -9.41360
    41.91020     56.49160    -10.16880
    55.63017     64.45553    -22.33355
    55.63017     64.45553    -22.33355
    55.63017     64.45553    -22.33355
    21.18971     23.40491    -10.35991
    36.53060     30.71140    -12.32960
    55.63017     64.45553    -22.33355
    33.30460     20.18143    -12.79827
    33.30460     20.18143    -12.79827
    33.30460     20.18143    -12.79827
    53.74620     49.22670    -11.74510
    50.59790     64.47785    -23.91900
    38.46590     36.20860     -7.86160
    30.65410     37.20860    -13.55440
    45.45240     34.36470     -9.65390
    42.35895     37.65325     -5.79185
    42.55474     28.77644    -11.00119
    37.76880     28.98520    -14.37940
    25.26470     35.40590     -8.72060
    57.06300     65.65740    -22.61570
    18.84880     25.10670     -7.24980
    23.91740     33.37870    -13.67230
    39.18560     26.66160    -12.13460
    55.82150     57.28757     -9.82907
    18.74560     28.38570     -6.94130
    55.82150     57.28758     -9.82907
    55.82150     57.28758     -9.82907
    52.60150     51.17700    -10.47940
    47.70320     45.95270    -14.10210
    40.12205     33.76645    -11.71200
    32.73970     25.93380    -17.92810
    36.69432     48.05149     -9.72636
    33.50711     38.17897    -17.70164
    21.18971     23.40491    -10.35991
    51.14598     44.59670    -11.36469
    20.06460     22.85260     -7.47730
    45.54456     43.19542     -7.52890
    29.03240     25.43170    -13.00510
    32.90660     31.78430     -6.87190
    26.59993     20.78292    -12.11584
    29.45460     41.52220    -10.40850
    50.22215     40.36170    -11.89970
    30.26400     41.81480     -9.64650
    48.80442     35.55198    -11.76055
    32.63038     45.13327    -13.61280
    59.83285     52.33532    -10.31655
    34.02055     20.85015    -11.82780
    31.27202     43.91203     -9.63326
    46.20570     32.72890    -11.25580
    50.63400     45.82140    -11.79040
    52.62050     41.31297    -13.99546
    33.78620     26.22590    -20.55130
    57.78140     45.95380    -19.94950
    58.41295     47.54110    -11.12660
    53.10558     51.55147     -7.41110
    18.67370     24.49300    -17.50850
    42.67903     37.99350     -7.65589
    32.58410     28.10750    -21.45320
    37.07670     32.53390    -10.52110
    34.17950     22.68200    -16.91630
    43.25650     34.51280     -9.97920
    53.14727     51.59544     -7.37763
    31.65547     43.48615     -9.31081
    42.24730     28.52611     -7.90722
    48.21850     44.87510    -16.80700
    33.25365     44.49685    -11.94180
    17.99950     27.85760     -6.82000
    36.89860     25.25720     -9.77340
    36.09120     31.10600    -21.94950
    42.13340     42.51670     -8.73110
    45.44271     43.12622     -7.55082
    51.48899     49.75444     -9.86809
    34.79572     45.77921     -9.19379
    52.99560     54.49480     -8.31370
    42.40647     26.54353     -9.23203
    50.36925     37.65060    -12.60825
    31.25487     43.92640     -9.64869
    33.31830     15.36970    -29.73350
    34.79572     45.77921     -9.19379
    39.27300     33.66610    -10.49120
    49.31240     57.36660    -24.91240
    35.18113     20.20312    -13.96099
    35.32928     20.04966    -13.79852
    39.51430     29.31540     -9.78150
    43.71230     42.22020    -10.05090
    39.90949     28.21096     -6.76577
    38.50660     34.28780    -14.59280
    48.13980     62.62900    -16.83150
    29.95250     43.30100    -12.39860
    43.45327     28.13995     -9.86309
    43.82928     35.33300    -13.87840
    25.60840     22.64295    -13.36745
    58.02680     56.46750    -10.19170
    41.92380     46.97900    -10.85520
    56.69980     52.80560     -9.72560
    42.71139     30.55793     -7.81067
    50.61060     56.88200    -25.28210
    45.73895     42.08885     -7.66980
    21.18971     23.40491    -10.35991
    33.59720     24.69260     -9.42220
    31.45530     35.89290    -12.17470
    42.24730     28.52611     -7.90722
    52.50790     51.65660     -9.31420
    36.71305     34.25585    -12.09360
    40.49860     54.33360     -8.28780
    23.36830     32.83080    -13.76790
    33.77210     36.87920    -15.91220
    20.96570     25.33730    -10.77470
    39.62460     54.13950     -9.93815
    38.01200     49.27370    -12.06950
    35.70873     28.52541    -13.24807
    48.89590     49.17800     -6.85120
    35.64505     37.13469    -14.64126
    25.56560     24.15150    -16.35860
    45.18348     42.94872     -7.60208
    31.18540     46.23060    -15.59000
    19.58385     27.42150    -14.39125
    46.46720     44.59930    -16.69510
    38.66770     30.50110    -14.48330
    23.59260     34.84070    -14.41390
    30.94220     23.06340    -14.43650
    35.86460     50.13430     -8.09360
    46.76820     37.76060    -12.27300
    51.64836     45.39683    -11.07069
    55.84660     65.81250    -22.64950
    33.16640     41.19940     -6.84530
    31.68130     13.26550    -28.55530
    42.43180     32.52240     -7.41580
    36.90690     24.60850    -16.54050
    31.66595     21.75290    -11.38985
    23.06231     37.08716     -9.06842
    47.58973     37.77203     -9.63427
    34.58598     30.98278    -10.64780
    55.90230     62.32160    -24.12560
    26.52511     20.73142    -12.33700
    26.66033     21.02412    -11.00166
    42.57301     28.78249    -10.95117
    41.06240     54.33840     -8.88160
    34.79572     45.77921     -9.19379
    44.75430     36.00940    -12.21760
    26.67570     23.94420    -17.96450
    33.50711     38.17897    -17.70164
    37.94370     29.57725     -8.72510
    30.78750     42.64885     -9.60570
    46.23380     38.35080    -14.62660
    24.56300     33.11890    -14.05930
    42.55702     28.77719    -10.99493
    37.90825     41.26975    -18.39855
    52.02829     47.96478    -10.51550
    34.43635     48.36470    -11.18955
    31.08537     42.58894    -13.51003
    41.41930     36.94940     -7.92720
    17.22100     27.36020     -4.82280
    43.82927     35.33300    -13.87840
    49.78113     36.69455    -12.24633
    49.78112     36.69455    -12.24633
    34.75115     36.66145    -13.98525
    31.45920     45.83530    -14.20260
    36.05690     31.93960    -12.23170
    35.32928     20.04966    -13.79852
    41.73940     31.51360    -13.10320
    46.33920     54.49780     -6.72030
    49.29960     45.32370    -10.05180
    45.07280     38.72260     -7.24850
    40.71210     29.26760    -14.61570
    35.36462     20.05255    -13.73662
    17.72980     26.58700     -6.67540
    60.87450     54.62135    -24.10430
    35.35803     20.02299    -13.76517
    33.01980     46.13820     -9.24140
    27.21540     11.38560     -5.57460
    21.57815     22.71044    -11.50382
    21.57815     22.71043    -11.50381
    45.44277     43.12626     -7.55079
    42.34895     41.84490     -9.43475
    35.36787     20.01239    -13.75462
    31.39188     43.80971     -9.52580
    17.86890     33.31230     -3.54400
    29.32150     33.87410    -11.85070
    34.27820     23.30980    -10.11930
    46.91680     37.05580     -7.52600
    39.40695     53.41590    -11.58525
    51.14598     44.59671    -11.36469
    53.34330     50.53100    -12.59780
    34.43110     43.09450    -20.58980
    22.23160     26.24140    -11.07290
    26.69713     38.41720    -12.59276
    20.07085     22.55130     -9.77515
    36.65310     25.74060     -8.08790
    27.80525     38.83153    -11.38433
    36.03800     25.29345     -8.48115
    29.59280     44.43680    -13.51140
    41.55990     30.76965    -14.76950
    32.55730     46.47620     -8.53200
    35.30217     20.08783    -13.82234
    42.29960     39.33190    -10.46130
    39.90120     54.17310    -11.57920
    58.41295     47.54110    -11.12660
    20.78460     29.74560     -9.72620
    43.24610     44.68840    -18.05850
    56.67740     60.55160     -9.56270
    43.12270     32.60930    -13.25310
    51.02689     40.70246    -12.38062
    40.84728     34.34997    -10.21786
    23.84950     21.80500    -18.29680
    50.46480     43.51947    -10.70237
    33.48590     32.55070     -7.28060
    35.46483     19.85886    -13.67942
    37.04390     27.16405    -22.02835
    35.47060     46.80540     -8.50090
    37.25860     26.01720     -9.38420
    41.03395     26.98591     -8.11371
    41.79730     32.87170     -6.98840
    30.89780     34.07140    -16.32190
    42.19240     37.54990    -10.85990
    54.52760     50.24690    -13.29360
    26.75495     20.86125    -11.82086
    49.47780     46.84670     -7.65100
    30.98020     30.79970    -11.61570
    26.50600     20.72095    -12.37869
    53.09310     51.53830     -7.42113
    45.29932     43.02737     -7.57697
    28.35230     25.00350    -14.08855
    37.33820     30.54020    -18.17900
    33.66425     26.68600     -8.82135
    30.84520     37.29310    -22.59600
    18.32826     31.36119     -8.71845
    40.54860     38.45990    -19.46670
    26.67324     38.51777    -12.70806
    36.07480     27.07360    -21.39060
    51.14752     41.11855    -12.15484
    30.13360     42.60420     -4.39510
    49.26380     42.70740    -13.37530
    41.23190     29.29190    -17.04350
    23.70370     37.25600     -7.08850
    45.26755     46.32168    -26.59855
    40.71825     31.38740     -7.66555
    55.15210     47.01460    -13.40230
    42.55771     28.77742    -10.99306
    59.83285     52.33532    -10.31655
    26.44976     20.70353    -12.46550
    36.68333     29.53330     -9.29800
    33.53690     47.00590    -14.03660
    44.00830     36.33610    -11.93160
    49.78112     36.69455    -12.24632
    26.50600     20.72095    -12.37870
    52.05830     52.08280    -12.49850
    46.25010     42.80640     -8.13050
    51.88014     52.26827     -8.24930
    51.82685     52.46074     -7.85974
    42.67903     37.99350     -7.65589
    51.07140     50.78740     -7.56940
    41.37620     26.79190    -13.86710
    51.82684     52.46074     -7.85976
    42.67903     37.99350     -7.65589
    45.47530     58.13070    -13.98000
    51.88270     40.08390    -11.64370
    39.66380     39.17040     -8.58565
    51.07440     64.27430    -26.02480
    45.68870     59.75300     -9.77230
    23.06231     37.08716     -9.06842
    33.66425     26.68600     -8.82135
    43.59060     41.33300    -13.38000
    48.00910     42.82540    -15.32550
    40.88220     27.67355     -7.31690
    50.76990     43.05370    -11.78840
    46.53930     48.89540    -29.01360
    51.22543     38.93520    -13.14367
    42.24730     28.52611     -7.90722
    34.58598     30.98277    -10.64780
    34.39270     46.57750    -10.45350
    41.94346     54.28688    -10.58104
    41.99400     25.30230    -10.42310
    26.76010     18.81160     -7.32450
    35.60380     29.25334    -10.20598
    57.67480     47.79070    -16.97680
    33.78620     26.22590    -20.55130
    39.61860     26.99760     -5.94330
    28.66000     27.01520    -12.69600
    22.88430     22.91870    -12.47075
    17.48375     26.19805     -8.60880
    49.09878     41.63660    -10.62370
    42.19240     37.54990    -10.85990
    51.66160     51.57890     -5.51110
    34.58597     30.98277    -10.64780
    25.31040     35.08090     -6.68600
    27.33690     39.26430    -12.92305
    32.57994     24.60706    -11.12433
    54.86480     59.73460     -8.00220
    29.31976     20.41458    -13.17540
    50.22215     40.36170    -11.89970
    29.78310     42.14760     -6.74570
    59.01260     51.52240     -8.65790
    50.84600     42.42360    -11.45200
    51.87776     52.40520     -7.73672
    51.61888     52.62510     -8.60211
    42.67903     37.99350     -7.65589
    32.68920     27.41650    -10.43760
    41.06950     48.15990    -22.65070
    51.89615     52.40597     -7.61237
    51.91260     52.41539     -7.46720
    26.65751     38.57326    -12.77701
    56.15560     63.33370    -20.96360
    43.82928     35.33300    -13.87840
    32.50790     42.61110    -11.27795
    46.09600     59.61560    -16.48390
    40.73140     30.00080     -6.62840
    28.72240     33.36090    -21.77620
    33.91360     48.26540    -11.90360
    21.18970     23.40491    -10.35991
    26.77680     26.24690     -8.44700
    38.43990     52.98980    -10.40000
    38.39795     31.46040     -7.61075
    37.76850     49.53220    -13.95625
    54.61300     43.71910    -15.58420
    35.97220     35.29770     -7.24670
    48.87365     48.34000    -15.75320
    35.64505     37.13469    -14.64126
    28.98074     39.64555    -11.24673
    36.55730     20.97570    -22.42480
    51.61883     52.62514     -8.60229
    41.85099     29.51942     -7.41446
    51.09206     40.93039    -12.25679
    42.48480     32.09160    -14.74700
    57.44495     65.54100    -23.96080
    29.98150     19.03190    -22.11260
    39.93560     36.78020    -12.50270
    26.87480     38.36285    -10.32025
    42.56000     53.62470    -10.79050
    35.70873     28.52541    -13.24807
    35.32928     20.04966    -13.79852
    29.31976     20.41459    -13.17540
    42.73020     57.07150    -10.18100
    19.26150     23.58400     -9.60780
    35.46489     19.85859    -13.67946
    23.80010     35.67085    -11.88790
    42.66770     28.18785    -13.26835
    59.45470     56.11050    -10.11790
    23.52800     19.46980    -17.71530
    40.61180     37.98210     -9.23020
    52.66160     43.12515    -13.25380
    20.08855     23.65640     -9.34369
    48.53230     48.02960    -14.10150
    36.34840     28.48200     -9.93870
    48.18280     45.75510     -8.67390
    32.96240     26.56410    -20.26920
    49.45390     46.16210    -11.32420
    31.87280     20.59970    -17.55220
    41.84140     25.26080    -20.14920
    44.15820     51.70280    -22.33160
    33.35790     36.18270    -17.70980
    41.37620     28.71030     -8.58010
    18.95075     30.93045     -9.68460
    20.02410     22.10390     -7.02840
    23.85310     18.00990    -15.17350
    42.51550     29.76150     -8.96530
    29.19120     22.91110    -11.09790
    51.14600     44.59669    -11.36470
    29.25145     42.74745    -15.51095
    50.03530     44.92620    -13.30080
    16.24830     26.70990     -7.07820
    53.30830     54.98830     -8.61170
    53.58990     54.50910     -7.85230
    22.21750     20.82420     -9.62620
    37.82130     32.74550    -20.33430
    40.73700     52.99160    -11.98560
    36.68333     29.53330     -9.29800
    38.33250     26.83410     -7.76300
    29.00235     39.66574    -11.22806
    52.65239     41.39759    -14.05462
    26.56573     20.75447    -12.24695
    36.82960     30.88900    -18.88750
    26.50601     20.72096    -12.37868
    32.88900     42.85680    -13.01050
    45.38650     40.61960    -14.06780
    45.26755     46.32168    -26.59855
    43.33410     56.46680    -13.13940
    34.97370     17.34560     -5.57550
    33.25365     44.49685    -11.94180
    24.61870     19.79740    -14.35230
    36.50520     29.28750    -14.72760
    43.52460     36.44185     -8.50370
    21.18970     23.40491    -10.35991
    31.82110     26.73250    -10.61010
    47.67259     43.74716     -8.24360
    36.58271     24.36444     -8.94840
    36.58271     24.36444     -8.94840
    31.29430     30.16740     -7.57300
    20.78430     28.26350     -8.84910
    51.41240     51.50900     -9.36490
    35.99197     21.11933    -15.42442
    31.42208     43.77406     -9.50086
    21.57815     22.71043    -11.50381
    55.72982     56.30653    -14.59704
    55.72982     56.30653    -14.59704
    53.89245     55.84130     -8.67560
    39.34275     32.37690     -8.69083
    35.61120     19.78610    -17.46600
    56.64770     48.03960    -16.63710
    35.46431     27.91517    -10.95590
    28.68840     20.99970    -11.78360
    54.12120     53.47290    -11.52730
    27.50250     26.71570    -23.59695
    39.34275     32.37690     -8.69083
    27.50250     26.71570    -23.59695
    49.13607     42.01242    -10.36386
    39.88480     44.21870    -21.71450
    55.72982     56.30653    -14.59704
    41.93653     36.75340    -11.91240
    25.88739     20.52663    -13.34111
    37.36670     29.74390    -10.95960
    17.47130     26.22080    -16.68800
    42.68551     34.86556    -11.97078
    42.68551     34.86556    -11.97078
    23.54800     37.18920    -10.53850
    53.61040     52.49005     -8.41520
    37.91520     46.93580    -17.84970
    48.46830     50.40500    -11.10960
    49.88376     44.28874    -10.52914
    23.18780     21.37000    -10.45080
    43.52243     41.16123     -9.68163
    53.90850     46.36430    -13.48500
    21.08920     24.26700     -8.87600
    49.30095     34.96440     -9.37270
    21.64553     24.25763    -11.53617
    16.70280     28.13760     -8.25010
    35.37257     20.00706    -13.74974
    23.80010     35.67085    -11.88790
    38.88730     32.82940    -13.76680
    30.22980     15.70690    -15.74770
    43.45327     28.13995     -9.86309
    35.99197     21.11933    -15.42442
    35.16500     31.33740    -20.25100
    21.86010     30.31000    -12.24100
    48.80441     35.55197    -11.76055
    53.39553     49.99032    -11.66761
    45.79350     49.08670    -22.09160
    47.67259     43.74716     -8.24360
    31.44729     44.62744     -9.28886
    34.82790     33.64310     -7.66290
    23.13100     35.61900     -9.25200
    29.59470     43.44750    -13.68520
    43.37440     57.70320     -9.08090
    40.30490     24.11620     -6.60510
    46.73820     44.13290    -14.70880
    59.83285     52.33533    -10.31657
    51.89991     46.53749    -11.13456
    42.18690     38.59910    -13.81000
    49.88372     44.28876    -10.52914
    38.30370     23.94830     -8.91820
    52.33880     49.18170    -12.15110
    35.99197     21.11933    -15.42442
    32.35380     44.35800    -12.54240
    33.56854     26.00451    -10.96121
    31.62260     37.76740    -24.24120
    31.65670     26.49830    -13.11930
    41.31760     52.31690    -14.82860
    39.96140     37.24210     -9.47670
    53.39553     49.99032    -11.66761
    50.11230     57.99950    -24.53740
    18.22650     25.78710     -7.22260
    51.97980     66.01210    -13.33990
    18.46230     24.44990     -8.45210
    31.02912     42.57743    -13.53103
    27.80525     38.83153    -11.38433
    50.97420     64.75490    -13.94920
    52.62240     59.43380    -24.33510
    55.63017     64.45553    -22.33355
    39.75890     31.97410    -11.77980
    45.31490     37.68860    -12.74570
    26.29670     37.49390     -9.91120
    41.41570     53.02850     -7.48610
    45.56780     26.47630    -13.16380
    39.40110     40.90210     -9.53460
    30.33820     37.81790    -19.32930
    32.82340     36.71140     -9.76700
    40.75345     55.17370     -9.32640
    42.71139     30.55793     -7.81067
    38.86510     29.23100     -9.70040
    45.87200     42.71960    -10.18740
    49.20606     42.21925    -10.13668
    47.04020     45.06745     -9.21080
    26.50600     20.72095    -12.37869
    41.30960     24.86390    -11.86560
    29.63304     36.30295    -13.59997
    32.89455     22.17810    -10.47475
    48.28268     42.64971     -9.33681
    22.09300     25.50220    -11.74630
    33.04490     37.15200    -15.08230
    30.66160     41.06190    -14.08760
    37.81780     32.79150     -8.25670
    18.32826     31.36119     -8.71845
    30.75430     38.13270    -23.40750
    40.25120     26.42010     -8.33950
    44.18910     36.80790    -12.90870
    41.85099     29.51942     -7.41446
    41.85099     29.51942     -7.41446
    17.09460     27.67970     -6.01110
    18.40350     23.62630     -6.44820
    26.68969     38.44731    -12.62788
    35.57030     35.98860    -13.81830
    45.19750     36.58100     -8.19230
    47.04650     43.26580     -8.80150
    59.83285     52.33532    -10.31655
    39.34275     32.37690     -8.69083
    31.44729     44.62744     -9.28886
    19.30420     23.76400     -5.94350
    23.15820     21.42410     -5.53430
    30.78750     42.64885     -9.60570
    51.14598     44.59670    -11.36469
    52.17960     44.94770    -11.98430
    23.59760     29.32030    -13.29600
    42.68553     34.86560    -11.97092
    48.25058     42.64525     -9.50417
    34.92637     36.01137    -17.26193
    24.86780     14.60160     -8.73950
    41.55990     30.76965    -14.76950
    51.58275     58.18760    -19.00190
    41.86085     28.87435    -13.83495
    35.99197     21.11933    -15.42442
    23.18240     23.62950    -12.90730
    33.56854     26.00451    -10.96121
    29.57350     28.33810    -19.65320
    48.79140     41.78940    -15.56950
    39.40695     53.41590    -11.58525
    49.79440     54.26780    -26.21010
    51.48899     49.75444     -9.86808
    51.48899     49.75444     -9.86809
    51.48899     49.75444     -9.86809
    43.92220     35.09830     -8.69060
    64.62510     57.33450    -26.74960
    41.63540     29.62380    -16.22510
    40.51094     32.87721    -14.83185
    37.48920     37.95930    -10.00680
    30.24730      9.53290    -16.80930
    41.03395     26.98591     -8.11371
    42.76360     39.95040     -6.79170
    35.99197     21.11933    -15.42442
    43.91020     33.15360    -16.14580
    41.15710     25.76320    -17.02690
    30.90720     34.38270    -13.68510
    30.34016     32.13237    -16.12482
    56.27390     53.54740    -12.86100
    33.58380     46.17160    -13.62680
    16.49600     29.29630    -16.03870
    42.81077     33.98847    -11.23907
    53.68573     45.54937    -13.46513
    47.90630     39.69190    -15.03790
    33.56854     26.00451    -10.96121
    51.95112     52.40962     -7.23531
    40.47210     33.39660    -10.26310
    53.34570     55.09370     -7.23380
    29.65260     35.21490    -15.62790
    33.52445     26.09224    -11.03017
    56.32880     65.41420    -22.67640
    48.49390     49.56605    -11.51570
    47.53370     33.91250     -7.81480
    40.12900     23.35350    -20.44900
    22.88430     22.91870    -12.47075
    25.35550     39.39550    -15.87860
    23.45720     25.47900    -13.28050
    30.19360     15.51390    -22.92640
    28.38260     18.26430    -13.36990
    37.71175     21.22870    -17.09985
    20.08855     23.65640     -9.34369
    48.13410     35.12560     -7.11650
    26.74864     38.17667    -12.32876
    52.43970     64.98020    -23.98260
    32.50790     42.61110    -11.27795
    41.98760     42.60780    -23.76900
    45.37415     40.94265    -12.54885
    26.74100     38.61170     -8.38330
    45.37415     40.94265    -12.54885
    33.00160     37.30590    -17.48690
    45.03790     49.15630    -27.34960
    33.87230     31.44090    -13.88690
    41.92280     30.94300    -16.50350
    26.59405     20.76501    -12.19840
    31.34086     44.09538     -9.51913
    30.34016     32.13237    -16.12482
    40.92580     27.62060    -20.48360
    43.13800     38.74330     -8.40660
    37.77550     45.24520    -21.96600
    37.74650     30.73250    -21.58330
    49.01080     57.13290    -22.80250
    42.88980     26.81090    -14.48280
    52.02829     47.96478    -10.51550
    31.69425     35.88160    -15.41486
    31.69425     35.88160    -15.41486
    36.05150     36.83580    -16.65510
    43.61940     55.57070    -14.36970
    41.73150     38.22390     -6.33720
    45.54160     35.85340    -10.33930
    40.51094     32.87721    -14.83185
    42.35895     37.65325     -5.79185
    42.42129     28.73225    -11.36648
    37.58244     32.76604    -12.87612
    42.81077     33.98847    -11.23907
    46.61505     46.32645     -6.55380
    47.58973     37.77203     -9.63427
    40.51094     32.87721    -14.83185
    40.51094     32.87721    -14.83185
    50.46480     43.51947    -10.70237
    32.02910     31.05970     -8.60630
    31.58070     34.28155    -16.63780
    34.51110     24.52160    -19.07710
    53.08085     44.11015    -12.03540
    44.85100     42.72200     -5.11700
    55.23120     49.96620     -3.99030
    32.45150     26.30710     -7.97960
    39.20535     31.52770    -14.60840
    35.52570     18.40320    -14.43750
    47.97980     50.27630    -12.70480
    39.62460     54.13950     -9.93815
    35.16160     27.68090    -14.81930
    47.97980     50.27630    -12.70480
    33.38660     39.33160    -21.26650
    48.73470     61.40290    -11.50270
    35.90560     30.36360    -10.71670
    18.32826     31.36119     -8.71845
    44.07740     34.40930     -7.68060
    49.65020     45.83650    -10.00310
    41.85980     27.46685     -8.30605
    45.70820     59.02310    -16.50420
    27.69900     39.58950     -6.07220
    53.68573     45.54937    -13.46513
    36.85830     28.50460    -18.88580
    34.05280     30.90560     -8.18960
    29.01340     37.78940    -15.48410
    40.92780     36.06200     -8.53970
    33.51794     38.17791    -17.73061
    37.76850     49.53220    -13.95625
    36.14400     37.72220     -9.44070
    16.01460     27.88150    -21.06910
    30.77680     27.94290    -10.40010
    40.84728     34.34997    -10.21786
    39.90949     28.21096     -6.76577
    17.78180     25.71350     -4.95540
    50.39170     58.06940    -21.00940
    42.22963     39.90105     -9.70696
    41.02310     53.09650    -10.14700
    35.84589     21.02129    -16.11933
    25.52350     14.22830    -15.46170
    23.25280     28.10120     -9.25690
    30.93420     42.55799    -13.56646
    48.55670     34.15770    -11.53860
    32.99440     14.82930    -12.25890
    40.43020     35.66650    -12.96410
    50.46480     43.51948    -10.70237
    41.44500     25.02200     -7.22820
    36.06204     21.16722    -14.85501
    41.89600     44.71240    -16.53980
    40.72370     32.85370    -11.02800
    34.90500     46.92560    -12.23935
    47.47770     44.19900    -13.70570
    46.64783     39.56954    -14.27952
    25.50420     38.24395     -6.58720
    35.64505     37.13469    -14.64126
    30.05950     34.30720    -13.66450
    49.44740     43.51780    -10.21040
    47.67259     43.74716     -8.24360
    37.73580     28.16890    -15.18040
    37.53750     35.57940    -10.89980
    34.92637     36.01137    -17.26193
    42.68553     34.86560    -11.97092
    37.83127     31.36831    -10.99369
    43.83535     34.24495    -11.72890
    39.67990     45.18180    -19.60970
    25.58180     33.56560    -13.92480
    25.95839     38.44076    -12.72389
    53.11660     51.56309     -7.40226
    22.64780     24.30780     -8.40420
    43.63243     33.69397     -8.23470
    52.72790     53.25290     -7.06790
    49.15099     42.16276    -10.25992
    33.96580     44.16235    -10.00205
    55.63670     51.39410    -13.11830
    39.34275     32.37690     -8.69083
    20.84940     19.39410    -12.48970
    37.12710     19.25490    -13.25670
    38.39795     31.46040     -7.61075
    21.57815     22.71044    -11.50382
    39.41130     29.35850    -24.47000
    29.23350     19.06460    -10.50650
    43.63243     33.69397     -8.23470
    51.12380     41.97430    -14.62060
    43.83270     34.72650    -14.62230
    39.89990     55.50770    -10.95180
    30.85250     26.72530     -8.67040
    39.90949     28.21096     -6.76577
    39.12410     54.15180    -12.24050
    40.36550     34.36050    -14.79840
    20.14775     24.87280    -10.97610
    41.85099     29.51942     -7.41446
    36.00042     21.12491    -15.41047
    36.00658     21.12914    -15.35493
    49.13010     49.32940    -10.31950
    43.94640     28.53020    -14.08800
    28.89754     39.56784    -11.31860
    53.81820     51.38760     -9.57130
    23.59260     24.42612    -13.96073
    44.78650     33.24100    -14.99930
    53.29760     56.71430    -24.11930
    48.23650     40.26340    -14.35860
    41.60940     28.84850    -15.20900
    42.22963     39.90104     -9.70696
    53.11639     51.56287     -7.40242
    49.85750     46.81460    -14.13820
    26.76853     20.92240    -11.54053
    35.60380     29.25334    -10.20598
    52.17710     64.52120    -13.20430
    63.63890     59.54110    -21.47440
    43.87240     46.62340    -23.87660
    28.69250     38.77950    -13.45680
    41.91460     29.79770    -13.38820
    33.34675     47.42600    -11.88915
    51.89991     46.53750    -11.13458
    35.80220     28.99540    -18.40000
    50.21050     49.60490    -15.33280
    37.90825     41.26975    -18.39855
    37.36670     29.74390    -10.95960
    35.53490     30.25965    -13.01035
    49.22880     39.52600    -14.66970
    36.24020     25.94300     -9.14970
    35.53490     30.25965    -13.01035
    41.07930     38.99670    -13.70690
    18.08720     28.36950    -18.64750
    53.12840     47.86480    -12.94110
    48.80441     35.55197    -11.76055
    40.36930     28.90750    -11.08900
    47.97980     50.27630    -12.70480
    27.33690     39.26430    -12.92305
    57.84320     56.62030     -7.86500
    26.68222     38.48144    -12.66567
    59.59970     51.27030    -15.21760
    36.63240     51.07660     -5.95940
    42.24730     28.52611     -7.90722
    16.69050     27.02450     -5.66690
    32.89455     22.17810    -10.47475
    35.58510     32.54980     -7.27980
    38.44290     46.34840    -21.20660
    39.34200     34.16610    -12.78820
    23.06231     37.08716     -9.06842
    39.81800     33.21350    -19.45400
    35.21890     16.95400    -12.52680
    38.42350     27.61940    -15.55980
    48.80441     35.55197    -11.76055
    38.27440     28.36460    -17.94510
    33.90460     29.79770    -20.04260
    22.59080     34.26580    -11.52790
    34.98365     31.00220    -12.78570
    58.10880     48.58530     -9.03170
    51.89990     46.53737    -11.13438
    43.22585     31.79395     -8.32745
    22.37170     22.43420    -14.22210
    32.37460     46.64870    -12.03440
    42.40647     26.54353     -9.23203
    37.83127     31.36831    -10.99369
    40.71825     31.38740     -7.66555
    42.91500     31.80250    -17.05960
    41.94346     54.28688    -10.58104
    40.60200     44.28370    -25.14600
    43.63243     33.69397     -8.23470
    32.83460     26.90890     -6.82700
    42.32370     32.06870    -11.35800
    43.41330     36.47810    -13.21160
    24.95080     36.45080    -12.90720
    42.40647     26.54353     -9.23203
    33.30397     26.53089    -11.37498
    29.31976     20.41459    -13.17540
    33.47172     38.18245    -17.60700
    28.89630     24.24160    -22.32350
    49.30095     34.96440     -9.37270
    42.96950     33.07540    -14.10190
    26.52553     20.73167    -12.33607
    29.63304     36.30295    -13.59997
    55.72982     56.30653    -14.59704
    23.06231     37.08716     -9.06842
    32.57994     24.60706    -11.12433
    47.11350     57.17400    -19.60400
    36.69432     48.05149     -9.72636
    16.29530     25.38540    -13.04020
    52.06020     59.89710    -22.93630
    14.74470     26.86100    -13.31690
    41.28810     33.63060    -11.38810
    51.93026     52.41165     -7.36507
    54.22000     47.13320    -12.60330
    34.09500     14.30000     -5.67740
    37.33940     29.20870    -21.84140
    35.31170     42.41710    -24.22580
    40.07440     32.75510    -11.53880
    30.12750     13.82510    -22.58130
    49.41710     57.60880    -20.40500
    60.87450     54.62135    -24.10430
    52.17110     48.81070     -7.24050
    22.40970     21.39250    -11.10800
    46.02590     37.47730     -9.97650
    51.80630     41.86690    -12.68770
    40.91060     34.23550    -16.75230
    21.87920     21.46820    -19.03910
    45.26755     46.32168    -26.59855
    50.96330     47.55530     -7.77730
    25.71450     39.31980     -9.21900
    44.92470     31.47050    -10.29290
    35.52570     18.40320    -14.43750
    50.59790     64.47785    -23.91900
    46.61505     46.32645     -6.55380
    43.92690     43.35860    -25.81570
    43.22585     31.79395     -8.32745
    58.74370     56.50450    -10.61200
    48.41109     42.66757     -8.66737
    28.97912     39.64404    -11.24812
    50.68390     59.11995    -23.82775
    30.40705     19.45955    -12.58665
    45.71320     39.84785     -6.73360
    51.09206     40.93039    -12.25679
    49.15648     42.19796    -10.23219
    49.15099     42.16276    -10.25992
    36.03800     25.29345     -8.48115
    41.23190     29.29190    -17.04350
    25.08210     22.76080    -15.26680
    28.78740     41.21090     -5.31540
    42.66770     28.18785    -13.26835
    42.67903     37.99350     -7.65589
    49.52240     37.42330    -12.56050
    39.87120     35.15080    -13.55630
    55.58560     48.26350    -15.06370
    33.59309     25.95563    -10.92280
    38.09030     31.64760    -19.89170
    24.88740     35.81880    -12.08690
    36.51050     41.11700    -17.67680
    27.37580     19.40650    -13.56040
    43.61260     47.63450    -22.50900
    51.64836     45.39683    -11.07068
    57.58050     64.72880    -20.73380
    20.14775     24.87280    -10.97610
    37.94370     29.57725     -8.72510
    19.74280     24.46950    -10.51520
    30.54960     36.45220    -13.17450
    27.60050     32.67590    -17.18070
    48.25058     42.64525     -9.50417
    35.95880     27.67200    -12.81345
    47.62420     47.50910    -26.54980
    40.56730     32.13090    -11.16440
    32.49140     46.06630    -14.73250
    17.48375     26.19805     -8.60880
    44.50210     40.32560    -13.21835
    36.28260     48.65140    -11.37600
    38.92830     32.46170    -20.73760
    32.75480     44.79920     -8.86670
    41.09240     40.21000    -10.34990
    25.31085     21.19165    -12.82055
    31.65530     31.13650    -12.12480
    36.69930     22.92220     -7.11420
    55.24880     46.48730    -15.04450
    32.63037     45.13328    -13.61280
    35.70873     28.52541    -13.24807
    48.01820     39.04500    -10.59740
    48.32054     40.06198    -10.69078
    35.91500     29.45310    -13.74450
    45.81940     50.76700     -8.41320
    42.57381     28.78275    -10.94897
    39.94450     33.59470    -15.11710
    21.64553     24.25763    -11.53617
    41.03395     26.98591     -8.11371
    44.50210     40.32560    -13.21835
    37.58244     32.76604    -12.87611
    36.66890     25.06560    -12.30700
    49.71470     61.23100    -21.37650
    25.45570     37.62070    -12.37960
    33.47172     38.18245    -17.60700
    27.80525     38.83153    -11.38433
    28.60700     35.49150    -11.00160
    39.62240     33.09510    -16.80600
    35.74300     31.87480     -8.37430
    35.06946     20.29718    -14.09617
    30.12240     27.94340     -5.97000
    31.22390     22.78460     -7.89610
    29.63310     27.52730    -12.52930
    36.00020     19.98510    -18.45060
    34.06720     18.10510    -11.82880
    52.66160     43.12515    -13.25380
    15.16285     27.79380    -12.49560
    29.13880     33.13810    -11.20400
    31.75200     20.96740    -12.66180
    28.34960     22.73430    -11.34640
    36.71305     34.25585    -12.09360
    51.64836     45.39683    -11.07069
    34.77480     45.21588    -13.21847
    38.94700     35.32140     -8.27030
    29.63304     36.30295    -13.59997
    31.66595     21.75290    -11.38985
    31.69425     35.88160    -15.41486
    24.65100     21.18370    -14.69410
    29.32150     33.87410    -11.85070
    28.01250     36.51400    -17.31020
    25.43800     39.56780    -13.07590
    53.30030     40.94150    -15.02380
    46.68703     32.79867     -6.87200
    46.68703     32.79867     -6.87200
    46.68703     32.79867     -6.87200
    25.84970     37.40030     -8.33290
    46.00440     61.43460    -21.12490
    53.61040     52.49005     -8.41520
    29.25145     42.74745    -15.51095
    36.17300     48.72740     -8.15300
    46.99550     34.16610     -9.91470
    50.46480     43.51947    -10.70237
    18.17360     26.44880    -13.23670
    35.48920     49.55510     -6.83640
    53.08085     44.11015    -12.03540
    53.89245     55.84130     -8.67560
    54.29500     49.71630    -11.49200
    36.11270     45.26220    -17.48320
    44.42800     43.26040    -10.56210
    18.22420     26.13560    -10.30060
    45.27520     43.31500    -11.30130
    29.63304     36.30295    -13.59997
    37.58244     32.76604    -12.87612
    35.46431     27.91517    -10.95589
    43.45327     28.13995     -9.86309
    27.78770     28.79800    -19.31580
    54.28950     52.86830    -11.93070
    33.41670     41.00530    -19.54690
    47.67550     35.34070    -11.09520
    35.40960     36.15610     -7.26410
    52.57680     41.19695    -13.91432
    26.68968     38.44732    -12.62790
    23.59260     24.42612    -13.96073
    35.15930     33.41870    -13.77510
    29.63304     36.30295    -13.59997
    39.22560     43.62550    -27.10760
    45.47280     37.24980     -9.39120
    42.64220     57.91170    -11.87480
    58.27590     48.50580    -21.62960
    15.16285     27.79380    -12.49560
    46.65810     43.30610     -7.10530
    31.58070     34.28155    -16.63780
    49.88385     44.28870    -10.52915
    41.31240     33.17750     -8.21680
    34.79572     45.77921     -9.19379
    41.85099     29.51942     -7.41446
    31.02912     42.57743    -13.53103
    42.21401     33.52503    -12.56338
    36.00658     21.12914    -15.35493
    35.95880     27.67200    -12.81345
    34.75115     36.66145    -13.98525
    45.42410     53.69910    -18.28400
    33.57340     31.86200    -10.78330
    36.47630     26.76740    -12.25440
    34.90500     46.92560    -12.23935
    51.89992     46.53754    -11.13464
    35.54890     23.84040    -10.64570
    23.16380     34.64120    -10.43160
    21.83610     26.08130    -12.16530
    43.80180     33.95610    -13.87500
    25.37660     34.78060     -9.73300
    33.47690     25.76140     -8.52640
    59.52880     54.04700    -21.11690
    59.96320     54.30510    -22.23780
    42.55799     28.77752    -10.99228
    42.58527     28.78655    -10.91762
    42.21401     33.52503    -12.56338
    18.13660     24.28790    -14.47240
    20.10430     22.30070    -18.06400
    31.65200     37.81280    -17.97280
    41.96370     34.84260    -13.72640
    37.71175     21.22870    -17.09985
    23.89830     23.17180    -12.25690
    51.64836     45.39683    -11.07069
    29.02769     39.68941    -11.20618
    32.63037     45.13327    -13.61280
    32.63037     45.13328    -13.61280
    33.34926     38.19448    -17.27942
    33.98590     27.81760    -10.62090
    35.97330     46.53380     -9.65995
    23.98760     27.03520    -18.04650
    22.81875     35.75210    -11.43505
    50.46480     43.51947    -10.70237
    37.83127     31.36831    -10.99369
    43.11440     34.63950     -8.11160
    42.57340     28.78262    -10.95012
    51.45540     51.21750     -7.18850
    43.55830     40.48090     -4.81850
    16.72220     26.36500     -9.86960
    43.82928     35.33300    -13.87840
    33.94190     48.43720     -9.26220
    25.31085     21.19165    -12.82055
    23.06231     37.08716     -9.06842
    29.99220     36.15260    -15.69850
    36.78370     30.24430     -7.26690
    27.46950     21.05010    -13.79130
    22.11080     35.81240    -10.03390
    34.34260     25.38720     -8.32890
    47.59690     35.23550     -7.86250
    34.60750     38.02690    -21.63930
    18.95075     30.93045     -9.68460
    43.83535     34.24495    -11.72890
    63.63940     57.09060    -22.95500
    37.89980     44.14495    -23.53815
    28.79540     42.26900     -5.23270
    54.95650     45.64500     -8.92050
    40.02920     31.29820     -9.37230
    47.58973     37.77203     -9.63427
    33.00030     32.75880     -8.11010
    29.63304     36.30295    -13.59997
    35.09180     33.91190    -18.83450
    27.80525     38.83153    -11.38433
    47.53370     33.91250     -7.81480
    38.81100     22.74720    -10.33140
    37.45870     32.25080    -11.38510
    41.17830     32.06140    -12.24380
    48.03750     49.49930    -22.54640
    39.50520     27.73760    -15.44420
    40.12205     33.76645    -11.71200
    37.04390     27.16405    -22.02835
    19.53190     29.85280     -9.96690
    34.69810     33.59550    -16.31990
    35.91910     20.27250    -16.44740
    51.14598     44.59671    -11.36469
    42.67528     34.84736    -11.90548
    31.08537     42.58894    -13.51003
    35.44590     31.54780    -13.74020
    49.88302     44.28906    -10.52907
    34.34070     45.23720    -10.94800
    32.04260     44.71850     -5.76230
    32.26410     14.60940     -8.98340
    48.81740     44.44390    -12.41360
    46.91000     34.96830    -10.59250
    56.11370     65.20130    -24.32300
    54.04540     50.53200     -8.91750
    36.69432     48.05149     -9.72636
    25.23250     22.06810    -12.32240
    34.77480     45.21588    -13.21847
    48.69890     45.74370    -18.25660
    27.16220     41.81880     -6.56650
    39.99460     35.01500    -10.09830
    44.86912     42.73082     -7.65541
    18.70050     31.93540     -7.73090
    22.41080     34.20410    -13.61540
    36.68333     29.53330     -9.29800
    18.52950     28.89560     -9.05130
    24.61980     38.97760    -13.19020
    26.12837     20.59786    -12.97920
    35.91050     47.22430     -9.90920
    48.80441     35.55197    -11.76055
    41.05565     38.75950     -9.55505
    22.81875     35.75210    -11.43505
    35.60650     34.44040     -8.91420
    28.42130     37.89840    -15.11520
    34.95460     29.07880    -16.89440
    38.19730     27.22970    -12.56530
    18.82420     23.49530    -13.60770
    22.09320     20.36050    -13.91980
    50.86240     63.58390    -10.17290
    43.45327     28.13995     -9.86308
    28.47760     34.78550    -12.31300
    36.58271     24.36444     -8.94840
    26.88264     20.88367    -11.79080
    58.57975     48.98165    -10.47175
    45.71320     39.84785     -6.73360
    39.32370     35.12960    -22.01330
    25.71730     24.01840    -14.62910
    47.04020     45.06745     -9.21080
    34.02740     43.03405    -17.38535
    23.89290     30.19230    -17.38090
    31.28304     43.94854     -9.61344
    46.64783     39.56954    -14.27952
    55.72982     56.30653    -14.59704
    59.65050     54.93570    -20.09180
    58.57975     48.98165    -10.47175
    56.12880     66.11570    -20.89740
    51.22543     38.93520    -13.14367
    43.52460     36.44185     -8.50370
    41.24120     51.32250    -16.82890
    40.14180     50.56540    -15.18710
    46.31780     59.10500    -13.12020
    20.08855     23.65640     -9.34369
    20.08855     23.65640     -9.34369
    37.40310     49.26090    -12.73960
    49.62000     41.68430    -14.51880
    26.87480     38.36285    -10.32025
    29.11120     15.29010    -10.75820
    51.22543     38.93520    -13.14367
    31.77660     34.16000    -14.99030
    46.04730     45.19440     -7.92790
    48.87365     48.34000    -15.75320
    50.08300     56.19730     -9.08960
    34.02740     43.03405    -17.38535
    42.67903     37.99350     -7.65589
    48.49390     49.56605    -11.51570
    19.44520     22.35050     -8.15680
    31.49400     26.32020    -11.32180
    24.11910     31.65590    -14.19770
    48.25058     42.64525     -9.50417
    51.58275     58.18760    -19.00190
    29.89900     39.27480    -15.11640
    34.58597     30.98277    -10.64780
    34.77480     45.21588    -13.21847
    38.65150     30.00710    -10.12700
    34.43635     48.36470    -11.18955
    20.85450     23.71730    -11.83920
    51.09206     40.93038    -12.25679
    40.98180     37.92530    -10.96230
    18.66220     28.18290    -10.38880
    41.27025     35.32915    -11.76685
    25.60840     22.64295    -13.36745
    54.00120     64.80940    -19.34930
    50.41420     45.61530    -10.45770
    38.39140     31.16530    -19.16280
    30.50810     19.00410     -7.59800
    41.05565     38.75950     -9.55505
    42.21401     33.52503    -12.56338
    50.68390     59.11995    -23.82775
    26.68231     38.48116    -12.66530
    32.57994     24.60706    -11.12433
    19.91350     26.11470     -7.88740
    50.46480     43.51947    -10.70237
    25.50420     38.24395     -6.58720
    51.07740     53.31000    -15.06350
    41.27025     35.32915    -11.76685
    56.56050     60.99320    -19.21710
    37.85840     28.20460    -11.24300
    41.94346     54.28688    -10.58103
    45.03290     31.48270    -15.08140
    52.15470     38.42500    -10.76880
    33.34675     47.42600    -11.88915
    58.97410     64.07940    -21.15830
    37.89980     44.14495    -23.53815
    37.59620     40.27070    -19.39160
    50.61060     56.88200    -25.28210
    45.07850     38.11760    -13.57170
    27.23190     17.19050    -14.70600
    53.36525     43.90335    -13.94325
    45.85810     52.15090    -21.02200
    37.25960     27.95640    -22.01910
    19.13530     31.12420     -7.73140
    32.05500     23.83890    -10.58500
    42.63540     35.00150     -7.31870
    18.09490     26.13410     -5.98580
    54.78520     49.71150    -13.77100
    43.14430     38.52590    -12.33230
    16.96380     23.96540    -10.14870
    42.34895     41.84490     -9.43475
    26.80230     12.92620     -8.95300
    49.78113     36.69455    -12.24633
    34.81330     49.53270     -5.64460
    40.88220     27.67355     -7.31690
    32.99360     28.94420    -10.75110
    49.88385     44.28870    -10.52915
    32.21300     25.39170    -10.08300
    43.45327     28.13995     -9.86308
    41.86085     28.87435    -13.83495
    15.83380     25.39500     -6.60680
    51.33430     57.48930    -23.73610
    37.58244     32.76604    -12.87612
    33.73870     44.44520    -13.45860
    31.59600     43.55585     -9.36003
    46.83490     37.87160    -15.19710
    34.98365     31.00220    -12.78570
    44.86910     42.73081     -7.65541
    42.76480     37.11010     -7.60620
    38.78060     41.50510    -18.19780
    35.99197     21.11933    -15.42442
    51.96579     52.40771     -7.14633
    20.62090     25.06050    -19.23630
    34.00740     44.91780    -12.65660
    53.48750     42.70070    -14.91330
    33.50711     38.17897    -17.70164
    64.60260     55.96750    -25.49600
    57.67480     47.79070    -16.97680
    26.68977     38.44705    -12.62754
    55.10430     56.03850     -8.77580
    34.29800     26.53040    -20.23200
    21.57814     22.71045    -11.50387
    22.82200     26.60730    -12.68810
    19.21470     27.23210     -6.58750
    19.58385     27.42150    -14.39125
    28.08980     24.34570    -15.65960
    34.87390     32.59390     -6.96700
    25.12850     32.76800    -17.31850
    21.57814     22.71044    -11.50382
    54.59070     47.02590    -14.10180
    48.74850     56.08120    -23.80340
    34.86110     25.91790    -13.95890
    49.30620     64.84760    -26.27330
    31.26960     42.03460    -10.31950
    23.59260     24.42612    -13.96073
    60.42100     50.59010    -20.36510
    51.61886     52.62512     -8.60218
    35.60380     29.25334    -10.20598
    19.07150     25.24200     -9.09370
    52.86470     46.89590    -11.89150
    40.02470     24.98110    -13.12710
    21.64553     24.25763    -11.53617
    49.66860     57.84150    -23.36600
    58.90550     50.36640    -17.29480
    43.05960     37.79990    -12.10010
    24.61480     34.10060    -14.12640
    25.89790     32.00640    -13.19250
    31.33950     24.58480     -7.06100
    59.48775     50.90780    -10.47485
    52.62106     41.31444    -13.99649
    41.93653     36.75340    -11.91240
    42.40290     27.14730    -11.33240
    31.37160     34.32400     -9.00520
    50.19370     62.41980    -26.10540
    40.54080     41.92350    -11.80240
    47.95640     38.70150    -15.20240
    18.09360     27.16690     -5.57140
    30.34016     32.13237    -16.12482
    52.85010     48.25360    -12.01490
    19.12790     30.92560     -6.30180
    51.10510     40.97597    -12.23202
    34.31030     31.41100     -9.64690
    35.97330     46.53380     -9.65995
    33.96580     44.16235    -10.00205
    44.37590     30.46530    -13.50520
    29.31976     20.41459    -13.17540
    43.82928     35.33300    -13.87840
    28.35230     25.00350    -14.08855
    49.83630     62.97820    -21.28470
    59.48775     50.90780    -10.47485
    38.40650     49.43370    -10.64190
    49.23480     43.92360    -13.03780
    41.00810     31.56480    -19.21380
    30.40705     19.45955    -12.58665
    53.68573     45.54937    -13.46513
    17.92970     28.00320     -8.32100
    39.77640     26.12720    -22.34250
    37.56120     24.48320     -6.56660
    40.84728     34.34997    -10.21786
    51.53450     42.60210    -12.15950
    30.34016     32.13237    -16.12482
    45.73895     42.08885     -7.66980
    42.83240     39.37650     -6.16330
    49.48140     42.50165     -9.52054
    39.82010     45.91080    -17.82930
