    43.32330     40.99984     -9.24900
    28.78920     42.20030     -7.79720
    39.09470     36.69140     -8.59910
    39.29901     32.36672     -9.49160
    40.05000     32.03040    -13.85310
    43.74338     41.27400    -10.24645
    55.81352     57.28114     -9.92904
    33.30580     17.84170    -15.31120
    52.60528     41.30032    -13.99519
    40.63824     32.96735    -14.84553
    37.71450     27.26970     -8.92110
    44.10090     36.21740     -7.96960
    41.85658     29.55230     -7.40137
    41.49530     50.84940    -19.94120
    42.51180     40.97500    -13.80150
    51.74280     40.33200    -13.01160
    35.83890     21.28830    -22.06900
    53.35164     43.87181    -13.91913
    31.42610     37.57310    -15.99920
    50.62280     64.47660    -16.25290
    19.54862     28.14373     -8.11019
    46.53763     39.48867    -14.15599
    41.92764     36.76678    -11.86093
    49.00420     42.72730    -15.12510
    40.75656     55.15670     -9.40452
    33.85020     20.85440    -17.85220
    40.14350     54.97720    -10.27270
    19.52998     28.14207     -8.13461
    42.29435     28.78525    -11.50743
    22.41520     22.65730     -9.38360
    39.48090     27.72830    -13.80310
    26.49560     20.67719    -12.53803
    35.60175     37.03926    -14.59215
    35.59517     37.00267    -14.61323
    38.07680     31.82080    -14.85930
    33.68610     46.32820     -9.09230
    42.61540     39.20370    -12.64280
    49.04724     41.37975    -10.72879
    25.49080     20.60090    -10.04270
    53.21663     49.85019    -11.75602
    39.65834     39.17427     -8.59289
    32.26050     23.49600     -7.53170
    33.03550     45.98930    -10.87470
    41.84800     27.48674     -8.32996
    40.61260     27.52830     -9.28980
    47.52370     36.89560    -10.84190
    56.20380     62.35240    -17.98270
    42.24312     39.91097     -9.73160
    28.37070     40.67040    -13.65690
    48.36967     40.12117    -10.64483
    25.97852     38.48215    -12.79374
    34.88110     31.81330    -15.48400
    29.73340     19.42490    -13.11390
    31.65094     43.25512     -8.91126
    49.61920     48.86400     -8.04130
    39.19118     31.49157    -14.58120
    34.03083     20.85901    -11.74917
    34.93250     18.55510     -9.84340
    46.50560     40.92520    -10.37440
    25.40740     21.19280    -10.60350
    40.13497     28.67288     -8.30250
    40.16133     28.64442     -8.30840
    28.55040     22.23620    -13.10380
    43.92220     52.07090    -24.33980
    32.46250     22.66190    -12.75660
    20.05256     22.53344     -9.73791
    49.59680     37.17130     -8.03180
    48.32131     40.07182    -10.68706
    30.44380     29.95390     -7.83580
    43.63458     41.25095     -9.92974
    44.85030     47.70500     -5.77110
    57.42768     65.55652    -23.99039
    42.78290     35.03868    -12.59586
    34.91104     36.03870    -17.33699
    42.66952     30.50590     -7.72549
    42.66479     30.26824     -7.61532
    37.74590     26.71980    -18.65540
    40.37840     31.45620    -12.25050
    51.95839     48.01872    -10.46338
    63.40510     57.52930    -24.39110
    52.25920     46.10750     -8.11370
    41.30010     36.23470    -22.85650
    50.37282     37.64984    -12.62139
    36.55571     24.39663     -9.10556
    42.19951     33.47886    -12.64861
    42.21891     33.54550    -12.59937
    45.98795     43.47874     -7.38068
    35.48613     27.95187    -10.63905
    51.78196     41.88591    -12.74631
    55.32970     50.29490    -13.58700
    32.36700     22.73850     -9.41360
    41.91020     56.49160    -10.16880
    55.63778     64.40782    -22.45407
    55.62949     64.49094    -22.33990
    55.63147     64.50850    -22.29694
    21.20567     23.41267    -10.38244
    36.53060     30.71140    -12.32960
    55.62285     64.42918    -22.31402
    33.32643     20.15654    -12.79745
    33.27662     20.19778    -12.80039
    33.31076     20.18998    -12.79696
    53.74620     49.22670    -11.74510
    50.61520     64.43890    -23.92141
    38.46590     36.20860     -7.86160
    30.65410     37.20860    -13.55440
    45.45240     34.36470     -9.65390
    42.38306     37.68552     -5.78884
    42.28984     28.71385    -11.61549
    37.76880     28.98520    -14.37940
    25.26470     35.40590     -8.72060
    57.06300     65.65740    -22.61570
    18.84880     25.10670     -7.24980
    23.91740     33.37870    -13.67230
    39.18560     26.66160    -12.13460
    55.81972     57.27926     -9.80306
    18.74560     28.38570     -6.94130
    55.82275     57.28758     -9.78424
    55.83001     57.30231     -9.79996
    52.60150     51.17700    -10.47940
    47.70320     45.95270    -14.10210
    40.11161     33.77174    -11.74920
    32.73970     25.93380    -17.92810
    36.72538     47.87156     -9.94315
    33.64143     38.18159    -18.14427
    21.43963     23.52992    -10.42991
    51.18279     44.62657    -11.36838
    20.06460     22.85260     -7.47730
    45.78632     43.34389     -7.42199
    29.03240     25.43170    -13.00510
    32.90660     31.78430     -6.87190
    26.80210     20.83804    -11.92564
    29.45460     41.52220    -10.40850
    50.23060     40.34364    -11.90271
    30.26400     41.81480     -9.64650
    49.01405     35.87788    -11.85179
    32.67600     45.10953    -13.60963
    59.73674     52.27722     -9.96919
    34.01027     20.84129    -11.90643
    30.94332     43.78606     -9.72544
    46.20570     32.72890    -11.25580
    50.63400     45.82140    -11.79040
    52.55118     41.10073    -13.90008
    33.79100     26.21973    -20.47225
    57.78140     45.95380    -19.94950
    58.42174     47.57289    -11.16623
    52.84514     51.54568     -7.40015
    18.67370     24.49300    -17.50850
    42.70374     38.02749     -7.48229
    32.58410     28.10750    -21.45320
    37.07670     32.53390    -10.52110
    34.17950     22.68200    -16.91630
    43.25650     34.51280     -9.97920
    53.39492     51.85649     -7.17887
    31.77961     43.36983     -9.21752
    42.26093     28.46909     -7.86787
    48.21850     44.87510    -16.80700
    33.22687     44.47345    -11.88793
    17.99950     27.85760     -6.82000
    36.89860     25.25720     -9.77340
    36.09120     31.10600    -21.94950
    42.13340     42.51670     -8.73110
    45.26427     43.18156     -7.60170
    51.49028     49.71528    -10.04813
    34.71710     45.70212     -9.09120
    52.99560     54.49480     -8.31370
    42.38456     26.56696     -9.24366
    50.36568     37.65136    -12.59511
    31.00318     43.89098    -10.00102
    33.31830     15.36970    -29.73350
    34.89800     45.99657     -9.49513
    39.27300     33.66610    -10.49120
    49.31240     57.36660    -24.91240
    35.35620     20.31050    -13.42549
    35.40597     20.18193    -13.67387
    39.51430     29.31540     -9.78150
    43.71230     42.22020    -10.05090
    39.90445     28.23186     -6.75959
    38.50660     34.28780    -14.59280
    48.13980     62.62900    -16.83150
    29.95250     43.30100    -12.39860
    43.41703     28.14869     -9.71998
    43.81322     35.31510    -13.90095
    25.58406     22.66014    -13.41063
    58.02680     56.46750    -10.19170
    41.92380     46.97900    -10.85520
    56.69980     52.80560     -9.72560
    42.81295     30.81480     -8.01016
    50.63476     56.90523    -25.29422
    45.74921     42.09372     -7.62993
    21.13001     23.40865    -10.32554
    33.59720     24.69260     -9.42220
    31.45530     35.89290    -12.17470
    42.24981     28.60313     -7.93624
    52.50790     51.65660     -9.31420
    36.72133     34.28521    -12.08887
    40.49860     54.33360     -8.28780
    23.36830     32.83080    -13.76790
    33.77210     36.87920    -15.91220
    20.96570     25.33730    -10.77470
    39.63938     54.14691     -9.97358
    38.01200     49.27370    -12.06950
    35.69196     28.53883    -13.22886
    48.89590     49.17800     -6.85120
    35.68964     37.18392    -14.64516
    25.56560     24.15150    -16.35860
    45.16502     42.86057     -7.91970
    31.18540     46.23060    -15.59000
    19.56598     27.44362    -14.41848
    46.46720     44.59930    -16.69510
    38.66770     30.50110    -14.48330
    23.59260     34.84070    -14.41390
    30.94220     23.06340    -14.43650
    35.86460     50.13430     -8.09360
    46.76820     37.76060    -12.27300
    51.72907     45.45235    -11.37523
    55.84660     65.81250    -22.64950
    33.16640     41.19940     -6.84530
    31.68130     13.26550    -28.55530
    42.43180     32.52240     -7.41580
    36.90690     24.60850    -16.54050
    31.67764     21.73530    -11.37991
    23.06865     37.10008     -9.03380
    47.60533     37.77397     -9.59165
    34.59945     31.00315    -10.71205
    55.90230     62.32160    -24.12560
    26.41218     20.62170    -12.69834
    26.56904     21.06368    -10.74079
    42.78044     28.86566    -10.40917
    41.06240     54.33840     -8.88160
    34.78026     45.85101     -9.24664
    44.75430     36.00940    -12.21760
    26.67570     23.94420    -17.96450
    33.66160     38.14449    -17.99303
    37.94881     29.58616     -8.65483
    30.78263     42.63472     -9.64700
    46.23380     38.35080    -14.62660
    24.56300     33.11890    -14.05930
    42.35264     28.66213    -11.66608
    37.93202     41.25350    -18.35592
    52.03768     47.97621    -10.53185
    34.45206     48.34487    -11.24598
    31.57424     42.72826    -13.28933
    41.41930     36.94940     -7.92720
    17.22100     27.36020     -4.82280
    43.60938     35.28874    -13.90392
    49.78775     36.68316    -12.27679
    49.77469     36.68011    -12.26840
    34.74116     36.64434    -13.89980
    31.45920     45.83530    -14.20260
    36.05690     31.93960    -12.23170
    35.44647     20.09921    -13.57629
    41.73940     31.51360    -13.10320
    46.33920     54.49780     -6.72030
    49.29960     45.32370    -10.05180
    45.07280     38.72260     -7.24850
    40.71210     29.26760    -14.61570
    35.41523     20.27293    -13.26730
    17.72980     26.58700     -6.67540
    60.85359     54.61055    -24.04546
    35.44461     19.93956    -13.75618
    33.01980     46.13820     -9.24140
    27.21540     11.38560     -5.57460
    21.59267     22.60354    -11.31872
    21.62697     22.53490    -11.00029
    45.37964     43.11557     -7.65812
    42.31537     41.85142     -9.42880
    35.51786     19.88677    -13.68815
    31.09214     43.81768     -9.82688
    17.86890     33.31230     -3.54400
    29.34324     33.84860    -11.80674
    34.27820     23.30980    -10.11930
    46.91680     37.05580     -7.52600
    39.39610     53.41732    -11.64286
    50.98057     44.78138    -11.26765
    53.34330     50.53100    -12.59780
    34.43110     43.09450    -20.58980
    22.23160     26.24140    -11.07290
    27.06209     38.40382    -12.24713
    20.08914     22.56916     -9.81239
    36.65310     25.74060     -8.08790
    27.66525     38.88790    -11.41134
    36.02607     25.28950     -8.54451
    29.59280     44.43680    -13.51140
    41.52798     30.77370    -14.78928
    32.55730     46.47620     -8.53200
    35.20424     20.27149    -13.87490
    42.29960     39.33190    -10.46130
    39.90120     54.17310    -11.57920
    58.40416     47.50931    -11.08697
    20.78460     29.74560     -9.72620
    43.24610     44.68840    -18.05850
    56.67740     60.55160     -9.56270
    43.12270     32.60930    -13.25310
    51.00777     40.45406    -12.49929
    40.73423     34.26083    -10.18618
    23.84950     21.80500    -18.29680
    50.43407     43.52611    -10.59780
    33.48590     32.55070     -7.28060
    35.61233     19.92842    -13.59415
    37.07623     27.14671    -21.99654
    35.47060     46.80540     -8.50090
    37.25860     26.01720     -9.38420
    41.04796     26.98962     -8.09187
    41.79730     32.87170     -6.98840
    30.89780     34.07140    -16.32190
    42.18820     37.51356    -10.87007
    54.52760     50.24690    -13.29360
    26.87805     20.69672    -11.79921
    49.47780     46.84670     -7.65100
    30.98020     30.79970    -11.61570
    26.40619     20.61092    -12.71946
    53.08050     51.20883     -7.63617
    45.25964     43.06663     -7.76886
    28.36489     25.01364    -14.13145
    37.33820     30.54020    -18.17900
    33.68023     26.66289     -8.78205
    30.84520     37.29310    -22.59600
    18.33632     31.35380     -8.72157
    40.54860     38.45990    -19.46670
    26.47638     38.79131    -13.16361
    36.07480     27.07360    -21.39060
    51.24049     41.30424    -12.04781
    30.13360     42.60420     -4.39510
    49.26380     42.70740    -13.37530
    41.22341     29.30375    -17.06609
    23.70370     37.25600     -7.08850
    45.19929     46.20129    -26.49324
    40.71357     31.39060     -7.65529
    55.15210     47.01460    -13.40230
    42.42115     28.77844    -11.37931
    59.84172     52.38704    -10.38495
    26.37136     20.61259    -12.82323
    36.69007     29.50956     -9.31231
    33.53690     47.00590    -14.03660
    44.00830     36.33610    -11.93160
    49.75881     36.68481    -12.17744
    26.41774     20.59595    -12.74115
    52.05830     52.08280    -12.49850
    46.25010     42.80640     -8.13050
    51.94043     52.14428     -8.68792
    51.84324     52.52393     -7.65940
    42.66048     37.98229     -7.64575
    51.07140     50.78740     -7.56940
    41.37620     26.79190    -13.86710
    51.71246     52.54454     -8.05696
    42.67571     37.98982     -7.67035
    45.47530     58.13070    -13.98000
    51.88270     40.08390    -11.64370
    39.66926     39.16653     -8.57841
    51.07440     64.27430    -26.02480
    45.68870     59.75300     -9.77230
    23.03255     37.08536     -9.04080
    33.64827     26.70911     -8.86065
    43.59060     41.33300    -13.38000
    48.00910     42.82540    -15.32550
    40.90630     27.66441     -7.24392
    50.76990     43.05370    -11.78840
    46.53930     48.89540    -29.01360
    51.21389     38.94566    -13.13912
    42.25356     28.51775     -7.97937
    34.60098     30.97437    -10.59284
    34.39270     46.57750    -10.45350
    41.95713     54.30063    -10.60689
    41.99400     25.30230    -10.42310
    26.76010     18.81160     -7.32450
    35.72798     29.16476    -10.03085
    57.66943     47.79165    -16.96344
    33.78140     26.23207    -20.63035
    39.61860     26.99760     -5.94330
    28.66000     27.01520    -12.69600
    22.86758     22.92121    -12.51871
    17.49258     26.20198     -8.62958
    49.13697     41.53248    -10.67288
    42.19660     37.58624    -10.84973
    51.66160     51.57890     -5.51110
    34.56637     30.97971    -10.65110
    25.31040     35.08090     -6.68600
    27.34376     39.26970    -12.94326
    32.58682     24.61468    -11.10294
    54.86480     59.73460     -8.00220
    29.26970     20.17760    -13.34942
    50.21370     40.37976    -11.89669
    29.78310     42.14760     -6.74570
    59.01260     51.52240     -8.65790
    50.84600     42.42360    -11.45200
    51.84784     52.25710     -8.16479
    51.66538     52.74653     -8.21431
    42.64202     38.09010     -7.26270
    32.68920     27.41650    -10.43760
    41.06950     48.15990    -22.65070
    51.91560     52.38941     -7.26001
    52.04454     52.35020     -6.74616
    26.65989     38.84910    -13.24830
    56.15560     63.33370    -20.96360
    43.82928     35.39626    -13.83838
    32.52979     42.59140    -11.21132
    46.09600     59.61560    -16.48390
    40.73140     30.00080     -6.62840
    28.72240     33.36090    -21.77620
    33.91360     48.26540    -11.90360
    21.09752     23.32747    -10.28235
    26.77680     26.24690     -8.44700
    38.43990     52.98980    -10.40000
    38.37324     31.45827     -7.60765
    37.75919     49.56549    -13.90493
    54.61300     43.71910    -15.58420
    35.97220     35.29770     -7.24670
    48.89487     48.36528    -15.77549
    35.64144     37.16043    -14.63989
    29.01018     39.56013    -11.02935
    36.55730     20.97570    -22.42480
    51.49762     52.62777     -9.32344
    41.81341     29.36125     -7.45441
    51.12618     41.05251    -12.22153
    42.48480     32.09160    -14.74700
    57.46222     65.52548    -23.93121
    29.98150     19.03190    -22.11260
    39.93560     36.78020    -12.50270
    26.85474     38.37958    -10.26948
    42.56000     53.62470    -10.79050
    35.69555     28.46136    -13.37669
    35.44836     20.11496    -13.60882
    29.31933     20.41617    -13.14002
    42.73020     57.07150    -10.18100
    19.26150     23.58400     -9.60780
    35.44473     19.67843    -13.75108
    23.78420     35.66177    -11.87894
    42.66258     28.17112    -13.24042
    59.45470     56.11050    -10.11790
    23.52800     19.46980    -17.71530
    40.61180     37.98210     -9.23020
    52.66859     43.14494    -13.21107
    20.13055     23.70874     -9.43726
    48.53230     48.02960    -14.10150
    36.34840     28.48200     -9.93870
    48.18280     45.75510     -8.67390
    32.96240     26.56410    -20.26920
    49.45390     46.16210    -11.32420
    31.87280     20.59970    -17.55220
    41.84140     25.26080    -20.14920
    44.15820     51.70280    -22.33160
    33.35790     36.18270    -17.70980
    41.37620     28.71030     -8.58010
    18.94806     30.91043     -9.63285
    20.02410     22.10390     -7.02840
    23.85310     18.00990    -15.17350
    42.51550     29.76150     -8.96530
    29.19120     22.91110    -11.09790
    51.36075     44.47494    -11.44676
    29.24896     42.72468    -15.54348
    50.03530     44.92620    -13.30080
    16.24830     26.70990     -7.07820
    53.30830     54.98830     -8.61170
    53.58990     54.50910     -7.85230
    22.21750     20.82420     -9.62620
    37.82130     32.74550    -20.33430
    40.73700     52.99160    -11.98560
    36.65027     29.55114     -9.23534
    38.33250     26.83410     -7.76300
    29.22398     39.81552    -11.00289
    52.73714     41.62242    -14.21175
    26.52866     20.65283    -12.53022
    36.82960     30.88900    -18.88750
    26.42694     20.61711    -12.73113
    32.88900     42.85680    -13.01050
    45.38650     40.61960    -14.06780
    45.29128     46.35072    -26.61808
    43.33410     56.46680    -13.13940
    34.97370     17.34560     -5.57550
    33.28043     44.52025    -11.99567
    24.61870     19.79740    -14.35230
    36.50520     29.28750    -14.72760
    43.51693     36.42560     -8.44445
    21.07144     23.33612    -10.37803
    31.82110     26.73250    -10.61010
    47.56794     43.67637     -7.91004
    36.61047     24.34861     -8.82512
    36.56698     24.36928     -8.92376
    31.29430     30.16740     -7.57300
    20.78430     28.26350     -8.84910
    51.41240     51.50900     -9.36490
    36.06802     21.18979    -15.28814
    31.34486     43.76728     -9.73813
    21.65087     22.54884    -11.00388
    55.69345     56.07852    -14.29609
    55.72029     56.30159    -14.56518
    53.87844     55.87820     -8.67513
    39.23616     32.37738     -8.50155
    35.61120     19.78610    -17.46600
    56.64770     48.03960    -16.63710
    35.28730     27.86250    -11.92430
    28.68840     20.99970    -11.78360
    54.12120     53.47290    -11.52730
    27.49005     26.70139    -23.58698
    39.44407     32.38171     -8.50789
    27.51495     26.73001    -23.60692
    49.14051     41.78777    -10.53915
    39.88480     44.21870    -21.71450
    55.74696     56.51437    -14.78387
    41.95986     36.77136    -11.97207
    25.77538     20.49473    -13.50585
    37.36310     29.76660    -10.92612
    17.47130     26.22080    -16.68800
    42.64049     34.83778    -11.56207
    42.63708     34.84645    -11.57388
    23.54800     37.18920    -10.53850
    53.62471     52.47007     -8.44121
    37.91520     46.93580    -17.84970
    48.46830     50.40500    -11.10960
    50.07809     44.22377    -10.53817
    23.18780     21.37000    -10.45080
    43.44019     41.13702     -9.44616
    53.90850     46.36430    -13.48500
    21.08920     24.26700     -8.87600
    49.28540     34.99860     -9.33606
    21.64276     24.23943    -11.48283
    16.70280     28.13760     -8.25010
    35.51413     19.82851    -13.57054
    23.81600     35.67993    -11.89686
    38.88730     32.82940    -13.76680
    30.22980     15.70690    -15.74770
    43.48062     28.11971     -9.89120
    36.06785     21.16181    -15.47394
    35.16500     31.33740    -20.25100
    21.86010     30.31000    -12.24100
    48.79157     35.49597    -11.74042
    53.54617     50.12240    -11.57206
    45.79350     49.08670    -22.09160
    47.64779     43.74863     -8.21271
    31.48867     44.64143     -9.23522
    34.82790     33.64310     -7.66290
    23.13100     35.61900     -9.25200
    29.59470     43.44750    -13.68520
    43.37440     57.70320     -9.08090
    40.30490     24.11620     -6.60510
    46.73820     44.13290    -14.70880
    59.98310     52.49179    -10.92277
    51.90883     46.56698    -11.20097
    42.18690     38.59910    -13.81000
    49.92413     44.27050    -10.50947
    38.30370     23.94830     -8.91820
    52.33880     49.18170    -12.15110
    36.04495     21.14299    -15.61380
    32.35380     44.35800    -12.54240
    33.64036     25.87506    -10.86531
    31.62260     37.76740    -24.24120
    31.65670     26.49830    -13.11930
    41.31760     52.31690    -14.82860
    39.96140     37.24210     -9.47670
    53.38723     49.97254    -11.68861
    50.11230     57.99950    -24.53740
    18.22650     25.78710     -7.22260
    51.97980     66.01210    -13.33990
    18.46230     24.44990     -8.45210
    31.11044     42.56868    -13.61591
    28.04628     38.71964    -11.41156
    50.97420     64.75490    -13.94920
    52.62240     59.43380    -24.33510
    55.62924     64.44118    -22.26284
    39.75890     31.97410    -11.77980
    45.31490     37.68860    -12.74570
    26.29670     37.49390     -9.91120
    41.41570     53.02850     -7.48610
    45.56780     26.47630    -13.16380
    39.40110     40.90210     -9.53460
    30.33820     37.81790    -19.32930
    32.82340     36.71140     -9.76700
    40.75034     55.19070     -9.24828
    42.69541     30.59250     -7.85208
    38.86510     29.23100     -9.70040
    45.87200     42.71960    -10.18740
    49.11318     42.46671    -10.16808
    47.07096     45.06368     -9.16035
    26.43557     20.61836    -12.78108
    41.30960     24.86390    -11.86560
    29.62557     36.24196    -13.40407
    32.88513     22.17148    -10.39737
    48.35769     42.64725     -9.03771
    22.09300     25.50220    -11.74630
    33.04490     37.15200    -15.08230
    30.66160     41.06190    -14.08760
    37.81780     32.79150     -8.25670
    18.32110     31.42010     -8.88071
    30.75430     38.13270    -23.40750
    40.25120     26.42010     -8.33950
    44.18910     36.80790    -12.90870
    41.86275     29.71120     -7.33326
    41.86513     29.52624     -7.42903
    17.09460     27.67970     -6.01110
    18.40350     23.62630     -6.44820
    26.82807     38.28335    -12.23664
    35.57030     35.98860    -13.81830
    45.19750     36.58100     -8.19230
    47.04650     43.26580     -8.80150
    59.73836     52.12314     -9.83977
    39.38126     32.37376     -8.34515
    31.40591     44.61346     -9.34251
    19.30420     23.76400     -5.94350
    23.15820     21.42410     -5.53430
    30.79237     42.66298     -9.56440
    51.13350     44.54826    -11.39106
    52.17960     44.94770    -11.98430
    23.59760     29.32030    -13.29600
    42.66633     34.77656    -11.67211
    48.05316     42.63306    -10.14138
    34.93994     35.99472    -17.22297
    24.86780     14.60160     -8.73950
    41.59182     30.76560    -14.74972
    51.57021     58.16172    -19.07648
    41.85416     28.84563    -13.83764
    36.06366     21.13884    -15.56538
    23.18240     23.62950    -12.90730
    33.63234     25.88453    -10.86292
    29.57350     28.33810    -19.65320
    48.79140     41.78940    -15.56950
    39.41780     53.41448    -11.52764
    49.79440     54.26780    -26.21010
    51.48901     49.80733     -9.62669
    51.48735     49.74775     -9.94143
    51.48930     49.74739     -9.85609
    43.92220     35.09830     -8.69060
    64.62510     57.33450    -26.74960
    41.63540     29.62380    -16.22510
    40.35424     32.76713    -14.73487
    37.48920     37.95930    -10.00680
    30.24730      9.53290    -16.80930
    41.08650     26.93242     -8.13927
    42.76360     39.95040     -6.79170
    36.05719     21.17032    -15.47021
    43.91020     33.15360    -16.14580
    41.15710     25.76320    -17.02690
    30.90720     34.38270    -13.68510
    30.50133     32.05147    -16.20873
    56.27390     53.54740    -12.86100
    33.58380     46.17160    -13.62680
    16.49600     29.29630    -16.03870
    42.76431     34.06802    -11.30346
    53.68719     45.56239    -13.49076
    47.90630     39.69190    -15.03790
    33.65798     25.94098    -10.86072
    51.93094     52.34821     -6.66380
    40.47210     33.39660    -10.26310
    53.34570     55.09370     -7.23380
    29.65260     35.21490    -15.62790
    33.55161     26.11721    -10.98468
    56.32880     65.41420    -22.67640
    48.50654     49.56399    -11.53942
    47.54273     33.88252     -7.87064
    40.12900     23.35350    -20.44900
    22.90102     22.91619    -12.42279
    25.35550     39.39550    -15.87860
    23.45720     25.47900    -13.28050
    30.19360     15.51390    -22.92640
    28.38260     18.26430    -13.36990
    37.68854     21.25137    -17.09332
    20.03579     23.60525     -9.25532
    48.13410     35.12560     -7.11650
    26.64518     37.94120    -12.43361
    52.43970     64.98020    -23.98260
    32.48601     42.63080    -11.34458
    41.98760     42.60780    -23.76900
    45.38787     40.92947    -12.52821
    26.74100     38.61170     -8.38330
    45.36043     40.95583    -12.56949
    33.00160     37.30590    -17.48690
    45.03790     49.15630    -27.34960
    33.87230     31.44090    -13.88690
    41.92280     30.94300    -16.50350
    26.55124     20.65557    -12.48965
    31.17543     44.02852     -9.83239
    30.26785     32.17026    -16.09975
    40.92580     27.62060    -20.48360
    43.13800     38.74330     -8.40660
    37.77550     45.24520    -21.96600
    37.74650     30.73250    -21.58330
    49.01080     57.13290    -22.80250
    42.88980     26.81090    -14.48280
    52.08878     47.89942    -10.55127
    31.71708     35.89052    -15.38504
    31.87458     35.92563    -15.15856
    36.05150     36.83580    -16.65510
    43.61940     55.57070    -14.36970
    41.73150     38.22390     -6.33720
    45.54160     35.85340    -10.33930
    40.51265     32.88880    -14.83716
    42.33484     37.62098     -5.79486
    42.29373     28.57252    -11.91257
    37.55900     32.87430    -12.76361
    42.85723     33.90891    -11.17468
    46.61443     46.35813     -6.54712
    47.60320     37.77585     -9.57973
    40.55343     32.90017    -14.90730
    40.50904     32.87065    -14.83485
    50.51747     43.52682    -10.77026
    32.02910     31.05970     -8.60630
    31.56442     34.29381    -16.58780
    34.51110     24.52160    -19.07710
    53.05929     44.14395    -12.04132
    44.85100     42.72200     -5.11700
    55.23120     49.96620     -3.99030
    32.45150     26.30710     -7.97960
    39.21952     31.56383    -14.63560
    35.53374     18.40963    -14.39806
    47.96093     50.24887    -12.69581
    39.60982     54.13209     -9.90272
    35.16160     27.68090    -14.81930
    48.00618     50.25946    -12.66625
    33.38660     39.33160    -21.26650
    48.73470     61.40290    -11.50270
    35.90560     30.36360    -10.71670
    18.32736     31.30967     -8.55306
    44.07740     34.40930     -7.68060
    49.65020     45.83650    -10.00310
    41.87160     27.44696     -8.28214
    45.70820     59.02310    -16.50420
    27.69900     39.58950     -6.07220
    53.70480     45.57213    -13.45636
    36.85830     28.50460    -18.88580
    34.05280     30.90560     -8.18960
    29.01340     37.78940    -15.48410
    40.92780     36.06200     -8.53970
    33.73101     38.22068    -18.17952
    37.77781     49.49891    -14.00757
    36.14400     37.72220     -9.44070
    16.01460     27.88150    -21.06910
    30.77680     27.94290    -10.40010
    40.94388     34.40915    -10.24425
    39.98880     28.39597     -6.53688
    17.78180     25.71350     -4.95540
    50.39170     58.06940    -21.00940
    42.25190     40.08427    -10.00643
    41.02310     53.09650    -10.14700
    35.84589     21.02129    -16.11933
    25.52350     14.22830    -15.46170
    23.25280     28.10120     -9.25690
    30.68636     42.52371    -13.61578
    48.55670     34.15770    -11.53860
    32.99440     14.82930    -12.25890
    40.43020     35.66650    -12.96410
    50.75811     43.67924    -11.02390
    41.44500     25.02200     -7.22820
    36.05822     21.18091    -14.62763
    41.89600     44.71240    -16.53980
    40.72370     32.85370    -11.02800
    34.93792     46.93336    -12.19624
    47.47770     44.19900    -13.70570
    46.73516     39.63516    -14.35878
    25.50843     38.27989     -6.59867
    35.69726     37.28718    -14.71587
    30.05950     34.30720    -13.66450
    49.44740     43.51780    -10.21040
    47.77273     43.79664     -8.51460
    37.73580     28.16890    -15.18040
    37.53750     35.57940    -10.89980
    34.92812     36.00068    -17.22583
    42.72386     34.95174    -11.89486
    37.87540     31.43931    -11.06213
    43.84808     34.24373    -11.71641
    39.67990     45.18180    -19.60970
    25.58180     33.56560    -13.92480
    25.93826     38.39938    -12.65404
    53.05159     51.56110     -7.40770
    22.64780     24.30780     -8.40420
    43.60014     33.69966     -8.25078
    52.72790     53.25290     -7.06790
    49.05498     42.32132    -10.40718
    33.93503     44.14899    -10.02332
    55.63670     51.39410    -13.11830
    39.34051     32.38027     -8.89075
    20.84940     19.39410    -12.48970
    37.12710     19.25490    -13.25670
    38.42266     31.46253     -7.61385
    21.57739     22.67267    -11.38733
    39.41130     29.35850    -24.47000
    29.23350     19.06460    -10.50650
    43.62367     33.70329     -8.27898
    51.12380     41.97430    -14.62060
    43.83270     34.72650    -14.62230
    39.89990     55.50770    -10.95180
    30.85250     26.72530     -8.67040
    39.85358     28.03979     -6.95298
    39.12410     54.15180    -12.24050
    40.36550     34.36050    -14.79840
    20.15807     24.87823    -10.89238
    41.90034     29.64143     -7.29397
    36.10456     21.24053    -15.70797
    36.06628     21.16398    -15.19499
    49.13010     49.32940    -10.31950
    43.94640     28.53020    -14.08800
    28.62247     39.37200    -11.71206
    53.81820     51.38760     -9.57130
    23.49162     24.36288    -14.06852
    44.78650     33.24100    -14.99930
    53.29760     56.71430    -24.11930
    48.23650     40.26340    -14.35860
    41.60940     28.84850    -15.20900
    42.19532     39.74498     -9.44136
    52.95819     51.42262     -7.54512
    49.85750     46.81460    -14.13820
    26.70417     21.02523    -11.09708
    35.61951     29.26613    -10.21879
    52.17710     64.52120    -13.20430
    63.63890     59.54110    -21.47440
    43.87240     46.62340    -23.87660
    28.69250     38.77950    -13.45680
    41.91460     29.79770    -13.38820
    33.30626     47.43868    -11.87792
    51.90255     46.72170    -11.50049
    35.80220     28.99540    -18.40000
    50.21050     49.60490    -15.33280
    37.88448     41.28600    -18.44118
    37.37030     29.72120    -10.99308
    35.53532     30.26520    -12.97333
    49.22880     39.52600    -14.66970
    36.24020     25.94300     -9.14970
    35.53448     30.25410    -13.04737
    41.07930     38.99670    -13.70690
    18.08720     28.36950    -18.64750
    53.12840     47.86480    -12.94110
    48.60991     35.36034    -11.69456
    40.36930     28.90750    -11.08900
    47.97229     50.32057    -12.75233
    27.33004     39.25890    -12.90284
    57.84320     56.62030     -7.86500
    26.64670     38.85062    -13.17684
    59.59970     51.27030    -15.21760
    36.63240     51.07660     -5.95940
    42.22489     28.51447     -7.84542
    16.69050     27.02450     -5.66690
    32.90397     22.18472    -10.55213
    35.58510     32.54980     -7.27980
    38.44290     46.34840    -21.20660
    39.34200     34.16610    -12.78820
    23.01523     37.19379     -8.91348
    39.81800     33.21350    -19.45400
    35.21890     16.95400    -12.52680
    38.42350     27.61940    -15.55980
    48.97259     35.69867    -11.82663
    38.27440     28.36460    -17.94510
    33.90460     29.79770    -20.04260
    22.59080     34.26580    -11.52790
    34.99925     30.96980    -12.74549
    58.10880     48.58530     -9.03170
    51.87623     46.31674    -10.79218
    43.20672     31.78961     -8.30487
    22.37170     22.43420    -14.22210
    32.37460     46.64870    -12.03440
    42.43342     26.56341     -9.28339
    37.79886     31.29330    -10.96247
    40.72293     31.38420     -7.67581
    42.91500     31.80250    -17.05960
    42.06026     54.30595    -11.00343
    40.60200     44.28370    -25.14600
    43.67349     33.67894     -8.17434
    32.83460     26.90890     -6.82700
    42.32370     32.06870    -11.35800
    43.41330     36.47810    -13.21160
    24.95080     36.45080    -12.90720
    42.40142     26.50023     -9.16906
    33.30397     26.53089    -11.37498
    29.36131     20.59543    -13.04275
    33.48001     38.14774    -17.67746
    28.89630     24.24160    -22.32350
    49.31650     34.93020     -9.40934
    42.96950     33.07540    -14.10190
    26.44316     20.62165    -12.63197
    29.68462     36.40329    -13.40575
    55.76926     56.45857    -14.91739
    23.11524     36.99608     -9.18640
    32.59639     24.53926    -11.25462
    47.11350     57.17400    -19.60400
    36.70153     48.05199     -9.71113
    16.29530     25.38540    -13.04020
    52.06020     59.89710    -22.93630
    14.74470     26.86100    -13.31690
    41.28810     33.63060    -11.38810
    52.04208     52.40437     -6.68961
    54.22000     47.13320    -12.60330
    34.09500     14.30000     -5.67740
    37.33940     29.20870    -21.84140
    35.31170     42.41710    -24.22580
    40.07440     32.75510    -11.53880
    30.12750     13.82510    -22.58130
    49.41710     57.60880    -20.40500
    60.89541     54.63215    -24.16314
    52.17110     48.81070     -7.24050
    22.40970     21.39250    -11.10800
    46.02590     37.47730     -9.97650
    51.83064     41.84789    -12.62909
    40.91060     34.23550    -16.75230
    21.87920     21.46820    -19.03910
    45.31207     46.41303    -26.68433
    50.96330     47.55530     -7.77730
    25.71450     39.31980     -9.21900
    44.92470     31.47050    -10.29290
    35.51766     18.39677    -14.47694
    50.58060     64.51680    -23.91659
    46.61567     46.29477     -6.56048
    43.92690     43.35860    -25.81570
    43.24498     31.79829     -8.35003
    58.74370     56.50450    -10.61200
    48.43497     42.67666     -8.50174
    28.74437     39.41081    -11.37508
    50.70258     59.10438    -23.90135
    30.39059     19.47067    -12.50335
    45.72300     39.81141     -6.74688
    50.96780     40.84395    -12.25122
    48.94542     42.46297    -10.41165
    49.00502     42.34766    -10.35629
    36.04993     25.29740     -8.41779
    41.24039     29.28005    -17.02091
    25.08210     22.76080    -15.26680
    28.78740     41.21090     -5.31540
    42.67282     28.20458    -13.29628
    42.67891     37.94182     -8.07015
    49.52240     37.42330    -12.56050
    39.87120     35.15080    -13.55630
    55.58560     48.26350    -15.06370
    33.62983     25.68910    -10.81028
    38.09030     31.64760    -19.89170
    24.88740     35.81880    -12.08690
    36.51050     41.11700    -17.67680
    27.37580     19.40650    -13.56040
    43.61260     47.63450    -22.50900
    51.50534     45.31036    -10.58458
    57.58050     64.72880    -20.73380
    20.13743     24.86737    -11.05982
    37.93859     29.56834     -8.79537
    19.74280     24.46950    -10.51520
    30.54960     36.45220    -13.17450
    27.60050     32.67590    -17.18070
    48.29071     42.61501     -9.98955
    35.96429     27.65187    -12.83809
    47.62420     47.50910    -26.54980
    40.56730     32.13090    -11.16440
    32.49140     46.06630    -14.73250
    17.47492     26.19412     -8.58802
    44.51214     40.32303    -13.14854
    36.28260     48.65140    -11.37600
    38.92830     32.46170    -20.73760
    32.75480     44.79920     -8.86670
    41.09240     40.21000    -10.34990
    25.29970     21.19866    -12.87574
    31.65530     31.13650    -12.12480
    36.69930     22.92220     -7.11420
    55.24880     46.48730    -15.04450
    32.61246     45.14380    -13.70336
    35.73867     28.57604    -13.13865
    48.01820     39.04500    -10.59740
    48.27064     39.99295    -10.74043
    35.91500     29.45310    -13.74450
    45.81940     50.76700     -8.41320
    42.84974     28.84201    -10.22245
    39.94450     33.59470    -15.11710
    21.64509     24.24547    -11.55174
    40.96738     27.03570     -8.11000
    44.49206     40.32817    -13.28816
    37.48725     32.92520    -12.34200
    36.66890     25.06560    -12.30700
    49.71470     61.23100    -21.37650
    25.45570     37.62070    -12.37960
    33.55017     38.12896    -17.87246
    27.82066     38.82116    -11.35882
    28.60700     35.49150    -11.00160
    39.62240     33.09510    -16.80600
    35.74300     31.87480     -8.37430
    34.92756     20.37505    -14.29532
    30.12240     27.94340     -5.97000
    31.22390     22.78460     -7.89610
    29.63310     27.52730    -12.52930
    36.00020     19.98510    -18.45060
    34.06720     18.10510    -11.82880
    52.65461     43.10536    -13.29653
    15.15097     27.76887    -12.42857
    29.13880     33.13810    -11.20400
    31.75200     20.96740    -12.66180
    28.34960     22.73430    -11.34640
    36.70477     34.22649    -12.09833
    51.73588     45.44071    -11.40477
    34.77566     45.16432    -13.07252
    38.94700     35.32140     -8.27030
    29.60868     36.36287    -13.68408
    31.65426     21.77050    -11.39979
    31.54160     35.84098    -15.62919
    24.65100     21.18370    -14.69410
    29.29976     33.89960    -11.89466
    28.01250     36.51400    -17.31020
    25.43800     39.56780    -13.07590
    53.30030     40.94150    -15.02380
    46.69478     32.81455     -6.85455
    46.65537     32.78726     -6.88121
    46.71096     32.79419     -6.88024
    25.84970     37.40030     -8.33290
    46.00440     61.43460    -21.12490
    53.59609     52.51003     -8.38919
    29.25394     42.77022    -15.47842
    36.17300     48.72740     -8.15300
    46.99550     34.16610     -9.91470
    50.44838     43.48200    -10.67755
    18.17360     26.44880    -13.23670
    35.48920     49.55510     -6.83640
    53.10241     44.07635    -12.02948
    53.90646     55.80440     -8.67607
    54.29500     49.71630    -11.49200
    36.11270     45.26220    -17.48320
    44.42800     43.26040    -10.56210
    18.22420     26.13560    -10.30060
    45.27520     43.31500    -11.30130
    29.61812     36.21963    -13.64783
    37.62883     32.67701    -13.20417
    35.54107     27.91493    -10.68675
    43.61088     28.20945    -10.50114
    27.78770     28.79800    -19.31580
    54.28950     52.86830    -11.93070
    33.41670     41.00530    -19.54690
    47.67550     35.34070    -11.09520
    35.40960     36.15610     -7.26410
    52.49502     40.98309    -13.69838
    26.73289     38.43112    -12.27341
    23.66564     24.46430    -13.87925
    35.15930     33.41870    -13.77510
    29.71777     36.11129    -13.36501
    39.22560     43.62550    -27.10760
    45.47280     37.24980     -9.39120
    42.64220     57.91170    -11.87480
    58.27590     48.50580    -21.62960
    15.17473     27.81873    -12.56263
    46.65810     43.30610     -7.10530
    31.59698     34.26929    -16.68780
    50.10947     44.32282    -10.31107
    41.31240     33.17750     -8.21680
    34.80915     45.56836     -8.95359
    41.81051     29.36962     -7.55547
    30.85374     42.52749    -13.62356
    42.24275     33.51881    -12.51252
    36.06868     21.13138    -15.16403
    35.95331     27.69213    -12.78881
    34.76114     36.67856    -14.07070
    45.42410     53.69910    -18.28400
    33.57340     31.86200    -10.78330
    36.47630     26.76740    -12.25440
    34.87208     46.91784    -12.28246
    51.93512     46.76046    -11.37916
    35.54890     23.84040    -10.64570
    23.16380     34.64120    -10.43160
    21.83610     26.08130    -12.16530
    43.80180     33.95610    -13.87500
    25.37660     34.78060     -9.73300
    33.47690     25.76140     -8.52640
    59.52880     54.04700    -21.11690
    59.96320     54.30510    -22.23780
    42.77842     28.84699    -10.32918
    42.85360     28.87679    -10.19492
    42.22825     33.58451    -12.36931
    18.13660     24.28790    -14.47240
    20.10430     22.30070    -18.06400
    31.65200     37.81280    -17.97280
    41.96370     34.84260    -13.72640
    37.73496     21.20603    -17.10638
    23.89830     23.17180    -12.25690
    51.65304     45.40078    -11.03984
    29.25723     40.00812    -11.12171
    32.60966     45.12276    -13.56961
    32.62338     45.15702    -13.56859
    33.25942     38.20331    -17.03913
    33.98590     27.81760    -10.62090
    35.95427     46.52376     -9.74578
    23.98760     27.03520    -18.04650
    22.79673     35.73825    -11.38904
    50.35880     43.45110    -10.70088
    37.81955     31.37233    -10.95647
    43.11440     34.63950     -8.11160
    42.83380     28.87403    -10.22945
    51.45540     51.21750     -7.18850
    43.55830     40.48090     -4.81850
    16.72220     26.36500     -9.86960
    43.98203     35.31387    -13.88168
    33.94190     48.43720     -9.26220
    25.32200     21.18464    -12.76536
    23.07986     37.06050     -9.16762
    29.99220     36.15260    -15.69850
    36.78370     30.24430     -7.26690
    27.46950     21.05010    -13.79130
    22.11080     35.81240    -10.03390
    34.34260     25.38720     -8.32890
    47.59690     35.23550     -7.86250
    34.60750     38.02690    -21.63930
    18.95344     30.95047     -9.73635
    43.82262     34.24617    -11.74139
    63.63940     57.09060    -22.95500
    37.89294     44.12453    -23.52738
    28.79540     42.26900     -5.23270
    54.95650     45.64500     -8.92050
    40.02920     31.29820     -9.37230
    47.56068     37.76628     -9.73141
    33.00030     32.75880     -8.11010
    29.51942     36.49675    -14.22987
    35.09180     33.91190    -18.83450
    27.65582     38.91382    -11.36127
    47.52467     33.94248     -7.75896
    38.81100     22.74720    -10.33140
    37.45870     32.25080    -11.38510
    41.17830     32.06140    -12.24380
    48.03750     49.49930    -22.54640
    39.50520     27.73760    -15.44420
    40.13249     33.76116    -11.67480
    37.01157     27.18139    -22.06016
    19.53190     29.85280     -9.96690
    34.69810     33.59550    -16.31990
    35.91910     20.27250    -16.44740
    50.90483     44.65081    -11.27055
    42.55623     34.54931    -11.83397
    31.58146     42.67914    -13.24157
    35.44590     31.54780    -13.74020
    49.50716     44.44692    -10.49316
    34.34070     45.23720    -10.94800
    32.04260     44.71850     -5.76230
    32.26410     14.60940     -8.98340
    48.81740     44.44390    -12.41360
    46.91000     34.96830    -10.59250
    56.11370     65.20130    -24.32300
    54.04540     50.53200     -8.91750
    36.65357     48.23076     -9.53006
    25.23250     22.06810    -12.32240
    34.75139     45.21299    -13.20999
    48.69890     45.74370    -18.25660
    27.16220     41.81880     -6.56650
    39.99460     35.01500    -10.09830
    44.84082     42.67000     -7.78790
    18.70050     31.93540     -7.73090
    22.41080     34.20410    -13.61540
    36.70966     29.53919     -9.34635
    18.52950     28.89560     -9.05130
    24.61980     38.97760    -13.19020
    26.26956     20.57415    -12.90476
    35.91050     47.22430     -9.90920
    48.60931     35.31640    -11.68210
    41.03722     38.73471     -9.49805
    22.84077     35.76595    -11.48106
    35.60650     34.44040     -8.91420
    28.42130     37.89840    -15.11520
    34.95460     29.07880    -16.89440
    38.19730     27.22970    -12.56530
    18.82420     23.49530    -13.60770
    22.09320     20.36050    -13.91980
    50.86240     63.58390    -10.17290
    43.37128     28.07442     -9.53493
    28.47760     34.78550    -12.31300
    36.59769     24.34325     -8.93916
    27.10882     20.99280    -11.87829
    58.57483     48.98519    -10.52098
    45.70340     39.88429     -6.72032
    39.32370     35.12960    -22.01330
    25.71730     24.01840    -14.62910
    47.00944     45.07122     -9.26125
    34.02355     43.04404    -17.34907
    23.89290     30.19230    -17.38090
    30.99366     43.87375     -9.92310
    46.67071     39.58480    -14.32379
    55.72312     56.20766    -14.46583
    59.65050     54.93570    -20.09180
    58.58467     48.97811    -10.42252
    56.12880     66.11570    -20.89740
    51.22843     38.91622    -13.16601
    43.53227     36.45810     -8.56295
    41.24120     51.32250    -16.82890
    40.14180     50.56540    -15.18710
    46.31780     59.10500    -13.12020
    20.09188     23.65971     -9.42504
    20.09598     23.65188     -9.25715
    37.40310     49.26090    -12.73960
    49.62000     41.68430    -14.51880
    26.89486     38.34612    -10.37102
    29.11120     15.29010    -10.75820
    51.23398     38.94372    -13.12587
    31.77660     34.16000    -14.99030
    46.04730     45.19440     -7.92790
    48.85243     48.31472    -15.73091
    50.08300     56.19730     -9.08960
    34.03125     43.02406    -17.42163
    42.71727     37.91236     -7.89711
    48.48126     49.56811    -11.49198
    19.44520     22.35050     -8.15680
    31.49400     26.32020    -11.32180
    24.11910     31.65590    -14.19770
    48.06392     42.64713    -10.12278
    51.59529     58.21348    -18.92732
    29.89900     39.27480    -15.11640
    34.57711     30.97386    -10.63521
    34.79735     45.27032    -13.37290
    38.65150     30.00710    -10.12700
    34.42064     48.38453    -11.13312
    20.85450     23.71730    -11.83920
    51.00297     40.70053    -12.40565
    40.98180     37.92530    -10.96230
    18.66220     28.18290    -10.38880
    41.27297     35.35978    -11.79208
    25.63274     22.62576    -13.32427
    54.00120     64.80940    -19.34930
    50.41420     45.61530    -10.45770
    38.39140     31.16530    -19.16280
    30.50810     19.00410     -7.59800
    41.07408     38.78429     -9.61205
    42.18065     33.49747    -12.68710
    50.66522     59.13552    -23.75415
    26.57449     38.70272    -12.85897
    32.55662     24.66725    -11.01542
    19.91350     26.11470     -7.88740
    50.28472     43.46552    -10.47278
    25.49997     38.20801     -6.57573
    51.07740     53.31000    -15.06350
    41.26753     35.29852    -11.74162
    56.56050     60.99320    -19.21710
    37.85840     28.20460    -11.24300
    41.83480     54.25476    -10.21753
    45.03290     31.48270    -15.08140
    52.15470     38.42500    -10.76880
    33.38724     47.41332    -11.90038
    58.97410     64.07940    -21.15830
    37.90666     44.16537    -23.54892
    37.59620     40.27070    -19.39160
    50.58644     56.85877    -25.26998
    45.07850     38.11760    -13.57170
    27.23190     17.19050    -14.70600
    53.37886     43.93489    -13.96737
    45.85810     52.15090    -21.02200
    37.25960     27.95640    -22.01910
    19.13530     31.12420     -7.73140
    32.05500     23.83890    -10.58500
    42.63540     35.00150     -7.31870
    18.09490     26.13410     -5.98580
    54.78520     49.71150    -13.77100
    43.14430     38.52590    -12.33230
    16.96380     23.96540    -10.14870
    42.38253     41.83838     -9.44070
    26.80230     12.92620     -8.95300
    49.80325     36.73011    -12.26268
    34.81330     49.53270     -5.64460
    40.85810     27.68269     -7.38988
    32.99360     28.94420    -10.75110
    50.00164     44.12092    -10.76514
    32.21300     25.39170    -10.08300
    43.32467     28.14137     -9.47273
    41.86754     28.90307    -13.83226
    15.83380     25.39500     -6.60680
    51.33430     57.48930    -23.73610
    37.67255     32.51964    -13.28187
    33.73870     44.44520    -13.45860
    31.76263     43.59326     -9.60311
    46.83490     37.87160    -15.19710
    34.96805     31.03460    -12.82591
    44.69025     42.65526     -7.44076
    42.76480     37.11010     -7.60620
    38.78060     41.50510    -18.19780
    36.03812     21.15224    -15.68464
    52.20702     52.42863     -6.65816
    20.62090     25.06050    -19.23630
    34.00740     44.91780    -12.65660
    53.48750     42.70070    -14.91330
    33.61862     38.18322    -18.06153
    64.60260     55.96750    -25.49600
    57.68017     47.78975    -16.99016
    26.75453     38.20734    -12.25165
    55.10430     56.03850     -8.77580
    34.29800     26.53040    -20.23200
    21.52719     22.99890    -12.24321
    22.82200     26.60730    -12.68810
    19.21470     27.23210     -6.58750
    19.60172     27.39938    -14.36402
    28.08980     24.34570    -15.65960
    34.87390     32.59390     -6.96700
    25.12850     32.76800    -17.31850
    21.52329     22.82090    -11.82496
    54.59070     47.02590    -14.10180
    48.74850     56.08120    -23.80340
    34.86110     25.91790    -13.95890
    49.30620     64.84760    -26.27330
    31.26960     42.03460    -10.31950
    23.62053     24.45119    -13.93442
    60.42100     50.59010    -20.36510
    51.55885     52.70250     -8.71199
    35.46390     29.32915    -10.36831
    19.07150     25.24200     -9.09370
    52.86470     46.89590    -11.89150
    40.02470     24.98110    -13.12710
    21.64875     24.28799    -11.57393
    49.66860     57.84150    -23.36600
    58.90550     50.36640    -17.29480
    43.05960     37.79990    -12.10010
    24.61480     34.10060    -14.12640
    25.89790     32.00640    -13.19250
    31.33950     24.58480     -7.06100
    59.49569     50.93698    -10.46473
    52.54242     41.11507    -13.86606
    41.92210     36.72206    -11.90420
    42.40290     27.14730    -11.33240
    31.37160     34.32400     -9.00520
    50.19370     62.41980    -26.10540
    40.54080     41.92350    -11.80240
    47.95640     38.70150    -15.20240
    18.09360     27.16690     -5.57140
    30.27146     32.16176    -16.08623
    52.85010     48.25360    -12.01490
    19.12790     30.92560     -6.30180
    51.17771     41.20995    -12.10549
    34.31030     31.41100     -9.64690
    35.99233     46.54384     -9.57412
    33.99657     44.17571     -9.98078
    44.37590     30.46530    -13.50520
    29.33186     20.48000    -13.16147
    43.96794     35.35079    -13.86514
    28.33971     24.99336    -14.04565
    49.83630     62.97820    -21.28470
    59.47981     50.87862    -10.48497
    38.40650     49.43370    -10.64190
    49.23480     43.92360    -13.03780
    41.00810     31.56480    -19.21380
    30.42351     19.44843    -12.66995
    53.66521     45.51358    -13.44828
    17.92970     28.00320     -8.32100
    39.77640     26.12720    -22.34250
    37.56120     24.48320     -6.56660
    40.86372     34.37993    -10.22314
    51.53450     42.60210    -12.15950
    30.31999     32.14599    -16.10456
    45.72869     42.08398     -7.70967
    42.83240     39.37650     -6.16330
    49.48140     42.50165     -9.52054
    39.82010     45.91080    -17.82930
