    43.52243     41.16123     -9.68163
    39.34275     32.37690     -8.69083
    43.52243     41.16123     -9.68163
    55.82150     57.28757     -9.82908
    33.30580     17.84170    -15.31120
    40.51094     32.87721    -14.83185
    44.10090     36.21740     -7.96960
    41.85099     29.51942     -7.41446
    51.74280     40.33200    -13.01160
    53.36525     43.90335    -13.94325
    31.42610     37.57310    -15.99920
    46.64783     39.56954    -14.27952
    41.93653     36.75340    -11.91240
    22.41520     22.65730     -9.38360
    35.64505     37.13469    -14.64126
    35.64505     37.13469    -14.64126
    38.07680     31.82080    -14.85930
    33.68610     46.32820     -9.09230
    53.39553     49.99032    -11.66761
    39.66380     39.17040     -8.58565
    41.85980     27.46685     -8.30605
    40.61260     27.52830     -9.28980
    47.52370     36.89560    -10.84190
    42.22963     39.90105     -9.70696
    48.32054     40.06198    -10.69078
    25.95839     38.44076    -12.72389
    29.73340     19.42490    -13.11390
    31.60221     43.55216     -9.35412
    39.20535     31.52770    -14.60840
    34.02055     20.85015    -11.82780
    46.50560     40.92520    -10.37440
    20.07085     22.55130     -9.77515
    48.32054     40.06198    -10.69078
    43.52243     41.16123     -9.68163
    44.85030     47.70500     -5.77110
    57.44495     65.54100    -23.96080
    42.68463     34.86399    -11.96516
    34.92637     36.01137    -17.26193
    42.71139     30.55793     -7.81067
    42.71139     30.55793     -7.81067
    52.02829     47.96478    -10.51550
    50.36925     37.65060    -12.60825
    36.58271     24.36444     -8.94840
    42.21401     33.52503    -12.56338
    42.21401     33.52503    -12.56338
    35.46431     27.91517    -10.95589
    51.80630     41.86690    -12.68770
    32.36700     22.73850     -9.41360
    41.91020     56.49160    -10.16880
    55.63017     64.45553    -22.33355
    55.63017     64.45553    -22.33355
    55.63017     64.45553    -22.33355
    21.18971     23.40491    -10.35991
    55.63017     64.45553    -22.33355
    33.30460     20.18143    -12.79827
    33.30460     20.18143    -12.79827
    33.30460     20.18143    -12.79827
    53.74620     49.22670    -11.74510
    50.59790     64.47785    -23.91900
    42.35895     37.65325     -5.79185
    55.82150     57.28757     -9.82907
    55.82150     57.28758     -9.82907
    55.82150     57.28758     -9.82907
    40.12205     33.76645    -11.71200
    36.69432     48.05149     -9.72636
    21.18971     23.40491    -10.35991
    51.14599     44.59670    -11.36470
    29.03240     25.43170    -13.00510
    30.26400     41.81480     -9.64650
    48.80441     35.55197    -11.76055
    32.63038     45.13327    -13.61280
    59.83285     52.33533    -10.31655
    34.02055     20.85015    -11.82780
    50.63400     45.82140    -11.79040
    58.41295     47.54110    -11.12660
    42.67903     37.99350     -7.65589
    32.58410     28.10750    -21.45320
    37.07670     32.53390    -10.52110
    43.25650     34.51280     -9.97920
    31.60221     43.55216     -9.35412
    42.24730     28.52611     -7.90722
    51.48899     49.75444     -9.86809
    34.79572     45.77921     -9.19379
    50.36925     37.65060    -12.60825
    34.79572     45.77921     -9.19379
    43.71230     42.22020    -10.05090
    39.90949     28.21096     -6.76577
    43.45327     28.13995     -9.86309
    43.82928     35.33300    -13.87840
    25.60840     22.64295    -13.36745
    42.71139     30.55793     -7.81067
    21.18971     23.40491    -10.35991
    42.24730     28.52611     -7.90722
    36.71305     34.25585    -12.09360
    40.49860     54.33360     -8.28780
    20.96570     25.33730    -10.77470
    35.70873     28.52541    -13.24807
    35.64505     37.13469    -14.64126
    19.58385     27.42150    -14.39125
    38.66770     30.50110    -14.48330
    51.64836     45.39683    -11.07069
    42.43180     32.52240     -7.41580
    23.06231     37.08716     -9.06842
    47.58973     37.77203     -9.63427
    34.58598     30.98278    -10.64780
    55.90230     62.32160    -24.12560
    41.06240     54.33840     -8.88160
    34.79572     45.77921     -9.19379
    37.94370     29.57725     -8.72510
    30.78750     42.64885     -9.60570
    46.23380     38.35080    -14.62660
    37.90825     41.26975    -18.39855
    52.02829     47.96478    -10.51550
    34.43635     48.36470    -11.18955
    31.07270     42.58635    -13.51476
    43.82928     35.33300    -13.87840
    49.78113     36.69455    -12.24633
    49.78112     36.69455    -12.24633
    45.07280     38.72260     -7.24850
    40.71210     29.26760    -14.61570
    21.57814     22.71044    -11.50382
    21.57814     22.71044    -11.50382
    29.32150     33.87410    -11.85070
    51.14599     44.59670    -11.36470
    20.07085     22.55130     -9.77515
    27.80525     38.83153    -11.38433
    35.30533     20.07374    -13.82522
    42.29960     39.33190    -10.46130
    58.41295     47.54110    -11.12660
    56.67740     60.55160     -9.56270
    43.12270     32.60930    -13.25310
    51.02689     40.70246    -12.38062
    40.84728     34.34997    -10.21786
    50.46480     43.51947    -10.70237
    37.04390     27.16405    -22.02835
    35.47060     46.80540     -8.50090
    41.03395     26.98591     -8.11371
    42.19240     37.54990    -10.85990
    33.66425     26.68600     -8.82135
    18.32826     31.36119     -8.71845
    36.07480     27.07360    -21.39060
    51.14752     41.11855    -12.15484
    23.70370     37.25600     -7.08850
    45.26755     46.32168    -26.59855
    59.83285     52.33533    -10.31655
    36.68333     29.53330     -9.29800
    49.78112     36.69455    -12.24632
    51.82781     52.45890     -7.86084
    42.67903     37.99350     -7.65589
    51.82781     52.45890     -7.86084
    42.67903     37.99350     -7.65589
    51.88270     40.08390    -11.64370
    39.66380     39.17040     -8.58565
    23.06231     37.08716     -9.06842
    33.66425     26.68600     -8.82135
    43.59060     41.33300    -13.38000
    40.88220     27.67355     -7.31690
    42.24730     28.52611     -7.90722
    34.58598     30.98277    -10.64780
    41.94346     54.28688    -10.58104
    17.48375     26.19805     -8.60880
    42.19240     37.54990    -10.85990
    34.58597     30.98277    -10.64780
    27.33690     39.26430    -12.92305
    32.57994     24.60706    -11.12433
    54.86480     59.73460     -8.00220
    29.31976     20.41459    -13.17540
    59.01260     51.52240     -8.65790
    51.88761     52.40286     -7.68122
    42.67903     37.99350     -7.65589
    56.15560     63.33370    -20.96360
    43.82928     35.33300    -13.87840
    40.73140     30.00080     -6.62840
    33.91360     48.26540    -11.90360
    21.18971     23.40491    -10.35991
    54.61300     43.71910    -15.58420
    35.64505     37.13469    -14.64126
    41.85099     29.51942     -7.41446
    51.09310     40.93219    -12.25589
    42.48480     32.09160    -14.74700
    57.44495     65.54100    -23.96080
    26.87480     38.36285    -10.32025
    42.56000     53.62470    -10.79050
    35.70873     28.52541    -13.24807
    29.31976     20.41459    -13.17540
    19.26150     23.58400     -9.60780
    23.80010     35.67085    -11.88790
    40.61180     37.98210     -9.23020
    52.66160     43.12515    -13.25380
    20.08855     23.65640     -9.34369
    48.18280     45.75510     -8.67390
    33.35790     36.18270    -17.70980
    41.37620     28.71030     -8.58010
    18.95075     30.93045     -9.68460
    42.51550     29.76150     -8.96530
    51.14599     44.59670    -11.36470
    29.25145     42.74745    -15.51095
    36.68333     29.53330     -9.29800
    26.44583     20.71580    -12.43072
    45.38650     40.61960    -14.06780
    45.26755     46.32168    -26.59855
    21.18971     23.40491    -10.35991
    36.58271     24.36444     -8.94840
    36.58271     24.36444     -8.94840
    20.78430     28.26350     -8.84910
    51.41240     51.50900     -9.36490
    35.98443     21.11442    -15.41903
    21.57814     22.71044    -11.50382
    55.72982     56.30653    -14.59704
    55.72982     56.30653    -14.59704
    53.89245     55.84130     -8.67560
    39.34275     32.37690     -8.69083
    35.46431     27.91517    -10.95589
    28.68840     20.99970    -11.78360
    39.34275     32.37690     -8.69083
    49.15105     41.99321    -10.34841
    55.72982     56.30653    -14.59704
    41.93653     36.75340    -11.91240
    42.68437     34.86352    -11.96347
    42.68437     34.86352    -11.96347
    23.54800     37.18920    -10.53850
    53.61040     52.49005     -8.41520
    49.88364     44.28879    -10.52913
    43.52243     41.16123     -9.68163
    53.90850     46.36430    -13.48500
    21.08920     24.26700     -8.87600
    49.30095     34.96440     -9.37270
    23.80010     35.67085    -11.88790
    38.88730     32.82940    -13.76680
    43.45327     28.13995     -9.86309
    35.98443     21.11442    -15.41903
    48.80441     35.55197    -11.76055
    53.39553     49.99032    -11.66761
    59.83285     52.33533    -10.31655
    51.89991     46.53748    -11.13454
    49.88364     44.28879    -10.52913
    38.30370     23.94830     -8.91820
    35.98443     21.11442    -15.41903
    32.35380     44.35800    -12.54240
    33.56078     26.01995    -10.97335
    53.39553     49.99032    -11.66761
    31.05072     42.58185    -13.52297
    27.80525     38.83153    -11.38433
    52.62240     59.43380    -24.33510
    55.63017     64.45553    -22.33355
    26.29670     37.49390     -9.91120
    42.71139     30.55793     -7.81067
    49.22353     42.19682    -10.11867
    26.44583     20.71580    -12.43072
    29.63304     36.30295    -13.59997
    32.89455     22.17810    -10.47475
    48.29783     42.65182     -9.25782
    33.04490     37.15200    -15.08230
    18.32826     31.36119     -8.71845
    40.25120     26.42010     -8.33950
    41.85099     29.51942     -7.41446
    41.85099     29.51942     -7.41446
    59.83285     52.33533    -10.31655
    39.34275     32.37690     -8.69083
    30.78750     42.64885     -9.60570
    51.14599     44.59670    -11.36470
    52.17960     44.94770    -11.98430
    42.68437     34.86352    -11.96347
    48.26952     42.64788     -9.40543
    34.92637     36.01137    -17.26193
    51.58275     58.18760    -19.00190
    35.98443     21.11442    -15.41903
    33.56078     26.01995    -10.97335
    51.48899     49.75444     -9.86809
    51.48899     49.75444     -9.86809
    51.48899     49.75444     -9.86809
    40.51094     32.87721    -14.83185
    41.03395     26.98591     -8.11371
    35.98443     21.11442    -15.41903
    30.34016     32.13237    -16.12482
    33.58380     46.17160    -13.62680
    42.81077     33.98847    -11.23907
    53.68573     45.54937    -13.46513
    33.56078     26.01995    -10.97335
    40.47210     33.39660    -10.26310
    33.51797     26.10511    -11.04029
    47.53370     33.91250     -7.81480
    23.45720     25.47900    -13.28050
    37.71175     21.22870    -17.09985
    20.08855     23.65640     -9.34369
    48.13410     35.12560     -7.11650
    52.43970     64.98020    -23.98260
    45.37415     40.94265    -12.54885
    45.37415     40.94265    -12.54885
    33.00160     37.30590    -17.48690
    30.34016     32.13237    -16.12482
    43.13800     38.74330     -8.40660
    37.77550     45.24520    -21.96600
    52.02829     47.96478    -10.51550
    31.69425     35.88160    -15.41486
    31.69425     35.88160    -15.41486
    36.05150     36.83580    -16.65510
    41.73150     38.22390     -6.33720
    40.51094     32.87721    -14.83185
    42.35895     37.65325     -5.79185
    37.58244     32.76604    -12.87612
    42.81077     33.98847    -11.23907
    46.61505     46.32645     -6.55380
    47.58973     37.77203     -9.63427
    40.51094     32.87721    -14.83185
    40.51094     32.87721    -14.83185
    50.46480     43.51947    -10.70237
    34.51110     24.52160    -19.07710
    39.20535     31.52770    -14.60840
    35.52570     18.40320    -14.43750
    47.97980     50.27630    -12.70480
    35.16160     27.68090    -14.81930
    47.97980     50.27630    -12.70480
    35.90560     30.36360    -10.71670
    18.32826     31.36119     -8.71845
    44.07740     34.40930     -7.68060
    41.85980     27.46685     -8.30605
    53.68573     45.54937    -13.46513
    33.50333     38.17934    -17.69154
    40.84728     34.34997    -10.21786
    39.90949     28.21096     -6.76577
    50.39170     58.06940    -21.00940
    42.22963     39.90105     -9.70696
    41.02310     53.09650    -10.14700
    35.84589     21.02129    -16.11933
    50.46480     43.51947    -10.70237
    34.90500     46.92560    -12.23935
    46.64783     39.56954    -14.27952
    35.64505     37.13469    -14.64126
    30.05950     34.30720    -13.66450
    49.44740     43.51780    -10.21040
    34.92637     36.01137    -17.26193
    42.68437     34.86352    -11.96347
    37.83127     31.36831    -10.99369
    43.83535     34.24495    -11.72890
    25.95839     38.44076    -12.72389
    43.63243     33.69397     -8.23470
    49.17195     42.13585    -10.23830
    33.96580     44.16235    -10.00205
    39.34275     32.37690     -8.69083
    21.57814     22.71044    -11.50382
    29.23350     19.06460    -10.50650
    43.63243     33.69397     -8.23470
    43.83270     34.72650    -14.62230
    39.90949     28.21096     -6.76577
    40.36550     34.36050    -14.79840
    41.85099     29.51942     -7.41446
    35.99120     21.11891    -15.40388
    35.99829     21.12374    -15.34900
    23.59260     24.42612    -13.96073
    42.22963     39.90105     -9.70696
    43.87240     46.62340    -23.87660
    28.69250     38.77950    -13.45680
    51.89991     46.53748    -11.13454
    37.90825     41.26975    -18.39855
    35.53490     30.25965    -13.01035
    35.53490     30.25965    -13.01035
    48.80441     35.55197    -11.76055
    47.97980     50.27630    -12.70480
    27.33690     39.26430    -12.92305
    26.68308     38.47176    -12.65759
    59.59970     51.27030    -15.21760
    42.24730     28.52611     -7.90722
    32.89455     22.17810    -10.47475
    39.34200     34.16610    -12.78820
    23.06231     37.08716     -9.06842
    35.21890     16.95400    -12.52680
    48.80441     35.55197    -11.76055
    22.59080     34.26580    -11.52790
    34.98365     31.00220    -12.78570
    51.89991     46.53748    -11.13453
    43.22585     31.79395     -8.32745
    22.37170     22.43420    -14.22210
    32.37460     46.64870    -12.03440
    37.83127     31.36831    -10.99369
    41.94346     54.28688    -10.58104
    43.63243     33.69397     -8.23470
    43.41330     36.47810    -13.21160
    33.30397     26.53089    -11.37498
    29.31976     20.41459    -13.17540
    33.47728     38.18190    -17.62187
    49.30095     34.96440     -9.37270
    29.63304     36.30295    -13.59997
    55.72982     56.30653    -14.59704
    23.06231     37.08716     -9.06842
    32.57994     24.60706    -11.12433
    36.69432     48.05149     -9.72636
    52.06020     59.89710    -22.93630
    14.74470     26.86100    -13.31690
    41.28810     33.63060    -11.38810
    35.31170     42.41710    -24.22580
    46.02590     37.47730     -9.97650
    51.80630     41.86690    -12.68770
    45.26755     46.32168    -26.59855
    25.71450     39.31980     -9.21900
    35.52570     18.40320    -14.43750
    50.59790     64.47785    -23.91900
    46.61505     46.32645     -6.55380
    43.92690     43.35860    -25.81570
    43.22585     31.79395     -8.32745
    48.41109     42.66757     -8.66737
    50.68390     59.11995    -23.82775
    30.40705     19.45955    -12.58665
    51.09310     40.93219    -12.25589
    49.17087     42.16216    -10.22641
    49.17195     42.13585    -10.23830
    42.67903     37.99350     -7.65589
    49.52240     37.42330    -12.56050
    33.59309     25.95563    -10.92280
    24.88740     35.81880    -12.08690
    36.51050     41.11700    -17.67680
    51.64836     45.39683    -11.07069
    37.94370     29.57725     -8.72510
    19.74280     24.46950    -10.51520
    48.26952     42.64788     -9.40543
    35.95880     27.67200    -12.81345
    47.62420     47.50910    -26.54980
    32.49140     46.06630    -14.73250
    17.48375     26.19805     -8.60880
    44.50210     40.32560    -13.21835
    36.28260     48.65140    -11.37600
    41.09240     40.21000    -10.34990
    32.63037     45.13328    -13.61280
    35.70873     28.52541    -13.24807
    48.01820     39.04500    -10.59740
    48.32054     40.06198    -10.69078
    35.91500     29.45310    -13.74450
    39.94450     33.59470    -15.11710
    41.03395     26.98591     -8.11371
    44.50210     40.32560    -13.21835
    37.58244     32.76604    -12.87612
    25.45570     37.62070    -12.37960
    33.47728     38.18190    -17.62187
    27.80525     38.83153    -11.38433
    28.60700     35.49150    -11.00160
    52.66160     43.12515    -13.25380
    15.16285     27.79380    -12.49560
    29.13880     33.13810    -11.20400
    31.75200     20.96740    -12.66180
    36.71305     34.25585    -12.09360
    51.64836     45.39683    -11.07069
    34.77480     45.21588    -13.21847
    29.63304     36.30295    -13.59997
    31.69425     35.88160    -15.41486
    29.32150     33.87410    -11.85070
    25.43800     39.56780    -13.07590
    46.68703     32.79867     -6.87200
    46.68703     32.79867     -6.87200
    46.68703     32.79867     -6.87200
    53.61040     52.49005     -8.41520
    29.25145     42.74745    -15.51095
    50.46480     43.51947    -10.70237
    18.17360     26.44880    -13.23670
    53.89245     55.84130     -8.67560
    54.29500     49.71630    -11.49200
    36.11270     45.26220    -17.48320
    29.63304     36.30295    -13.59997
    37.58244     32.76604    -12.87612
    35.46431     27.91517    -10.95589
    43.45327     28.13995     -9.86309
    52.57680     41.19695    -13.91432
    23.59260     24.42612    -13.96073
    29.63304     36.30295    -13.59997
    39.22560     43.62550    -27.10760
    15.16285     27.79380    -12.49560
    49.88365     44.28879    -10.52913
    34.79572     45.77921     -9.19379
    41.85099     29.51942     -7.41446
    31.05072     42.58185    -13.52297
    42.21401     33.52503    -12.56338
    35.99829     21.12374    -15.34900
    35.95880     27.67200    -12.81345
    36.47630     26.76740    -12.25440
    34.90500     46.92560    -12.23935
    51.89991     46.53748    -11.13454
    35.54890     23.84040    -10.64570
    33.47690     25.76140     -8.52640
    42.21401     33.52503    -12.56338
    41.96370     34.84260    -13.72640
    37.71175     21.22870    -17.09985
    51.64836     45.39683    -11.07069
    32.63037     45.13327    -13.61280
    32.63037     45.13328    -13.61280
    35.97330     46.53380     -9.65995
    22.81875     35.75210    -11.43505
    50.46480     43.51947    -10.70237
    37.83127     31.36831    -10.99369
    43.82928     35.33300    -13.87840
    33.94190     48.43720     -9.26220
    23.06231     37.08716     -9.06842
    29.99220     36.15260    -15.69850
    36.78370     30.24430     -7.26690
    47.59690     35.23550     -7.86250
    18.95075     30.93045     -9.68460
    43.83535     34.24495    -11.72890
    40.02920     31.29820     -9.37230
    47.58973     37.77203     -9.63427
    29.63304     36.30295    -13.59997
    35.09180     33.91190    -18.83450
    27.80525     38.83153    -11.38433
    47.53370     33.91250     -7.81480
    38.81100     22.74720    -10.33140
    37.45870     32.25080    -11.38510
    40.12205     33.76645    -11.71200
    37.04390     27.16405    -22.02835
    19.53190     29.85280     -9.96690
    51.14599     44.59670    -11.36470
    42.68408     34.86302    -11.96165
    31.07270     42.58635    -13.51476
    34.34070     45.23720    -10.94800
    56.11370     65.20130    -24.32300
    36.69432     48.05149     -9.72636
    25.23250     22.06810    -12.32240
    34.77480     45.21588    -13.21847
    39.99460     35.01500    -10.09830
    18.70050     31.93540     -7.73090
    36.68333     29.53330     -9.29800
    24.61980     38.97760    -13.19020
    26.36261     20.68321    -12.57990
    48.80441     35.55197    -11.76055
    41.05565     38.75950     -9.55505
    22.81875     35.75210    -11.43505
    43.45327     28.13995     -9.86309
    28.47760     34.78550    -12.31300
    36.58271     24.36444     -8.94840
    46.64783     39.56954    -14.27952
    55.72982     56.30653    -14.59704
    20.08855     23.65640     -9.34369
    20.08855     23.65640     -9.34369
    26.87480     38.36285    -10.32025
    42.67903     37.99350     -7.65589
    48.26952     42.64788     -9.40543
    51.58275     58.18760    -19.00190
    34.58597     30.98277    -10.64780
    34.77480     45.21588    -13.21847
    34.43635     48.36470    -11.18955
    51.09310     40.93219    -12.25589
    40.98180     37.92530    -10.96230
    25.60840     22.64295    -13.36745
    41.05565     38.75950     -9.55505
    42.21401     33.52503    -12.56338
    50.68390     59.11995    -23.82775
    26.68308     38.47175    -12.65758
    32.57994     24.60706    -11.12433
    50.46480     43.51947    -10.70237
    37.85840     28.20460    -11.24300
    41.94346     54.28688    -10.58104
    37.59620     40.27070    -19.39160
    53.36525     43.90335    -13.94325
    37.25960     27.95640    -22.01910
    19.13530     31.12420     -7.73140
    32.05500     23.83890    -10.58500
    49.78113     36.69455    -12.24633
    40.88220     27.67355     -7.31690
    49.88365     44.28879    -10.52913
    32.21300     25.39170    -10.08300
    43.45327     28.13995     -9.86309
    37.58244     32.76604    -12.87612
    33.73870     44.44520    -13.45860
    31.53409     43.64277     -9.40816
    34.98365     31.00220    -12.78570
    42.76480     37.11010     -7.60620
    38.78060     41.50510    -18.19780
    35.98443     21.11442    -15.41903
    34.00740     44.91780    -12.65660
    53.48750     42.70070    -14.91330
    55.10430     56.03850     -8.77580
    21.57814     22.71044    -11.50383
    19.58385     27.42150    -14.39125
    28.08980     24.34570    -15.65960
    21.57814     22.71044    -11.50382
    34.86110     25.91790    -13.95890
    31.26960     42.03460    -10.31950
    23.59260     24.42612    -13.96073
    52.86470     46.89590    -11.89150
    58.90550     50.36640    -17.29480
    59.48775     50.90780    -10.47485
    41.93653     36.75340    -11.91240
    30.34016     32.13237    -16.12482
    51.10634     40.97814    -12.23095
    35.97330     46.53380     -9.65995
    33.96580     44.16235    -10.00205
    29.31976     20.41459    -13.17540
    43.82928     35.33300    -13.87840
    59.48775     50.90780    -10.47485
    30.40705     19.45955    -12.58665
    53.68573     45.54937    -13.46513
    39.77640     26.12720    -22.34250
    40.84728     34.34997    -10.21786
    51.53450     42.60210    -12.15950
    30.34016     32.13237    -16.12482
    35.33192     20.03790    -13.80093
    35.33192     20.03790    -13.80093
    35.33253     20.03733    -13.80022
    35.33192     20.03790    -13.80093
    51.61885     52.62512     -8.60219
    51.61885     52.62512     -8.60219
    51.61885     52.62512     -8.60219
    51.22543     38.93520    -13.14367
    51.22543     38.93520    -13.14367
    51.22543     38.93520    -13.14367
    35.60380     29.25334    -10.20598
    36.34840     28.48200     -9.93870
    35.60380     29.25334    -10.20598
    35.60380     29.25334    -10.20598
    47.67259     43.74716     -8.24360
    47.67259     43.74716     -8.24360
    47.04650     43.26580     -8.80150
    47.67259     43.74716     -8.24360
    42.66770     28.18785    -13.26835
    42.66770     28.18785    -13.26835
    48.55670     34.15770    -11.53860
    21.64553     24.25763    -11.53617
    21.64553     24.25763    -11.53617
    20.85450     23.71730    -11.83920
    21.64553     24.25763    -11.53617
    39.61860     26.99760     -5.94330
    53.34330     50.53100    -12.59780
    42.40647     26.54353     -9.23203
    42.40647     26.54353     -9.23203
    42.40647     26.54353     -9.23203
    49.88363     44.28880    -10.52913
    52.61661     41.30264    -13.98823
    52.61660     41.30260    -13.98820
    52.65239     41.39759    -14.05462
    52.61661     41.30264    -13.98823
    26.69741     38.40931    -12.58703
    26.69036     38.43896    -12.62105
    26.69036     38.43896    -12.62105
    26.69037     38.43896    -12.62104
    33.47876     38.18175    -17.62583
    33.47804     38.18183    -17.62389
    33.47804     38.18183    -17.62389
    26.46908     20.72707    -12.38394
    49.09878     41.63659    -10.62370
    49.09878     41.63659    -10.62370
    33.46631     38.18298    -17.59250
    26.44422     20.71527    -12.43330
    26.44302     20.71490    -12.43514
    26.44422     20.71527    -12.43330
    31.02639     42.57687    -13.53205
    34.31030     31.41100     -9.64690
    36.06204     21.16722    -14.85501
    33.57340     31.86200    -10.78330
    26.45250     20.71933    -12.41644
    44.86911     42.73082     -7.65541
    44.86911     42.73082     -7.65541
    50.22215     40.36170    -11.89970
    50.22215     40.36170    -11.89970
    30.66160     41.06190    -14.08760
    39.62460     54.13950     -9.93815
    39.62460     54.13950     -9.93815
    35.91050     47.22430     -9.90920
    22.88430     22.91870    -12.47075
    23.18240     23.62950    -12.90730
    22.88430     22.91870    -12.47075
    23.89830     23.17180    -12.25690
    30.65410     37.20860    -13.55440
    30.54960     36.45220    -13.17450
    31.44729     44.62744     -9.28886
    31.44729     44.62744     -9.28886
    40.14815     28.65865     -8.30545
    40.14815     28.65865     -8.30545
    42.13340     42.51670     -8.73110
    20.14775     24.87280    -10.97610
    20.14775     24.87280    -10.97610
    41.23190     29.29190    -17.04350
    41.23190     29.29190    -17.04350
    51.88014     52.26827     -8.24930
    43.94640     28.53020    -14.08800
    44.92470     31.47050    -10.29290
    40.14350     54.97720    -10.27270
    33.34675     47.42600    -11.88915
    33.34675     47.42600    -11.88915
    32.50790     42.61110    -11.27795
    32.50790     42.61110    -11.27795
    39.40695     53.41590    -11.58525
    39.90120     54.17310    -11.57920
    39.40695     53.41590    -11.58525
    39.12410     54.15180    -12.24050
    57.67480     47.79070    -16.97680
    56.64770     48.03960    -16.63710
    57.67480     47.79070    -16.97680
    48.87365     48.34000    -15.75320
    50.21050     49.60490    -15.33280
    48.87365     48.34000    -15.75320
    53.30030     40.94150    -15.02380
    36.24020     25.94300     -9.14970
    43.05960     37.79990    -12.10010
    32.75480     44.79920     -8.86670
    46.25010     42.80640     -8.13050
    41.55990     30.76965    -14.76950
    41.55990     30.76965    -14.76950
    34.75115     36.66145    -13.98525
    35.57030     35.98860    -13.81830
    34.75115     36.66145    -13.98525
    36.65310     25.74060     -8.08790
    36.03800     25.29345     -8.48115
    36.03800     25.29345     -8.48115
    16.72220     26.36500     -9.86960
    40.05000     32.03040    -13.85310
    37.76850     49.53220    -13.95625
    37.76850     49.53220    -13.95625
    37.40310     49.26090    -12.73960
    41.37620     26.79190    -13.86710
    42.88980     26.81090    -14.48280
    40.73700     52.99160    -11.98560
    48.46830     50.40500    -11.10960
    48.49390     49.56605    -11.51570
    49.13010     49.32940    -10.31950
    48.49390     49.56605    -11.51570
    25.31085     21.19165    -12.82055
    25.31085     21.19165    -12.82055
    35.44590     31.54780    -13.74020
    33.78620     26.22590    -20.55130
    33.78620     26.22590    -20.55130
    32.96240     26.56410    -20.26920
    34.29800     26.53040    -20.23200
    19.53930     28.14290     -8.12240
    19.53930     28.14290     -8.12240
    47.67550     35.34070    -11.09520
    60.87450     54.62135    -24.10430
    60.87450     54.62135    -24.10430
    59.96320     54.30510    -22.23780
    28.37070     40.67040    -13.65690
    41.91460     29.79770    -13.38820
    37.36670     29.74390    -10.95960
    37.36670     29.74390    -10.95960
    34.02740     43.03405    -17.38535
    34.02740     43.03405    -17.38535
    28.35230     25.00350    -14.08855
    28.35230     25.00350    -14.08855
    45.73895     42.08885     -7.66980
    45.73895     42.08885     -7.66980
    42.34895     41.84490     -9.43475
    42.34895     41.84490     -9.43475
    36.05690     31.93960    -12.23170
    33.87230     31.44090    -13.88690
    32.88900     42.85680    -13.01050
    40.75345     55.17370     -9.32640
    40.75345     55.17370     -9.32640
    41.63540     29.62380    -16.22510
    37.53750     35.57940    -10.89980
    33.25365     44.49685    -11.94180
    33.25365     44.49685    -11.94180
    49.31240     57.36660    -24.91240
    50.61060     56.88200    -25.28210
    50.61060     56.88200    -25.28210
    38.43990     52.98980    -10.40000
    37.89980     44.14495    -23.53815
    37.89980     44.14495    -23.53815
    42.54262     28.77243    -11.03435
    42.54261     28.77242    -11.03438
    42.54263     28.77243    -11.03434
    42.54263     28.77243    -11.03432
    30.89780     34.07140    -16.32190
    31.58070     34.28155    -16.63780
    31.58070     34.28155    -16.63780
    32.46250     22.66190    -12.75660
    31.66595     21.75290    -11.38985
    31.66595     21.75290    -11.38985
    39.40110     40.90210     -9.53460
    43.52460     36.44185     -8.50370
    43.52460     36.44185     -8.50370
    52.33880     49.18170    -12.15110
    41.27025     35.32915    -11.76685
    41.27025     35.32915    -11.76685
    38.39795     31.46040     -7.61075
    37.81780     32.79150     -8.25670
    38.39795     31.46040     -7.61075
    41.86085     28.87435    -13.83495
    41.86085     28.87435    -13.83495
    53.08085     44.11015    -12.03540
    53.08085     44.11015    -12.03540
    34.43110     43.09450    -20.58980
    36.53060     30.71140    -12.32960
    47.04020     45.06745     -9.21080
    47.04020     45.06745     -9.21080
    22.11080     35.81240    -10.03390
    25.50420     38.24395     -6.58720
    25.50420     38.24395     -6.58720
    23.13100     35.61900     -9.25200
    36.69930     22.92220     -7.11420
    39.27300     33.66610    -10.49120
    45.03790     49.15630    -27.34960
    28.89630     24.24160    -22.32350
    41.99400     25.30230    -10.42310
    45.71320     39.84785     -6.73360
    45.71320     39.84785     -6.73360
    27.60050     32.67590    -17.18070
    42.54256     28.77241    -11.03451
    40.71825     31.38740     -7.66555
    40.71825     31.38740     -7.66555
    52.15470     38.42500    -10.76880
    48.53230     48.02960    -14.10150
    46.04730     45.19440     -7.92790
    58.10880     48.58530     -9.03170
    58.57975     48.98165    -10.47175
    58.57975     48.98165    -10.47175
    57.78140     45.95380    -19.94950
    49.59680     37.17130     -8.03180
    49.83630     62.97820    -21.28470
    49.79440     54.26780    -26.21010
    27.50250     26.71570    -23.59695
    27.50250     26.71570    -23.59695
    33.16640     41.19940     -6.84530
    42.55611     28.77689    -10.99743
    42.55613     28.77690    -10.99738
    42.55612     28.77690    -10.99741
    42.57459     28.78301    -10.94686
    28.97283     39.63817    -11.25356
    28.99167     39.65576    -11.23729
    28.97280     39.63813    -11.25359
    29.01986     39.68209    -11.21294
    53.11083     51.55700     -7.40689
    53.10474     51.55058     -7.41178
    53.11817     51.56475     -7.40099
    53.11817     51.56475     -7.40100
    28.89754     39.56784    -11.31860
    53.14727     51.59544     -7.37763
    42.42129     28.73225    -11.36648
    31.27347     43.93672     -9.62635
    31.27310     43.93703     -9.62668
    31.36563     44.09116     -9.49325
    31.27431     43.93893     -9.62496
    35.35596     20.01297    -13.77458
    26.67426     38.50892    -12.70019
    26.65751     38.57326    -12.77701
    51.89746     52.40350     -7.61373
    51.92351     52.40744     -7.42627
    51.92709     52.40764     -7.40188
    51.94127     52.40888     -7.30343
    51.96579     52.40771     -7.14633
    26.74864     38.17667    -12.32876
    26.54819     20.76178    -12.23498
    26.57375     20.78667    -12.11978
    26.54925     20.76218    -12.23316
    26.55248     20.76339    -12.22757
    45.44347     43.12438     -7.54284
    45.44348     43.12438     -7.54284
    35.46486     19.85872    -13.67944
    35.46486     19.85873    -13.67944
    45.18479     42.94771     -7.59548
    45.29988     43.02599     -7.57098
    25.96186     20.54864    -13.22927
    35.18447     20.19455    -13.96034
    35.16418     20.21362    -13.98373
    45.74607     43.32789     -7.47081
    45.54419     43.19293     -7.52155
    35.36462     20.05255    -13.73662
    35.36528     20.00290    -13.76459
    49.48140     42.50165     -9.52054
    31.42570     43.79308     -9.49283
    31.42634     43.79232     -9.49229
    37.12710     19.25490    -13.25670
    42.40290     27.14730    -11.33240
    26.66033     21.02412    -11.00166
    26.76983     20.92596    -11.52714
    26.79892     20.88939    -11.71677
    26.88264     20.88367    -11.79080
    44.85100     42.72200     -5.11700
    52.72790     53.25290     -7.06790
    51.12380     41.97430    -14.62060
    54.52760     50.24690    -13.29360
    40.07440     32.75510    -11.53880
    40.56730     32.13090    -11.16440
    51.07140     50.78740     -7.56940
    51.45540     51.21750     -7.18850
    42.91500     31.80250    -17.05960
    51.66160     51.57890     -5.51110
    32.99360     28.94420    -10.75110
    32.68920     27.41650    -10.43760
    46.99550     34.16610     -9.91470
    37.33940     29.20870    -21.84140
    49.45390     46.16210    -11.32420
    55.32970     50.29490    -13.58700
    55.63670     51.39410    -13.11830
    54.78520     49.71150    -13.77100
    35.91910     20.27250    -16.44740
    39.09470     36.69140     -8.59910
    38.46590     36.20860     -7.86160
    45.19750     36.58100     -8.19230
    49.29960     45.32370    -10.05180
    53.30830     54.98830     -8.61170
    46.65810     43.30610     -7.10530
    38.27440     28.36460    -17.94510
    18.22650     25.78710     -7.22260
    37.33820     30.54020    -18.17900
    36.82960     30.88900    -18.88750
    38.39140     31.16530    -19.16280
    46.09600     59.61560    -16.48390
    45.70820     59.02310    -16.50420
    46.31780     59.10500    -13.12020
    38.42350     27.61940    -15.55980
    37.25860     26.01720     -9.38420
    55.84660     65.81250    -22.64950
    56.32880     65.41420    -22.67640
    37.73580     28.16890    -15.18040
    49.23480     43.92360    -13.03780
    46.83490     37.87160    -15.19710
    46.76820     37.76060    -12.27300
    34.82790     33.64310     -7.66290
    23.36830     32.83080    -13.76790
    24.11910     31.65590    -14.19770
    55.58560     48.26350    -15.06370
    17.86890     33.31230     -3.54400
    23.91740     33.37870    -13.67230
    59.52880     54.04700    -21.11690
    59.65050     54.93570    -20.09180
    38.01200     49.27370    -12.06950
    39.93560     36.78020    -12.50270
    40.36930     28.90750    -11.08900
    49.66860     57.84150    -23.36600
    48.00910     42.82540    -15.32550
    33.98590     27.81760    -10.62090
    48.13980     62.62900    -16.83150
    33.59720     24.69260     -9.42220
    35.48920     49.55510     -6.83640
    52.60150     51.17700    -10.47940
    52.50790     51.65660     -9.31420
    47.70320     45.95270    -14.10210
    55.23120     49.96620     -3.99030
    25.49080     20.60090    -10.04270
    25.40740     21.19280    -10.60350
    36.17300     48.72740     -8.15300
    52.99560     54.49480     -8.31370
    53.58990     54.50910     -7.85230
    53.34570     55.09370     -7.23380
    23.59260     34.84070    -14.41390
    40.72370     32.85370    -11.02800
    25.08210     22.76080    -15.26680
    41.31760     52.31690    -14.82860
    46.91000     34.96830    -10.59250
    41.17830     32.06140    -12.24380
    30.19360     15.51390    -22.92640
    30.12750     13.82510    -22.58130
    50.76990     43.05370    -11.78840
    50.84600     42.42360    -11.45200
    24.56300     33.11890    -14.05930
    25.58180     33.56560    -13.92480
    24.61480     34.10060    -14.12640
    22.09300     25.50220    -11.74630
    56.27390     53.54740    -12.86100
    54.28950     52.86830    -11.93070
    42.83240     39.37650     -6.16330
    35.74300     31.87480     -8.37430
    33.53690     47.00590    -14.03660
    17.72980     26.58700     -6.67540
    35.61120     19.78610    -17.46600
    38.65150     30.00710    -10.12700
    39.75890     31.97410    -11.77980
    57.06300     65.65740    -22.61570
    17.99950     27.85760     -6.82000
    42.61540     39.20370    -12.64280
    43.14430     38.52590    -12.33230
    33.48590     32.55070     -7.28060
    38.94700     35.32140     -8.27030
    42.96950     33.07540    -14.10190
    38.86510     29.23100     -9.70040
