    -0.45662     -0.12038     -0.13569
     0.12306      0.33780      0.55080
     1.00243      0.83607     -0.59872
     1.38700     -0.29017     -0.59022
     0.01152      0.04522     -1.75222
     0.35318     -0.38414     -1.17214
     0.01517      0.05526     -0.07406
    -0.19912     -0.51300      1.48118
     0.13917      0.17984     -0.09061
    -0.97843      0.24113     -0.15953
     1.08907      0.02810     -0.29182
    -0.28017     -1.37976      1.73254
    -0.24278     -0.71728      0.16133
     0.20470      0.25458     -0.94668
    -0.94137      0.02005      0.63969
    -0.01796      0.01492     -0.00534
    -0.55925      0.74250     -0.99798
    -1.13488      0.48272     -0.08670
    -0.05694      0.08821     -0.11276
     0.77685     -0.08482      0.14720
     0.39914      0.34836      0.23991
     0.06964     -0.00607     -0.49273
     0.03945      0.51307      0.78357
     1.10084     -0.35156     -0.01631
    -0.08035     -0.01947      0.46188
    -0.09673      0.16802     -0.98552
     0.09814     -0.06602      0.85167
    -0.00077      0.07787     -0.32519
     1.51810      0.65253      0.05944
     0.58563      0.36926     -0.07952
     0.09528      0.05827     -1.11664
     0.42497     -0.23418     -0.64404
     0.11023      0.38323     -0.17019
    -0.26270     -0.21195     -0.23519
    -0.11010     -0.59331      1.35125
     0.05860      0.04483      1.32954
    -0.04880     -0.08482      0.11722
     0.62848     -0.86842     -1.29003
    -0.00727     -0.00445      0.00088
     0.00696     -0.03035      1.77811
     0.33726      0.75057      1.47622
    -0.03859      0.23016     -0.17449
    -0.80207     -0.44089      0.12966
     0.49274      0.41911      0.32121
     0.20300     -0.05746      0.57431
    -0.02146     -0.02834      0.83423
    -0.20099     -0.09158     -0.98872
    -0.10409      0.03348      0.48692
     0.03948      0.01024     -0.00137
     0.00023      0.10784      0.09614
    -0.14989     -0.23719     -0.11263
    -0.40454      0.17596      0.59221
     0.42344     -0.34548      0.06565
    -0.54131     -0.09291     -0.91184
    -1.86380     -0.00764      0.39579
    -0.14592      0.02504      0.07631
     0.04565     -0.01498     -0.19180
    -0.03795     -0.21205     -0.04817
    -0.16563      0.03490     -1.76474
     1.11066     -0.39740      0.35847
     0.11946      1.45867      1.15401
     0.02473     -0.07259      0.20658
    -0.84079      0.34045     -0.05280
    -0.52408     -0.25001      0.11100
    -0.12897     -0.17909     -0.06816
    -0.89168     -1.10147     -1.02293
    -0.03829     -0.03273     -0.04837
    -0.83336      0.39996     -0.06954
    -0.20313     -0.94243      0.43623
     0.20712      0.07302     -0.03563
    -0.51308      0.48017      0.17460
     0.27792      0.00753     -0.75910
     0.06323      0.10525      0.89400
     0.00075     -0.00026      0.06726
    -0.28568     -0.16509     -0.66191
    -0.10836      0.18494     -0.33390
     0.03902      0.19249     -0.91495
    -0.82263      2.09774     -0.13323
     0.75531      0.65128      0.22380
    -0.01285     -0.05381      0.16274
     0.27476     -0.07036      0.20150
     0.14896      0.53834      1.00344
     0.28980      0.14987      0.55016
     0.18282     -0.27687     -0.50584
     0.07662     -0.20586     -0.18183
     0.57234      0.13281      0.37165
    -0.09600     -0.02784      0.03656
    -0.55987     -0.47148      0.85525
     0.42663     -0.40335     -0.50118
     0.10358      0.08314      0.38909
     0.14733     -0.29543      0.20231
     0.20573      0.11524      1.62701
     0.18536     -0.20902      0.09899
    -1.62773      0.29879      0.53643
    -0.22965     -0.34473     -1.12388
    -0.45549      0.09553      0.43506
     0.46992      0.55497     -0.71061
     0.92885     -0.55735     -0.31844
    -0.54472     -0.09967     -0.05531
    -0.47262      0.57444     -0.10573
     0.50563     -0.57576      1.45536
     1.78964      0.21169      0.27218
     0.74783      0.50864      0.42043
     0.00378      0.00692      0.59325
     0.23218     -0.11921      0.10160
     0.17709     -0.66454     -0.67989
     0.04851     -0.01889     -0.04311
    -0.00874      0.05145     -0.12981
    -0.01465     -0.65010      0.58531
    -0.00567     -0.00294      0.00704
     0.13018      0.13806      1.08383
    -0.32930     -0.53450     -0.63184
     0.05723      0.23279      0.41265
    -0.12023      0.04052      0.05612
     0.90680     -0.94219      0.92686
     0.35162      0.06419      0.12153
    -0.06979     -0.22150     -0.33320
     0.22885     -0.21456      0.44356
     0.09370     -0.00615      1.20000
    -0.20250     -0.54325      0.02749
     0.03238      0.04660      0.02889
    -0.15446     -0.40452     -0.00516
     0.42272      0.29474      0.30185
     1.36479     -0.54240      0.82304
    -0.03779      0.00807      0.01575
     0.49539     -0.15629      0.78732
    -0.09836      0.03289     -0.20299
    -0.56677     -0.02247     -0.10483
    -0.10577     -0.13502     -0.01770
    -0.13371     -0.55440      0.13047
    -0.24997     -0.40482      0.13095
     1.05148     -1.27216      0.26288
    -0.14334     -0.35238      0.11215
    -0.01417      0.00241     -0.14028
    -0.40710      0.01446      1.11874
    -0.00337      0.00356     -0.19309
    -1.04157      0.74852     -0.66681
    -0.21152     -0.16481      0.10668
    -0.50109      0.15924     -1.11101
     0.02368      0.03870     -0.04509
    -0.05471      0.14114     -0.01594
     0.32876      0.05539     -0.35161
     0.00219     -0.29618     -1.60581
     0.60083      0.18165      1.21650
     0.93375      0.82446      0.66895
    -0.12273      0.38688      0.42921
     0.70220     -0.27485     -0.19944
     0.18878     -0.06145      0.62654
    -0.04333      0.02731     -0.12146
    -0.06962     -0.41035      1.04239
     0.06032      0.10876     -0.20509
    -0.32076      0.92142      0.59382
    -0.09850      0.11289     -1.09062
    -0.12142     -0.16523     -0.03985
     0.58267      0.25110     -1.32168
     0.31502     -0.01883      0.51767
     0.04578      1.17101      0.37629
    -0.58986      0.33197      0.92160
    -0.11630      0.46223     -0.90819
    -0.20484      0.06480      0.67570
    -0.06819     -0.06837     -0.03336
    -0.21876      0.29436     -0.14703
     0.27108      0.05613     -0.44909
     0.73026     -0.23212      2.40543
    -0.02578      0.26257     -0.57944
    -0.06408      0.12373     -0.18851
    -0.02840     -0.01737     -0.69256
     0.00207      0.00566      0.26446
    -0.29925     -1.11369     -2.74624
    -0.21879      0.17767      0.10655
     0.09032      0.77716     -0.07613
     0.10916     -0.97943     -0.34810
    -0.24501     -0.14967     -0.13490
    -0.00045     -0.00586      0.52048
     0.16622     -0.16369      0.04703
     0.00731     -0.01860      0.92166
     1.92298     -0.23020      0.32390
    -0.82366      0.02210      0.38962
     1.02516     -1.58757      0.91565
     0.16117     -0.06869      0.12369
     0.06898      0.36233      0.70881
    -0.63796     -0.26884     -0.42118
     0.02770      0.03677      0.10840
     0.08713     -0.08227     -0.06848
     0.15007     -0.05543      0.37849
     0.78268      0.07711     -0.25574
     0.21884      0.27656     -0.07986
     0.63213     -0.04351      0.80507
    -0.00719      0.31689     -0.61307
    -0.74099      0.13611      0.09124
     0.17936     -0.40605     -0.38934
    -0.02854      0.21223      0.28333
     0.20970     -0.21904      0.15536
     0.21640      0.00897      0.06974
     0.57555     -0.03385      0.81564
     0.06583     -0.23190     -0.21924
    -0.31916      0.17313      0.47395
    -0.10900      0.06846      0.01517
     0.26636      0.90384     -1.08936
     0.35121      0.55367      0.48977
     0.17393      0.23716     -0.00665
     0.38618     -0.46755      0.97873
     0.10289      0.22081     -0.82505
    -0.00169     -0.05607     -0.00056
    -0.69766      0.97901      0.17442
     0.52201      0.71338     -0.29247
    -0.42086      0.10385      1.38084
    -0.19259     -0.08215      0.91100
    -0.11959      0.33731     -0.08412
    -0.01878     -0.19326     -0.14132
    -0.18783      0.07518     -0.54681
    -0.74772     -0.12405      0.69410
    -0.04582     -0.00680      0.35959
     0.16993      0.06334      0.75398
    -0.00250     -0.09208      0.74934
    -1.76388      1.54905     -0.21481
    -0.60863     -0.02216     -0.44993
    -0.82647     -0.94481     -0.80644
    -0.22393      0.16809     -0.09531
    -0.01454     -0.46959     -0.47403
    -0.12437      0.50972     -0.78314
     0.56141     -0.09191      0.58659
    -0.31540      0.33139     -0.18078
     0.00475      0.00073     -0.02727
    -0.28840      0.07482      0.17432
     0.18849      0.03673     -0.09832
    -0.28001      1.86172      0.75659
     1.17190     -1.06985     -0.23782
    -0.12375      0.54329      0.64939
     0.36892     -0.04941      1.12653
    -0.30298     -0.49556     -0.10693
    -0.10788     -0.40542      0.26396
     0.03733     -0.07074     -0.03904
     0.48897     -0.89324     -0.17606
     0.00805     -0.10004     -0.00789
     1.17452      1.11385      0.40312
     0.06914      0.21229     -0.33086
     0.37787     -0.38168     -0.32453
     0.09638      0.14844      1.10728
    -0.49391      0.70302     -0.33357
     0.30270      0.03383     -1.20102
    -0.08235     -0.05216      1.43137
     0.57473     -0.56557     -0.48802
     0.03815      0.06469      0.89650
     0.34768      0.08189     -0.26045
     0.41816     -0.21554     -1.57477
     0.41732     -0.16254      0.23733
    -0.01754      0.08878     -0.76962
     0.21333     -0.74922      0.15224
    -0.09582      0.26153      0.15101
     1.16506     -0.11991      0.03586
     0.00215      0.00009     -0.00429
     0.12785     -0.18539      0.35574
     0.06404     -0.17808     -1.57416
     0.63070     -0.03203     -0.26433
    -0.07907      0.02775      0.09859
     0.98172     -0.39445      0.24510
     0.00971      0.20240      2.22065
    -0.05559     -0.23993      0.45453
     0.84644      0.05703      0.00415
     0.07564     -0.06336     -0.80799
    -0.30755     -0.39371      1.14415
     0.29781     -0.59016      0.14802
    -0.03625      0.02300      0.05995
    -0.39171     -0.63952      1.81272
     0.41546     -0.57128     -1.43406
    -0.01011      0.01247      0.05476
    -0.52112      0.12358      0.27173
    -0.00788      0.00216      0.78541
    -0.21556      0.00450      0.38050
    -0.05605      0.16532      0.04311
    -0.06908     -0.03688     -0.52420
     1.23042     -1.75047     -1.27915
     1.29555     -1.32025      0.69735
    -0.03682      0.01056      0.04538
     1.00063      0.07465      0.99689
     0.12922      0.25603      0.55034
     0.29578     -0.01501      0.18802
    -0.02383      0.07166      0.12310
    -0.07274     -0.23771      0.72168
     0.59182     -0.59530     -0.87831
     0.31208      0.19339     -0.50488
     0.14228      0.08834     -0.01968
     0.16752     -0.11660     -0.25773
    -0.86614     -0.19646     -0.51888
    -0.18288     -0.22575     -0.26551
    -0.08735     -1.05828     -1.12106
    -0.29688     -0.53796      0.40127
    -0.45523      0.33627      0.78765
     0.19193     -0.23459     -0.17427
     0.16447      0.03419      0.02057
    -0.52580     -0.12332      0.65373
     0.42874      0.27129     -0.94100
    -0.09068      0.08151     -0.26711
    -0.10162     -0.17362     -1.06770
    -0.10147      0.24548      0.92389
    -0.91247     -0.00359      1.30753
     0.58965     -0.32183     -0.29084
     0.02580     -0.03286      0.16351
     0.55028     -1.20001     -0.40676
     0.56040      0.66995      0.31736
    -0.18455     -0.10840     -0.27547
     0.09959      0.01103      0.25010
     0.11289      0.49767     -0.02333
     0.47380     -2.34535     -0.57641
    -0.11105      0.60288     -0.03448
     0.11512      0.08583     -0.36846
    -0.30941     -0.55984     -0.94937
    -0.28202      1.34014     -1.76294
     0.25267     -0.13476      0.78972
     0.43444     -0.35685     -0.24627
    -0.18430     -0.23674     -1.13311
    -0.05183      0.07688     -0.95374
    -0.04142     -0.00225      0.95222
    -0.29298      0.41571      0.48599
    -0.04889      0.10181     -0.54839
    -0.56922     -0.24211      0.83356
     0.08949     -0.14126      0.06190
     0.04603     -0.09529     -0.45787
     0.06121     -0.08932     -0.95376
    -0.23730     -0.23380      0.29508
     0.38119     -0.68735     -1.41791
    -0.05509      0.14707      0.01037
     0.17701      0.02431     -0.08406
     0.22358      0.02744     -0.80027
    -0.16233      0.17293      0.59156
     0.16643     -0.12263      1.02802
    -0.12680     -0.17751      0.11835
     0.21935     -0.36913      0.30194
     0.15079      0.13378      0.06950
     0.03972      0.05962     -2.39631
     0.34937     -0.13988     -0.67454
    -0.06086     -0.03307     -0.40015
     0.23588     -0.02253     -0.50001
    -1.04298      0.59910     -0.61951
     0.03633      0.00675     -0.02222
    -0.02587     -0.11058      0.12330
    -0.37687      1.08663     -0.56087
     0.04852      0.09863      0.02259
     0.36527     -0.18090      0.57581
    -0.08157      0.03562     -0.09529
    -0.87441     -1.39562     -0.78737
    -0.25017     -0.45586      1.37846
     0.55515      0.01687      0.50610
    -0.21770     -0.02561     -0.37426
     0.20351      0.28871      0.45542
     0.46899     -0.23768      0.64798
     0.28456      0.50993     -0.23321
     0.00515      0.08236      0.24218
     0.11546      0.54961     -0.02239
    -1.12167      0.49532      0.07435
     0.45649      0.26789     -0.16376
     0.30581     -0.60765      0.00442
    -0.55175      0.06776      0.41072
    -0.02826      0.21471     -0.04854
    -0.34123     -0.37800     -0.19676
     0.01636     -0.04963      0.45677
    -0.38155      2.07008      0.22285
     0.07279      0.04816     -0.06547
    -0.75925     -0.50584      0.11725
    -1.01043     -0.33158     -0.78805
     0.05157      0.00697      0.08381
     0.07261      0.25565     -0.30778
    -0.29839      0.47235     -1.23104
     0.05347      0.14827      0.44259
    -1.37841      0.10097     -0.86036
     0.55298     -0.36488      0.16360
     0.01916     -0.57194     -1.85756
     0.06386     -0.03497      0.73665
    -0.14067      0.28725     -0.04626
    -0.78335     -0.01401      1.11122
    -0.01749     -0.14946     -0.24910
    -1.70777     -1.12074     -0.86683
     0.00898     -0.02979     -0.14124
    -0.03260      0.05969     -0.03960
    -0.00332      0.50412     -0.24889
    -0.02488     -0.11917      0.11030
     0.47053     -0.71500     -0.80309
    -0.13510     -0.07228      1.31953
    -0.24184      0.83028      2.30215
     0.74041      0.55777     -0.98445
    -0.06792      0.01641      0.23667
    -0.28160      0.04064     -0.04479
     0.31841     -0.74445     -0.32553
     0.05972      0.00241      0.92883
     0.01588      0.04115     -0.06209
    -0.60570      0.39247      0.67129
    -0.27526     -0.08373      0.88000
     0.48387     -0.80515      1.91334
     0.26798     -0.01605     -0.18465
    -0.08055     -0.04149      0.20378
    -1.17101      2.11133      1.28352
     0.01308      0.08758      0.29557
    -0.11015     -0.04204      0.08629
     0.03247     -0.01725      0.00847
    -0.08905      0.10143     -0.63343
    -0.31565     -0.13081     -1.24124
    -0.20797     -0.24879     -0.25256
     0.82221      0.99161      1.78412
     0.37789      0.84704      0.05343
    -0.00243     -0.00107      0.00021
     0.11696     -0.64963      0.95099
     0.66065     -0.79153      0.54143
    -0.69469     -0.29644      0.21912
    -0.10159      0.11564     -0.04489
     0.00997      0.02016     -0.04188
    -1.10970      0.81412      0.54116
     0.39643     -0.40954      0.09454
     0.00023     -0.00237     -0.00260
    -0.01041      0.01891      0.13495
    -0.35688     -0.11820      1.49236
     0.24006     -0.22598     -0.36901
     0.00490     -0.02435      0.26771
     0.31961      0.18165      0.43374
    -0.02928      0.01831      0.09234
     0.03081     -0.72598      0.66829
    -0.09343     -0.03472     -0.35384
    -1.51821      0.01480      0.57156
     0.37781      0.49657     -0.30418
    -0.37311     -0.02405     -0.98967
    -0.22483     -0.02408     -0.65674
     0.00785     -0.14811      0.22575
    -0.08083      0.19933      0.00870
     0.00645     -0.08884     -0.26277
     0.36596     -0.21323     -0.00650
     0.44166      0.07526      0.22405
     1.95958     -0.12765     -0.81090
    -0.24979      0.63783     -0.75732
    -0.15761      0.51949      0.12868
     0.00976     -0.03107      0.28294
     0.01921     -0.52202     -0.81681
     0.00181     -0.04285      1.08155
     0.08736     -0.13218     -1.24614
     0.42639      0.39376      0.46094
    -0.07088     -0.06870     -0.07234
     0.19953      0.22234     -0.19871
     0.89681      0.10204      0.79864
     0.26221     -0.27793     -0.22961
     0.13019     -0.48804     -0.16807
     2.42267     -0.46260      1.08087
    -0.13030     -0.51436      0.16150
    -0.77354     -0.87461     -0.14457
     0.01272      0.00664     -0.04861
     0.41941      1.73659     -0.23769
     0.06519     -0.04716     -0.05069
    -0.42441     -0.81681      0.37776
     0.00090     -0.00500      0.01585
     1.03229     -0.50473      1.27453
    -1.02942     -0.41613     -0.59049
    -0.78729      0.17030      0.86799
     0.03604     -0.02158      0.27850
     0.66811      0.22368     -0.58278
     0.27599     -0.13831     -0.37114
    -0.01125      0.26413      0.26391
     0.24148      0.81359     -0.16456
     0.00470      0.01267     -0.05337
    -0.14861      0.31520      0.86267
     0.17441      0.54155      0.50928
     0.52320      0.22054     -1.09753
     0.60534      0.25199      0.24126
     0.13926      0.69565      0.47618
     0.19690     -0.17554     -0.07619
     0.06493      0.18791      0.10073
    -0.40163      0.34576     -1.66240
     0.42412     -0.25059      0.59522
    -0.03326     -0.27610     -0.64182
     0.01655     -0.00886     -1.26579
    -0.79699      0.63237      0.58577
     0.15234      0.19010      1.01096
     1.27383     -0.89210      0.19409
     0.09474     -0.12129     -0.19684
    -0.03298      0.03399      0.96439
     0.00677     -0.00747      0.16544
     0.00954      0.03820     -0.02316
    -1.70684      0.07430      0.06139
    -0.07101      0.34761      0.10654
    -0.23227      0.58363     -0.19067
    -0.76805     -0.25952     -0.18424
     0.09682     -0.18175      0.85145
    -0.00068      0.11593      0.07542
     0.21095      1.20759     -1.87745
    -0.03147     -0.06069      0.15211
     0.09063     -0.17204     -0.41582
     0.29219     -0.12310     -0.44475
     0.57634      0.55124      1.02955
    -0.24408      0.03035     -0.32993
    -0.16962     -0.21307      0.46638
     0.49948     -0.19431     -1.25698
    -0.29349      0.54399      0.34290
    -0.50466     -0.00920      0.33820
     0.00793     -0.69181     -0.60614
    -0.49447      0.29674      0.69019
     0.01005      0.00809     -0.03007
    -0.92433     -1.05546     -0.19044
     1.45513     -0.12038     -0.83270
     0.01957     -0.01168      0.03014
     0.21364      0.65384      1.51458
     0.27043      0.30051      0.72603
     0.07387      0.91282     -0.50881
     0.59266     -1.68320     -0.18265
     0.21257     -0.42113     -0.11316
    -0.00549     -0.22648      0.59174
     0.37824      1.00619      0.24230
     0.60455      0.37814     -0.07519
    -1.20646      0.69909     -1.70171
    -0.25151      0.70166      0.48745
     0.57244      0.25601     -0.10268
    -0.05215      0.02422     -0.36905
    -0.10086      0.02342      0.51150
     0.19738      0.38035      0.56974
     0.58508      0.01992     -1.01116
    -0.11899     -0.09975      0.30244
     0.03033      0.75149     -0.68119
    -0.01141      0.00977     -0.09193
     0.29338     -0.31463     -1.47474
    -0.35928     -0.34733     -0.28690
    -0.15645     -0.25765      0.48621
     0.01105     -0.00970      0.14594
    -0.10073     -0.15079     -0.90779
    -0.33138     -0.45820      1.14067
    -0.23008     -0.01407      0.96065
     0.46122      0.03586      0.54106
     0.47105     -0.09485      1.24478
    -0.90302      0.43795      0.03528
     0.27256      0.47371     -0.26757
     0.00911     -0.02755      0.02118
     0.08690      0.04119      0.23655
     0.29021     -0.04420     -0.63234
     0.04605      0.07213     -0.42260
     1.10443      0.97216     -0.49978
    -0.00054     -0.00212      0.34664
    -0.09702     -0.31066      0.69396
     0.06521      0.48724      0.04287
     0.33438     -1.41197      0.39770
     0.21232      0.60737      0.09128
     0.68977      0.43948     -0.67506
     0.61354      0.51883      0.82933
    -0.07812      0.15601      0.26736
    -0.13403     -0.61235     -2.11249
    -0.13240      0.04808     -0.22789
     0.39312      0.13168      0.48501
     0.00187      0.00714      0.01791
     0.31095     -0.08213     -0.28881
    -0.21541      0.26983      1.55179
     0.18406     -0.12262      0.11581
    -0.41564      0.41518     -0.48704
     0.00365      0.00100     -0.00431
     0.14210     -0.16296      0.28745
    -0.01685      0.01000      0.01695
     1.94966     -0.60937      0.43875
    -1.10782      0.02582      0.56063
     0.00987     -0.00985     -0.34186
    -0.03515     -0.51630      0.18802
     0.04344      0.39824     -0.51784
     0.26993     -0.07071      0.06631
     0.55484     -1.12515     -0.66177
    -0.96672     -0.54732      0.13381
     0.05677      0.03731      0.03104
    -0.64093     -0.15111     -0.86121
    -0.01390     -0.00422      0.00085
     0.47186     -0.27702      0.33758
    -0.06021     -0.58206      1.51048
     0.10150      0.22617     -0.24529
     0.62493     -0.82509     -0.32012
    -0.17174     -1.09070      1.94910
    -0.02346      0.00903     -0.23430
    -0.05255     -0.85242     -0.91709
     0.78749      0.04664     -0.66257
     0.37003     -0.42953     -0.17330
     0.39144     -0.56239      0.84802
    -0.07963     -0.00488     -0.19367
     0.03338      0.06314      0.51428
     0.97907      0.79749     -1.28590
    -0.08592      0.00451      0.00388
    -0.04776     -0.36463      0.09812
    -0.05141     -0.02681     -0.34306
    -0.32305     -0.28839      0.26430
     0.11397      1.11084      0.49672
    -0.01619     -0.00027      0.01424
    -0.85905      0.15454      0.15042
     0.00369      0.07860      0.17472
    -0.63746     -0.26280     -0.00249
     0.61055     -1.18756      1.43384
     0.02184      0.01942      0.45110
    -0.11785     -0.42846      0.29477
     0.00176     -0.42957      0.15610
    -0.05404     -0.02326     -0.06737
     2.29848      0.42649      1.50926
    -0.12538      0.02275     -0.12900
    -0.55830      0.13462     -0.16285
     0.76361     -0.34110      0.55227
     0.21776     -0.06130      0.89672
    -0.44819      0.48069      1.37243
    -0.03385      0.03126      0.63842
    -0.03589     -0.39181     -0.21427
     0.04133     -0.09478      0.23164
     0.00835     -0.06051      0.08529
    -0.53720      0.13404     -0.08633
    -0.14401     -0.06337      0.40388
     0.19676     -0.41809     -0.09000
     0.35482      0.09559      0.75822
     0.00865     -0.28918     -0.24003
     0.57740     -0.71615      0.64210
    -0.61964     -0.02847     -0.54377
     0.08331      0.19631     -0.01589
    -0.22294     -0.03753     -0.68361
     0.93842      0.04256     -0.32332
     0.45637      0.39624      0.49601
    -0.02079     -0.04059      0.27248
     0.02910     -0.06556     -0.01149
     0.11431      0.09707     -0.22660
     0.13467      0.36069      0.54985
     0.91908      0.78281     -1.33877
    -0.84195     -0.08125      0.29582
     0.00077     -0.00087      0.02943
     0.22272      0.39834      0.59211
     0.02215      0.02059      0.07842
    -0.23656      0.93438     -0.25733
     0.06324     -0.02970      0.05244
     0.38656     -0.55559     -0.65528
    -0.04243     -0.01922     -0.07407
    -0.66219     -0.88340     -0.45147
     0.00021      0.00214      0.49816
     0.19064      0.35322     -0.17419
    -0.03061      0.26139      0.19917
    -0.22231     -0.28616      1.35244
    -0.17550     -0.42904      0.23977
     0.76510      0.52075     -0.39153
    -0.49292      0.97705     -0.31138
    -0.03181     -0.01265     -0.14937
     0.00170      0.02793      0.97385
     0.57269      0.62151     -0.49515
     0.47866     -0.71973      0.31927
    -0.04885     -0.36522     -0.73606
     0.00188     -0.00608      0.00160
     0.21842      0.29976     -0.04907
    -0.12934     -0.04508      0.53803
    -0.02492      0.05029      0.11129
    -0.76514      0.20671      0.26900
     0.64021     -0.24786      1.08917
    -0.04060     -0.75586      0.04870
    -0.48122     -0.08027     -0.89641
    -1.13752      1.21065      0.33387
     0.00511      0.02775     -0.86273
    -0.06448     -0.43319      0.03399
    -0.62681     -0.16594     -1.06502
    -0.55140     -0.35776     -0.02324
    -0.11772     -0.03062     -0.05411
     0.11719      0.07562      1.00415
    -0.23277      0.26345      0.36805
     0.67703      0.12577      1.06055
     0.03407      0.02734     -0.15143
    -0.19547     -0.58896     -0.64996
     0.57661     -0.74842     -0.59769
     0.28109     -0.19899     -1.19317
     0.05660     -0.36300      0.15425
     0.17015      0.05393      0.28867
     0.08368     -0.06749      0.77617
     0.03512     -0.09130      0.74766
     0.55105     -0.72093      0.55864
    -0.82603     -0.60709      1.07767
     2.09190      0.15627     -0.35608
    -0.09137     -0.02672      0.25669
     0.06562     -0.70539      0.25612
     0.00579     -0.00990      0.00437
     0.01130     -0.01484     -0.04539
    -0.14002      0.18441     -0.45275
    -0.14654      0.21489      1.94797
    -0.04511      0.01055     -0.45800
    -0.17657     -0.11932      0.66467
     0.64869      0.05056      1.02166
     0.08771     -0.03353      0.32653
    -1.04854      0.75119      0.65944
     0.34945     -0.25895      0.08877
     0.01352     -0.04896     -1.48694
     0.22903      0.28724      0.29519
     0.11242     -0.02438     -0.08863
    -0.04990     -0.57247     -0.27702
     0.68504      0.15792     -0.11721
    -0.35370     -0.58957      0.11488
     0.70049      1.18430      0.44783
    -0.73986      0.27873     -1.30493
    -0.62726     -0.63969      1.00386
    -0.71518      0.01850      0.40772
    -0.06167     -0.36395      0.18339
     0.49519      1.45229     -0.19068
     1.47660      0.43503      1.02060
     0.07953     -0.15392     -0.75261
     0.03026      0.02450      0.01550
    -0.14634     -0.02847      0.40447
     0.01881     -0.11888     -0.00069
     0.16921     -0.04071      0.10413
    -0.05086      0.08380      0.16759
     0.69315      0.82594     -0.13415
     1.26695     -0.41781     -2.40328
    -0.00358      0.00010     -0.00468
    -0.04430      0.08201     -0.23244
     0.01895     -0.01105      0.46819
    -0.01917      0.03067      0.13939
    -0.29413     -0.19336      0.40185
     0.08044     -0.12819     -0.24143
    -0.00625     -0.01143      0.01262
     0.55841     -0.54657      1.45316
     0.83039     -0.61733     -0.41351
     0.11073      0.31638     -0.16432
     0.05877      0.12427     -0.10066
    -0.61707      0.70005     -0.51729
     0.11741     -0.46295     -1.07973
     0.03177      0.27349      0.54760
    -0.08058     -0.10434     -0.02826
    -0.14229      0.22773      1.35047
     0.22426      0.21846      0.44700
    -0.00827     -1.14554     -0.21536
    -2.16301      0.35076      0.34705
    -0.09729     -0.07681      0.06342
    -0.11514     -0.09543      0.17097
     0.06529     -0.01591      0.55047
     0.09077      0.65175     -0.63429
    -0.14220     -0.06973      0.12244
     0.14079      0.01318      0.04630
     0.35010      0.56004      0.29007
    -1.14691     -0.09163     -0.34541
     0.00792     -0.02943     -0.04199
    -0.28949      0.30871     -0.32333
     0.09648      0.09977     -0.43589
    -0.37507     -1.20889     -1.30538
     0.46614      0.18509      0.08047
     0.02087     -0.15498     -0.39028
     0.15409     -0.06659      0.29213
     0.15755     -0.18294      0.38487
    -0.11573     -0.00877      0.45777
    -0.00588     -0.00226      0.00099
     0.05566      0.04239      1.71016
    -0.17747      0.15721      0.03339
     0.63445     -0.05720      0.55280
    -0.38145      0.07922      0.13633
     0.57294     -0.39569     -0.95634
     0.01825      0.13297      0.76991
    -0.03519      0.26462      1.14115
     0.02169      0.08049      0.19726
     0.02110      0.12074      0.08808
    -1.40690      0.07288     -1.14326
    -0.22107     -0.17020      0.90350
     0.01801     -0.10576      0.00661
     0.01630     -0.04086      0.03472
     0.74774      0.07468      0.68006
     0.08264      0.25059      0.07146
     0.01739     -0.01997      0.43003
    -0.62631      0.34356     -0.07074
     0.19557      0.13202      0.47663
    -0.06080     -0.01995     -0.53787
    -0.20789     -0.01924      0.03546
     0.61237     -0.13772     -1.43433
     0.29554      0.27407      0.35614
    -0.32629     -0.35367      2.86944
     0.36731      0.15650      0.28891
     0.10329      0.12586      0.14056
     0.15991     -0.16861     -0.33659
    -0.03055     -0.03678     -1.81882
     0.00290     -0.00067      0.13557
     2.56617     -1.65815     -0.38119
    -0.54492      0.35900      0.65331
    -0.79560     -0.18559     -1.20414
     0.01463      0.01014     -0.21255
     0.43350     -0.78918     -0.58474
    -0.02615     -0.01894      0.51494
     0.05650      0.02651      0.43925
     0.46667     -1.20333      0.98988
    -0.51905     -0.10097     -0.06829
    -0.15518      0.19559      1.15899
     0.16293      0.34017      0.20541
    -0.03781      0.00628      0.58437
    -0.04040     -0.34562      1.37335
     0.08608      0.01054      0.07909
     0.20981      0.39048      1.45274
    -0.00868      0.06784     -0.04001
    -0.62662     -0.31046      0.15995
    -0.32677     -0.19599     -0.31743
    -0.37189      0.19759      0.45194
     0.05185     -0.00152      0.33532
    -0.15541      0.10291      0.33624
     0.14523     -0.20424     -0.20936
     0.01136     -0.04074     -0.12043
     0.05915      0.03362     -0.11575
     0.03039     -0.08123     -0.09479
     0.72559     -1.02482     -0.73649
     0.01264      0.00912     -0.00953
    -0.17003      0.07829     -1.17563
     0.10441      0.04882     -0.05556
     0.88128     -0.73708     -0.20164
     0.25435     -0.20275      1.32338
    -0.53826     -0.01240      0.61978
     0.05998     -0.20592     -0.49470
    -0.00181     -0.00997      2.06459
    -0.25383     -1.05451      0.34887
    -0.02180      0.08130     -0.84924
    -1.93012     -0.16856     -0.73656
    -1.16905     -0.09191     -0.47646
     0.00841     -0.19453      0.67475
    -0.28269      0.06899      0.15069
     0.58867     -0.94946     -0.68714
     0.24914     -0.33816     -0.50270
    -0.07764     -0.03548     -0.51569
    -0.08469     -0.12394     -0.06939
     0.01120     -0.54261      0.07972
     0.07890      0.03482     -0.01875
     1.13260      0.77454      0.01293
    -1.24512     -1.03404     -0.85503
    -0.79693      0.37970     -0.38097
     0.10266     -0.39714      0.23130
     0.30174     -0.46550     -0.00177
    -0.95460     -0.21517     -0.29857
     0.18425      0.08719      0.48358
    -0.69809      0.06232      0.06068
    -0.05897      1.06594     -0.60672
     0.85951     -0.45373     -0.39097
     0.10021      0.29934      0.13207
     0.45260      0.27694      0.20798
     0.00268     -0.00542      0.01360
    -0.00452     -0.03126     -0.99695
     1.09544      0.10801     -1.16054
     0.02993     -0.05490      0.14006
     0.25481      0.13633      0.65461
    -0.02320     -0.72183     -0.05384
    -0.00910      0.01713     -0.08383
     1.52669      0.04088      0.61960
     0.09484      0.11647     -0.10805
    -0.04422     -0.08366     -0.39172
     0.10204      0.00986     -0.02372
    -0.57056      0.05395     -0.22578
    -0.00036      0.00237      0.68753
    -0.80274     -1.30900      0.25616
    -0.30095      0.81169     -0.57652
    -0.05409      0.04282      0.23848
     0.68364      0.46998     -1.07868
     0.19298     -0.59946     -0.09356
    -0.00668     -0.00095      0.40299
    -0.04217      0.00832      0.06341
     0.56628     -0.44822     -1.17879
    -0.03706     -0.09484     -0.65296
    -1.21817     -0.03512      0.75519
    -0.12697     -0.11816      0.60875
     0.03351      0.06989      0.66410
     0.40183     -0.69462      1.55595
     0.08137     -0.00422     -0.02532
     0.06235      0.04846      0.25088
    -1.31348      0.32248     -0.80790
     0.05204     -0.00110      0.45739
    -0.98900      0.47553      1.01313
    -0.10288      0.06649     -0.08299
    -0.38391      0.64506      0.20997
    -1.11688     -0.43728      0.46960
    -0.00108      0.00169     -0.00401
     0.52120     -0.48630      0.44569
    -0.24756      0.21979     -1.22379
    -0.10198     -0.48236      2.17213
     0.01521     -0.03093      0.14872
    -0.01639     -0.00245      0.28177
     0.41439     -0.74837     -1.76163
     0.79320      1.19734     -0.42357
     0.11264     -0.23848      0.56533
    -0.06055     -0.01565      0.38586
     0.00114     -0.00742      0.20116
    -0.20453      0.08688      0.26202
     0.07005     -0.02080      0.04609
    -0.10328     -0.00041      0.08008
     0.95730      0.27885     -0.37153
    -0.03155      0.00877      0.12859
     0.12840     -0.15829     -1.47435
     0.08437     -0.06775      0.00885
     0.17474     -0.04415      0.02924
    -0.11703     -0.22446      0.11599
    -0.18550     -0.02608      0.26646
    -0.72265      0.22137      0.46043
     0.60224     -0.54725      1.37064
    -0.32198      0.22157     -1.40190
    -0.51919     -0.05921     -0.33326
     0.17223     -0.38422      0.07793
     0.15151     -0.03130      0.30915
     0.16167      0.31643      0.00233
    -0.19135      0.03884      0.54626
    -1.85278     -0.88590      0.32202
     0.13316     -0.14114     -1.06146
    -0.78085      0.28341      0.16067
     0.77526     -1.63690      0.26158
    -0.03514     -0.05736      0.11544
    -0.10178     -0.42081     -0.66653
     0.25671      0.04461      0.26481
    -0.14238     -0.01690     -1.08058
    -0.06479      0.21175      0.06770
    -0.00204     -0.00502      0.24364
     0.47608      0.51775      0.73023
     0.27217     -0.27707     -0.44136
     0.07866      0.11046     -0.28507
     1.15484     -0.31757      0.77480
    -0.05242     -0.24422      0.87927
     0.16657     -0.13489     -0.41237
    -0.20210     -0.08257     -0.20018
    -0.25100     -0.11791     -0.22489
     0.41760      0.34216     -0.16269
     0.04195     -0.08567      0.71404
     0.19722     -0.43240      0.17840
     0.06956      0.10673     -0.37396
     0.01830     -0.02545     -0.18067
     0.22517      0.04281     -0.37066
    -0.13231     -0.16895     -0.40377
    -0.08761      0.16079      0.22629
    -1.08610     -1.18645      1.14378
    -0.15739     -0.18734      0.23472
     0.99997     -0.36790     -0.16771
    -0.02048     -0.10673      0.02663
    -0.11299     -0.67009     -0.23014
     0.00017     -0.00252      0.01393
     0.58108      1.05751      0.33981
     0.57269      0.41632     -1.54747
     0.28118      0.57246      0.48053
     0.15506      0.82527     -1.35973
     0.21456     -0.37627      1.40181
     0.61164     -0.21079      0.85863
    -0.03763     -0.01120     -0.25038
    -1.54793     -1.40368      1.24128
    -0.44477      0.11889      0.02293
     1.04689      0.19745      1.44303
    -0.35870      0.56697      0.87990
    -0.04454     -0.00447      0.39470
    -1.05259     -0.08918      0.50891
    -0.22844      0.51335     -0.02869
     0.05090      0.32175      0.16231
     0.16165      0.20245     -0.59747
     0.55238      0.66891      1.10770
     0.61375     -0.37815     -2.59951
     0.02114      0.03049     -0.95290
    -1.25455      0.53279      0.44733
     0.10749     -0.65212      0.01481
    -0.02659     -0.07518      1.07447
    -1.88567     -0.46191     -0.48944
     1.42213      0.77334      0.65792
     0.46270     -0.00630     -0.12354
    -0.70354     -0.30783      0.55473
    -0.65017     -1.04277     -0.24581
     0.22201      0.85518     -1.17544
    -0.21518     -0.03974     -0.33052
    -0.35370     -0.10737     -0.54390
    -0.21102      0.41753      0.92184
    -0.40899     -0.08812      0.35845
     0.70583      0.26181     -0.13482
    -0.34126     -1.26116     -0.79647
    -0.08225     -0.07276     -0.08656
    -0.30487     -0.13731      0.41290
    -0.00913     -0.21828      0.56113
    -0.13370     -0.46360      1.03715
    -0.94309      0.38883      0.63105
     0.29662     -0.26009      0.28639
     0.02344     -0.16129     -0.38569
    -0.08099      0.06610     -0.46607
    -0.15720     -0.14449      1.15476
     0.43265     -0.59192      0.90452
     0.00158      0.00249     -0.89835
     1.30931      1.05828     -0.97872
    -0.18334     -0.39631      0.70233
     0.96828      0.65340      0.86085
    -0.10777     -0.18234      0.13806
    -0.00601      0.16464     -0.32767
     0.20157     -0.02950      0.01535
    -0.27873      0.26620      0.04829
    -0.04881      0.16541     -0.40256
    -0.07774     -0.06936      0.14713
     0.26689     -1.69730      1.50550
    -0.30651      0.38774      0.93572
     1.81081     -1.68978     -0.02981
    -0.01531     -0.00694      0.95126
     0.02434      0.01884     -0.01041
    -0.23643     -0.40513     -0.16479
     0.17732     -0.05447     -0.21604
    -0.00240      0.00645     -0.04535
     0.04161     -0.15896      0.28030
    -0.27649      0.42412     -1.21511
    -0.78102      0.32814      1.95403
    -0.07095      0.04623     -0.17690
     0.76633      1.47546      1.62474
    -0.05124     -0.04782      0.88746
    -0.01752     -0.17861     -0.18422
    -0.01720      0.01870     -1.30859
     0.01430      0.12280     -0.84662
    -0.07283      0.53257      0.72439
     0.55023     -0.31878     -0.40842
     0.47857     -0.12854     -0.72173
     0.05378     -0.09366     -0.10548
     0.02991      0.09081     -0.42989
     0.45889      0.68530     -0.06918
     0.46958      0.46852     -0.38968
    -0.55425     -1.43848     -0.20979
     1.09480      0.13235      1.08972
    -0.22202      0.05744      0.17872
     0.51904     -1.17339     -0.80188
     0.26707     -0.18680      0.64835
     0.54900     -0.79522      0.47240
    -0.77356      0.55292     -1.22259
     0.01253      0.08164     -0.13997
     0.16524      0.13962     -0.24364
