year	mon	day	time	lat	lon	dep	mag
2005	3	6	6:17:49	47.753	-69.732	13.3	5.4
2006	4	7	8:31:41	47.379	-70.463	24.5	4.1
2003	6	13	11:34:40	47.703	-70.087	11.1	4.1
2013	7	11	20:16:07	47.81	-70.049	14.9	4
2001	5	22	0:33:29	47.654	-69.92	11.4	3.5
2008	1	3	9:37:55	47.382	-70.312	13.5	3.4
2011	11	29	17:02:25	47.547	-70.25	14	3.4
2007	9	27	11:31:08	47.411	-70.371	14.5	3.3
2004	5	29	21:21:16	47.441	-70.169	6.5	3.3
2004	4	10	5:23:18	47.825	-69.814	27.5	3.2
2009	4	12	6:48:26	47.521	-70.056	12.6	3.2
2002	5	14	7:26:39	47.655	-69.967	14.1	3.1
2002	6	12	17:14:18	47.51	-70.018	7.8	3.1
2001	5	22	0:36:47	47.653	-69.917	10.9	3.1
2011	12	8	7:51:58	47.642	-69.879	14.7	3.1
2010	5	5	22:19:18	47.576	-70.088	19.1	3.1
2003	10	11	0:10:02	47.535	-69.858	23.2	3.1
2016	7	29	19:55:21	47.428	-70.116	19.4	3
2004	5	24	12:18:43	47.637	-70.185	13.6	3
2014	8	2	18:38:40	47.591	-70.182	14.8	3
2010	10	7	23:10:53	47.408	-70.33	14	3
2010	10	28	23:06:09	47.426	-70.478	8.4	3
2006	10	31	2:41:41	47.615	-70.18	14.4	3
2003	8	17	6:00:03	47.555	-70.044	8.5	2.9
2009	6	18	2:47:52	47.544	-69.891	15.8	2.9
2012	3	25	11:30:49	47.253	-70.268	24.8	2.9
2001	10	3	5:29:20	47.4	-70.479	9.9	2.9
2015	7	12	4:17:38	47.484	-70.07	10.9	2.8
2008	6	14	7:10:34	47.807	-69.733	21.9	2.8
2008	11	10	6:12:57	47.435	-70.41	5.3	2.8
2011	7	13	4:59:02	47.522	-69.936	13.4	2.8
2001	6	10	15:59:32	47.286	-70.209	16.8	2.8
2010	9	4	22:13:53	47.47	-70.386	5.4	2.8
2013	7	11	20:58:10	47.811	-70.048	14.4	2.8
2011	9	27	16:47:20	47.226	-70.341	9.5	2.8
2011	10	26	8:39:01	47.503	-70.061	12.6	2.7
2011	12	16	0:52:36	47.685	-69.909	9.1	2.7
2006	6	8	9:37:59	47.59	-69.984	7.9	2.7
2006	12	25	18:13:14	47.517	-70.017	14.8	2.7
2016	5	12	23:31:09	47.527	-70.049	20.6	2.7
2004	2	19	16:12:26	47.391	-70.508	5.5	2.7
2010	10	18	1:58:21	47.705	-69.963	24.4	2.7
2015	9	5	7:01:17	47.713	-70.083	13.9	2.7
2002	6	20	6:10:08	47.445	-70.049	7.3	2.7
2013	11	15	0:13:33	47.617	-69.821	17.4	2.7
2003	6	9	19:32:55	47.583	-69.925	17.1	2.7
2009	4	28	13:07:13	47.786	-69.887	19.4	2.6
2016	9	20	15:12:06	47.8	-69.837	23.2	2.6
2002	12	18	2:32:12	47.601	-69.975	15.8	2.6
2016	5	28	12:10:38	47.566	-70.075	24.4	2.6
2004	7	4	5:10:04	47.227	-70.323	14.2	2.6
2014	2	28	20:28:36	47.49	-70.028	8.1	2.6
2002	12	11	3:18:08	47.308	-70.441	6.4	2.6
2005	10	24	21:10:43	47.542	-70.268	13.2	2.6
2002	1	19	1:18:05	47.479	-70.107	22.9	2.6
2015	6	17	11:12:51	47.365	-70.268	9.9	2.6
2009	3	24	1:36:56	47.711	-70.276	6.1	2.6
2009	11	28	11:41:31	47.421	-70.398	18.5	2.6
2014	1	14	19:23:04	47.572	-70.002	14	2.6
2017	3	25	8:36:59	47.464	-70.121	10.9	2.5
2001	12	13	7:56:48	47.231	-70.534	26	2.5
2002	8	17	6:34:23	47.327	-70.514	11.9	2.5
2001	11	11	13:22:22	47.862	-69.927	25.9	2.5
2013	9	2	5:15:15	47.791	-69.833	24.2	2.5
2008	4	26	8:16:17	47.809	-69.809	23	2.5
2005	11	14	4:55:16	47.403	-70.194	6.7	2.5
2013	10	9	19:24:12	47.562	-70.041	11	2.5
2006	2	4	4:39:48	47.493	-69.98	7.2	2.5
2017	5	23	21:20:24	47.408	-70.269	10.4	2.5
2011	7	9	5:29:40	47.475	-70.547	10.6	2.5
2016	2	4	12:38:28	47.219	-70.365	9.5	2.5
2014	7	3	15:02:07	47.574	-69.847	13.2	2.5
2016	10	27	23:26:03	47.493	-70.025	14.5	2.5
2006	7	21	16:17:47	47.347	-70.341	24.3	2.5
2003	6	18	18:54:56	47.451	-70.075	9.6	2.5
2012	5	15	4:41:26	47.403	-70.38	8.4	2.5
2006	8	17	13:29:30	47.513	-70.299	10.8	2.5
2011	12	20	21:36:08	47.636	-70.186	12.4	2.5
2003	12	19	12:40:17	47.473	-70.133	12.9	2.5
2005	8	31	23:37:49	47.459	-70.132	14.8	2.5
2001	9	8	5:31:21	47.792	-69.861	23	2.5
2001	9	21	4:43:04	47.688	-70.097	4.8	2.5
2002	1	31	20:51:54	47.35	-70.398	11.9	2.5
2016	2	16	5:13:41	47.565	-69.96	14.1	2.5
2013	10	4	13:13:02	47.656	-69.892	12.3	2.5
2001	6	19	5:21:54	47.694	-70.105	11.3	2.5
2006	11	1	9:29:36	47.612	-70.172	13.9	2.4
2009	3	12	22:20:37	47.416	-70.33	12.2	2.4
2015	10	31	4:18:20	47.387	-70.122	17.1	2.4
2011	1	2	15:55:34	47.661	-69.807	11.6	2.4
2014	9	26	2:36:36	47.232	-70.39	7.7	2.4
2013	2	24	15:52:29	47.408	-70.467	7.5	2.4
2010	9	30	3:45:53	47.494	-70.137	7.7	2.4
2014	7	22	6:05:20	47.35	-70.582	12.5	2.4
2012	6	18	9:37:54	47.587	-70.175	12	2.4
2014	3	22	4:54:03	47.241	-70.581	7.9	2.4
2012	11	29	19:20:38	47.791	-69.953	20.4	2.4
2011	8	16	14:08:28	47.613	-70.07	18.7	2.4
2011	10	6	13:50:37	47.513	-70.068	11.6	2.4
2010	7	23	15:28:16	47.547	-70.253	13.1	2.4
2000	12	1	2:50:16	47.524	-70.213	13.3	2.4
2013	7	16	5:04:02	47.812	-70.047	15	2.4
2001	12	5	18:48:27	47.55	-70.254	9.2	2.4
2007	6	9	9:27:48	47.576	-70.322	11	2.4
2015	8	13	11:32:35	47.311	-70.403	7.2	2.4
2001	10	26	12:57:41	47.392	-70.112	17.5	2.4
2009	9	29	23:46:27	47.718	-70.26	0	2.4
2000	12	4	6:44:54	47.4	-70.174	10.3	2.4
2008	7	4	2:50:42	47.757	-69.762	20.6	2.4
2008	7	3	11:04:57	47.418	-70.34	10.9	2.4
2005	10	3	7:21:44	47.564	-70.014	14.7	2.4
2004	4	25	20:41:17	47.623	-70.177	12.5	2.4
2004	2	4	15:01:53	47.664	-70.117	6.5	2.4
2004	11	5	7:11:34	47.384	-70.422	5.1	2.4
2004	12	15	19:17:26	47.596	-70.029	26.6	2.4
2005	6	1	18:10:56	47.575	-70.333	9.9	2.4
2005	4	12	14:48:24	47.716	-70.07	9	2.4
2017	6	25	13:28:50	47.609	-70.187	2.8	2.4
2003	11	20	19:54:47	47.468	-70.11	11	2.4
2002	12	21	8:30:15	47.511	-70.206	13.5	2.4
2002	11	24	16:24:23	47.508	-69.96	12.3	2.4
2002	5	6	5:51:05	47.225	-70.556	26.8	2.4
2003	8	25	8:53:30	47.626	-69.943	15.5	2.4
2016	11	20	14:20:14	47.479	-70.088	14.1	2.4
2003	6	12	13:07:40	47.808	-69.749	24.3	2.4
2002	4	4	22:37:34	47.212	-70.404	11.4	2.4
2006	6	9	14:51:32	47.51	-70.19	18.1	2.4
2006	6	14	10:42:55	47.796	-69.951	19.8	2.4
2015	5	2	6:43:51	47.477	-70.305	13.1	2.3
2004	8	9	16:47:22	47.718	-69.872	17.2	2.3
2009	6	6	17:51:13	47.584	-70.278	10.8	2.3
2014	7	16	16:40:30	47.677	-69.956	25.3	2.3
2013	4	9	20:14:11	47.812	-69.803	23.7	2.3
2012	9	12	9:55:08	47.593	-70.171	9.1	2.3
2001	10	25	8:11:59	47.339	-70.198	23.6	2.3
2002	11	22	21:19:03	47.557	-70.292	8.1	2.3
2003	12	5	4:59:20	47.432	-70.125	8.6	2.3
2009	9	14	22:09:22	47.604	-70.104	24.4	2.3
2008	7	25	1:40:37	47.548	-69.922	14.2	2.3
2016	8	20	19:53:40	47.6	-70.375	16	2.3
2004	4	22	10:03:03	47.321	-70.305	13.5	2.3
2015	1	1	16:40:00	47.486	-70.138	20.1	2.3
2001	7	5	10:32:55	47.241	-70.339	8.6	2.3
2010	8	27	9:43:54	47.67	-69.902	6.5	2.3
2015	1	25	10:01:31	47.597	-70.198	7.5	2.3
2011	2	9	14:25:05	47.447	-70.374	6.9	2.3
2002	1	15	4:31:49	47.55	-70.031	8.5	2.3
2009	12	1	1:44:41	47.651	-69.874	14.4	2.3
2009	12	5	23:31:22	47.546	-70.031	13.4	2.3
2001	8	19	17:20:02	47.433	-70.156	12.1	2.3
2000	12	12	13:48:24	47.574	-70.199	16	2.3
2010	2	27	16:36:47	47.603	-70.153	14.4	2.3
2002	10	5	9:34:35	47.453	-70.39	21.9	2.3
2012	2	11	2:57:37	47.704	-70.015	17.2	2.3
2013	7	11	21:00:29	47.813	-70.05	14.7	2.3
2014	3	28	8:58:55	47.52	-70.146	17.5	2.3
2005	3	11	0:36:23	47.762	-69.732	12.7	2.3
2008	1	7	1:38:52	47.322	-70.323	11.4	2.3
2005	8	6	1:17:58	47.563	-70.056	11.2	2.3
2006	9	15	4:42:08	47.46	-70.034	10.6	2.3
2015	11	11	14:49:20	47.78	-70.118	12.4	2.3
2007	7	3	3:28:33	47.58	-70.243	7.1	2.3
2002	4	28	2:02:05	47.435	-70.428	4.6	2.3
2016	12	8	22:39:46	47.553	-70.25	13.7	2.3
2006	11	26	19:19:30	47.592	-69.936	11.7	2.3
2011	11	25	22:28:58	47.439	-70.411	6	2.3
2014	10	7	0:52:51	47.585	-70.211	6.9	2.2
2016	10	17	22:49:32	47.379	-70.114	17.3	2.2
2014	10	26	17:03:54	47.826	-69.8	22.5	2.2
2003	7	25	4:51:02	47.744	-70.069	11.6	2.2
2016	12	5	17:29:31	47.342	-70.166	20.1	2.2
2014	11	23	15:28:53	47.392	-70.463	13.4	2.2
2001	3	6	2:09:03	47.49	-70.079	7.9	2.2
2014	3	12	10:36:17	47.49	-70.373	6.7	2.2
2014	5	20	21:01:04	47.755	-69.859	21.2	2.2
2004	4	30	15:58:43	47.223	-70.656	25.4	2.2
2000	12	24	0:19:49	47.312	-70.436	20	2.2
2012	4	11	8:07:37	47.506	-70.052	9.7	2.2
2006	10	4	8:52:23	47.406	-70.342	18.6	2.2
2016	10	10	22:10:19	47.62	-69.926	9.4	2.2
2011	5	14	18:28:44	47.579	-70.367	16.6	2.2
2006	11	23	19:02:59	47.449	-70.371	5	2.2
2016	9	23	15:01:58	47.625	-70.119	13.9	2.2
2001	5	3	20:07:44	47.432	-70.157	11.3	2.2
2011	3	11	22:13:31	47.568	-69.988	5.1	2.2
2001	2	19	3:39:57	47.819	-70.161	25.6	2.2
2017	10	6	2:21:28	47.607	-70.23	11	2.2
2010	11	11	13:07:21	47.463	-70.139	9.8	2.2
2002	5	5	1:53:01	47.921	-69.78	23	2.2
2016	10	31	0:30:14	47.587	-70.004	8.8	2.2
2014	2	28	4:20:32	47.386	-70.257	13.8	2.2
2003	8	21	7:59:41	47.666	-69.898	9.5	2.2
2011	2	13	13:05:21	47.492	-70.204	17.5	2.2
2014	5	26	0:29:41	47.681	-70.196	5.9	2.2
2003	11	27	9:01:19	47.694	-70.095	5.4	2.2
2001	7	10	12:30:19	47.43	-70.06	18	2.2
2002	10	23	8:05:30	47.566	-70.045	10.5	2.2
2005	1	3	10:03:57	47.296	-70.414	6.1	2.2
2013	5	5	14:31:35	47.539	-69.935	13.6	2.2
2005	1	24	10:00:33	47.583	-69.955	10.8	2.2
2008	5	7	4:08:21	47.69	-70.248	0	2.2
2016	7	4	9:04:32	47.412	-70.06	16.1	2.2
2004	11	17	21:59:36	47.658	-70.154	4.9	2.2
2015	6	16	14:35:26	47.469	-70.109	7.3	2.2
2013	11	6	22:12:01	47.427	-70.409	5.7	2.2
2013	5	29	12:50:23	47.782	-70.049	3.8	2.2
2005	11	2	19:24:13	47.551	-70.234	12.1	2.2
2007	3	10	23:25:00	47.801	-69.794	21.3	2.2
2013	7	22	0:26:46	47.527	-70.394	13.4	2.2
2008	1	24	14:16:47	47.416	-70.113	9.8	2.2
2008	3	12	1:59:37	47.556	-69.976	15.9	2.2
2001	11	9	10:23:48	47.514	-69.964	7.2	2.2
2008	1	15	3:17:11	47.705	-70.118	8.8	2.2
2017	3	18	10:07:21	47.738	-69.988	14.9	2.2
2015	6	19	21:41:09	47.785	-69.968	24.8	2.2
2016	7	31	22:06:11	47.487	-70.138	20.9	2.2
2010	4	24	11:35:33	47.533	-70.056	15.8	2.2
2004	9	15	1:53:02	47.502	-70.055	12	2.2
2010	4	8	1:19:17	47.584	-70.004	7.7	2.2
2004	5	20	3:24:38	47.482	-70.065	6.8	2.2
2003	7	15	13:43:39	47.47	-70.047	6.2	2.2
2010	5	18	22:41:27	47.585	-69.89	16.2	2.2
2017	9	1	21:23:45	47.435	-70.141	16.8	2.2
2004	6	12	12:05:26	47.53	-70.028	14.2	2.2
2002	11	25	3:18:08	47.706	-70.076	12.1	2.2
2004	7	5	14:54:48	47.515	-69.949	9.6	2.2
2009	8	18	15:20:09	47.311	-70.493	6.8	2.2
2013	2	28	13:04:48	47.355	-70.184	11.6	2.2
2004	5	24	22:21:09	47.837	-69.8	21.7	2.2
2002	2	25	6:09:14	47.515	-70.188	17.4	2.2
2009	11	20	2:59:29	47.85	-69.786	26.4	2.2
2006	11	2	3:57:50	47.547	-70.167	17.3	2.1
2002	7	17	0:03:06	47.751	-70.101	10.8	2.1
2006	10	29	18:01:17	47.319	-70.546	11.6	2.1
2006	6	20	6:04:20	47.816	-69.934	22.4	2.1
2001	2	15	7:47:20	47.591	-69.98	9.9	2.1
2001	1	31	13:52:30	47.526	-70.132	14.9	2.1
2012	6	27	5:14:47	47.699	-70.084	11.1	2.1
2002	12	24	9:40:42	47.597	-69.965	9.5	2.1
2006	11	9	22:35:59	47.813	-69.788	22.4	2.1
2002	10	16	14:07:33	47.435	-70.378	6.5	2.1
2012	6	30	17:29:20	47.732	-70.121	9.2	2.1
2013	1	31	19:34:02	47.772	-70.11	9.9	2.1
2010	11	5	7:02:17	47.425	-70.294	15.1	2.1
2001	10	20	1:29:01	47.433	-70.302	15.4	2.1
2004	10	6	18:59:47	47.324	-70.146	7.5	2.1
2002	2	13	22:48:34	47.456	-70.048	12.3	2.1
2004	10	13	17:49:19	47.588	-70.135	25.2	2.1
2001	9	20	22:33:11	47.409	-70.077	21.6	2.1
2010	3	1	0:01:46	47.597	-70.178	10.6	2.1
2010	2	21	3:01:48	47.497	-69.936	13.7	2.1
2009	9	22	22:07:38	47.712	-69.933	25.7	2.1
2002	2	15	11:00:10	47.505	-70.035	11.9	2.1
2004	12	19	0:28:15	47.418	-70.454	11.2	2.1
2007	7	19	23:44:43	47.492	-70.172	8.2	2.1
2007	6	18	20:02:39	47.553	-69.856	17.2	2.1
2005	11	9	8:52:54	47.383	-70.142	14.8	2.1
2006	1	15	9:01:22	47.387	-70.285	15.1	2.1
2007	8	19	6:11:22	47.289	-70.333	10.6	2.1
2005	5	17	7:17:50	47.749	-69.725	14.4	2.1
2008	5	29	1:22:53	47.627	-70.197	13.4	2.1
2002	5	20	18:55:06	47.612	-70.299	17.9	2.1
2006	2	6	11:40:48	47.497	-69.99	6.7	2.1
2005	3	6	8:55:42	47.749	-69.73	13.9	2.1
2007	10	31	12:02:43	47.322	-70.407	6.1	2.1
2001	12	24	2:36:22	47.485	-70.159	15.1	2.1
2002	3	9	0:55:22	47.673	-70.154	10.9	2.1
2010	3	31	2:40:22	47.503	-70.13	11.2	2.1
2003	9	5	3:50:41	47.389	-70.249	9.5	2.1
2003	9	14	22:48:20	47.732	-69.758	20.8	2.1
2011	8	15	0:07:02	47.582	-69.998	9.8	2.1
2011	7	5	17:37:28	47.421	-70.101	7.9	2.1
2006	12	6	0:34:42	47.792	-69.977	19.2	2.1
2011	11	12	21:16:48	47.632	-69.934	8.6	2.1
2011	11	16	20:50:34	47.393	-70.127	16.1	2.1
2003	8	5	18:41:37	47.499	-70.009	16.1	2.1
2002	4	19	21:54:49	47.435	-70.17	9.8	2.1
2001	5	22	0:31:55	47.656	-69.92	8.9	2.1
2001	4	28	7:10:43	47.414	-70.297	13.4	2.1
2011	6	16	19:56:19	47.288	-70.366	8.7	2.1
2003	12	8	4:26:59	47.401	-70.391	5.7	2.1
2004	5	7	14:37:33	47.44	-70.034	10.1	2.1
2001	7	27	23:12:41	47.687	-69.855	14.4	2.1
2002	4	3	18:09:13	47.444	-70.412	7.7	2.1
2010	8	31	2:10:16	47.446	-70.34	14.2	2.1
2004	2	2	7:41:39	47.553	-70.252	13.9	2.1
2010	12	6	6:05:51	47.752	-70.145	18.4	2.1
2001	6	6	5:51:57	47.542	-70.105	10.5	2.1
2006	5	19	0:58:55	47.845	-69.903	23.6	2.1
2010	9	4	12:52:17	47.346	-70.457	11.9	2.1
2010	9	9	4:51:28	47.325	-70.458	12.3	2.1
2017	8	28	11:54:08	47.487	-70.092	13.9	2.1
2015	12	20	21:25:04	47.418	-70.133	12	2.1
2013	11	14	19:33:23	47.925	-70.477	7.5	2.1
2017	2	12	5:56:41	47.221	-70.653	24.4	2.1
2014	8	31	10:33:03	47.381	-70.516	4.3	2.1
2014	1	22	4:02:22	47.47	-70.097	8.9	2.1
2016	9	25	11:20:11	47.587	-70.184	14.1	2.1
2014	12	1	21:03:13	47.779	-69.824	21.3	2.1
2014	12	16	7:28:45	47.297	-70.607	11	2.1
2016	7	13	20:00:35	47.534	-70.14	12.3	2.1
2016	2	15	16:13:43	47.463	-69.983	12.2	2.1
2016	2	16	7:58:43	47.565	-69.967	15.1	2.1
2017	3	9	6:49:52	47.412	-70.084	6.8	2.1
2017	7	24	9:35:59	47.627	-70.217	11.7	2.1
2016	10	30	23:02:10	47.586	-70	8.3	2.1
2016	5	4	14:39:28	47.496	-69.987	11.3	2.1
2016	10	15	17:17:19	47.442	-70.341	13.3	2.1
2017	10	25	13:04:04	47.276	-70.371	9.1	2.1
2015	4	9	21:18:29	47.462	-70.025	11.1	2
2012	8	4	6:29:21	47.441	-70.344	8.7	2
2017	4	5	7:05:33	47.399	-70.4	7.6	2
2011	11	21	5:13:15	47.789	-69.926	15.6	2
2009	9	9	18:05:50	47.781	-69.822	21.7	2
2002	1	19	13:32:47	47.44	-70.043	14.7	2
2007	1	9	17:06:57	47.391	-70.234	12.8	2
2007	1	15	8:36:21	47.546	-70.151	22.9	2
2012	8	10	9:27:30	47.311	-70.396	8.8	2
2014	3	19	7:17:54	47.611	-69.917	11.9	2
2004	11	27	12:45:31	47.623	-70.005	27.1	2
2004	2	13	2:22:17	47.443	-70.387	6.9	2
2002	8	22	4:19:13	47.547	-70.223	17.2	2
2014	2	20	17:28:06	47.558	-69.975	10.9	2
2015	7	21	2:44:57	47.455	-70.116	23.4	2
2004	12	10	21:36:40	47.619	-69.985	8	2
2003	6	20	11:21:03	47.693	-70.082	12.6	2
2004	8	19	21:51:36	47.43	-70.379	12.6	2
2004	11	19	20:44:05	47.577	-69.914	13.1	2
2012	9	15	23:10:39	47.505	-70.041	11.2	2
2002	5	5	8:49:55	47.443	-70.406	14.1	2
2012	9	26	8:17:06	47.529	-70.135	20.4	2
2007	10	25	1:08:12	47.537	-70.374	3.7	2
2012	1	31	7:21:09	47.52	-69.952	9	2
2014	3	27	14:33:05	47.678	-69.89	14.6	2
2003	12	18	7:16:07	47.33	-70.526	12.6	2
2015	8	26	21:43:26	47.829	-69.801	18	2
2007	4	10	8:16:16	47.545	-70.364	7.8	2
2008	10	20	15:13:00	47.633	-70.401	10	2
2014	4	22	5:26:33	47.403	-70.282	15.2	2
2007	3	12	3:10:28	47.802	-69.79	22	2
2009	8	23	7:43:04	47.529	-70.371	4.1	2
2009	8	17	6:30:22	47.692	-70.049	10.9	2
2003	6	17	10:56:07	47.704	-70.073	11.8	2
2012	10	13	21:22:45	47.825	-69.953	21.5	2
2007	7	2	3:53:05	47.89	-69.811	13.9	2
2004	6	30	12:07:23	47.547	-70.166	18	2
2002	6	3	18:20:25	47.734	-69.992	15.9	2
2001	6	22	3:29:02	47.39	-70.125	16	2
2014	4	7	2:33:01	47.466	-70.079	11.7	2
2015	4	27	19:35:37	47.458	-70.163	24.1	2
2005	12	22	20:21:39	47.592	-69.905	14.2	2
2010	8	9	18:38:11	47.617	-70.157	11.5	2
2016	4	16	0:44:56	47.539	-70.247	14.4	2
2005	3	6	15:12:23	47.755	-69.731	15.1	2
2005	2	18	23:04:36	47.601	-70.246	17.5	2
2013	8	11	15:20:28	47.667	-69.866	14.1	2
2013	8	23	11:55:07	47.592	-69.878	16.5	2
2015	1	22	23:04:42	47.704	-69.904	9.8	2
2010	5	7	21:23:11	47.429	-70.329	19.4	2
2005	6	5	9:22:11	47.633	-69.979	27.1	2
2014	6	27	18:05:43	47.545	-69.973	15.5	2
2010	11	5	10:41:57	47.66	-69.808	21	2
2011	5	3	8:13:03	47.656	-70.102	12	2
2010	10	13	2:58:03	47.669	-70.243	9.5	2
2014	11	1	2:29:20	47.678	-70.024	23.3	2
2002	11	27	9:00:56	47.521	-70.07	12.9	2
2010	12	4	4:37:42	47.659	-69.826	18.3	2
2005	9	21	18:05:08	47.801	-69.834	22.5	2
2013	10	31	16:42:02	47.786	-70.049	3.9	2
2002	12	14	1:32:38	47.306	-70.446	6.2	2
2002	11	25	12:29:23	47.331	-70.166	12.7	2
2005	11	1	23:56:04	47.545	-70.161	18.7	2
2013	7	23	13:36:41	47.419	-70.047	9.4	2
2013	5	10	1:19:14	47.828	-70.023	23.6	2
2013	5	18	12:28:54	47.453	-70.044	8.8	2
2013	10	12	0:16:04	47.645	-70.119	12.8	2
2016	5	26	13:26:38	47.642	-69.906	13.3	2
2005	11	9	5:02:11	47.487	-70.128	8.6	2
2004	4	24	21:30:36	47.402	-70.311	16.4	2
2015	2	3	6:21:11	47.563	-70.277	10.2	2
2015	2	7	18:59:07	47.718	-70.122	8.4	2
2011	1	10	18:31:03	47.569	-69.897	15.3	2
2005	5	5	2:21:21	47.754	-69.735	14.3	2
2003	11	8	10:50:05	47.652	-69.938	16.3	2
2002	10	6	1:22:54	47.599	-70.18	8.7	2
2014	8	2	21:49:03	47.6	-70.275	2.2	2
2005	3	28	23:50:17	47.578	-70.126	18.7	2
2003	9	23	6:37:51	47.764	-69.653	23.4	2
2001	12	2	8:38:29	47.586	-70.053	24.9	2
2006	8	12	0:33:21	47.44	-70.12	13.2	2
2006	4	7	2:35:15	47.524	-70.212	14.4	2
2010	3	6	19:03:24	47.48	-70.141	14.5	2
2017	8	28	11:55:23	47.576	-70.414	21.7	2
2017	2	24	0:40:30	47.31	-70.56	17.3	2
2016	6	6	21:23:40	47.803	-69.954	23.9	2
2001	8	3	4:31:53	47.613	-70.215	13.8	1.9
2008	7	20	11:10:12	47.433	-70.328	11.6	1.9
2010	12	11	18:34:27	47.541	-70.032	12.9	1.9
2001	9	11	14:32:12	47.422	-70.44	6	1.9
2012	4	8	21:02:34	47.729	-70.147	0.8	1.9
2009	2	17	17:10:39	47.727	-69.917	18.8	1.9
2012	4	13	23:00:20	47.71	-69.945	24.3	1.9
2015	5	20	19:32:00	47.883	-69.828	19.6	1.9
2008	9	3	0:50:27	47.415	-70.341	10	1.9
2004	8	10	0:10:40	47.794	-69.794	22	1.9
2011	5	3	2:30:37	47.402	-70.424	6.9	1.9
2004	1	27	2:33:04	47.555	-70.246	13.6	1.9
2011	3	20	22:54:34	47.442	-70.426	4.8	1.9
2008	8	3	13:05:12	47.393	-70.362	22.8	1.9
2008	7	23	6:16:42	47.483	-70.076	13.5	1.9
2004	8	11	13:44:00	47.417	-70.173	12.4	1.9
2004	8	10	13:01:12	47.471	-70.044	11.9	1.9
2012	5	6	23:08:02	47.456	-70.284	20.1	1.9
2009	4	3	2:22:43	47.541	-70.805	2.7	1.9
2015	3	24	23:41:24	47.405	-70.408	6.4	1.9
2011	8	28	8:54:10	47.507	-70.033	11.4	1.9
2014	4	28	2:55:07	47.472	-70.488	5.6	1.9
2015	1	6	16:57:58	47.514	-70.179	11.2	1.9
2010	4	21	13:39:01	47.534	-70.028	8.2	1.9
2004	5	23	8:22:08	47.322	-70.535	11.5	1.9
2012	6	23	20:44:29	47.398	-70.383	6.8	1.9
2015	3	13	0:20:56	47.498	-70.353	8.8	1.9
2010	1	4	0:14:32	47.65	-70.148	6.2	1.9
2016	8	4	16:02:50	47.696	-70.08	13.4	1.9
2009	12	27	8:56:04	47.276	-70.331	10.4	1.9
2014	5	5	11:13:45	47.477	-70.501	4.6	1.9
2001	12	24	19:32:57	47.476	-70.051	17.1	1.9
2011	9	12	10:35:56	47.421	-70.414	7	1.9
2001	12	19	7:52:52	47.646	-70.005	27.8	1.9
2011	11	21	14:06:27	47.458	-70.08	13.3	1.9
2001	9	15	5:36:47	47.5	-69.966	8.8	1.9
2017	6	14	8:45:19	47.469	-70.049	16.7	1.9
2010	10	1	16:04:45	47.495	-70.268	16.7	1.9
2001	7	24	6:49:38	47.489	-70.2	17.3	1.9
2014	9	23	13:23:58	47.401	-70.216	14.4	1.9
2009	4	27	2:47:02	47.402	-70.265	12.5	1.9
2012	1	7	23:41:36	47.452	-70.106	10.1	1.9
2014	11	19	2:20:51	47.618	-69.944	14	1.9
2011	11	29	16:46:08	47.791	-69.84	22.9	1.9
2003	6	18	3:05:55	47.44	-70.201	10.6	1.9
2002	2	2	3:40:47	47.35	-70.332	10.6	1.9
2004	4	17	22:34:58	47.466	-70.42	12.7	1.9
2009	7	21	12:46:36	47.685	-69.925	17	1.9
2004	6	2	5:48:30	47.644	-70.181	12.8	1.9
2003	7	24	14:16:15	47.402	-70.13	15.6	1.9
2014	4	10	1:04:44	47.39	-70.128	16.3	1.9
2016	7	30	20:50:11	47.444	-70.169	9.4	1.9
2006	2	26	16:15:14	47.508	-69.976	10.2	1.9
2004	12	25	7:07:17	47.559	-70.231	12.9	1.9
2002	8	20	16:16:13	47.478	-70.152	7.6	1.9
2005	11	8	14:47:54	47.554	-69.953	16.2	1.9
2013	5	17	17:08:50	47.74	-69.788	12.4	1.9
2003	11	24	14:01:03	47.41	-70.064	8.7	1.9
2006	4	14	3:54:21	47.495	-70.107	13.6	1.9
2000	12	4	21:55:29	47.584	-69.962	10.3	1.9
2007	10	22	1:31:05	47.544	-70.232	16.2	1.9
2007	10	7	17:37:29	47.517	-69.958	12.4	1.9
2002	5	22	21:28:01	47.658	-69.969	14.3	1.9
2015	10	8	14:09:18	47.345	-70.109	26.8	1.9
2013	1	8	3:26:44	47.628	-70.062	25.4	1.9
2013	5	27	2:23:19	47.785	-70.053	4	1.9
2000	12	17	6:27:29	47.495	-70.105	7.3	1.9
2016	10	10	13:19:14	47.679	-70.325	9.6	1.9
2006	2	9	6:25:11	47.755	-69.992	21.2	1.9
2006	11	28	13:35:01	47.481	-70.105	10.4	1.9
2003	11	2	19:53:29	47.612	-70.261	6.2	1.9
2012	12	13	13:49:39	47.537	-70.057	18.8	1.9
2007	1	4	20:40:26	47.534	-70.301	9.8	1.9
2017	4	7	3:00:53	47.795	-69.862	22.6	1.9
2007	2	28	4:23:45	47.27	-70.468	7.2	1.9
2012	12	7	18:50:00	47.41	-70.392	6.8	1.9
2012	11	29	1:47:50	47.72	-70.118	7.5	1.9
2005	12	12	8:51:00	47.362	-70.392	7.4	1.9
2001	3	11	23:44:06	47.608	-70.195	10.5	1.9
2017	11	21	8:50:23	47.608	-70.151	10.3	1.9
2006	2	19	23:07:17	47.606	-70.389	16.3	1.9
2007	3	22	14:20:53	47.403	-70.091	10.6	1.9
2001	2	25	0:01:24	47.669	-69.802	11.3	1.9
2013	2	11	1:20:54	47.442	-70.045	11	1.9
2013	10	5	1:57:19	47.626	-69.82	11.7	1.9
2001	4	21	20:09:07	47.725	-69.921	19.5	1.9
2008	3	20	9:22:45	47.716	-69.872	16.2	1.9
2006	8	12	1:38:02	47.631	-70.152	14	1.9
2008	5	8	23:01:56	47.736	-69.912	21.5	1.9
2012	7	17	19:33:05	47.655	-70.134	12.9	1.9
2005	3	30	15:42:54	47.747	-69.736	13.2	1.9
2001	5	4	18:48:41	47.399	-70.422	5.8	1.9
2008	6	8	13:17:06	47.798	-69.857	21.2	1.9
2011	2	24	2:44:27	47.574	-69.916	13.3	1.9
2002	9	3	3:43:59	47.622	-70.209	16.8	1.9
2005	9	1	0:30:02	47.552	-69.965	11.2	1.9
2002	5	9	16:13:40	47.667	-69.966	13	1.9
2013	6	30	15:28:38	47.562	-70.396	8.9	1.9
2002	12	23	14:31:03	47.596	-69.945	11.4	1.9
2003	11	3	22:52:54	47.401	-70.482	5.5	1.9
2002	9	3	0:23:34	47.525	-70.061	8.5	1.9
2008	2	29	8:55:20	47.578	-70.277	4.1	1.9
2005	8	27	21:51:46	47.738	-69.726	13.6	1.9
2013	12	20	7:32:24	47.553	-69.993	10	1.9
2017	7	19	2:18:08	47.471	-70.098	18.5	1.8
2006	3	30	14:03:49	47.751	-70.144	9.3	1.8
2006	3	4	3:11:35	47.529	-70.415	9.6	1.8
2006	3	19	2:59:32	47.704	-69.882	10.1	1.8
2017	8	10	17:08:57	47.4	-70.185	15.8	1.8
2016	4	8	13:47:15	47.412	-70.388	14.5	1.8
2010	12	28	9:30:31	47.509	-70.28	14.9	1.8
2010	12	25	21:12:18	47.273	-70.447	7.6	1.8
2002	12	27	11:09:40	47.534	-70.363	5.6	1.8
2016	8	28	14:26:41	47.623	-70.33	17	1.8
2014	8	20	4:18:07	47.4	-70.407	18.2	1.8
2016	6	3	12:06:56	47.595	-70.23	6.2	1.8
2001	8	11	14:36:35	47.507	-70.038	11.9	1.8
2005	5	11	12:40:25	47.433	-70.038	22.4	1.8
2005	5	17	5:22:17	47.747	-69.718	13.1	1.8
2011	1	20	15:59:07	47.767	-69.939	26.4	1.8
2011	2	4	7:44:32	47.55	-69.969	16.5	1.8
2005	9	12	7:22:33	47.657	-69.991	8.6	1.8
2010	11	12	13:41:14	47.838	-69.995	20.1	1.8
2010	8	22	11:25:41	47.447	-70.347	6.3	1.8
2016	7	1	19:36:48	47.476	-69.979	12.9	1.8
2010	9	18	21:37:57	47.26	-70.32	10.6	1.8
2016	5	6	5:44:17	47.63	-69.963	17.3	1.8
2005	9	15	5:05:57	47.459	-70.034	10.6	1.8
2014	9	4	9:05:03	47.713	-70.207	11.9	1.8
2014	10	15	18:53:21	47.473	-69.956	10.3	1.8
2002	11	26	13:56:53	47.439	-70.395	7.4	1.8
2010	10	11	8:21:58	47.557	-70.3	9.7	1.8
2009	12	2	10:50:02	47.805	-70.13	19.9	1.8
2009	2	18	8:19:04	47.562	-70.216	16.5	1.8
2015	9	24	16:58:20	47.488	-70.299	13.2	1.8
2009	1	21	8:51:48	47.663	-70.162	11.7	1.8
2002	5	9	15:27:50	47.486	-70.083	15.6	1.8
2004	7	27	1:20:48	47.528	-70.212	14.3	1.8
2015	5	11	3:54:08	47.282	-70.358	6.2	1.8
2007	6	9	3:33:50	47.79	-69.861	23.7	1.8
2015	10	22	19:55:47	47.797	-69.821	21.5	1.8
2009	4	27	3:20:45	47.433	-70.334	11	1.8
2002	5	25	8:53:59	47.282	-70.406	7.7	1.8
2015	6	24	6:13:23	47.674	-70.11	9.3	1.8
2008	5	19	18:13:52	47.407	-70.327	12.4	1.8
2008	8	8	9:20:46	47.418	-70.44	4.7	1.8
2004	8	16	7:16:55	47.633	-70.11	10.7	1.8
2004	8	15	18:31:45	47.718	-69.976	20.2	1.8
2015	7	9	14:51:10	47.638	-69.844	11.8	1.8
2008	5	12	9:25:15	47.414	-70.357	9.4	1.8
2008	9	11	6:43:34	47.356	-70.261	16.2	1.8
2008	3	11	8:59:27	47.629	-70.114	12.3	1.8
2008	3	12	8:34:37	47.869	-69.862	24.5	1.8
2003	9	22	1:31:17	47.624	-70.024	25	1.8
2016	7	26	20:55:15	47.364	-70.441	11.8	1.8
2007	5	18	2:10:46	47.485	-70.135	14.4	1.8
2004	11	14	9:56:29	47.642	-69.908	9.3	1.8
2004	12	28	0:00:58	47.734	-69.931	24.2	1.8
2015	7	22	13:45:59	47.774	-70.133	16.9	1.8
2006	11	21	5:14:34	47.445	-70.284	18.1	1.8
2009	10	16	4:02:01	47.322	-70.501	11.1	1.8
2004	5	12	8:27:29	47.82	-69.815	24.2	1.8
2006	9	7	15:20:59	47.431	-70.16	8.7	1.8
2017	3	11	13:40:27	47.443	-70.07	6.2	1.8
2006	5	9	2:42:07	47.502	-70.137	14.9	1.8
2010	3	4	4:46:19	47.54	-69.98	16.4	1.8
2006	6	27	18:09:45	47.434	-70.432	4.8	1.8
2010	2	23	6:52:03	47.491	-70.1	14.2	1.8
2002	8	16	16:25:02	47.484	-69.967	7.6	1.8
2009	10	7	17:01:52	47.597	-69.891	14.8	1.8
2007	4	8	15:40:25	47.501	-70.071	12	1.8
2016	7	17	15:28:25	47.826	-69.794	21.5	1.8
2004	5	30	21:29:29	47.485	-70.04	12.3	1.8
2002	6	18	0:52:32	47.726	-70.037	4.9	1.8
2009	5	25	1:49:54	47.844	-70.243	14.6	1.8
2009	6	2	15:54:08	47.647	-69.981	23.5	1.8
2009	8	16	13:02:05	47.452	-70.095	12.5	1.8
2009	9	8	7:34:13	47.799	-69.672	16	1.8
2013	9	30	3:50:11	47.667	-69.979	23.4	1.8
2003	3	29	21:07:57	47.824	-69.803	21.7	1.8
2004	5	25	12:35:02	47.599	-70.065	25.8	1.8
2007	2	21	9:18:05	47.809	-69.821	23.6	1.8
2002	1	26	6:13:59	47.526	-70.185	15.4	1.8
2014	3	19	20:46:13	47.421	-70.381	10.2	1.8
2003	7	24	14:19:41	47.387	-70.13	15.2	1.8
2001	1	12	18:22:39	47.468	-70.055	6.4	1.8
2003	7	22	3:43:34	47.426	-70.43	11.1	1.8
2014	2	16	8:20:15	47.787	-70.048	4.8	1.8
2012	7	9	23:34:04	47.524	-70.138	17.3	1.8
2011	7	29	14:18:01	47.584	-69.916	13	1.8
2000	12	19	17:33:11	47.489	-70.366	9.8	1.8
2003	12	8	0:33:55	47.24	-70.531	31.1	1.8
2013	6	21	23:42:23	47.401	-70.463	12.8	1.8
2014	2	28	21:00:10	47.435	-70.08	14.8	1.8
2011	11	16	23:31:34	47.819	-69.984	17	1.8
2011	12	8	7:04:56	47.609	-69.951	10.1	1.8
2013	5	21	7:38:24	47.562	-70.273	10.8	1.8
2011	11	16	21:12:00	47.386	-70.131	17.8	1.8
2013	1	2	21:42:02	47.516	-70.039	13.1	1.8
2012	11	9	6:18:10	47.667	-69.897	9.3	1.8
2013	4	21	5:43:21	47.443	-70.11	12.2	1.8
2011	6	29	14:14:32	47.56	-70.029	8.3	1.8
2012	1	2	21:12:05	47.554	-69.993	10.8	1.8
2003	10	24	3:02:19	47.695	-70.099	5.3	1.8
2004	3	29	2:12:26	47.703	-70.08	10.5	1.8
2011	10	9	13:57:01	47.441	-70.378	7.2	1.8
2013	4	27	1:21:39	47.443	-70.055	14.4	1.8
2011	10	7	20:35:15	47.695	-70.071	15	1.8
2011	6	15	11:04:10	47.454	-70.361	8.1	1.8
2012	1	31	7:21:44	47.52	-69.946	8.3	1.8
2014	6	20	8:40:33	47.789	-69.841	23.2	1.8
2003	7	30	18:20:22	47.555	-70.226	13.1	1.8
2001	5	27	15:03:35	47.492	-70.076	14.9	1.8
2012	7	16	16:01:00	47.393	-70.489	9.4	1.8
2003	7	1	8:33:35	47.426	-70.428	11.6	1.7
2004	5	10	10:48:56	47.434	-70.395	11.2	1.7
2002	7	25	15:49:52	47.599	-70.004	6.9	1.7
2003	4	4	21:50:53	47.777	-69.997	7	1.7
2006	3	14	10:13:43	47.741	-69.723	13.8	1.7
2001	6	20	14:13:06	47.559	-70.034	7.4	1.7
2001	12	7	6:44:55	47.573	-70.002	13.4	1.7
2008	7	20	18:59:54	47.522	-70.281	12.9	1.7
2016	10	31	5:30:30	47.587	-70.003	7.7	1.7
2012	8	2	21:23:21	47.506	-70.15	9.7	1.7
2008	5	22	16:30:05	47.438	-70.429	4.5	1.7
2002	7	11	12:47:11	47.802	-69.963	20.1	1.7
2006	1	18	19:13:25	47.413	-70.42	10.3	1.7
2017	4	11	21:54:07	47.583	-70.195	10.1	1.7
2012	11	23	9:17:11	47.413	-70.08	8.4	1.7
2001	11	3	14:46:32	47.419	-70.418	6	1.7
2001	11	16	7:29:52	47.794	-69.915	24.1	1.7
2011	8	22	7:37:32	47.64	-70.225	11.6	1.7
2016	8	10	13:25:06	47.543	-70.356	6.4	1.7
2008	7	2	16:39:20	47.608	-69.954	9.8	1.7
2011	9	21	20:23:59	47.728	-69.975	10.1	1.7
2015	3	18	0:50:25	47.563	-70.283	6.6	1.7
2015	2	6	8:44:06	47.232	-70.36	8.3	1.7
2008	6	19	9:00:10	47.464	-70.377	5.1	1.7
2001	12	5	4:57:56	47.57	-70.001	13.1	1.7
2017	7	5	15:44:05	47.716	-69.831	12.9	1.7
2003	7	8	23:40:30	47.469	-70.474	16.4	1.7
2009	1	26	15:42:33	47.609	-70.269	9.6	1.7
2002	8	29	14:07:39	47.805	-69.946	21.9	1.7
2013	12	23	12:30:15	47.735	-69.914	21.5	1.7
2006	9	20	4:23:43	47.503	-70.046	12.6	1.7
2006	9	24	15:34:05	47.703	-70.098	2.9	1.7
2011	12	11	19:30:22	47.624	-70.201	15.9	1.7
2013	1	10	17:04:12	47.51	-69.927	10.5	1.7
2009	1	20	6:59:41	47.435	-70.198	13.8	1.7
2004	2	8	5:21:05	47.456	-70.046	7.8	1.7
2001	5	24	23:46:54	47.515	-70.018	8.9	1.7
2002	2	19	3:18:14	47.494	-70.065	15.7	1.7
2003	11	15	5:36:32	47.34	-70.373	7.7	1.7
2013	2	9	17:29:18	47.634	-70.297	9.7	1.7
2013	2	5	6:29:21	47.411	-70.392	6.8	1.7
2006	9	14	9:37:08	47.695	-69.811	22.7	1.7
2015	4	28	2:02:10	47.85	-69.768	12.2	1.7
2009	4	29	3:25:54	47.78	-69.886	18.8	1.7
2009	5	24	3:47:19	47.642	-70.239	10.4	1.7
2002	2	22	12:51:12	47.592	-69.926	11.3	1.7
2011	12	27	17:39:09	47.41	-70.405	13.8	1.7
2004	7	11	13:13:08	47.491	-70.076	12.2	1.7
2006	7	4	22:38:16	47.5	-70.038	12.7	1.7
2002	8	14	16:09:03	47.752	-69.717	13.1	1.7
2002	10	13	21:32:56	47.457	-70.07	6.1	1.7
2006	11	29	12:41:54	47.501	-70.38	6.4	1.7
2015	12	23	3:54:46	47.395	-70.137	8.4	1.7
2003	8	2	8:08:41	47.42	-70.295	15.8	1.7
2013	3	14	3:42:12	47.788	-70.049	3.5	1.7
2004	2	13	6:15:28	47.753	-70.114	12.5	1.7
2009	11	9	18:14:21	47.415	-70.179	11.1	1.7
2009	9	22	9:20:42	47.563	-70.107	20.1	1.7
2017	6	11	22:11:14	47.654	-69.876	7.2	1.7
2008	12	24	7:52:29	47.591	-70.154	18.4	1.7
2012	2	22	18:31:49	47.45	-70.388	10.5	1.7
2011	12	5	5:09:32	47.402	-70.411	9	1.7
2009	7	23	12:25:34	47.518	-70.441	15	1.7
2008	12	15	20:31:39	47.707	-69.936	9.5	1.7
2015	4	16	18:52:48	47.441	-70.533	7.4	1.7
2008	11	14	19:54:44	47.662	-69.806	12.4	1.7
2016	12	18	17:01:59	47.62	-70.206	15.3	1.7
2001	11	6	20:09:37	47.812	-69.824	22	1.7
2010	7	27	0:32:50	47.455	-70.385	4.4	1.7
2014	1	23	4:21:12	47.822	-69.961	19.2	1.7
2012	8	22	5:17:46	47.467	-70.037	7.1	1.7
2005	6	17	14:34:41	47.62	-70.175	15.2	1.7
2013	8	9	13:37:04	47.814	-70.055	14.3	1.7
2013	11	3	20:15:46	47.492	-69.948	8.3	1.7
2012	9	23	18:13:50	47.682	-70.076	5.9	1.7
2005	7	28	21:58:20	47.495	-70.089	21.6	1.7
2004	3	8	0:59:41	47.537	-70.301	8.4	1.7
2002	12	7	15:21:37	47.61	-70.052	17.7	1.7
2010	8	31	6:08:46	47.728	-69.94	21.9	1.7
2010	11	25	8:16:58	47.43	-70.356	9.4	1.7
2001	8	20	7:16:48	47.433	-70.16	10.4	1.7
2003	9	2	20:55:08	47.479	-69.986	10.8	1.7
2011	7	18	8:22:22	47.378	-70.145	17.5	1.7
2005	5	25	0:07:50	47.862	-69.912	23.4	1.7
2015	10	15	4:17:45	47.389	-70.226	14.8	1.7
2013	5	23	3:43:17	47.785	-70.051	4.3	1.7
2002	11	24	8:41:53	47.59	-70.202	14.6	1.7
2007	12	24	6:07:25	47.542	-70.389	2.3	1.7
2005	9	26	9:44:34	47.732	-70.126	7.8	1.7
2016	6	18	4:17:37	47.754	-69.856	9.1	1.7
2010	10	21	1:48:50	47.784	-69.946	26.1	1.7
2005	9	7	18:05:19	47.269	-70.448	13.4	1.7
2002	6	1	4:16:54	47.758	-69.959	13.2	1.7
2005	3	6	8:32:18	47.751	-69.734	13.1	1.7
2013	6	8	6:26:54	47.757	-69.867	8.6	1.7
2014	10	30	22:52:38	47.72	-69.929	21.4	1.7
2005	9	25	0:12:17	47.375	-70.525	9.5	1.7
2017	1	30	16:50:32	47.44	-70.333	9.4	1.7
2004	10	6	17:13:13	47.628	-69.885	14.2	1.7
2002	11	11	13:25:45	47.732	-69.668	25.2	1.7
2010	10	4	10:47:54	47.537	-70.169	18.7	1.7
2002	12	14	1:29:58	47.306	-70.444	6.4	1.7
2011	6	12	17:32:49	47.608	-69.888	14.1	1.7
2013	10	20	11:59:53	47.503	-69.971	11.9	1.7
2014	10	31	16:32:56	47.593	-69.98	9.2	1.7
2003	1	22	13:57:58	47.606	-70.254	6	1.7
2012	8	19	6:35:19	47.474	-69.991	12	1.7
2011	4	8	4:50:38	47.516	-70.019	14.7	1.7
2004	8	28	20:00:46	47.744	-69.913	24	1.7
2017	1	2	8:49:33	47.698	-70.038	6.8	1.7
2001	4	18	4:52:21	47.477	-70.051	15.6	1.7
2011	8	2	11:41:28	47.491	-70.203	16.1	1.7
2007	8	25	2:49:39	47.584	-70.01	9.3	1.7
2005	3	21	9:13:41	47.305	-70.397	8	1.7
2010	7	25	13:40:03	47.707	-69.868	9.7	1.7
2016	10	23	8:07:38	47.597	-70.328	6.4	1.7
2005	3	28	15:08:32	47.6	-70.233	11.1	1.7
2007	4	12	4:46:37	47.443	-70.118	22.4	1.7
2006	1	12	7:33:33	47.396	-70.188	10.8	1.7
2004	10	26	22:18:10	47.332	-70.453	16.5	1.7
2001	10	29	21:38:37	47.678	-70.184	8.1	1.7
2012	8	15	16:59:24	47.474	-70.128	12.4	1.7
2010	5	7	17:59:58	47.675	-69.904	7.7	1.7
2004	10	17	19:43:34	47.742	-70.133	6.6	1.7
2014	12	28	1:59:05	47.594	-70.222	5.4	1.7
2007	4	29	8:47:41	47.715	-70.192	0	1.7
2008	3	1	14:06:32	47.596	-70.193	11	1.7
2004	3	2	10:35:20	47.692	-70.129	14.4	1.7
2010	7	20	23:17:42	47.698	-69.896	11	1.7
2011	2	25	19:40:50	47.482	-70.149	11	1.7
2013	11	14	0:09:55	47.52	-70.294	11.4	1.7
2014	12	4	5:12:45	47.398	-70.339	8.8	1.7
2001	3	29	8:17:58	47.473	-70.118	15.1	1.7
2007	9	28	11:08:46	47.554	-70.277	13.9	1.7
2005	5	7	19:55:54	47.751	-69.729	13.3	1.7
2017	4	14	4:40:40	47.783	-70.049	4.4	1.7
2001	7	6	15:22:03	47.4	-70.382	8.3	1.7
2007	10	15	6:42:07	47.509	-70.132	9.6	1.6
2013	1	20	16:15:14	47.539	-70.4	2.8	1.6
2007	8	17	15:33:09	47.516	-70.073	10.1	1.6
2004	7	6	17:59:49	47.497	-70.033	14.9	1.6
2003	9	1	1:34:30	47.498	-70.389	7.4	1.6
2008	12	14	15:49:14	47.639	-69.958	18.2	1.6
2006	9	14	1:45:48	47.692	-69.806	22.8	1.6
2003	6	1	1:40:00	47.371	-70.22	9.8	1.6
2008	12	25	1:21:36	47.538	-70.027	9.4	1.6
2009	3	3	21:25:24	47.686	-70.182	3	1.6
2007	10	24	1:22:18	47.862	-69.717	22.8	1.6
2009	3	7	18:30:23	47.533	-69.915	10.2	1.6
2012	9	7	11:55:43	47.481	-70.369	5.2	1.6
2007	9	25	16:41:17	47.423	-70.406	6	1.6
2003	8	25	23:51:39	47.382	-70.364	8	1.6
2007	9	15	10:17:08	47.848	-69.824	13	1.6
2016	9	13	23:09:20	47.412	-70.074	8	1.6
2007	11	23	13:45:25	47.479	-70.073	11.7	1.6
2007	9	25	16:16:45	47.461	-70.354	8.5	1.6
2016	7	22	0:03:36	47.678	-69.923	13.1	1.6
2015	12	26	3:06:16	47.45	-70.096	20.5	1.6
2016	7	13	21:41:59	47.527	-69.991	12	1.6
2008	6	11	4:25:40	47.529	-70.056	9.1	1.6
2016	11	4	3:41:59	47.566	-69.944	11.1	1.6
2014	2	8	7:20:41	47.387	-70.141	18.7	1.6
2003	5	21	20:16:37	47.471	-70.084	24.7	1.6
2007	2	27	13:03:09	47.361	-70.512	7.8	1.6
2008	6	30	15:31:49	47.434	-70.189	12.2	1.6
2003	8	20	2:15:22	47.315	-70.514	9.9	1.6
2008	2	28	0:01:43	47.52	-70.011	8.1	1.6
2001	4	27	23:33:01	47.492	-70.114	4.3	1.6
2015	8	14	9:39:24	47.518	-70.312	11	1.6
2007	3	29	13:18:12	47.802	-69.951	20.5	1.6
2003	9	4	11:40:04	47.348	-70.328	18.1	1.6
2008	4	9	7:25:31	47.484	-70.171	10.9	1.6
2004	11	18	3:07:11	47.537	-69.986	11	1.6
2012	12	8	1:39:45	47.343	-70.159	22.6	1.6
2001	5	29	6:18:40	47.309	-70.437	7.6	1.6
2012	11	18	20:24:15	47.643	-70.12	12.9	1.6
2003	5	10	2:33:06	47.843	-69.849	18	1.6
2004	1	9	10:51:51	47.622	-69.832	17.9	1.6
2016	1	6	15:13:00	47.399	-70.315	9	1.6
2016	11	19	23:19:29	47.563	-69.923	12.6	1.6
2017	10	6	7:04:07	47.544	-69.864	16.8	1.6
2006	11	15	21:42:05	47.325	-70.519	10.2	1.6
2013	1	1	22:10:45	47.604	-70.22	5.1	1.6
2004	11	12	19:25:04	47.314	-70.387	9.6	1.6
2001	3	23	11:18:27	47.68	-69.918	12.9	1.6
2002	5	10	19:54:53	47.366	-70.129	14.7	1.6
2008	8	16	7:05:07	47.612	-70.235	4.3	1.6
2007	5	13	21:19:38	47.509	-70.039	12.8	1.6
2012	5	16	16:33:05	47.6	-70.249	6.2	1.6
2017	5	12	17:14:59	47.346	-70.385	10.1	1.6
2007	5	14	6:47:31	47.688	-70.199	5.1	1.6
2004	11	13	4:44:43	47.719	-69.948	20.6	1.6
2008	9	3	0:53:04	47.421	-70.337	9.5	1.6
2001	4	1	4:19:56	47.607	-69.91	12.4	1.6
2008	1	15	20:03:19	47.514	-70.229	13.5	1.6
2003	11	19	9:02:35	47.518	-70.352	10.4	1.6
2008	8	28	5:23:21	47.738	-69.991	14.4	1.6
2006	6	19	18:06:43	47.612	-70.135	9.6	1.6
2005	10	8	20:41:01	47.428	-70.076	10.9	1.6
2001	10	8	0:14:44	47.808	-69.967	19.5	1.6
2010	8	13	17:58:40	47.568	-70.066	19.2	1.6
2015	2	10	4:29:07	47.622	-70.201	16.6	1.6
2005	2	4	21:06:30	47.509	-69.918	10.1	1.6
2003	2	22	20:11:36	47.546	-70.266	13.4	1.6
2005	2	1	6:09:28	47.463	-70.057	17.5	1.6
2005	2	1	7:23:25	47.405	-70.273	15.3	1.6
2006	3	18	18:18:56	47.395	-70.363	10	1.6
2005	9	29	7:26:36	47.801	-69.835	22.7	1.6
2003	10	19	17:27:14	47.623	-69.915	10.6	1.6
2002	1	12	3:39:56	47.45	-70.065	21.8	1.6
2006	4	20	21:44:51	47.456	-70.029	11	1.6
2017	11	11	5:25:17	47.458	-69.983	9.5	1.6
2010	9	22	4:31:06	47.731	-70.065	11.4	1.6
2006	4	9	13:49:39	47.306	-70.438	8.4	1.6
2011	10	9	2:47:25	47.599	-70.315	3.8	1.6
2009	12	12	2:42:45	47.417	-70.366	9.3	1.6
2013	5	29	12:35:04	47.57	-70.293	9.2	1.6
2006	4	2	10:10:40	47.592	-70.001	12	1.6
2005	2	22	13:46:31	47.8	-69.831	24.1	1.6
2009	11	25	15:37:00	47.44	-70.371	7.4	1.6
2012	1	16	10:41:20	47.741	-69.664	25.1	1.6
2017	2	22	7:01:55	47.517	-70.228	13.8	1.6
2001	11	3	11:45:44	47.413	-70.344	9.4	1.6
2011	8	14	2:45:41	47.47	-70.027	11.2	1.6
2010	5	5	15:38:21	47.539	-70.149	18	1.6
2004	4	30	15:39:44	47.276	-70.373	10.3	1.6
2010	5	17	15:40:56	47.605	-70.233	14	1.6
2005	12	30	11:23:13	47.629	-70.182	16	1.6
2017	7	20	23:19:23	47.418	-70.408	12.5	1.6
2001	7	1	10:35:32	47.634	-70.186	15.4	1.6
2006	1	6	4:51:58	47.612	-70.15	13.8	1.6
2001	10	27	15:49:29	47.605	-70.249	11.8	1.6
2010	4	30	19:54:58	47.738	-70.095	8.8	1.6
2003	1	22	21:59:33	47.525	-70.364	3.5	1.6
2003	7	13	20:41:23	47.49	-70.053	16	1.6
2006	2	6	2:19:02	47.318	-70.421	6.3	1.6
2005	2	18	4:32:56	47.364	-70.405	5.1	1.6
2006	1	19	15:40:03	47.574	-69.846	13.5	1.6
2004	2	29	7:03:42	47.623	-70.096	21.9	1.6
2013	4	27	2:19:18	47.76	-69.92	7.2	1.6
2015	1	7	9:46:28	47.614	-69.899	14	1.6
2011	8	15	3:59:07	47.554	-70.033	6.8	1.6
2010	4	20	23:26:14	47.392	-70.261	10.9	1.6
2006	4	2	19:05:54	47.531	-70.373	3	1.6
2009	7	6	11:21:15	47.553	-70.257	13.7	1.6
2006	7	16	20:22:48	47.412	-70.446	8.5	1.6
2013	2	12	22:33:07	47.495	-70.151	9.6	1.6
2003	11	11	10:56:04	47.49	-70.007	5.7	1.6
2016	3	5	7:45:24	47.387	-70.124	16.4	1.6
2013	2	15	6:04:28	47.533	-69.933	13.6	1.6
2002	9	29	4:19:06	47.411	-70.404	10.6	1.6
2014	4	29	13:34:30	47.372	-70.269	8.1	1.6
2009	7	27	12:19:37	47.514	-70.055	12.6	1.6
2011	1	11	3:22:31	47.528	-70.048	12.7	1.6
2006	7	28	20:12:23	47.549	-70.026	12.1	1.6
2014	4	3	22:10:55	47.594	-70.237	11.4	1.6
2002	9	7	11:59:50	47.435	-70.424	4.4	1.6
2015	5	9	1:12:01	47.482	-70.305	12.9	1.6
2013	9	29	22:49:42	47.565	-70.032	13.7	1.6
2001	8	6	11:58:03	47.461	-70.382	15.6	1.6
2005	4	19	9:06:25	47.604	-69.791	19.5	1.6
2009	5	15	16:39:56	47.528	-70.07	11.8	1.6
2003	1	5	3:31:41	47.413	-70.373	9.5	1.6
2004	6	15	11:49:34	47.435	-70.046	8.6	1.6
2013	2	12	20:42:58	47.759	-69.913	25.6	1.6
2006	7	31	14:54:41	47.51	-70.106	9.7	1.6
2002	2	8	22:21:29	47.496	-70.061	15.8	1.6
2009	10	4	15:28:35	47.509	-69.948	9.3	1.6
2004	4	10	0:52:06	47.51	-70.308	11.4	1.6
2016	3	23	0:37:48	47.493	-70.012	9.6	1.6
2017	6	30	20:12:39	47.425	-70.063	16.8	1.6
2005	6	18	5:50:53	47.438	-70.382	8.9	1.6
2011	11	16	8:32:56	47.644	-69.942	13.3	1.6
2010	12	8	2:32:49	47.45	-69.988	7.9	1.6
2005	8	16	13:28:34	47.404	-70.115	7.3	1.6
2016	5	16	14:11:16	47.478	-70.083	9.1	1.6
2014	4	23	5:24:06	47.439	-70.099	16.3	1.6
2015	10	28	2:12:47	47.667	-69.983	18.5	1.5
2003	10	14	12:22:06	47.631	-70.165	12.5	1.5
2005	9	8	21:19:27	47.466	-70.127	13.8	1.5
2002	6	16	22:11:36	47.62	-70.236	6.8	1.5
2013	5	1	4:35:26	47.412	-70.348	10.4	1.5
2005	4	1	7:34:52	47.603	-70.217	6.1	1.5
2005	12	11	21:45:48	47.36	-70.154	11.7	1.5
2005	3	6	15:23:56	47.754	-69.719	13.2	1.5
2003	1	4	8:21:12	47.423	-70.433	4.7	1.5
2005	3	22	6:46:15	47.484	-70.1	19.7	1.5
2013	5	5	1:15:37	47.663	-69.974	15.9	1.5
2002	12	30	2:59:06	47.528	-70.383	3.6	1.5
2013	9	30	11:09:57	47.411	-70.319	11	1.5
2016	9	29	3:01:39	47.478	-70.451	6.8	1.5
2005	5	31	16:55:36	47.441	-70.125	13.9	1.5
2005	3	8	5:05:49	47.745	-69.725	13.5	1.5
2016	7	1	0:46:56	47.526	-70.161	13.6	1.5
2015	10	11	17:06:56	47.376	-70.284	14.9	1.5
2000	12	6	9:17:54	47.531	-70.292	10.9	1.5
2012	11	3	3:42:44	47.545	-70.252	12.4	1.5
2007	8	15	18:02:29	47.303	-70.38	8.4	1.5
2017	11	4	17:50:51	47.311	-70.466	18.9	1.5
2005	10	29	14:45:09	47.368	-70.254	9.3	1.5
2016	6	15	6:40:20	47.592	-69.994	9.8	1.5
2007	6	11	0:49:35	47.657	-69.883	10	1.5
2013	10	2	12:21:53	47.529	-70.186	16.4	1.5
2003	9	3	7:44:21	47.563	-69.95	12.1	1.5
2005	6	7	6:32:22	47.489	-70.066	12.3	1.5
2013	5	15	20:55:18	47.378	-70.243	7.7	1.5
2016	5	7	21:29:49	47.525	-69.985	10.6	1.5
2013	5	13	18:01:18	47.368	-70.279	11.7	1.5
2006	2	7	17:43:05	47.494	-69.987	6.8	1.5
2013	2	20	17:14:56	47.429	-70.413	11.4	1.5
2006	6	5	2:01:57	47.451	-70.43	4	1.5
2012	12	29	0:09:07	47.434	-70.051	10.9	1.5
2006	6	17	12:02:01	47.601	-69.934	11	1.5
2016	3	22	13:45:11	47.379	-70.503	11	1.5
2006	5	27	22:36:59	47.64	-69.834	22	1.5
2006	5	6	14:40:08	47.516	-70.385	4.7	1.5
2013	2	24	1:54:28	47.584	-69.906	14.1	1.5
2006	5	22	20:20:24	47.723	-70.036	12.8	1.5
2002	10	8	12:40:30	47.453	-70.198	9.9	1.5
2006	6	17	23:27:04	47.498	-70.048	9.2	1.5
2016	3	13	4:53:09	47.414	-70.091	8.3	1.5
2006	8	9	18:40:33	47.487	-70.159	10.5	1.5
2003	11	11	20:03:08	47.516	-70.023	4	1.5
2002	9	6	3:04:57	47.549	-70.156	18.6	1.5
2013	1	27	1:50:17	47.44	-70.065	13.8	1.5
2006	9	12	20:57:55	47.418	-70.305	12.2	1.5
2006	7	30	15:20:35	47.634	-69.915	16.8	1.5
2006	7	30	3:27:21	47.598	-69.943	12.1	1.5
2003	3	1	15:24:47	47.684	-69.903	8.7	1.5
2016	3	1	5:27:56	47.663	-69.924	8.2	1.5
2002	8	27	19:36:55	47.581	-70.255	6.7	1.5
2006	7	25	3:18:40	47.75	-69.734	12.9	1.5
2013	12	28	17:22:41	47.516	-70.035	12.7	1.5
2006	12	17	9:52:11	47.663	-69.92	8.5	1.5
2006	5	1	20:05:44	47.521	-69.975	11.2	1.5
2015	11	23	0:17:13	47.392	-70.355	9.1	1.5
2015	12	2	0:44:41	47.767	-69.753	23.8	1.5
2002	7	12	12:52:31	47.721	-70.091	12.5	1.5
2016	4	11	11:21:32	47.581	-69.977	8.6	1.5
2006	1	9	0:55:07	47.516	-70.087	8.2	1.5
2005	12	26	4:42:31	47.386	-70.185	13.6	1.5
2007	4	13	21:40:16	47.471	-70.346	9.6	1.5
2007	4	5	6:29:34	47.644	-69.965	23.1	1.5
2014	1	9	11:23:17	47.666	-70.132	12.8	1.5
2005	1	24	13:57:14	47.582	-69.953	11	1.5
2001	1	1	5:41:53	47.54	-70.193	23.8	1.5
2007	1	5	16:52:25	47.527	-70.207	15.8	1.5
2006	4	11	7:57:47	47.754	-69.721	13.8	1.5
2013	3	8	12:26:59	47.784	-70.051	3.9	1.5
2004	12	6	6:30:12	47.784	-69.932	24.3	1.5
2007	2	17	22:08:38	47.531	-70.216	15.6	1.5
2006	3	8	1:00:12	47.646	-70.134	7.3	1.5
2006	3	24	14:57:10	47.65	-69.88	12.6	1.5
2003	11	4	4:16:53	47.461	-70.131	19.1	1.5
2004	12	2	22:50:29	47.481	-70.008	10.8	1.5
2006	3	26	4:37:37	47.611	-70.127	18.4	1.5
2008	2	29	14:53:26	47.63	-70.157	12.4	1.5
2008	9	16	7:38:48	47.324	-70.585	11.9	1.5
2009	8	8	9:50:30	47.43	-70.442	13.2	1.5
2011	12	4	6:49:13	47.512	-70.365	10.8	1.5
2009	7	2	1:15:55	47.498	-70.046	14	1.5
2015	4	22	12:11:54	47.545	-69.902	12.1	1.5
2004	6	15	23:40:04	47.442	-70.164	11.7	1.5
2011	12	13	15:00:43	47.469	-70.063	17.4	1.5
2015	4	25	7:23:30	47.391	-70.129	15.4	1.5
2011	12	11	17:14:34	47.504	-70.066	11.9	1.5
2017	6	30	9:14:03	47.432	-70.438	3.9	1.5
2002	1	19	12:06:43	47.72	-69.956	23.5	1.5
2010	1	1	4:14:51	47.74	-69.742	13	1.5
2010	1	2	12:41:04	47.529	-69.936	13.5	1.5
2010	1	8	9:41:03	47.438	-70.059	8.8	1.5
2002	1	1	2:16:35	47.603	-70.193	10.5	1.5
2009	11	20	3:52:27	47.557	-70.312	6.8	1.5
2009	10	4	12:55:59	47.355	-70.244	14.9	1.5
2011	11	13	5:32:44	47.644	-69.942	13.5	1.5
2011	11	12	20:16:01	47.489	-70.482	18	1.5
2009	10	18	11:35:37	47.3	-70.315	12.2	1.5
2016	9	8	2:34:27	47.784	-69.865	9.7	1.5
2009	5	2	2:09:34	47.612	-69.934	11.7	1.5
2012	3	22	13:45:47	47.56	-70.127	15.4	1.5
2015	6	27	15:37:59	47.774	-69.746	23.6	1.5
2012	3	2	11:43:42	47.577	-70.096	18.6	1.5
2012	3	25	12:34:25	47.321	-70.515	11	1.5
2012	4	2	0:17:27	47.426	-70.421	6.4	1.5
2008	9	16	15:59:44	47.557	-70.365	3.3	1.5
2008	9	21	15:38:06	47.774	-69.942	11.7	1.5
2008	9	22	10:51:35	47.803	-70.047	5.5	1.5
2008	9	24	10:40:55	47.538	-70.357	6.9	1.5
2008	11	16	0:57:49	47.622	-69.824	19	1.5
2008	11	21	16:18:04	47.593	-70.247	11.4	1.5
2012	2	8	0:22:59	47.268	-70.315	10.9	1.5
2001	5	28	10:27:29	47.458	-70.122	8.1	1.5
2009	4	8	2:20:17	47.642	-69.947	15.1	1.5
2012	2	12	0:59:41	47.525	-70.055	6.6	1.5
2002	3	23	0:59:26	47.408	-70.399	6.2	1.5
2008	11	26	6:48:41	47.59	-70.201	13	1.5
2004	1	28	3:53:39	47.714	-69.825	10.1	1.5
2002	3	23	2:47:44	47.401	-70.396	6.1	1.5
2010	2	8	9:21:01	47.429	-70.396	7.7	1.5
2010	11	28	0:18:12	47.671	-69.899	14.3	1.5
2010	11	28	9:28:45	47.422	-70.065	14.4	1.5
2001	9	9	8:43:44	47.652	-69.963	13.1	1.5
2010	11	26	19:05:42	47.743	-69.729	13.2	1.5
2010	11	26	5:29:29	47.624	-69.898	13	1.5
2010	11	2	22:33:28	47.581	-70.19	11.3	1.5
2010	11	4	10:15:43	47.572	-70.348	15.5	1.5
2011	5	21	0:40:43	47.729	-69.738	25.3	1.5
2011	5	14	14:16:49	47.628	-70.23	5.8	1.5
2011	5	10	1:30:59	47.486	-70.057	20	1.5
2011	5	5	6:03:53	47.213	-70.362	10.6	1.5
2011	1	12	3:34:36	47.441	-70.043	11.5	1.5
2011	2	3	14:54:29	47.581	-70.068	13.3	1.5
2014	8	14	9:39:32	47.46	-70.064	9.9	1.5
2011	3	9	22:49:06	47.483	-69.981	11.9	1.5
2011	4	9	8:22:26	47.773	-69.942	21.5	1.5
2011	4	10	19:57:13	47.841	-69.827	20	1.5
2001	8	30	7:59:58	47.697	-69.891	8.4	1.5
2011	4	26	18:32:46	47.431	-70.148	11.8	1.5
2011	4	12	12:08:59	47.656	-69.811	10.9	1.5
2001	7	23	10:36:39	47.51	-70.195	14.2	1.5
2004	4	14	21:50:01	47.635	-69.826	9.3	1.5
2011	8	15	9:32:08	47.583	-69.943	10.3	1.5
2010	4	9	20:47:03	47.449	-70.3	12	1.5
2015	1	4	5:03:48	47.411	-70.431	5.1	1.5
2015	1	3	15:11:15	47.444	-70.057	9	1.5
2010	3	22	2:03:44	47.68	-69.88	11.7	1.5
2014	6	21	23:22:28	47.742	-69.98	15.4	1.5
2010	2	24	22:37:25	47.606	-70.173	9.2	1.5
2004	5	2	7:44:20	47.417	-70.511	9.1	1.5
2017	7	17	14:29:01	47.723	-69.936	24.4	1.5
2011	7	31	7:13:38	47.423	-70.415	6.1	1.5
2004	4	26	21:48:15	47.801	-69.837	23.6	1.5
2011	6	21	1:39:15	47.483	-69.947	9.2	1.5
2010	9	4	12:41:16	47.568	-69.971	6.9	1.5
2014	11	3	22:01:08	47.698	-70.044	11.6	1.5
2017	8	27	12:07:35	47.636	-69.929	10.3	1.5
2014	11	24	4:02:23	47.571	-70.011	14	1.5
2014	6	30	21:47:03	47.748	-69.972	17.9	1.5
2016	8	21	7:07:25	47.598	-70.562	0	1.5
2011	7	24	1:35:10	47.511	-70.059	11.5	1.5
2010	8	5	22:49:55	47.45	-70.388	5.8	1.5
2014	11	29	3:04:21	47.611	-69.948	11.8	1.5
2015	4	7	17:16:00	47.539	-70.144	16.5	1.5
2003	5	22	9:12:42	47.758	-70.086	14.7	1.5
2004	1	12	11:18:41	47.456	-70.065	11.9	1.5
2007	10	15	14:28:31	47.351	-70.175	15.1	1.5
2007	12	11	3:51:17	47.447	-70.097	13.6	1.5
2003	12	29	20:00:57	47.79	-69.855	21.6	1.5
2003	4	21	1:19:28	47.796	-69.869	19.1	1.5
2015	10	4	2:28:02	47.42	-70.418	13.9	1.5
2017	4	29	16:47:28	47.591	-69.915	13.8	1.5
2008	6	12	21:15:02	47.547	-70.525	21.4	1.5
2017	10	28	10:12:37	47.554	-70.251	14.4	1.5
2001	4	13	15:25:33	47.526	-70.391	2.5	1.5
2012	5	21	8:51:27	47.706	-70.026	15.1	1.5
2001	4	7	16:50:00	47.582	-69.967	10.6	1.5
2008	2	8	15:21:30	47.513	-70.127	10.4	1.5
2002	5	17	4:10:17	47.446	-70.139	15.3	1.5
2016	7	20	12:27:17	47.264	-70.331	7.8	1.5
2008	4	10	0:52:05	47.542	-70.007	8.1	1.5
2001	5	13	22:22:25	47.463	-70.053	12.2	1.5
2015	10	6	12:51:13	47.419	-70.45	4.2	1.5
2008	3	29	9:37:39	47.419	-70.337	10.6	1.5
2001	5	18	17:26:49	47.407	-70.415	5.3	1.5
2004	8	21	17:00:18	47.682	-70.16	11	1.5
2008	8	20	13:57:18	47.379	-70.402	18.3	1.5
2008	2	24	18:37:36	47.6	-70.025	15.1	1.5
2012	8	29	15:26:12	47.717	-69.862	13.1	1.5
2012	8	3	20:47:42	47.639	-70.207	12.7	1.5
2008	8	19	16:31:25	47.383	-70.129	15.3	1.5
2015	8	16	4:11:13	47.555	-70.125	22.2	1.5
2011	7	26	22:26:51	47.604	-70.223	6.6	1.4
2014	12	2	22:10:40	47.463	-70.079	10.4	1.4
2004	4	22	16:18:49	47.484	-70.032	8.9	1.4
2016	4	22	19:26:22	47.519	-70.026	13.9	1.4
2005	11	6	2:55:14	47.501	-70.078	17.4	1.4
2011	7	19	5:58:55	47.437	-70.137	15.1	1.4
2016	5	6	10:37:18	47.406	-70.427	6.3	1.4
2017	2	8	12:08:09	47.726	-69.914	20.7	1.4
2001	3	31	15:52:59	47.602	-69.924	12.4	1.4
2010	9	1	5:19:13	47.454	-70.036	12.2	1.4
2005	3	6	6:34:39	47.757	-69.729	13.9	1.4
2011	7	9	1:59:27	47.795	-69.823	21.9	1.4
2016	10	29	13:12:48	47.477	-70.025	6.6	1.4
2012	8	21	21:18:21	47.497	-70.109	8.9	1.4
2017	12	8	11:47:48	47.381	-70.234	13.1	1.4
2003	12	2	3:02:19	47.471	-70.13	13.5	1.4
2010	8	11	3:08:54	47.501	-69.955	10.9	1.4
2003	12	19	16:04:22	47.651	-70.217	12	1.4
2002	6	13	6:13:15	47.615	-69.941	11.9	1.4
2008	1	29	6:07:56	47.643	-69.823	11.5	1.4
2015	11	3	21:10:15	47.471	-70.31	12.3	1.4
2010	3	29	5:07:16	47.516	-70.358	3.5	1.4
2006	1	28	11:39:04	47.537	-70.242	18.5	1.4
2015	11	1	5:56:47	47.441	-70.208	14.5	1.4
2015	1	23	14:11:45	47.613	-70.244	6	1.4
2002	11	4	18:26:07	47.387	-70.131	17.1	1.4
2012	8	19	21:36:17	47.333	-70.478	14	1.4
2001	11	20	8:38:18	47.484	-70.394	4.4	1.4
2012	8	15	22:49:59	47.594	-69.965	10	1.4
2011	9	17	4:37:18	47.214	-70.365	8.4	1.4
2008	3	6	13:04:27	47.584	-70.287	4.2	1.4
2004	9	14	0:52:25	47.446	-70.401	14.1	1.4
2010	4	6	13:02:00	47.377	-70.261	13.7	1.4
2008	2	19	17:33:26	47.533	-69.975	10.7	1.4
2005	10	5	9:51:19	47.806	-69.935	18.8	1.4
2008	2	6	14:32:10	47.338	-70.393	7.3	1.4
2005	12	24	13:56:46	47.453	-70.4	11.3	1.4
2006	1	2	14:17:32	47.612	-69.913	12.4	1.4
2010	5	16	22:55:22	47.608	-70.153	14.1	1.4
2016	4	14	3:11:53	47.453	-70.047	6.1	1.4
2008	2	19	9:02:30	47.493	-70.034	14.6	1.4
2010	5	4	6:56:43	47.419	-70.299	12.2	1.4
2010	5	5	15:40:36	47.539	-70.147	18.1	1.4
2010	5	16	7:30:19	47.444	-70.419	11.8	1.4
2010	5	6	1:48:17	47.431	-70.399	6.5	1.4
2007	6	9	11:29:50	47.279	-70.366	10.2	1.4
2005	10	5	4:27:19	47.494	-70.111	11.5	1.4
2011	5	1	5:50:51	47.402	-70.424	6.9	1.4
2001	8	26	0:02:22	47.68	-69.916	9.1	1.4
2005	5	28	6:26:45	47.583	-69.958	11	1.4
2002	5	19	21:18:01	47.731	-69.672	25.2	1.4
2005	5	23	22:23:25	47.501	-70.389	16.9	1.4
2010	12	22	14:23:29	47.484	-70.258	14	1.4
2016	12	24	15:21:53	47.833	-70.549	6.9	1.4
2003	9	30	13:25:30	47.536	-70.028	9.5	1.4
2002	12	28	11:53:28	47.728	-70.199	5.1	1.4
2004	3	20	20:49:53	47.5	-70.081	20.1	1.4
2001	9	7	3:38:41	47.581	-70.247	6.5	1.4
2007	10	23	2:36:09	47.577	-69.837	19.5	1.4
2004	11	4	4:10:26	47.682	-70.189	6.7	1.4
2005	5	17	15:58:59	47.432	-70.346	10.6	1.4
2001	7	28	10:56:50	47.62	-70.159	14.4	1.4
2011	2	9	14:27:16	47.446	-70.402	12.8	1.4
2004	3	28	7:55:08	47.52	-69.951	12.4	1.4
2002	6	1	0:18:43	47.411	-70.065	9.1	1.4
2001	8	14	9:24:17	47.614	-69.89	14.8	1.4
2011	1	29	11:08:49	47.464	-70.358	6.5	1.4
2003	9	13	6:16:05	47.784	-69.909	13.4	1.4
2004	10	7	18:28:17	47.465	-70.118	23.3	1.4
2005	3	13	10:18:55	47.759	-69.718	14.1	1.4
2011	1	15	7:45:08	47.509	-70.189	9.6	1.4
2003	7	22	1:25:01	47.461	-70.132	15	1.4
2013	9	23	17:48:37	47.494	-70.296	12.1	1.4
2013	7	23	6:09:27	47.783	-70.054	5.5	1.4
2011	5	12	9:48:44	47.843	-69.983	23.5	1.4
2008	9	11	23:09:46	47.334	-70.227	11.9	1.4
2007	6	9	14:18:44	47.504	-70.406	4.6	1.4
2003	10	23	2:26:32	47.653	-70.148	13.5	1.4
2001	9	17	14:29:58	47.218	-70.298	12.3	1.4
2004	4	16	9:51:54	47.8	-69.7	18.3	1.4
2015	10	28	23:57:30	47.342	-70.159	15.9	1.4
2015	9	14	0:03:01	47.63	-70.197	13.1	1.4
2014	11	14	16:00:01	47.568	-69.999	12.6	1.4
2011	6	19	9:57:28	47.435	-70.086	22.9	1.4
2005	10	1	22:23:02	47.717	-69.781	12.4	1.4
2005	3	6	7:03:47	47.753	-69.722	14.5	1.4
2014	7	8	15:23:31	47.342	-70.3	6	1.4
2005	9	17	6:43:14	47.642	-70.235	9.2	1.4
2012	8	28	13:32:35	47.418	-70.256	14	1.4
2004	4	12	3:49:04	47.426	-70.427	5.5	1.4
2016	12	26	1:46:28	47.807	-69.942	19.9	1.4
2017	12	11	12:41:21	47.533	-70.308	10.1	1.4
2005	8	24	23:06:25	47.621	-69.87	15.2	1.4
2001	4	14	16:02:13	47.48	-70.05	5.7	1.4
2010	10	18	4:01:09	47.441	-70.15	14.8	1.4
2005	9	15	15:12:44	47.609	-70.222	11.7	1.4
2012	8	24	5:08:53	47.48	-70.101	19.6	1.4
2013	6	8	1:21:53	47.558	-70.391	8.9	1.4
2003	7	13	22:11:07	47.424	-70.344	10.9	1.4
2011	5	20	6:14:17	47.374	-70.201	13.4	1.4
2010	2	18	10:45:34	47.541	-70.028	8.4	1.4
2002	2	7	4:11:56	47.526	-69.994	10.2	1.4
2004	1	7	0:55:08	47.633	-69.895	13.8	1.4
2017	10	6	2:20:18	47.606	-70.232	11	1.4
2006	8	17	16:35:41	47.44	-70.315	12.9	1.4
2006	8	15	8:17:32	47.409	-70.131	11.9	1.4
2012	1	14	2:36:45	47.567	-70.033	8	1.4
2006	8	28	11:11:25	47.521	-70.275	10.2	1.4
2009	4	4	11:06:58	47.514	-70.197	12.9	1.4
2002	3	11	16:33:57	47.643	-70.302	6	1.4
2006	9	15	10:43:02	47.503	-69.963	11.6	1.4
2002	3	7	2:50:48	47.604	-69.899	13.3	1.4
2012	1	21	21:30:51	47.51	-69.983	19.2	1.4
2004	11	24	0:32:28	47.51	-70.064	17.8	1.4
2012	1	8	16:57:28	47.62	-70.207	6.9	1.4
2013	2	11	23:36:38	47.567	-69.907	14.9	1.4
2008	5	13	5:51:27	47.456	-70.229	15.7	1.4
2017	6	26	7:08:51	47.805	-69.92	25.1	1.4
2009	6	10	3:14:20	47.548	-70.052	10.9	1.4
2006	7	26	10:40:14	47.711	-70.08	15.3	1.4
2008	6	5	10:10:21	47.696	-69.809	21.9	1.4
2009	5	20	7:53:40	47.486	-70.098	20.9	1.4
2008	5	24	11:12:18	47.366	-70.12	11.5	1.4
2009	5	27	18:20:55	47.781	-69.891	19.1	1.4
2009	6	3	23:08:26	47.687	-69.963	6.9	1.4
2014	4	7	21:11:23	47.598	-70.187	6.6	1.4
2009	2	15	3:21:15	47.593	-70.322	4.7	1.4
2016	7	14	7:47:09	47.339	-70.395	7.6	1.4
2006	12	1	13:56:32	47.511	-70.016	9.6	1.4
2007	1	23	12:02:20	47.713	-69.759	23.7	1.4
2014	3	25	12:58:00	47.429	-70.03	15.2	1.4
2014	1	7	10:55:41	47.417	-70.466	12.3	1.4
2002	8	2	3:48:35	47.456	-70.115	19.6	1.4
2008	9	15	12:30:09	47.512	-70.364	7.6	1.4
2008	9	2	10:24:26	47.352	-70.337	16.8	1.4
2014	3	16	20:11:57	47.604	-70.264	10.3	1.4
2017	6	9	11:21:58	47.81	-69.81	22.6	1.4
2003	11	20	16:30:07	47.575	-70.106	19.3	1.4
2004	11	24	21:20:37	47.393	-70.327	20.6	1.4
2006	10	16	9:56:23	47.514	-70.043	15	1.4
2008	7	22	3:33:11	47.416	-70.377	12.1	1.4
2013	1	19	11:04:28	47.793	-70.054	2.5	1.4
2014	2	26	4:02:28	47.6	-70.276	14.4	1.4
2006	10	18	22:50:39	47.412	-70.284	11.2	1.4
2009	1	13	10:36:28	47.583	-69.984	15.5	1.4
2007	2	16	23:06:27	47.496	-70.166	7.9	1.4
2016	12	13	12:38:08	47.447	-70.464	4.9	1.4
2015	5	11	22:45:58	47.535	-70.408	8.3	1.4
2013	1	3	7:19:09	47.458	-70.051	8.3	1.4
2015	11	15	1:43:24	47.39	-70.242	13.9	1.4
2009	10	14	8:38:57	47.45	-70.112	23.2	1.4
2011	10	15	11:55:18	47.45	-69.946	9.7	1.4
2001	12	26	10:47:16	47.384	-70.248	12.7	1.4
2006	3	30	5:17:42	47.435	-70.37	11.4	1.4
2006	3	28	17:45:06	47.602	-70.219	17.2	1.4
2001	1	15	5:15:19	47.805	-69.824	24.7	1.4
2003	11	21	5:23:41	47.797	-69.812	20.3	1.4
2016	12	29	21:43:08	47.482	-70.088	7.9	1.4
2005	1	17	7:37:54	47.568	-69.929	13.1	1.4
2009	10	16	6:32:54	47.242	-70.3	11.8	1.4
2009	11	7	22:17:47	47.485	-70.357	8.4	1.4
2001	1	29	5:11:44	47.546	-70.243	12.1	1.4
2008	4	13	9:49:42	47.404	-70.089	15.3	1.4
2002	10	24	20:51:31	47.33	-70.509	10.4	1.4
2001	12	12	9:51:38	47.798	-69.822	23	1.4
2010	2	6	8:59:53	47.485	-70.132	8.3	1.4
2008	3	25	16:19:13	47.397	-70.247	11.1	1.4
2011	9	20	6:34:07	47.504	-70.094	11.6	1.4
2002	7	1	2:31:58	47.5	-70.394	5	1.4
2016	4	7	3:42:49	47.236	-70.343	9.4	1.4
2008	4	7	18:46:02	47.469	-70.204	10.8	1.4
2009	12	29	7:15:33	47.312	-70.256	9.9	1.4
2013	4	3	3:20:50	47.464	-70.192	11.6	1.4
2005	1	22	21:54:44	47.291	-70.251	18.8	1.4
2011	10	5	9:44:27	47.845	-69.683	18	1.4
2009	11	14	17:48:24	47.401	-70.386	8.5	1.4
2001	3	26	23:54:45	47.452	-70.066	5.8	1.4
2016	3	21	15:00:56	47.529	-70.131	14.2	1.4
2004	5	23	16:13:35	47.694	-70.048	12.5	1.4
2004	5	13	21:07:49	47.48	-70.101	11.4	1.4
2012	9	15	13:33:28	47.453	-70.128	11	1.4
2006	6	1	16:00:01	47.487	-70.053	11.9	1.4
2017	3	10	3:43:30	47.524	-70.164	12.4	1.4
2001	3	25	7:20:08	47.384	-70.239	20.9	1.4
2002	2	3	13:27:33	47.545	-70.049	7.7	1.4
2009	8	4	16:05:45	47.56	-70.266	11.3	1.4
2008	4	21	13:34:35	47.568	-69.974	6.8	1.4
2009	8	12	6:25:18	47.756	-69.85	21.6	1.4
2016	11	24	8:35:36	47.624	-69.907	11.9	1.4
2015	11	13	18:20:36	47.478	-70.392	5.6	1.4
2002	1	19	23:56:00	47.633	-69.908	11.7	1.4
2017	6	30	21:12:58	47.428	-70.062	16.9	1.4
2001	2	5	23:07:00	47.434	-70.384	5.6	1.4
2006	5	6	13:47:43	47.569	-69.906	14.2	1.4
2011	11	12	2:10:23	47.43	-70.441	5.6	1.4
2005	3	6	13:59:29	47.749	-69.725	14.4	1.3
2004	2	19	13:28:29	47.398	-70.168	11.1	1.3
2004	7	20	9:53:13	47.622	-70.225	11.7	1.3
2003	8	9	5:51:26	47.566	-69.965	15.1	1.3
2003	9	24	9:52:28	47.469	-70.112	11.4	1.3
2005	3	7	21:01:54	47.745	-69.723	13.1	1.3
2004	2	12	14:53:44	47.409	-70.06	13.3	1.3
2004	3	10	21:02:24	47.377	-70.45	13.3	1.3
2004	3	30	22:38:11	47.461	-70.102	17.8	1.3
2016	7	3	7:27:29	47.403	-70.471	8.6	1.3
2003	8	17	20:40:26	47.62	-69.785	16.5	1.3
2004	3	31	5:57:56	47.468	-70.147	20.5	1.3
2003	10	10	11:49:25	47.467	-70.046	14.5	1.3
2004	3	4	15:24:27	47.438	-70.444	9.8	1.3
2005	2	28	19:23:57	47.504	-70.118	12.5	1.3
2003	3	28	15:55:48	47.374	-70.117	11.6	1.3
2003	9	28	12:51:31	47.81	-69.828	23.2	1.3
2004	4	20	4:13:48	47.6	-70.236	12.3	1.3
2005	3	6	8:00:18	47.748	-69.736	13.2	1.3
2004	2	18	22:45:33	47.321	-70.131	22.5	1.3
2004	11	18	21:09:53	47.407	-70.403	7	1.3
2003	7	10	22:14:40	47.509	-70.068	15.8	1.3
2016	12	9	8:50:02	47.723	-69.918	19.7	1.3
2005	3	11	3:30:29	47.749	-69.734	14	1.3
2004	10	2	5:45:33	47.585	-70.213	10.6	1.3
2008	9	26	20:22:04	47.497	-70.071	22.8	1.3
2009	3	27	11:17:53	47.456	-70.362	10.3	1.3
2010	11	8	5:25:47	47.677	-69.916	11.8	1.3
2001	8	20	21:56:34	47.388	-70.13	15.7	1.3
2001	8	17	21:44:23	47.561	-69.974	16.8	1.3
2011	2	23	21:00:29	47.481	-70.351	6.5	1.3
2010	9	30	5:01:12	47.491	-70.138	6.8	1.3
2010	8	14	15:28:46	47.495	-70.397	2.5	1.3
2010	6	30	23:18:06	47.518	-70.339	3.2	1.3
2010	7	1	8:12:46	47.284	-70.346	10.2	1.3
2010	8	10	4:21:41	47.513	-69.959	11.5	1.3
2011	3	12	18:29:48	47.474	-70.016	13.6	1.3
2011	3	17	9:40:51	47.386	-70.218	13.9	1.3
2011	7	24	16:02:41	47.485	-70.206	15.9	1.3
2011	7	27	14:40:59	47.529	-70	13.1	1.3
2001	6	26	3:31:00	47.574	-70.347	17	1.3
2011	8	18	20:08:52	47.432	-70.394	6.8	1.3
2014	7	2	2:15:18	47.536	-70.301	11.7	1.3
2011	6	23	23:27:28	47.525	-70.387	6	1.3
2011	4	9	4:51:39	47.428	-70.238	14.5	1.3
2011	5	11	11:40:58	47.629	-70.272	23.2	1.3
2011	5	13	3:12:05	47.313	-70.481	11.7	1.3
2001	7	21	13:11:55	47.73	-70.113	9.7	1.3
2011	6	8	15:05:02	47.546	-70.083	10.6	1.3
2010	5	16	14:35:04	47.518	-70.022	9.8	1.3
2001	11	18	0:44:51	47.327	-70.493	12.6	1.3
2002	2	14	11:14:36	47.502	-70.107	11.1	1.3
2002	2	13	2:29:05	47.571	-70.303	10.7	1.3
2009	8	24	0:36:37	47.477	-70.007	15.8	1.3
2015	4	25	18:53:41	47.81	-69.783	20.8	1.3
2009	5	30	16:05:23	47.49	-70.042	13.7	1.3
2009	4	2	0:49:25	47.396	-70.386	8.1	1.3
2009	4	3	13:11:22	47.7	-70.076	7.1	1.3
2002	3	3	13:10:26	47.42	-70.149	20.1	1.3
2009	5	25	20:08:13	47.416	-70.354	15.8	1.3
2009	5	7	2:14:59	47.538	-70.008	9.1	1.3
2003	1	10	15:50:47	47.815	-69.924	19.4	1.3
2009	10	6	22:51:33	47.594	-70.224	7.1	1.3
2010	1	21	16:05:25	47.683	-69.913	7.2	1.3
2010	1	31	22:49:34	47.607	-70.145	14.1	1.3
2010	2	2	10:36:24	47.544	-70.13	16	1.3
2010	2	10	10:52:06	47.46	-70.045	14.6	1.3
2010	1	12	7:00:22	47.46	-70.168	10.6	1.3
2010	1	5	1:20:25	47.28	-70.616	9.2	1.3
2009	10	9	10:37:15	47.448	-70.443	5	1.3
2002	1	13	15:33:54	47.86	-69.951	21.8	1.3
2002	1	7	1:54:02	47.491	-70.204	16.5	1.3
2001	12	13	4:00:58	47.477	-70.051	4.6	1.3
2009	11	30	8:30:41	47.73	-70.1	9	1.3
2011	10	7	11:29:36	47.38	-70.175	13.5	1.3
2001	6	15	23:58:16	47.439	-70.059	8.2	1.3
2001	2	19	21:25:38	47.533	-69.877	16.4	1.3
2001	2	7	12:22:06	47.501	-70.121	8.1	1.3
2013	2	22	22:02:33	47.393	-70.145	11.1	1.3
2013	1	26	15:57:55	47.547	-70.087	13.6	1.3
2013	1	12	2:34:01	47.368	-70.087	23.2	1.3
2012	11	20	10:03:33	47.707	-69.779	11.3	1.3
2012	11	22	11:31:13	47.323	-70.456	19	1.3
2001	1	12	18:39:16	47.467	-70.05	7.7	1.3
2001	1	11	3:02:11	47.531	-70.013	14.4	1.3
2000	11	17	10:48:39	47.415	-70.203	13.3	1.3
2013	9	23	22:02:07	47.421	-70.313	12.6	1.3
2013	9	29	12:08:24	47.507	-70.063	7.7	1.3
2013	9	29	20:40:16	47.453	-70.024	9.8	1.3
2000	11	30	14:45:57	47.459	-70.005	10.1	1.3
2013	7	25	10:34:46	47.808	-70.047	13.8	1.3
2013	4	26	7:06:33	47.597	-70.175	11.4	1.3
2017	12	10	10:44:14	47.392	-70.246	10.2	1.3
2000	12	4	0:36:49	47.479	-70.283	12.1	1.3
2013	10	10	5:34:05	47.389	-70.129	22.6	1.3
2013	10	29	3:59:56	47.486	-70.407	9.9	1.3
2012	11	19	17:29:31	47.621	-70.424	20.3	1.3
2012	11	19	11:05:36	47.628	-70.189	11.9	1.3
2012	4	13	12:50:02	47.391	-70.281	14.4	1.3
2001	5	14	4:08:59	47.417	-70.416	6.2	1.3
2012	6	5	13:35:31	47.758	-69.983	17.5	1.3
2012	6	6	20:02:07	47.463	-70.134	10.9	1.3
2012	3	13	6:04:37	47.643	-69.881	13.7	1.3
2014	3	26	12:28:03	47.441	-70.348	10.7	1.3
2014	5	4	1:31:13	47.487	-70.051	12.4	1.3
2011	12	11	15:53:20	47.434	-70.288	14.3	1.3
2011	12	18	19:08:19	47.618	-70.237	7.2	1.3
2001	5	26	11:41:27	47.709	-69.742	28.5	1.3
2012	2	5	14:31:55	47.426	-70.339	10	1.3
2012	7	9	7:55:46	47.533	-70.129	15.3	1.3
2012	7	9	14:53:08	47.567	-69.858	17.7	1.3
2012	10	29	9:27:41	47.396	-70.157	16	1.3
2014	1	15	1:34:18	47.516	-70.387	5.2	1.3
2012	11	18	15:49:27	47.414	-70.165	12.8	1.3
2001	4	3	17:28:43	47.383	-70.259	13.3	1.3
2001	4	6	3:57:42	47.511	-70.033	12.8	1.3
2017	10	22	12:21:30	47.403	-70.375	9.7	1.3
2014	2	5	15:46:17	47.572	-70.306	9.6	1.3
2014	1	23	6:44:18	47.472	-70.146	9	1.3
2012	9	7	7:30:29	47.489	-70.385	4.6	1.3
2001	4	16	8:31:52	47.529	-70.386	3.1	1.3
2015	4	15	0:13:17	47.541	-70.28	14.5	1.3
2002	12	2	12:51:46	47.425	-70.055	7.2	1.3
2006	1	23	12:40:56	47.507	-70.221	12.8	1.3
2002	6	29	23:25:59	47.737	-70.002	17.6	1.3
2015	11	12	13:23:14	47.424	-70.417	6	1.3
2015	11	13	9:45:37	47.458	-70.437	5	1.3
2002	7	16	21:49:46	47.449	-70.38	9.9	1.3
2006	1	31	3:08:35	47.568	-69.893	16	1.3
2002	6	4	8:29:50	47.619	-70.291	13.7	1.3
2007	7	30	2:16:02	47.402	-70.484	2.3	1.3
2007	8	19	4:12:12	47.568	-70.385	16.5	1.3
2005	10	16	2:39:23	47.834	-69.736	23.2	1.3
2006	4	19	7:38:31	47.319	-70.377	8.8	1.3
2016	4	26	21:11:00	47.574	-70.253	5.2	1.3
2007	6	1	0:30:12	47.324	-70.187	10.6	1.3
2015	10	24	4:43:42	47.425	-70.464	10.2	1.3
2002	6	1	0:44:30	47.563	-70.281	9.3	1.3
2007	2	17	13:47:44	47.581	-70.295	9.7	1.3
2007	2	13	3:56:22	47.477	-70.089	11.6	1.3
2016	1	26	8:50:55	47.453	-70.419	5.6	1.3
2006	2	21	11:13:02	47.785	-70.113	24.3	1.3
2002	10	29	5:28:21	47.685	-70.063	11.3	1.3
2016	2	2	21:37:24	47.551	-70.184	19.6	1.3
2006	3	8	3:15:47	47.6	-69.894	13.6	1.3
2002	9	27	5:42:20	47.456	-70.07	15.4	1.3
2006	7	13	11:11:20	47.389	-70.129	15.6	1.3
2006	10	9	15:39:18	47.545	-70.189	19.9	1.3
2006	11	10	12:56:22	47.446	-70.152	12	1.3
2016	1	16	11:38:59	47.597	-70.2	13.4	1.3
2009	3	22	13:41:12	47.648	-69.902	10.1	1.3
2006	2	8	22:12:05	47.533	-70.263	9.1	1.3
2002	7	19	11:29:04	47.83	-69.939	17.7	1.3
2007	1	22	3:06:19	47.507	-70.025	12	1.3
2007	1	4	2:28:37	47.425	-70.428	6.7	1.3
2007	1	12	4:54:01	47.426	-70.148	8.9	1.3
2006	2	18	0:04:00	47.699	-70.082	4.9	1.3
2007	1	13	23:40:35	47.514	-69.953	8.6	1.3
2005	10	27	6:54:50	47.583	-70.215	6	1.3
2002	4	16	18:29:00	47.49	-69.962	8.1	1.3
2015	7	1	11:13:34	47.477	-70.085	10.7	1.3
2008	10	15	0:15:45	47.475	-69.951	15.3	1.3
2005	9	13	15:36:38	47.592	-70.15	16.3	1.3
2008	5	7	19:28:19	47.389	-70.436	5.2	1.3
2008	5	28	5:50:34	47.571	-70.199	14.3	1.3
2003	1	2	1:40:43	47.46	-70.416	12.6	1.3
2005	5	20	4:26:27	47.504	-70.239	17	1.3
2005	5	19	8:38:47	47.529	-70.202	13.6	1.3
2005	5	1	16:05:18	47.427	-70.332	10.9	1.3
2009	1	21	11:17:24	47.546	-70.325	10.1	1.3
2009	2	24	18:16:20	47.412	-70.503	6.7	1.3
2009	1	17	3:38:53	47.406	-70.348	8.6	1.3
2005	5	4	13:36:41	47.35	-70.103	17	1.3
2009	1	4	4:47:45	47.697	-70.195	13.4	1.3
2009	1	4	13:09:20	47.404	-70.415	7	1.3
2003	1	3	21:13:22	47.52	-70.105	11.3	1.3
2005	5	20	18:23:32	47.745	-69.729	14.3	1.3
2008	4	29	6:16:34	47.567	-69.972	11.2	1.3
2005	8	26	15:25:34	47.437	-70.117	9.7	1.3
2005	8	11	8:07:53	47.392	-70.268	12.8	1.3
2002	5	15	12:51:25	47.692	-70.081	10.5	1.3
2007	10	16	16:58:54	47.486	-69.991	10.8	1.3
2005	9	3	15:34:53	47.823	-70.025	19.2	1.3
2002	5	20	18:57:40	47.61	-70.285	17.1	1.3
2017	4	17	23:36:47	47.404	-70.272	12.7	1.3
2008	2	18	8:26:30	47.473	-70.289	19.6	1.3
2015	8	21	3:58:13	47.466	-70.399	5	1.3
2008	4	4	3:37:19	47.638	-70.201	12.3	1.3
2005	8	1	7:06:16	47.406	-70.012	11.9	1.3
2008	3	19	5:10:21	47.769	-69.853	20.5	1.3
2008	2	16	15:14:37	47.456	-70.412	15.3	1.3
2001	4	14	7:55:09	47.412	-70.127	18.2	1.2
2000	11	30	20:54:00	47.688	-70.084	5.4	1.2
2003	2	28	6:51:13	47.422	-70.314	9.6	1.2
2000	12	5	6:40:30	47.429	-70.311	11.7	1.2
2002	10	30	2:11:09	47.529	-70.3	9.1	1.2
2003	1	30	4:40:25	47.265	-70.475	8.5	1.2
2017	1	2	12:21:27	47.47	-70.4	8.6	1.2
2017	10	30	7:24:56	47.61	-70.202	4.8	1.2
2000	12	12	2:38:43	47.535	-70.166	15.1	1.2
2002	11	21	10:44:33	47.454	-70.302	9.9	1.2
2003	8	29	3:27:45	47.734	-70.106	10.5	1.2
2002	10	31	21:53:36	47.328	-70.501	10.1	1.2
2001	6	23	15:17:14	47.5	-70.024	16.5	1.2
2002	10	18	4:30:07	47.416	-70.365	8.3	1.2
2001	11	11	14:46:08	47.86	-69.921	25.1	1.2
2001	11	23	10:41:08	47.586	-70.168	10.3	1.2
2017	5	3	12:07:57	47.54	-70.339	18	1.2
2017	7	11	9:34:03	47.616	-70.133	10.1	1.2
2001	10	24	13:09:51	47.503	-70.374	1.9	1.2
2002	5	26	20:33:00	47.561	-70.158	22.6	1.2
2002	5	21	2:36:35	47.43	-70.442	4.4	1.2
2001	10	20	5:32:43	47.517	-70.064	5.8	1.2
2002	4	24	22:58:32	47.53	-70.344	6.3	1.2
2017	5	23	7:33:08	47.815	-69.966	17.3	1.2
2002	2	23	18:46:30	47.478	-70.18	8.4	1.2
2016	12	8	6:14:13	47.725	-69.918	19.5	1.2
2002	2	17	4:44:41	47.495	-70.064	15.8	1.2
2002	2	16	21:49:55	47.818	-69.794	22.7	1.2
2002	4	17	2:01:14	47.566	-70.064	12.6	1.2
2002	1	30	4:53:04	47.534	-70.128	16.9	1.2
2016	12	2	13:18:05	47.688	-70.056	11.3	1.2
2017	6	10	22:58:13	47.631	-70.183	12.9	1.2
2001	9	21	5:20:58	47.412	-70.299	13.2	1.2
2001	9	10	19:51:50	47.743	-69.766	5.4	1.2
2003	3	27	16:39:02	47.373	-70.326	12.1	1.2
2017	4	3	5:46:10	47.442	-70.072	15.9	1.2
2003	8	7	6:48:57	47.713	-69.895	24.2	1.2
2003	8	10	1:40:56	47.458	-70.052	15.1	1.2
2001	5	16	6:59:34	47.686	-70.082	12.1	1.2
2002	9	8	12:54:26	47.703	-70.09	13.3	1.2
2017	3	30	22:45:26	47.416	-70.123	9.6	1.2
2003	8	18	22:08:50	47.519	-70.29	14.4	1.2
2017	10	1	18:50:15	47.476	-69.969	10.4	1.2
2017	9	29	5:06:30	47.532	-70.111	20.3	1.2
2002	6	11	2:51:56	47.484	-70.362	8.4	1.2
2001	8	26	16:41:26	47.499	-70.066	10.4	1.2
2001	9	9	10:41:16	47.402	-70.38	7.8	1.2
2002	6	30	15:27:26	47.437	-70.401	7.5	1.2
2002	7	1	9:12:45	47.559	-70.24	6.5	1.2
2001	6	10	18:23:52	47.428	-70.295	12.7	1.2
2003	8	2	5:51:15	47.664	-69.885	10	1.2
2001	6	24	13:32:19	47.804	-69.818	21.7	1.2
2002	7	15	6:46:39	47.613	-69.886	14.6	1.2
2007	1	8	22:19:35	47.573	-70.32	9.4	1.2
2005	5	23	4:28:22	47.496	-70.408	5.9	1.2
2009	10	11	3:07:16	47.671	-69.99	21.4	1.2
2006	5	7	15:09:28	47.422	-70.294	14.2	1.2
2009	9	30	16:04:17	47.503	-70.426	7.6	1.2
2009	10	26	9:48:59	47.816	-69.981	18	1.2
2006	4	4	12:22:35	47.4	-70.251	15.6	1.2
2014	5	4	4:27:18	47.443	-70.114	21.1	1.2
2011	11	13	4:57:44	47.379	-70.132	14.6	1.2
2016	3	25	20:37:07	47.26	-70.254	18	1.2
2006	5	31	6:46:20	47.45	-70.399	12.2	1.2
2012	1	16	6:16:33	47.597	-70.071	21.6	1.2
2012	1	29	3:57:26	47.729	-70.105	10.6	1.2
2006	10	22	16:46:40	47.61	-69.915	12.1	1.2
2006	8	23	9:00:46	47.396	-70.403	5.6	1.2
2006	8	23	6:37:03	47.503	-70.023	15.4	1.2
2011	11	27	19:44:13	47.418	-70.167	10.1	1.2
2009	9	26	14:18:21	47.546	-70.007	14.2	1.2
2006	7	1	21:07:20	47.309	-70.311	8.7	1.2
2006	8	14	9:01:46	47.625	-69.906	11.9	1.2
2006	2	19	4:34:03	47.589	-70.217	15.9	1.2
2009	12	3	7:30:05	47.398	-70.359	10	1.2
2005	9	17	21:33:08	47.507	-70.081	15.5	1.2
2013	11	25	14:24:58	47.383	-70.174	13.2	1.2
2005	9	29	11:20:46	47.441	-70.344	12.8	1.2
2013	3	24	8:23:52	47.786	-69.798	20.6	1.2
2005	9	2	12:10:55	47.555	-69.957	11.7	1.2
2005	6	24	23:08:50	47.564	-70.014	13.8	1.2
2005	8	4	2:24:52	47.359	-70.29	9.2	1.2
2016	5	9	6:32:14	47.604	-70.221	5.5	1.2
2015	2	21	10:48:42	47.427	-70.442	6.3	1.2
2005	10	2	5:10:08	47.444	-70.059	8.9	1.2
2006	1	14	2:04:39	47.526	-70.186	17.2	1.2
2006	1	23	11:36:17	47.434	-70.01	11.4	1.2
2006	1	30	9:22:39	47.557	-70.265	12.4	1.2
2009	12	14	19:42:53	47.423	-70.424	6.4	1.2
2005	11	2	22:05:42	47.67	-70.156	6.7	1.2
2009	12	21	17:32:13	47.58	-70.042	9.8	1.2
2005	10	18	4:35:09	47.754	-69.945	21.7	1.2
2005	10	18	21:30:40	47.385	-70.083	14.4	1.2
2005	10	19	7:44:11	47.642	-70.182	14.8	1.2
2009	8	5	4:20:45	47.601	-70.404	16.2	1.2
2012	2	3	13:34:34	47.461	-70.395	10	1.2
2007	9	8	18:55:20	47.508	-70.308	13.3	1.2
2008	12	17	10:51:52	47.409	-70.277	14.9	1.2
2015	5	16	11:17:58	47.397	-70.289	11.6	1.2
2008	12	25	9:02:01	47.688	-70.11	10.6	1.2
2012	9	14	0:12:59	47.451	-70.394	6.2	1.2
2009	3	3	7:47:03	47.308	-70.27	14	1.2
2007	5	19	23:49:34	47.732	-70.19	3.7	1.2
2007	6	1	10:19:35	47.601	-69.956	15	1.2
2008	10	13	22:19:21	47.659	-70.141	5.1	1.2
2012	6	26	21:17:44	47.606	-70.17	12.1	1.2
2008	1	22	5:22:21	47.757	-69.722	14	1.2
2008	2	16	17:05:41	47.586	-70.153	19.1	1.2
2008	4	17	2:35:41	47.619	-69.836	11.3	1.2
2012	8	9	3:10:45	47.461	-70.365	6.5	1.2
2008	9	27	20:59:08	47.421	-70.439	4.9	1.2
2008	8	7	3:49:26	47.441	-70.351	12.7	1.2
2014	3	7	4:05:40	47.364	-70.214	8.7	1.2
2007	12	10	0:07:07	47.544	-70.3	11.6	1.2
2007	5	10	20:57:43	47.597	-69.971	9.8	1.2
2007	5	4	23:03:48	47.581	-70.204	3.3	1.2
2007	1	8	9:44:10	47.47	-70.112	7.9	1.2
2007	1	23	6:56:01	47.525	-70.372	5.7	1.2
2007	1	30	5:04:13	47.585	-70.224	6.9	1.2
2009	7	19	13:06:04	47.546	-70.267	6.7	1.2
2012	2	13	18:02:55	47.603	-69.992	10.1	1.2
2014	1	12	23:06:52	47.48	-70.268	13.1	1.2
2006	12	2	1:20:40	47.811	-69.947	19.9	1.2
2014	1	14	21:51:19	47.521	-70.03	13.3	1.2
2007	1	31	15:17:23	47.609	-69.87	9.9	1.2
2007	2	17	12:55:19	47.259	-70.277	24.9	1.2
2009	4	29	5:25:56	47.703	-70.081	10.5	1.2
2009	4	27	7:08:30	47.456	-70.031	8.9	1.2
2007	4	29	14:56:44	47.386	-70.131	16.1	1.2
2009	5	16	20:58:49	47.628	-70.242	7.1	1.2
2009	6	17	1:54:57	47.744	-69.727	13.1	1.2
2015	12	19	8:30:55	47.423	-70.134	14.6	1.2
2012	10	31	21:12:43	47.609	-70.168	12.1	1.2
2012	9	23	7:37:30	47.539	-70.003	8	1.2
2009	6	28	17:02:39	47.732	-69.916	22.6	1.2
2013	11	28	9:07:45	47.641	-70.237	14.7	1.2
2016	7	27	7:15:30	47.285	-70.418	9.2	1.2
2011	2	11	8:58:10	47.535	-70.406	9.8	1.2
2014	11	11	5:04:44	47.405	-70.373	14.5	1.2
2013	11	4	1:32:27	47.636	-69.9	11.6	1.2
2004	7	4	19:04:35	47.416	-70.224	22.7	1.2
2011	1	1	4:42:52	47.42	-70.187	8.5	1.2
2004	1	12	2:11:39	47.512	-69.955	13.1	1.2
2010	7	24	22:04:36	47.528	-70.384	6.8	1.2
2004	11	11	13:09:39	47.381	-70.143	19.6	1.2
2013	6	1	1:27:05	47.49	-70.305	13.1	1.2
2011	8	8	18:45:51	47.703	-70.205	6.5	1.2
2014	12	2	14:04:12	47.451	-70.406	5.1	1.2
2013	5	31	20:45:44	47.459	-70.172	12	1.2
2016	7	31	14:36:39	47.538	-70.256	11.4	1.2
2010	11	30	16:22:22	47.723	-69.945	24.6	1.2
2013	5	25	7:48:05	47.656	-70.082	6.2	1.2
2004	2	18	21:13:19	47.497	-70.397	8.4	1.2
2013	5	24	6:50:12	47.72	-69.946	24.2	1.2
2004	3	1	16:36:44	47.391	-70.431	11.4	1.2
2004	3	7	11:14:12	47.514	-70.089	13.4	1.2
2004	3	9	1:01:07	47.59	-70.308	22.8	1.2
2010	11	29	5:48:18	47.417	-70.313	10.3	1.2
2016	8	3	9:40:11	47.488	-70.135	20	1.2
2010	2	11	14:26:38	47.488	-70.101	13.8	1.2
2016	8	15	21:09:47	47.638	-70.135	10.4	1.2
2004	4	2	11:38:49	47.196	-70.375	14.1	1.2
2013	5	25	8:40:01	47.515	-70.076	8.3	1.2
2010	11	25	9:05:45	47.504	-70.202	17.2	1.2
2004	9	15	15:49:25	47.674	-69.907	7.6	1.2
2013	7	28	7:36:53	47.434	-70.389	8	1.2
2005	2	2	23:36:05	47.651	-70.153	12.9	1.2
2013	8	16	10:34:22	47.689	-69.882	11	1.2
2004	11	17	8:47:40	47.395	-70.313	12.2	1.2
2005	1	22	15:17:35	47.815	-69.792	20.3	1.2
2013	4	7	13:29:22	47.367	-70.226	6.4	1.2
2003	12	5	22:31:40	47.735	-70.074	10	1.2
2015	1	30	1:29:08	47.423	-70.456	4	1.2
2014	6	22	20:17:57	47.469	-70.096	9.2	1.2
2005	5	2	2:55:34	47.753	-69.757	21.8	1.2
2016	10	19	0:50:55	47.444	-70.483	18	1.2
2003	11	17	7:30:21	47.653	-70.204	14.7	1.2
2005	4	17	12:09:46	47.521	-70.424	2.4	1.2
2010	3	6	23:20:57	47.685	-69.793	13.6	1.2
2013	3	29	12:38:51	47.549	-70.095	20.7	1.2
2013	9	5	9:07:23	47.485	-69.967	9.4	1.2
2005	1	24	22:28:51	47.427	-70.123	7.8	1.2
2011	2	18	14:34:30	47.515	-70.425	12.5	1.2
2010	4	17	21:15:22	47.509	-70.05	12.4	1.2
2004	12	16	4:11:18	47.356	-70.481	12.7	1.2
2010	4	1	22:32:40	47.586	-70.193	11	1.2
2013	11	16	11:02:51	47.63	-70.135	13.2	1.2
2010	5	8	2:05:57	47.513	-70.016	9	1.2
2004	12	18	6:59:35	47.486	-70.02	9.2	1.2
2002	4	18	9:56:58	47.553	-70.386	8.7	1.1
2008	5	2	0:21:29	47.428	-70.395	6.4	1.1
2010	12	17	7:48:32	47.549	-70.303	7.7	1.1
2011	2	15	17:20:54	47.422	-70.463	3.6	1.1
2014	7	15	23:29:12	47.556	-70.223	11.4	1.1
2011	2	22	20:35:57	47.636	-69.898	12.1	1.1
2014	7	9	19:54:42	47.432	-70.335	7.4	1.1
2008	4	11	7:28:33	47.502	-70.296	12.8	1.1
2011	5	10	0:42:07	47.595	-69.942	13.6	1.1
2009	5	27	8:27:00	47.365	-70.204	9.8	1.1
2000	11	15	8:03:58	47.549	-70.367	5.4	1.1
2015	5	14	21:58:09	47.457	-70.116	12.1	1.1
2011	2	9	14:07:19	47.513	-70.227	12.4	1.1
2002	3	16	6:13:00	47.584	-70.012	6.3	1.1
2009	1	28	4:31:09	47.491	-70.284	13.9	1.1
2012	4	14	6:46:45	47.494	-69.955	10.4	1.1
2014	3	16	5:47:22	47.386	-70.25	12.1	1.1
2009	2	9	7:16:52	47.534	-70.382	8.6	1.1
2003	9	23	7:39:59	47.548	-70.223	13.8	1.1
2009	3	22	18:04:52	47.684	-69.76	10.8	1.1
2002	3	9	19:45:21	47.783	-70.078	10.7	1.1
2002	4	11	21:05:38	47.492	-69.925	16.6	1.1
2010	12	30	21:11:56	47.491	-70.264	13.2	1.1
2009	7	30	2:54:57	47.804	-69.786	25.5	1.1
2002	2	18	4:12:38	47.567	-70.303	5.5	1.1
2001	12	22	19:06:56	47.414	-70.408	5.7	1.1
2017	9	26	3:01:09	47.532	-70.114	20.3	1.1
2001	12	19	4:24:01	47.537	-70.165	18.8	1.1
2017	7	2	6:37:29	47.469	-70.109	12.1	1.1
2010	3	19	1:40:32	47.424	-70.388	6.3	1.1
2017	9	12	23:04:57	47.41	-70.284	15.3	1.1
2015	3	2	17:37:44	47.537	-70.378	2.9	1.1
2014	2	10	4:27:15	47.389	-70.125	15.6	1.1
2011	9	4	17:59:17	47.595	-70.261	6.5	1.1
2010	2	10	21:30:58	47.554	-70.308	7	1.1
2010	2	11	22:01:46	47.508	-69.943	9.4	1.1
2001	11	19	2:08:08	47.378	-70.506	5.9	1.1
2010	2	1	10:16:23	47.431	-70.41	6.3	1.1
2011	10	5	10:07:54	47.462	-70.028	8.4	1.1
2010	3	3	13:28:14	47.466	-69.939	15.4	1.1
2001	11	18	15:57:48	47.425	-70.402	13.9	1.1
2014	5	5	13:15:30	47.475	-70.493	4.8	1.1
2009	9	13	14:52:37	47.416	-70.438	10	1.1
2011	6	21	15:01:47	47.669	-70.179	8.2	1.1
2010	10	3	19:57:33	47.3	-70.39	15.2	1.1
2014	11	1	11:57:48	47.398	-70.317	12	1.1
2001	5	26	10:19:57	47.549	-70.025	13.6	1.1
2012	2	22	16:17:17	47.799	-69.839	22.1	1.1
2001	9	7	23:42:08	47.529	-70.201	16	1.1
2012	3	23	9:14:25	47.546	-70.376	9	1.1
2009	7	1	16:06:03	47.429	-70.351	8	1.1
2011	7	28	6:08:52	47.392	-70.41	7.2	1.1
2002	2	6	23:39:49	47.56	-70.277	9.1	1.1
2011	8	5	14:24:50	47.367	-70.065	21.2	1.1
2002	1	23	17:40:10	47.501	-70.391	3.5	1.1
2002	1	23	4:51:47	47.517	-70.357	4.2	1.1
2002	1	26	6:25:35	47.526	-70.179	15.2	1.1
2009	9	7	8:24:29	47.63	-70.157	13.3	1.1
2010	9	13	3:08:27	47.417	-70.239	16.8	1.1
2009	8	29	1:54:24	47.443	-70.39	7	1.1
2001	9	30	21:00:39	47.569	-69.989	8.9	1.1
2002	1	30	21:10:34	47.703	-70.026	15.1	1.1
2007	4	25	18:58:54	47.548	-70.373	15.9	1.1
2002	10	13	0:15:20	47.428	-70.441	4.5	1.1
2005	4	25	20:58:16	47.414	-70.443	5.2	1.1
2016	6	7	4:34:54	47.402	-70.147	14.9	1.1
2001	1	14	17:56:02	47.403	-70.368	7.4	1.1
2013	3	28	23:46:14	47.379	-70.25	10.6	1.1
2005	8	1	4:06:59	47.614	-70.179	9.9	1.1
2016	6	11	3:56:13	47.669	-69.824	23.6	1.1
2005	3	6	13:11:44	47.747	-69.727	14.8	1.1
2001	1	3	7:30:03	47.668	-70.276	8.3	1.1
2004	12	8	18:00:13	47.69	-70.186	6.9	1.1
2005	1	20	16:14:13	47.488	-70.381	8.2	1.1
2003	1	26	1:11:36	47.363	-70.461	4.7	1.1
2016	7	2	5:22:34	47.676	-70.134	6.3	1.1
2013	3	26	23:37:28	47.419	-70.324	13.2	1.1
2017	1	21	11:35:45	47.438	-70.133	22.4	1.1
2006	2	19	5:35:43	47.641	-70.12	8.8	1.1
2001	2	13	19:25:18	47.428	-70.454	2.6	1.1
2017	11	9	10:33:36	47.474	-70.384	5.1	1.1
2006	5	7	2:07:21	47.553	-70.257	13.6	1.1
2001	2	16	15:46:17	47.41	-70.369	8.8	1.1
2013	12	2	13:42:58	47.481	-69.974	12.6	1.1
2001	2	3	13:00:58	47.803	-69.805	20.3	1.1
2005	9	29	12:23:25	47.553	-69.953	11.4	1.1
2013	3	14	1:24:17	47.414	-70.394	7.1	1.1
2005	10	2	23:22:13	47.661	-70.192	16.4	1.1
2005	12	25	7:27:26	47.496	-70.22	11.3	1.1
2005	11	26	13:58:46	47.742	-69.726	13.2	1.1
2004	11	12	20:05:03	47.323	-70.205	23	1.1
2003	4	13	14:08:09	47.406	-70.323	12.5	1.1
2013	5	26	14:04:45	47.398	-70.126	16.5	1.1
2016	9	9	20:15:12	47.443	-70.256	16.3	1.1
2004	2	22	18:00:36	47.492	-70.131	6.4	1.1
2004	3	22	7:28:03	47.352	-70.139	12.1	1.1
2003	7	22	9:29:17	47.467	-70.472	14.1	1.1
2003	8	14	1:25:55	47.417	-70.24	20.5	1.1
2004	1	18	5:17:03	47.695	-69.976	23	1.1
2003	9	8	23:10:11	47.464	-70.129	10.8	1.1
2003	10	29	21:04:25	47.425	-70.461	6.2	1.1
2004	1	17	13:28:07	47.659	-69.968	12.5	1.1
2004	1	1	21:27:03	47.407	-70.032	10.1	1.1
2016	11	27	23:30:24	47.464	-70.02	9.9	1.1
2004	4	13	20:58:33	47.479	-70.138	11.8	1.1
2003	5	21	4:12:05	47.573	-70.327	10.1	1.1
2004	9	15	8:06:51	47.831	-69.997	23.4	1.1
2004	9	29	21:05:13	47.485	-70.359	8	1.1
2016	12	25	17:43:47	47.607	-70.189	10.5	1.1
2016	7	20	8:43:09	47.557	-70.05	11.3	1.1
2016	7	24	14:10:36	47.255	-70.327	3.6	1.1
2004	8	5	5:17:45	47.483	-70.439	15.9	1.1
2000	12	15	11:12:16	47.469	-70.11	7.6	1.1
2004	4	30	20:42:19	47.529	-70.122	14.8	1.1
2016	8	4	8:21:43	47.424	-70.455	3.8	1.1
2016	7	30	5:22:28	47.442	-70.17	9.1	1.1
2013	11	4	7:14:09	47.454	-70.382	7.5	1.1
2004	7	24	10:28:54	47.61	-70.274	19.8	1.1
2006	2	3	12:35:32	47.517	-70.028	14.5	1.1
2007	3	11	16:12:28	47.506	-69.975	7.4	1.1
2011	4	4	10:19:20	47.546	-70.058	11.9	1.1
2007	5	12	12:25:42	47.603	-69.928	11.5	1.1
2017	4	15	11:42:36	47.413	-70.376	15.1	1.1
2007	5	14	1:15:07	47.594	-70.194	14.4	1.1
2017	11	9	0:46:04	47.594	-70.254	4.3	1.1
2012	9	14	6:06:26	47.449	-70.387	6.2	1.1
2012	10	26	19:50:13	47.502	-70.084	15.2	1.1
2001	4	3	7:54:55	47.465	-70.292	13.8	1.1
2014	1	22	4:14:31	47.457	-70.095	9.5	1.1
2012	9	14	10:04:36	47.449	-70.378	5	1.1
2007	4	15	12:50:32	47.368	-70.44	8.4	1.1
2007	7	7	0:41:32	47.815	-69.861	22.9	1.1
2007	12	8	10:53:20	47.673	-69.767	16	1.1
2007	12	10	0:25:15	47.462	-70.139	17.7	1.1
2014	1	26	8:27:19	47.73	-70.115	9.4	1.1
2012	7	21	6:10:48	47.785	-69.816	20.1	1.1
2008	1	22	10:10:18	47.492	-69.94	10.6	1.1
2014	1	26	8:15:31	47.572	-69.998	15.1	1.1
2007	11	4	22:04:43	47.352	-70.321	4.3	1.1
2007	9	3	22:17:15	47.494	-70.36	8.6	1.1
2001	4	15	12:06:05	47.331	-70.27	9.4	1.1
2007	9	9	13:43:26	47.418	-70.356	14.6	1.1
2007	10	9	19:15:36	47.579	-70.155	10.2	1.1
2007	10	2	10:06:15	47.383	-70.259	13.1	1.1
2007	4	21	7:36:55	47.507	-70.153	17.6	1.1
2006	10	2	0:48:54	47.42	-70.371	14.5	1.1
2006	10	27	10:50:47	47.565	-70.231	13.1	1.1
2001	3	18	20:19:47	47.364	-70.504	16.5	1.1
2006	9	21	8:29:10	47.532	-70.034	10.4	1.1
2002	8	24	6:19:17	47.423	-70.448	4	1.1
2001	3	12	13:44:06	47.416	-70.352	7.2	1.1
2006	7	24	22:41:52	47.534	-70.154	15.9	1.1
2006	10	17	3:59:39	47.389	-70.099	18.2	1.1
2001	3	19	13:04:34	47.632	-70.212	13.9	1.1
2013	12	17	22:47:58	47.685	-70.199	9.8	1.1
2007	1	1	4:31:02	47.638	-70.153	9.7	1.1
2012	12	24	15:53:10	47.651	-69.955	12.5	1.1
2007	2	23	12:41:57	47.505	-70.135	18.9	1.1
2012	11	18	17:04:55	47.304	-70.208	22.9	1.1
2013	12	30	16:07:26	47.498	-70.434	4.3	1.1
2001	7	19	1:16:13	47.533	-70.361	6	1
2014	7	2	3:21:20	47.535	-70.299	11.9	1
2012	8	21	23:22:35	47.491	-70.109	9.3	1
2013	5	18	14:05:07	47.478	-70.147	11.9	1
2011	6	17	10:01:50	47.453	-70.297	12.5	1
2012	8	24	2:29:15	47.288	-70.322	15.3	1
2011	5	22	4:31:49	47.407	-70.393	16	1
2014	4	23	9:10:20	47.403	-70.407	3	1
2001	6	8	7:10:31	47.518	-70.032	16.4	1
2013	12	14	14:47:18	47.521	-70.025	13.5	1
2013	7	26	3:01:33	47.478	-69.981	10.4	1
2012	8	4	4:08:08	47.294	-70.744	13.7	1
2012	12	24	16:58:47	47.619	-70.224	12.5	1
2012	8	9	14:50:15	47.583	-70.214	7.7	1
2014	3	28	7:53:01	47.681	-69.89	14.9	1
2012	8	26	4:47:52	47.658	-69.806	21.3	1
2000	12	26	19:55:01	47.492	-70.4	0	1
2017	10	11	0:52:51	47.426	-70.455	4.4	1
2001	5	27	1:54:11	47.467	-70.058	17.8	1
2011	9	27	2:12:35	47.539	-70.222	15.5	1
2012	9	15	19:25:24	47.426	-70.342	9	1
2013	3	31	7:06:45	47.524	-70.136	16.9	1
2001	1	6	15:55:25	47.436	-70.065	8.9	1
2017	10	20	2:53:43	47.518	-70.183	20.5	1
2001	4	9	10:37:54	47.531	-70.142	17.6	1
2001	7	10	6:37:32	47.59	-70.232	12.1	1
2012	7	8	0:13:31	47.385	-70.209	12.6	1
2013	12	3	23:06:30	47.547	-70.105	19.3	1
2011	8	20	17:58:17	47.486	-70.357	6.2	1
2012	8	27	4:55:47	47.446	-70.053	11.6	1
2013	4	28	7:09:25	47.787	-69.965	18.3	1
2012	9	3	15:41:21	47.31	-70.37	10.3	1
2001	2	4	8:09:46	47.529	-70.001	8.6	1
2009	2	1	1:47:44	47.505	-70.368	5.5	1
2014	7	21	9:18:48	47.59	-70.112	7.9	1
2006	4	24	17:58:38	47.57	-70.244	3.5	1
2006	4	27	17:03:11	47.68	-69.88	13.9	1
2016	3	16	10:36:53	47.395	-70.124	16.3	1
2006	7	12	16:29:08	47.527	-70.433	8.5	1
2006	6	29	6:54:00	47.464	-70.05	8.2	1
2006	3	27	1:43:14	47.594	-70.014	11.2	1
2006	2	16	5:07:50	47.656	-70.145	16.3	1
2005	10	2	5:14:55	47.62	-70.114	5	1
2005	11	4	5:26:05	47.518	-70.226	11.9	1
2005	12	28	20:07:33	47.408	-70.23	12.4	1
2006	1	9	11:31:47	47.525	-70.207	13.7	1
2006	7	22	6:53:31	47.449	-70.124	14.4	1
2006	9	17	8:27:17	47.46	-70.032	10.7	1
2007	3	5	3:30:12	47.548	-70.241	11.1	1
2007	3	12	1:09:32	47.531	-70.361	3.7	1
2007	3	29	0:07:51	47.539	-70.271	11.9	1
2007	4	1	4:06:25	47.49	-70.064	11.7	1
2002	7	8	0:43:09	47.693	-70.22	4.7	1
2006	12	20	6:49:43	47.564	-70.028	8.4	1
2006	12	13	23:12:47	47.461	-70.034	10.6	1
2006	10	5	9:33:56	47.5	-70.461	3.9	1
2016	2	8	11:31:23	47.39	-70.128	15.6	1
2016	2	5	22:31:35	47.441	-70.406	5.8	1
2016	1	23	1:12:02	47.392	-70.126	15.8	1
2005	9	25	19:27:41	47.712	-70.085	10.7	1
2005	9	4	20:52:14	47.441	-70.362	12.5	1
2004	1	26	16:35:02	47.644	-70.208	11.6	1
2004	2	5	12:57:48	47.666	-70.204	17.9	1
2004	2	8	21:43:53	47.335	-70.394	9.3	1
2004	2	23	1:40:36	47.423	-70.454	3.7	1
2016	8	28	19:02:45	47.702	-70.149	2.5	1
2003	8	13	2:06:25	47.858	-69.921	22.4	1
2004	1	8	17:26:33	47.687	-70.13	7	1
2003	11	21	2:00:02	47.609	-70.239	8.4	1
2003	12	2	9:54:51	47.556	-69.949	14.9	1
2016	9	24	10:50:21	47.461	-70.502	18	1
2016	9	24	10:41:00	47.461	-70.5	18.1	1
2004	5	9	20:48:38	47.522	-69.977	3.4	1
2004	7	28	0:04:39	47.466	-69.987	12.6	1
2003	2	16	14:21:02	47.24	-70.675	18	1
2005	2	15	22:39:55	47.576	-70.302	16.4	1
2005	5	14	18:40:37	47.466	-70.102	9.2	1
2017	1	17	7:22:02	47.636	-69.902	12.1	1
2005	8	28	7:19:39	47.417	-70.448	9.5	1
2005	1	7	17:26:17	47.423	-70.411	13.4	1
2004	12	13	20:50:26	47.559	-70.364	9.1	1
2004	7	31	9:31:20	47.42	-70.397	14.8	1
2004	8	26	0:21:29	47.454	-70.036	10.4	1
2004	11	19	9:43:35	47.573	-70.382	8	1
2004	12	5	18:09:07	47.364	-70.135	14.4	1
2004	11	27	10:09:13	47.435	-70.421	3.8	1
2007	4	5	7:46:48	47.446	-70.075	15.9	1
2007	4	17	10:04:41	47.444	-70.239	18.1	1
2001	12	30	11:45:37	47.619	-69.795	20	1
2009	12	14	4:52:48	47.701	-69.865	13.8	1
2010	1	4	15:16:51	47.528	-70.203	13.6	1
2010	2	7	13:33:51	47.46	-70.194	12	1
2010	1	27	23:28:51	47.596	-70.221	15.3	1
2009	11	23	2:56:07	47.515	-70.035	7.7	1
2009	11	21	6:45:10	47.53	-70.057	7.5	1
2009	9	4	1:57:05	47.547	-69.906	10.2	1
2002	1	27	0:45:01	47.54	-70.301	8.3	1
2009	9	9	16:27:34	47.65	-70.128	10	1
2009	10	9	7:08:36	47.618	-69.774	19.9	1
2015	3	30	20:56:47	47.597	-70.266	4.8	1
2010	2	10	5:27:09	47.573	-70.005	11.5	1
2010	2	18	15:56:39	47.611	-70.15	13	1
2010	12	6	19:39:14	47.6	-70.335	9.8	1
2010	12	15	9:09:03	47.394	-70.325	18.2	1
2001	9	2	1:29:07	47.435	-70.157	11.4	1
2011	1	5	20:30:16	47.557	-70.329	15.3	1
2010	12	27	15:19:47	47.435	-70.02	10.7	1
2010	11	26	19:29:44	47.446	-70.128	21.2	1
2010	10	2	19:47:46	47.475	-70.17	11.4	1
2010	3	8	13:41:29	47.669	-70.163	8.5	1
2010	5	12	12:39:48	47.445	-70.022	12.2	1
2017	8	14	19:55:10	47.455	-70.406	6.8	1
2014	11	19	21:27:54	47.462	-70.051	7.1	1
2002	2	3	22:17:40	47.388	-70.117	8.7	1
2009	8	4	9:10:11	47.544	-70.257	12.6	1
2007	11	9	11:14:07	47.766	-70.089	11.1	1
2007	11	13	7:15:28	47.405	-70.372	15.1	1
2007	11	17	11:03:10	47.455	-70.037	10.2	1
2015	10	1	10:34:35	47.337	-70.165	9.5	1
2007	10	9	22:37:10	47.513	-70.285	12.8	1
2007	9	7	12:30:17	47.551	-70.267	11.5	1
2007	4	18	17:44:02	47.776	-69.949	17	1
2002	6	5	2:38:26	47.718	-70.183	6.7	1
2007	6	15	15:06:21	47.398	-70.269	12.3	1
2002	5	26	10:43:22	47.727	-70.247	6.2	1
2008	1	19	21:23:30	47.339	-70.465	9.6	1
2002	5	8	4:17:08	47.545	-70.264	10.6	1
2009	4	9	3:28:16	47.48	-70.075	13.5	1
2009	6	18	4:12:46	47.543	-69.89	15.7	1
2002	2	14	8:21:41	47.615	-69.984	6.1	1
2009	7	29	6:59:40	47.756	-70.029	6.5	1
2009	3	18	15:57:33	47.205	-70.458	3.4	1
2008	2	10	19:24:36	47.58	-70.207	2.3	1
2002	3	20	5:37:05	47.468	-70.106	10.6	1
2008	2	10	3:55:44	47.482	-70.417	11.9	1
2002	4	28	13:44:50	47.44	-70.431	3.6	1
2008	4	13	15:34:18	47.643	-69.799	14.7	1
2002	4	15	12:39:29	47.548	-70.248	12.8	1
2008	5	2	10:07:53	47.494	-70.422	3.5	1
