-71.174 48.092 -28.7
-71.185 48.098 -25
-70.386 47.366 -5.2
-71.152 48.091 -27.4
-71.153 48.099 -26.4
-71.188 48.103 -23.1
-71.213 48.12 -28.6
-71.17 48.116 -29.5
-70.962 48.036 -20.9
-71.19 48.114 -27.7
-71.236 48.003 -18.4
-71.164 48.001 -26.8
-71.191 48.089 -28
-70.963 48.066 -22.3
-70.176 47.444 -8
-70.012 47.586 -9.6
-69.6 48.288 -18
-69.996 47.562 -7.7
-70.643 47.224 -18
-71.196 48.101 -26.7
-69.969 47.496 -8.5
-71.243 48.088 -33.7
-70.378 47.548 -4.1
-70.21 47.655 -12.4
-70.425 47.17 -9.5
-71.162 48.069 -29.1
-69.978 47.521 -11.1
-71.154 48.105 -25.6
-70.164 47.639 -11.7
-70.087 47.734 -8.7
-71.151 48.02 -27.1
-71.196 48.097 -27.5
-70.113 47.491 -9.1
-70.121 47.496 -7.6
-71.011 48.063 -24.1
-71.009 48.063 -21
-71.008 48.063 -24.8
-71.018 48.08 -23.3
-69.941 47.486 -14.1
-71.019 48.055 -24.8
-70.139 47.753 -8.2
-71.316 48.112 -26.7
-69.895 47.658 -12.6
-70.236 47.555 -13.7
-70.671 47.443 -19.7
-69.956 47.782 -6.5
-69.861 47.682 -12.8
-70.03 47.475 -12.3
-70.449 47.363 -12.8
-69.755 47.767 -22.9
-70.147 47.526 -18
-69.92 47.765 -14.3
-69.802 47.819 -23.9
-69.857 47.717 -10.5
-70.184 47.564 -19.6
-69.853 47.717 -9.8
-69.854 47.716 -9.2
-70.118 47.448 -19.7
-70.022 47.564 -9.8
-71.16 48.115 -28.8
-69.857 47.855 -23
-70.163 47.348 -8.7
-70.436 47.308 -8.9
-71.165 48.122 -25.3
-70.067 47.454 -7
-70.064 47.381 -23.4
-70.05 47.409 -7.6
-69.896 47.581 -16.3
-70.636 47.312 -9.3
-70.126 47.474 -11.7
-70.163 47.541 -18
-70.029 47.43 -8.6
-70.315 47.41 -12.4
-69.889 47.71 -12.3
-70.347 47.441 -7.5
-70.378 47.306 -8.2
-71.066 48.114 -17.5
-69.723 47.854 -10.4
-70.285 47.613 -22.4
-70.113 47.46 -11.4
-70.126 47.668 -9.1
-70.328 47.408 -10.6
-70.381 47.424 -13.2
-70.067 47.487 -14.8
-69.733 47.715 -16.2
-70.014 47.59 -9.9
-70.3 47.389 -11
-70.187 47.733 -4.2
-70.206 47.614 -16.3
-69.534 47.069 -18
-70.298 47.542 -11.3
-70.247 47.551 -13.6
-70.075 47.674 -13.3
-69.96 47.896 -10
-71.188 48.076 -29
-70.363 47.519 -6
-70.439 48.374 -18
-70.453 47.455 -6.9
-70.145 47.498 -6
-70.343 47.451 -7.6
-70.041 47.45 -8.9
-70.239 47.598 -11.9
-70.443 47.483 -7
-70.39 47.403 -7.6
-69.926 47.679 -9.1
-70.083 47.699 -8.4
-69.977 47.856 -20.8
-69.902 47.654 -7.6
-70.086 47.695 -5.7
-69.99 47.48 -7.4
-70.282 47.393 -10.3
-70.044 47.47 -9.5
-70.377 47.514 -3.2
-71.126 48.041 -28
-69.977 47.479 -10.6
-70.248 47.611 -10.1
-70.029 47.535 -7.4
-69.906 47.646 -10.7
-70.114 47.481 -23.1
-70.244 47.587 -12.7
-69.856 47.645 -16.2
-69.89 47.564 -15.7
-69.971 47.617 -7.7
-69.972 47.333 -18
-70.456 47.421 -4.7
-69.966 47.609 -10.5
-70.249 47.387 -12
-70.228 47.597 -7.4
-70.41 47.419 -6.2
-69.817 47.791 -21.9
-70.038 47.484 -7.5
-70.003 47.811 -16.7
-70.237 47.578 -4.1
-70.384 47.432 -4.7
-70.482 47.274 -9.8
-69.999 47.479 -11.3
-69.999 47.547 -7.5
-70.375 47.408 -17.8
-70.364 47.398 -15.8
-70.409 47.429 -6.9
-70.361 47.397 -14.9
-70.238 47.633 -8
-70.22 47.648 -8.7
-70.151 47.395 -14.2
-70.303 47.435 -11.8
-71.092 47.108 -29.2
-70.659 47.251 -15.2
-69.906 47.569 -14.3
-71.178 47.123 -20
-70.336 47.263 -9.3
-70.353 47.256 -8.7
-69.614 47.994 -12.1
-70.063 47.462 -18.9
-70.198 47.682 -7
-70.226 47.607 -17.4
-70.38 47.481 -12.9
-70.097 47.502 -13.2
-70.127 47.646 -10.9
-69.999 47.463 -11.6
-69.883 47.702 -9.1
-70.536 47.432 -20.5
-70.367 47.181 -9.4
-70.473 47.335 -12.2
-69.981 47.647 -21.2
-70.483 47.391 -10.2
-69.761 47.617 -23.6
-70.503 47.406 -5.1
-70.051 47.812 -5.5
-70.03 47.546 -7.9
-70.233 47.604 -14.3
-70.023 47.552 -9.3
-70.136 47.439 -12.6
-70.198 47.582 -4.6
-70.016 47.544 -8.6
-70.521 47.546 -10.7
-70.322 47.426 -10.9
-70.103 47.687 -11.3
-70.375 47.345 -23.3
-70.095 47.558 -16.5
-70.067 47.511 -13.8
-70.273 47.614 -2.9
-69.898 47.514 -23
-69.774 47.849 -24.1
-70.442 47.246 -9.2
-70.062 47.38 -24.2
-70.379 47.471 -4.9
-70.09 47.51 -9.3
-69.834 47.797 -7.9
-71.403 47.026 -18
-70.366 47.494 -6.7
-70.037 47.699 -11.8
-71.308 48.302 -15
-70.122 47.632 -13.1
-69.994 47.347 -27.5
-69.723 47.74 -23.4
-69.957 47.783 -17.2
-70.441 47.385 -9.2
-70.2 47.5 -18
-69.588 48.205 -18
-70.15 47.433 -12.8
-70.575 47.214 -23.9
-70.219 47.614 -13.1
-70.029 47.625 -9.5
-69.867 47.638 -15.4
-71.146 47.974 -27.6
-70.231 47.573 -15.6
-70.429 47.229 -8.9
-70.225 47.617 -13.6
-69.819 47.79 -22.9
-70.251 47.447 -12.6
-70.392 47.443 -5
-70.408 47.534 -6.8
-70.271 47.626 -0
-70.035 47.539 -6
-70.494 47.418 -7.5
-70.205 47.851 -8.2
-70.139 47.526 -17.3
-70.144 47.735 -9.2
-69.881 47.564 -14.5
-70.17 47.411 -8.6
-69.915 47.785 -15
-69.857 47.718 -9.4
-69.895 47.634 -12
-69.884 48.057 -16.1
-69.904 47.742 -18.3
-70.367 47.5 -6.8
-70.408 47.398 -5.5
-70.13 47.534 -17.4
-70.335 47.248 -8.6
-70.106 47.334 -18.5
-70.087 47.456 -10.9
-69.969 47.605 -9.4
-69.967 47.576 -9.4
-70.175 47.433 -18.9
-70.016 47.755 -7.1
-70.049 47.498 -11
-69.942 47.587 -11.6
-70.407 47.446 -2.7
-70.221 47.63 -4.4
-70.436 47.282 -5
-69.951 47.592 -11.3
-69.964 47.781 -14.2
-69.811 47.834 -18
-70.021 47.502 -15.6
-70.214 47.41 -9.9
-69.927 47.594 -11.6
-70.045 47.754 -8
-71.475 46.758 -6.5
-70.106 47.745 -12.4
-71.218 47.004 -18
-69.833 47.792 -22.1
-70.042 47.486 -1.2
-70.157 47.673 -12.8
-70.409 47.439 -2.8
-69.841 47.623 -16.5
-70.013 47.625 -0
-70.431 47.446 -7.1
-70.356 47.427 -7.6
-70.041 47.573 -10.5
-70.063 48.002 -20.5
-70.091 47.483 -14.2
-70.206 47.691 -0
-70.097 47.699 -11.2
-69.872 47.967 -0
-70.187 47.685 -0
-71.123 46.697 -6
-70.363 47.225 -8.7
-70.367 47.489 -7.3
-69.911 47.566 -14.8
-69.988 47.562 -15
-70.421 47.423 -6
-70.115 47.477 -14
-70.055 47.892 -18
-69.948 47.814 -20.3
-70.112 47.475 -15
-70.125 47.368 -15.1
-70.249 47.386 -12.1
-70.071 47.661 -16.4
-69.986 47.6 -9.2
-71.164 46.975 -18
-70.461 47.415 -7.2
-71.184 46.737 -12
-70.395 47.424 -14.4
-70.138 47.503 -12.1
-69.996 47.822 -6.8
-70.175 47.61 -11.8
-70.149 48.019 -0
-69.463 47.969 -0
-70.074 47.716 -10.8
-69.901 47.63 -12.6
-70.22 47.597 -2.7
-69.977 47.476 -13.8
-70.171 47.62 -14.5
-70.024 47.451 -11.7
-70.024 47.451 -11.7
-69.98 47.837 -18.2
-69.962 47.474 -14.9
-70.119 47.518 -22.4
-70.026 47.561 -13
-70.149 47.775 -8
-70.171 47.544 -18.4
-69.969 47.82 -19.5
-70.082 47.409 -17.2
-69.779 47.816 -10
-70.007 47.619 -10.3
-70.364 47.441 -5.9
-70.362 47.514 -4.3
-70.427 47.17 -16
-69.756 47.827 -25.1
-69.902 47.667 -8.6
-70.212 47.333 -10
-70.026 47.692 -16.4
-69.908 47.674 -10.3
-70.104 47.684 -4.4
-69.85 47.881 -20.4
-70.065 47.499 -18
-69.91 47.677 -10.7
-70.363 47.505 -8.9
-70.367 47.529 -7.6
-69.832 47.792 -22.2
-69.392 48.091 -28
-69.982 47.748 -14.2
-70.254 47.38 -13.3
-70.113 47.494 -10.4
-70.261 47.584 -7.1
-70.428 47.443 -5
-70.373 47.576 -8.4
-71.263 47.408 -3.5
-70.19 47.44 -6.2
-70.073 47.695 -9
-69.675 47.879 -10
-70.1 47.639 -10
-70.228 47.602 -4.8
-69.867 47.885 -18.1
-70.039 47.535 -6.7
-70.386 47.305 -7.4
-69.886 47.666 -5.5
-70.138 47.357 -9.8
-70.332 47.417 -9.3
-70.338 47.417 -10.3
-69.912 47.626 -11.6
-70.104 47.456 -12.2
-70.362 47.538 -6
-69.942 47.56 -11.9
-69.903 47.672 -10.5
-70.131 47.461 -20.7
-69.885 47.629 -13
-70.173 47.458 -14.3
-70.233 47.637 -12.6
-70.026 47.474 -9.8
-69.784 48.124 -22.3
-69.878 47.681 -14
-69.973 47.935 -23.2
-70.039 47.542 -7.9
-70.209 47.652 -11.3
-70.392 47.318 -6.3
-70.097 47.684 -4.9
-70.158 47.467 -18
-70.166 47.631 -10.5
-70.268 47.606 -19.5
-70.068 47.439 -14.9
-69.954 47.505 -9.2
-70.321 47.342 -6.4
-70.361 47.492 -8.6
-70.107 47.712 -9.8
-69.973 47.584 -9
-69.923 47.526 -14.9
-70.49 47.398 -10.1
-70.112 47.321 -9.9
-71.045 47.162 -0
-69.907 47.675 -15.3
-71.06 48.255 -18
-70.152 47.673 -6.9
-70.601 47.289 -15.6
-69.905 47.676 -12.8
-70.058 47.449 -10.4
-70.07 47.704 -10.1
-70.392 47.467 -4.5
-69.987 47.483 -11.7
-70.13 47.388 -11.1
-70.05 47.44 -8
-70.318 47.444 -12.1
-70.042 47.448 -14.2
-70.051 47.562 -4.9
-70.101 47.474 -13.1
-69.945 47.58 -12.1
-69.858 47.787 -22.5
-70.455 47.378 -10.6
-70.089 47.704 -8.6
-70.128 47.391 -16.3
-70.209 47.497 -16.1
-70.387 47.517 -4.9
-69.952 47.527 -12.6
-70.029 47.504 -8.7
-70.266 47.519 -4.3
-69.997 47.732 -12.7
-70.396 47.173 -9.2
-70.213 47.387 -16
-70.128 47.501 -14.9
-69.876 47.655 -12.8
-69.896 47.523 -17.4
-70.367 47.486 -7
-70.751 47.219 -24.1
-70.291 47.591 -11.7
-69.971 47.483 -8.2
-70.314 47.437 -10.8
-70.132 47.459 -6.9
-70.383 47.255 -4.6
-70.053 47.427 -11.5
-69.958 47.629 -15
-70.442 47.232 -16.4
-70.394 47.401 -8
-70.064 47.685 -9.7
-70.324 47.42 -10.4
-70.382 47.534 -18
-70.003 47.468 -14.7
-69.916 47.587 -18
-69.952 47.607 -11.8
-69.967 47.752 -14.9
-70.178 47.62 -11.2
-70.063 47.498 -10
-70.037 47.45 -12.4
-70.073 47.432 -7.2
-69.999 47.582 -8.8
-70.392 47.391 -5.2
-70.102 47.532 -19.7
-70.005 47.463 -19.3
-70.34 47.621 -18
-70.424 47.46 -18
-70.263 47.539 -11.2
-70.026 47.451 -7.9
-70.434 47.547 -18
-70.226 47.628 -18
-70.765 47.223 -18
-70.075 47.696 -9.7
-70.352 47.431 -17.3
-70.435 47.304 -8.5
-70.39 47.406 -7.7
-70.44 47.256 -18
-69.995 47.564 -15.4
-70.317 47.528 -9.4
-70.84 47.611 -18
-70.194 47.714 -18
-70.12 47.695 -4.4
-70.174 47.723 -9.1
-70.091 47.6 -22.8
-70.185 47.365 -18
-70.001 47.71 -21.3
-69.994 47.538 -14.7
-70.447 47.275 -18
-70.398 47.544 -6.3
-69.886 47.665 -12.6
-69.947 47.586 -11.4
-70.208 47.512 -10.6
-70.465 47.391 -6.2
-70.231 47.618 -18
-70.137 47.46 -7.9
-69.978 47.539 -11.5
-69.757 47.909 -18
-70.365 47.524 -6.1
-70.437 47.438 -4.2
-70.447 47.389 -5.1
-70.11 47.46 -8
-70.377 47.449 -7.7
-70.163 47.659 -12.4
-69.808 47.8 -22.3
-70.9 46.928 -18
-70.044 47.502 -14.6
-70.081 47.698 -12.4
-70.43 47.381 -6.4
-70.205 47.695 -4
-70.233 47.584 -6.4
-70.042 47.441 -11.8
-70.447 47.394 -6.4
-70.268 47.561 -10.6
-70.388 47.435 -5
-70.134 47.443 -20.6
-70.451 47.368 -5
-70.046 47.469 -16.7
-70.269 47.399 -16
-70.238 47.562 -6.8
-70.098 47.6 -26.6
-69.868 47.66 -13.3
-69.998 47.571 -6.6
-70.001 47.568 -13.7
-70.154 47.638 -12.6
-70.178 47.552 -18.4
-70.122 47.7 -9
-69.919 47.797 -23.2
-69.997 47.566 -5.1
-70.289 47.443 -18
-69.918 47.531 -9.7
-70.076 47.633 -21.3
-70.108 47.731 -10.6
-70.192 47.429 -7.9
-70.378 47.555 -9.4
-71.11 46.832 -18
-69.88 47.606 -15.2
-70.203 47.603 -9.6
-70.399 47.467 -18
-70.269 47.496 -16
-70.397 47.404 -6.8
-70.404 47.42 -12
-70.406 47.487 -4.8
-70.399 47.331 -9.1
-70.393 47.478 -18
-70.13 47.534 -20.8
-70.033 47.468 -8.3
-70.1 47.48 -14.7
-70.481 47.398 -10
-70.192 47.313 -15.6
-70.469 47.331 -11.6
-69.903 47.668 -10.6
-70.108 47.447 -1.9
-70.344 47.585 -18
-70.401 47.5 -5.1
-69.856 47.615 -17.3
-70.153 47.675 -10.1
-71.489 48.303 -18
-70.057 47.456 -17.9
-70.894 46.969 -18
-70.082 47.472 -13.9
-70.056 47.455 -18.1
-69.912 47.944 -18
-70.278 47.581 -11
-69.928 47.616 -11.6
-70.187 47.685 -6.6
-70.36 47.484 -7.1
-70.395 47.498 -18
-70.192 47.616 -16.9
-70.29 47.514 -14.3
-70.42 47.419 -5.3
-70.42 47.419 -5.3
-70.11 47.754 -4.9
-70.125 47.624 -12.2
-69.904 47.525 -11.9
-70.214 47.616 -18
-70.015 47.834 -21.3
-70.183 47.605 -10.6
-69.953 47.823 -18.9
-70.234 47.648 -6.3
-70.13 47.624 -8.3
-70.264 47.322 -24.1
-70.333 47.37 -13.6
-70.319 47.605 -18
-70.026 47.696 -18.3
-70.402 47.492 -5.4
-70.309 47.454 -7.3
-70.456 47.465 -6.6
-70.389 47.504 -5
-70.437 47.237 -18
-70.366 47.541 -5
-70.267 47.443 -9.2
-70.365 47.515 -4.9
-70.146 47.641 -14.7
-70.243 47.595 -10.8
-70.087 47.546 -15
-70.114 47.679 -18
-70.416 47.504 -8.5
-70.362 47.517 -7.8
-70.352 47.44 -11.7
-70.182 47.733 -7.8
-70.16 47.491 -17
-70.447 47.423 -4.7
-70.129 47.628 -14
-70.392 47.401 -7.3
-70.403 47.463 -5.9
-70.413 47.416 -6.8
-70.37 47.469 -21.6
-69.817 47.712 -11.1
-70.247 47.593 -12.1
-70.02 47.812 -8.9
-70.204 47.638 -11.6
-70.023 47.455 -11.4
-70.028 47.438 -11.4
-70.225 47.602 -5.8
-70.226 47.6 -6.9
-70.029 47.425 -10.8
-70.357 47.453 -17.9
-70.184 47.543 -8
-70.441 47.416 -4.8
-70.251 47.389 -13.7
-70.183 47.528 -13.4
-69.966 47.608 -6.6
-70.399 47.395 -12
-70.429 47.443 -4.4
-69.93 47.856 -24.8
-70.187 47.627 -16
-69.796 47.972 -8.5
-70.307 47.539 -8.3
-70.421 47.431 -3.6
-70.125 47.466 -13.5
-70.278 47.56 -9.3
-70.386 47.408 -8.7
-70.219 47.465 -17.7
-70.127 47.76 -9.1
-70.299 47.236 -13.2
-70.032 47.494 -15
-70.394 47.427 -15.9
-70.004 47.706 -12.7
-70.044 47.514 -13.7
-70.252 47.61 -9.1
-69.404 48.237 -18
-70.213 47.615 -11.2
-70.106 47.699 -10.3
-70.54 47.523 -10.2
-70.032 47.558 -9.2
-69.834 47.733 -9.8
-71.369 46.749 -18
-70.38 47.576 -21.7
-70.453 47.27 -26.7
-70.451 47.451 -10
-70.276 47.546 -15.2
-70.276 47.412 -15.8
-69.971 47.472 -13.1
-70.327 47.59 -1.5
-70.01 47.606 -10.4
-70.389 47.478 -5.1
-70.169 47.617 -11.3
-70.395 47.499 -5.3
-70.239 47.556 -3.3
-70.215 47.559 -12
-69.962 47.666 -23
-70.347 47.534 -6.6
-69.971 47.475 -9.4
-70.233 47.632 -4.9
-70.193 47.597 -1.1
-70.145 47.473 -11.1
-70.033 47.675 -24.1
-70.218 47.384 -13.9
-70.385 47.454 -9.4
-70.344 47.431 -12.7
-70.141 47.449 -8.7
-70.311 47.62 -21.5
-70.476 47.318 -5.4
-70.237 47.623 -10.8
-70.44 47.434 -14.4
-70.327 47.572 -9.5
-70.014 47.546 -9.3
-70.448 47.557 -11.8
-70.41 47.468 -4.8
-70.391 47.532 -2.1
-70.242 47.641 -11.7
-70.259 47.394 -11.3
-70.013 47.537 -10.4
-70.358 47.619 -7.2
-70.314 47.421 -9.8
-70.389 47.469 -5.8
-70.294 47.634 -18
-70.029 47.508 -12.2
-70.277 47.562 -10.6
-70.22 47.517 -13.9
-70.344 47.48 -4
-70.316 47.566 -18
-70.382 47.463 -5.5
-70.402 47.429 -4.5
-70.256 47.384 -12.2
-69.981 47.621 -11.8
-70.176 47.435 -19.3
-70.254 47.431 -11.5
-70.162 47.533 -18
-70.379 47.401 -5.8
-70.558 48.354 -18
-69.977 47.548 -8.8
-70.14 47.514 -7
-70.436 47.417 -4.6
-70.196 47.557 -21.8
-70.611 47.353 -10
-70.292 47.462 -10.9
-70.126 47.464 -13.3
-70.051 47.467 -7.6
-70.354 47.365 -17.3
-70.138 47.611 -8.9
-70.14 47.379 -13
-70.037 47.508 -12.8
-70.312 47.397 -12.9
-70.353 47.364 -17.4
-70.135 47.62 -5.3
-70.353 47.425 -9.2
-70.046 47.699 -12.9
-70.08 47.676 -17.1
-70.284 47.547 -11.8
-70.011 47.503 -9.6
-70.076 47.489 -9.5
-70.033 47.504 -10.8
-70.252 47.383 -13.9
-70.029 47.5 -12
-70.114 47.62 -9.7
-70.457 47.387 -10.6
-69.998 47.651 -28.7
-70.148 47.387 -14.1
-70.386 47.459 -11.9
-70.143 47.674 -9.8
-70.134 47.371 -13.2
-70.146 47.676 -9.4
-70.23 47.65 -16
-70.174 47.542 -13.4
-70.296 47.547 -11.7
-70.114 47.462 -9.9
-70.362 47.654 -6.4
-70.678 47.544 -13.2
-70.414 47.475 -7.9
-70.286 47.502 -11.1
-69.973 47.462 -9.9
-70.025 47.606 -8.7
-70.388 47.579 -17.8
-70.362 47.448 -6.3
-70.013 47.427 -12.6
-70.45 47.425 -3
-69.94 47.574 -11.5
-69.996 47.465 -11.7
-70.339 47.517 -18
-70.457 47.169 -9.6
-70.079 47.462 -11.7
-70.156 47.618 -11.8
-70.405 47.413 -6.4
-70.138 47.377 -13.1
-70.109 47.367 -13.6
-70.224 47.657 -13.6
-69.931 47.509 -13.6
-69.75 47.853 -22.4
-70.181 47.432 -14.1
-70.49 47.431 -7.5
-69.938 47.824 -19.8
-70.088 47.697 -5.6
-70.313 47.416 -9.6
-69.954 47.659 -16.3
-70.332 47.414 -11.7
-70.24 47.544 -13.1
-70.332 47.429 -11.7
-70.292 47.536 -12.2
-70.036 47.46 -11.4
-70.32 47.497 -9.1
-70.417 47.413 -5.9
-70.214 47.653 -18
-70.43 47.438 -5.4
-70.114 47.594 -23.3
-70.375 47.592 -8.3
-69.853 47.678 -14.1
-69.974 47.485 -12.9
-70.334 47.426 -10
-70.346 47.504 -8.5
-70.399 47.416 -6.5
-70.386 47.421 -5.5
-70.389 47.428 -4.1
-69.956 47.816 -20
-70.307 47.371 -7.5
-70.319 47.386 -2.5
-70.187 47.724 -5.2
-70.355 47.55 -9.9
-70.389 47.419 -3.9
-70.053 47.504 -14.6
-70.189 47.765 -16
-70.162 47.491 -15.8
-70.34 47.489 -6.1
-70.044 47.498 -17.7
-70.345 47.397 -7.4
-70.439 47.419 -5
-70.245 47.599 -12.3
-70.338 47.412 -9.5
-70.022 47.494 -15.1
-70.474 47.31 -19.9
-70 47.5 -10
-70 47.5 -10
-69.631 48.16 -18
-70.405 47.46 -5.5
-70.299 47.556 -13.1
-70.248 47.556 -14.1
-69.898 47.63 -12.6
-70.222 47.635 -10
-70.06 47.455 -11
-70.144 47.473 -11.9
-70.303 47.603 -10
-70.259 47.633 -5.3
-69.958 47.496 -12.7
-70.04 47.527 -24
-70.248 47.392 -10.4
-70.01 47.737 -13.2
-70.169 47.597 -11.6
-70.115 47.693 -9.3
-70.105 47.631 -19.6
-69.794 47.824 -21.4
-69.819 47.804 -17.7
-69.797 47.826 -21.8
-69.812 47.798 -21.6
-70.448 47.427 -3.7
-70.429 47.53 -12.4
-70.439 47.433 -12.8
-70.893 46.926 -18
-70.412 47.433 -14.8
-70.101 47.487 -14.9
-70.154 47.607 -12.3
-70.298 47.535 -9
-70.471 47.384 -9.7
-70.091 47.436 -5.8
-70.22 47.513 -17.6
-70.144 47.37 -18.6
-69.891 47.576 -15.8
-70.183 47.633 -12.7
-70.331 47.424 -10.8
-70.192 47.691 -9.2
-70.186 47.584 -5.9
-70.107 47.735 -11
-69.965 47.571 -12.2
-70.344 47.423 -18.2
-69.911 47.606 -13
-70.07 47.53 -10.4
-70.136 47.691 -6.4
-70.484 47.414 -11.7
-70.377 47.448 -5
-70.417 47.429 -7.5
-69.294 48.131 -18
-70.298 47.554 -9
-70.284 47.695 -18
-70.101 47.581 -1.5
-69.771 47.807 -23.4
-69.764 47.809 -23.9
-70.373 47.486 -11.3
-70.473 47.334 -11.8
-70.296 47.543 -8.7
-70.228 47.415 -9
-70.302 47.552 -10.3
-70.012 47.426 -13.6
-70.036 47.707 -7.3
-70.438 47.303 -7.4
-70.063 47.68 -11.1
-69.795 47.823 -20.9
-70.232 47.633 -14.2
-70.374 47.408 -16.7
-70.688 47.215 -18
-70.055 47.464 -17.8
-69.817 47.79 -21.8
-70.002 47.565 -13.8
-70.484 47.348 -13.6
-69.954 47.499 -13.3
-70.465 47.379 -11.4
-71.109 48.17 -18
-70.404 47.419 -6.3
-70.406 47.421 -6.3
-70.18 47.629 -17.2
-69.994 47.826 -18.6
-70.207 47.611 -15.1
-70.188 47.683 -5.2
-70.216 47.606 -15.1
-70.277 47.564 -8
-69.944 47.583 -12.6
-70.252 47.594 -15.1
-70.151 47.637 -5.9
-70.188 47.677 -7.4
-70.203 47.664 -13
-70.121 47.627 -9.2
-70.071 47.717 -7.3
-69.997 47.562 -8.8
-69.866 47.648 -14.6
-70.259 47.548 -16
-70.039 47.551 -10
-70.038 47.525 -12
-70.169 47.447 -10
-69.802 47.824 -23.2
-70.371 47.449 -3.3
-70.377 47.498 -7
-70.033 47.659 -22.5
-69.797 47.68 -11.2
-70.261 47.6 -5.2
-70.138 47.437 -19.9
-70.104 47.625 -19.7
-70.075 47.575 -10.7
-70.401 47.555 -0
-70.238 47.571 -5.4
-70.194 47.688 -5.4
-69.893 47.57 -16
-69.898 47.78 -20.6
-70.031 47.538 -6.8
-69.956 47.765 -17.3
-69.903 47.673 -9.4
-69.939 47.726 -21.1
-70.121 47.741 -9.9
-71.097 48.149 -22.9
-69.943 47.612 -14.5
-70.047 47.571 -12.4
-70.025 47.482 -8.3
-70.116 47.703 -11.5
-69.927 47.614 -10.6
-70.289 47.572 -10.8
-70.228 47.605 -5.7
-70.023 47.446 -14.3
-70.163 47.765 -14.2
-70.06 47.557 -8.1
-70.171 47.43 -14
-69.887 47.534 -13
-70.286 47.546 -10.5
-69.888 47.537 -13.5
-70.406 47.367 -7.9
-70.351 47.556 -4.7
-69.906 47.749 -22.8
-70.279 47.612 -13.6
-70.403 47.534 -9.3
-71.368 46.919 -18
-70.363 47.492 -6.6
-70.399 47.436 -7.7
-70.37 47.525 -5
-70.094 47.736 -2.3
-70.463 47.402 -10.1
-70.218 47.607 -5.3
-69.909 47.668 -9.4
-69.906 47.668 -7.6
-69.91 47.668 -8.2
-69.811 47.822 -23.4
-70.282 47.566 -10.9
-69.951 47.769 -10.4
-69.911 47.669 -8.6
-69.963 47.597 -9.8
-71.367 46.765 -18
-71.377 46.746 -18
-71.393 46.778 -18
-71.383 46.791 -18
-71.419 46.788 -18
-71.395 46.787 -18
-71.384 46.795 -18
-71.388 46.789 -18
-71.382 46.775 -18
-71.372 46.781 -24
-71.404 46.795 -24
-71.424 46.801 -22.5
-71.383 46.828 -21.3
-71.357 46.776 -24
-71.372 46.78 -22.9
-71.391 46.792 -25.3
-71.418 46.776 -21.7
-70.382 47.413 -8.6
-70.049 47.759 -4.9
-70.398 47.437 -7.7
-71.42 46.78 -22
-70.432 47.424 -5.5
-70.016 47.707 -17.3
-70.177 47.648 -16.1
-69.824 47.832 -24.6
-71.026 47.078 -18
-69.982 47.473 -11.1
-70.351 47.474 -9.9
-69.968 47.44 -25.5
-70.402 47.416 -6.4
-70.131 47.511 -4.8
-70.364 47.53 -4.6
-69.536 47.413 -18
-69.536 47.413 -18
-70.385 47.423 -13.9
-69.932 47.594 -12
-70.379 47.41 -7.4
-70.908 48.194 -18
-69.899 47.664 -7.9
-69.957 47.833 -20.6
-70.039 47.451 -11.5
-70.36 47.514 -3.4
-70.216 47.471 -11
-70.57 47.001 -18
-70.016 47.527 -12.4
-70.302 47.53 -10.1
-70.308 47.579 -11.1
-70.242 47.555 -10.1
-70.458 47.567 -15.4
-70.219 47.613 -13.1
-70.439 47.429 -12.8
-69.98 47.471 -8.4
-69.978 47.47 -8.7
-70.644 47.974 -18
-70.391 47.438 -5.9
-70.458 47.425 -3.9
-70.364 47.504 -7.8
-70.598 47.213 -26.3
-70.102 47.479 -16
-70.398 47.353 -24.3
-70.39 47.36 -25.3
-70.387 47.354 -24.5
-70.386 47.354 -23.6
-70.39 47.352 -23.2
-70.389 47.358 -23.8
-70.386 47.358 -25.3
-70.34 47.535 -18
-70.39 47.36 -25.3
-70.402 47.368 -7.1
-70.395 47.369 -5.5
-70.321 47.58 -10
-70.384 47.359 -24.9
-70.357 47.538 -10
-69.398 48.259 -18
-70.132 47.618 -12.8
-69.977 47.534 -10.1
-70.113 47.446 -15.5
-70.397 47.503 -2.2
-70.392 47.497 -1.2
-70.188 47.483 -12.9
-69.957 47.641 -17.1
-69.909 47.678 -10.4
-69.302 48.21 -18
-69.29 48.204 -18
-70.332 47.357 -13.5
-70.283 47.264 -11
-69.988 47.464 -11.1
-70.198 47.428 -14.4
-70.058 47.46 -12.4
-70.296 47.539 -11.1
-69.869 47.768 -23.6
-70.145 47.475 -20.6
-70.432 47.441 -14.6
-70.418 47.414 -2
-70.384 47.528 -2.2
-70.45 47.273 -14.3
-70.259 47.544 -13.1
-70.28 47.54 -13.7
-70.188 47.399 -15.5
-70.112 47.465 -10.6
-70.382 47.413 -14.7
-70.483 47.382 -9
-70.558 47.296 -18
-70.402 47.441 -18
-70.332 47.561 -18
-70.238 47.612 -5.8
-69.936 47.5 -14.8
-70.202 47.638 -11.8
-70.339 47.436 -10
-70.227 47.422 -7.6
-70.429 47.458 -8.2
-70.074 47.501 -7.7
-69.994 47.544 -11
-70.382 47.347 -6.8
-70.481 47.409 -9.1
-69.939 47.596 -11.7
-70.213 47.624 -18
-69.972 47.666 -23.4
-70.42 47.432 -11.2
-70.274 47.632 -16.9
-69.282 46.58 -18
-70.134 47.756 -8.3
-69.977 47.488 -13
-69.918 47.611 -12.6
-69.922 47.73 -24
-70.728 47.182 -18
-70.05 47.426 -11.2
-70.179 47.452 -13.8
-70.155 47.667 -8.4
-70.162 47.458 -24.8
-70.865 46.885 -18
-70.096 47.703 -6
-70.101 47.706 -5.8
-70.173 47.645 -9.4
-70.429 47.429 -4.4
-70.379 47.395 -19.9
-70.428 47.317 -7.8
-70.408 47.457 -4
-70.442 47.448 -4
-70.068 47.443 -13.8
-70.09 47.707 -12.1
-70.055 47.723 -18
-70.093 47.692 -6.4
-70.59 47.28 -18
-70.023 47.511 -13.8
-70.312 47.402 -11.8
-70.466 47.245 -7.8
-70.376 47.413 -16.7
-70.191 47.596 -0
-69.906 47.736 -21.2
-69.806 47.672 -10.9
-70.001 47.463 -11.7
-70.185 47.754 -3.2
-69.975 47.508 -13.3
-70.151 47.46 -16.6
-70.433 47.42 -5.5
-70.355 47.449 -7.8
-70.368 47.529 -8.4
-69.294 48.192 -18
-69.286 48.173 -18
-69.666 48.258 -18
-70.518 47.398 -0
-70.205 47.615 -13.2
-70.404 47.329 -5.6
-70.474 47.231 -11.8
-70.224 47.587 -4.9
-70.036 47.733 -5.8
-69.967 47.52 -11.9
-70.39 47.562 -9.5
-69.869 47.686 -12.6
-70.443 47.39 -11
-70.099 47.495 -21.7
-70.097 47.431 -18
-69.846 47.727 -11.8
-70.387 47.452 -11.3
-70.195 47.678 -10
-70.291 47.597 -18
-70.284 47.558 -9.8
-70.239 47.577 -6.4
-70.967 47.109 -18
-70.3 47.52 -18
-70.233 47.606 -11.3
-70.236 47.581 -3
-70.331 47.414 -10.8
-70.158 47.649 -8.7
-70.354 47.646 -18
-70.314 47.557 -10.9
-70.314 47.557 -10.9
-70.416 47.128 -18
-70.342 47.387 -10.6
-70.264 47.569 -7.1
-69.881 47.53 -14
-70.25 47.556 -14.6
-70.085 47.548 -19.3
-70.37 47.483 -16.9
-69.993 47.582 -8.5
-70.183 47.68 -4.5
-70.379 47.536 -5.6
-70.19 47.628 -11.5
-69.987 47.575 -18
-70.342 47.532 -18
-70.293 47.543 -18
-70.306 47.35 -9.7
-70.29 47.569 -9
-70.183 47.597 -10
-70.068 47.694 -9.2
-70.08 47.484 -13.6
-69.998 47.428 -13.9
-70.095 47.478 -12.5
-70.411 47.435 -6.3
-70.404 47.441 -6.2
-70.236 47.425 -13.5
-70.246 47.612 -6.5
-70.049 47.409 -11
-70.232 47.613 -5.8
-70.389 47.393 -13.1
-69.805 47.708 -10.8
-70.155 46.914 -18
-70.445 47.35 -13
-70.177 47.637 -14.9
-70.061 47.466 -16.4
-70.517 47.525 -16.2
-70.886 47.168 -18
-70.893 47.151 -18
-70.031 47.525 -14.9
-70.237 47.554 -9.6
-70.065 47.446 -7.8
-70.36 47.487 -18
-69.963 47.502 -12.6
-70.31 47.349 -9.9
-70.078 47.705 -13.3
-70.41 47.439 -7.2
-70.674 48.018 -18
-70.253 47.606 -18
-70.282 47.19 -5.7
-70.384 47.462 -5
-71.26 46.878 -18
-70.279 47.283 -20.5
-70.208 47.596 -13.7
-69.507 48.329 -18
-70.378 47.346 -6.7
-70.125 47.453 -10.1
-70.423 47.28 -7.8
-70.391 47.419 -20.3
-69.976 47.484 -11.9
-70.231 47.399 -8.7
-70.09 47.696 -9.1
-70.446 47.412 -18
-70.504 47.401 -10.2
-70.078 47.499 -10.7
-70.254 47.718 -18
-70.469 47.436 -9.2
-70.484 47.127 -18
-70.079 47.489 -14
-70.272 47.587 -4.6
-70.384 47.317 -11.6
-70.293 47.52 -10.9
-70.513 47.57 -18
-70.224 47.637 -10
-70.481 47.407 -11.2
-70.228 47.659 -7.9
-70.002 47.355 -23.5
-70.076 47.55 -15.3
-70.356 47.548 -4.2
-70.664 47.042 -18
-69.854 47.718 -12.4
-70.409 47.484 -5.6
-70.095 47.424 -6.3
-70.339 47.366 -9.7
-70.385 47.447 -7
-69.821 47.791 -18.4
-70.466 47.396 -16.5
-70.468 47.398 -18
-70.261 47.544 -6.2
-70.298 47.372 -10.3
-70.359 47.524 -11.2
-70.1 47.694 -10.4
-70.312 47.56 -10.4
-70.052 47.73 -4.5
-70.365 47.511 -6
-70.389 47.363 -18
-70.21 47.48 -12.6
-70.945 47.037 -18
-70.151 47.49 -20.4
-70.248 47.576 -1.2
-70.457 47.383 -18
-70.213 47.736 -7.8
-70.4 47.486 -4.7
-69.998 47.597 -0.6
-69.912 47.671 -8.5
-69.891 47.644 -12
-70.238 47.6 -12
-69.983 47.583 -8.7
-70.02 47.448 -11.4
-70.384 47.406 -9.2
-70.119 47.725 -7.3
-70.272 47.596 -6.3
-70.232 47.623 -9.1
-70.248 47.587 -6.4
-70.402 47.466 -7.7
-70.19 47.395 -8.5
-70.088 47.498 -14.6
-70.213 47.435 -12.6
-70.162 47.625 -6.9
-70.16 47.618 -9.2
-70.036 47.515 -12.2
-70.433 47.482 -11.2
-69.467 48.195 -18
-70.221 47.5 -10.9
-70.023 47.509 -15.1
-70.074 47.694 -5.3
-70.371 47.34 -7.7
-70.293 47.626 -11.8
-70.451 47.41 -5.3
-70.376 47.481 -2.6
-70.03 47.466 -17.1
-70.105 47.766 -18
-69.898 47.629 -14.4
-70.333 47.42 -10.6
-70.237 47.591 -12.6
-69.804 47.706 -10.7
-70.451 47.415 -9
-69.99 47.467 -12.8
-70.229 47.599 -6.1
-70.24 47.631 -13.5
-70.152 47.408 -9.6
-70.042 47.504 -12.1
-70.449 47.428 -3
-69.972 47.839 -20.4
-70.149 47.615 -13.7
-70.151 47.437 -14.5
-70.363 47.482 -6.5
-69.984 47.6 -10.8
-70.029 47.452 -14.3
-70.162 47.44 -23
-70.214 47.582 -7.6
-70.063 47.547 -10.2
-70.106 47.441 -7.8
-69.503 47.757 -10
-69.978 47.591 -9.7
-69.951 47.797 -17.1
-70.403 47.494 -18
-70.254 47.386 -13.4
-69.809 47.683 -20.7
-70.126 47.468 -19.7
-70.231 47.619 -13.7
-70.331 47.576 -6.7
