     0.73382     -0.01855      0.12555
    -0.23589      0.06259     -0.05704
     0.01046      0.16135      0.03476
    -0.03535     -0.02301     -0.43325
    -0.54651     -0.65953     -0.79822
    -0.07941      0.40885      0.80817
    -0.39824     -1.21132      0.26054
    -0.33506      0.98588      0.01533
    -0.96454      1.07718      0.29264
    -0.08505     -0.24580      0.12059
     1.09152      0.61903      0.71888
    -0.00473      0.00436     -0.05966
    -0.04033      0.05336     -0.14366
     0.08157     -0.00685     -0.41688
    -0.32022      0.27706      0.16575
    -0.38486      0.00663     -0.15465
     0.00592     -0.00017     -0.05825
    -0.10571     -0.04901      0.22475
    -0.19887     -0.07494     -0.01693
    -0.47012      0.80280     -1.91286
    -0.09625      0.05001      0.20907
    -0.30952      1.65609      0.28196
     0.04046     -0.19858      0.25056
     0.20799     -0.68595     -0.18333
     0.23950      0.21197      0.61975
    -0.12982      0.11422      0.66974
     0.19732      0.19398      0.32639
     0.00021      0.00072      0.01237
    -0.84532     -1.21757     -0.94141
    -0.17541      0.04579      0.75008
    -0.02012     -0.01264      0.02011
    -0.17233     -0.33138      0.59352
     0.27755      0.58697     -0.02704
    -0.35290      0.79649      1.44153
    -0.06589      0.82619      1.11563
    -0.47436     -0.04023      0.55214
     0.09834     -0.08448      0.15722
    -0.88337     -0.07636      0.17689
     0.55172     -1.41860     -0.65846
     0.24555     -0.43965      0.73495
     0.05773     -0.03070      0.06998
    -0.33250     -0.05758      0.23022
     0.16906     -0.14601      0.63575
     0.16494      0.14150      0.23126
     0.01599      0.00933     -0.23048
     0.14451     -0.63260     -0.18652
     0.72394      0.39983     -0.08378
    -0.41505      0.98925      0.54257
     0.22695     -0.37717     -1.84635
    -0.96184     -0.55108      0.47866
    -0.04809      0.24199      0.14491
     0.63313      0.61474      0.57129
     0.21908     -0.52700     -0.69039
    -0.16895      0.04689      0.23107
     0.32950      0.31413     -0.02435
     0.04788     -0.02107     -0.04235
     0.03180      0.26278      0.36736
    -0.60972      0.44324      0.07488
     0.96214     -0.29030     -1.18032
     1.70002     -0.27198     -1.05899
     0.00116     -0.01404     -1.36364
     0.14417     -0.13397     -0.98939
    -0.08353     -0.09474     -1.15052
    -0.05588     -0.01298     -0.15638
    -0.03637      0.05951     -0.16587
     0.18608     -0.36284     -0.18758
    -0.74052     -0.23169      0.11959
     0.10690     -0.26689      0.14161
    -0.14531      0.12640      0.12748
     0.22824      0.23624      0.79453
    -0.01152      0.07211     -0.04331
    -0.37940     -0.74592     -0.86212
     0.01361     -0.01625     -0.00973
    -0.68503     -0.05291     -0.09485
     0.02472      0.01230     -0.07156
     0.48116      0.12361      0.13586
     0.01355      0.07523      0.16423
    -0.48062     -0.16859      0.29544
    -0.06980     -0.28520      0.29976
    -0.22124     -1.11584     -0.37669
     0.19486     -0.15237     -0.22985
    -0.04801      0.20828     -0.29921
     0.19764      0.22111     -1.09640
     0.22792     -0.13304      1.35517
    -0.48983      0.05349     -0.68783
     0.11823      0.27390     -0.03033
     0.61946      0.48414     -0.40925
     0.35594      0.00662      0.12626
     0.10109     -0.36349      0.05987
    -0.07520     -0.23887      0.34838
     0.00633     -0.06543      0.67192
     0.17586      0.06611     -0.51846
    -0.03375      0.00911      0.02262
    -0.02671      0.16037     -0.04085
    -0.38710      0.21796      0.42660
    -0.58644      0.32208      0.50250
    -0.34165      0.04937     -0.10274
    -0.01818      0.02549     -0.33820
    -0.00257     -0.00381      0.39884
    -0.01534      0.00341     -0.02334
     0.03382      0.64666      0.25301
    -0.04909      0.73879     -0.50098
     0.02643      0.01409      0.06352
     0.00478     -0.00181     -0.39426
     0.05561      0.01496     -0.28581
     0.12503     -0.04620      0.42702
    -0.17963     -1.12472     -1.33412
    -0.44586      0.47393      0.49199
    -0.03364      0.52977     -1.79446
    -0.02641     -0.01983      0.13044
    -0.44877     -0.05859     -0.50273
     0.02590     -0.09172      0.64244
    -0.02404     -0.10539     -0.37697
     0.44858     -0.30327     -0.00741
     0.00532      0.00954      0.12611
     0.35519      0.52491     -1.28589
     0.18077      0.73012      2.44817
     0.17274     -0.24126      0.06680
     0.07468     -0.30702      1.03614
     0.16717     -0.26268     -0.55320
    -0.43674      0.31032      0.27652
     0.05127      0.49594      0.88779
     0.12037     -0.37048     -0.51541
    -0.30790     -0.48144      0.51819
    -0.04079     -0.00822     -0.27470
     1.74940      0.10181      1.39649
     0.16981     -0.10272      0.17980
     0.25925      0.21106     -0.21889
    -0.70121     -1.02044      0.45609
    -0.28898      0.83127     -0.56047
     2.76318      0.74306     -1.00144
    -0.31528      0.11232      1.16914
     0.31425      1.31096     -0.46782
     0.11515     -0.50194     -1.23221
     0.04142     -0.08110     -0.66140
    -0.93385      0.68806     -1.59417
    -0.05232      0.12190     -0.90418
    -0.13199      0.04498      0.07853
    -0.04958     -0.16059     -0.43330
    -0.15148      0.14553     -0.23581
     0.30236      0.26307      0.24702
    -0.04185      0.03997     -0.00723
     1.07930     -0.58443      1.30284
    -0.15113     -0.14674     -0.37432
    -0.14535      0.12842     -0.08285
    -0.01223      0.01399     -0.00284
    -0.31563     -0.30869      0.84909
     0.04424     -0.18497      0.25427
     0.10589      0.77818     -0.28871
    -0.46467     -0.15946     -0.63530
     0.20544      0.42872     -0.52860
     0.72693     -0.27369     -0.19435
    -1.11258      1.43563     -0.00434
    -0.37710     -0.40242      1.31834
    -0.06795     -0.66286     -1.04492
     0.40087      0.06631      0.55136
    -0.43399      0.10227      0.28145
     0.75174     -1.12525      0.06239
    -0.01049     -0.00574     -0.85510
     0.73523      0.55123      0.33559
    -0.04195      0.13475     -0.38959
    -0.40792      0.14573      0.87493
     0.28269     -0.04467      0.00435
    -0.01029      0.02818      0.15722
     0.45580      0.98591     -0.18278
    -0.27973      0.09096     -1.05634
     0.49101      0.77246     -0.51167
     0.00071     -0.00051      0.01882
    -0.29107      0.00997      0.23275
    -0.29315      0.07945      0.07881
     0.59468      0.73325     -0.00040
     0.28186      0.29224      0.05030
    -0.00172     -0.00526     -0.25438
    -0.00004     -0.00667     -0.18946
    -0.03755      0.00871      0.14724
    -0.01472     -0.02051     -0.21827
     0.07615      0.37382     -0.64112
    -0.25555     -0.47766     -0.14977
     0.21859     -0.20814      1.00538
     0.17894     -0.04674      0.07291
     0.00356      0.07450      0.33618
     0.49353      0.09960      0.03708
     0.54382      0.62011     -0.06014
     0.48466     -1.29708      1.05131
    -0.10767      0.27757     -0.72915
    -0.01076     -0.01854     -0.00633
    -0.06831      0.37807     -0.68274
    -0.39053     -0.12774      0.18139
     0.04431     -0.00045     -0.14953
     0.77881     -0.36292      0.55398
    -0.23121     -0.04328     -0.33594
    -0.00016     -0.02847     -0.01493
     0.03894     -0.05130      0.14750
     0.40702     -0.05806      1.12739
     1.43436     -0.38889      1.35416
    -0.05239      0.03788      0.56106
    -0.01539      0.02175      0.07309
    -0.00594      0.01488      1.45783
     0.01424     -0.01303     -0.02149
    -0.07102      0.01548      0.00990
     0.00511      0.01484     -0.02224
    -0.16837      0.24032      0.54223
     0.00887     -0.01082      0.00535
     0.23316      0.15276      0.63192
    -0.41160     -1.59050      0.50602
     0.61388      0.26104      0.19671
     0.01830      0.02307     -0.11722
    -0.15260      0.00399     -0.69111
    -0.20862     -1.69912      0.67953
    -0.21143     -0.30552      0.08770
     0.14548     -0.47800      0.92237
    -0.66407     -0.43831     -0.31386
     0.46321     -0.21064      0.44498
     0.19323     -0.01577     -0.33828
     0.48286     -0.23686     -0.18471
    -0.60091     -0.23958      0.41641
    -0.03053     -0.01790      0.10936
     0.00150     -0.00243      0.01950
    -0.01977     -0.00233     -0.02559
     0.04232     -0.08953     -0.44168
     0.27830      1.11076      0.32767
    -0.31355      0.27692      0.01296
    -0.47794     -0.61436     -0.96232
    -0.36441     -0.55180      1.89202
     0.01617      0.00768      0.03575
     0.11672     -0.26032      0.56523
    -0.04780     -0.01295     -0.43043
    -1.02202      1.24721      0.36944
    -0.15725      0.01769      0.10184
     0.04616      0.28924      0.86353
     0.64954     -0.07905      1.45089
     0.13580      0.33008      0.60355
    -0.41179      1.19605     -1.10756
    -0.06088     -0.05799     -0.03538
    -0.07678     -0.48088     -0.95768
     0.00969      0.09042      0.71037
     0.29860      0.24827     -0.30160
    -0.03411     -0.29624     -0.08274
     0.23188      0.50764      0.03726
     0.06925     -0.03039      0.27410
    -0.67305     -0.14117      1.07314
     0.43292      0.38595     -1.11620
    -0.01677      0.05609      0.12342
    -0.35716      0.11113      0.88235
     0.28210     -0.38335      0.21959
     0.03802     -0.03406      0.01435
     0.08680      0.04927      0.10491
    -0.42838     -0.16651     -1.49652
     0.06264      0.28235      0.12020
    -0.01682      0.02158     -0.08898
     0.19718     -0.12528     -0.60036
    -0.31723      0.44229      0.65981
    -0.32100      0.64017     -1.10501
     0.10853      0.07506      0.62096
    -0.02251     -0.01606     -0.15515
    -0.18808     -0.09799     -1.28368
    -0.00062     -0.15886     -0.10128
     0.51554     -0.20953      0.48590
    -1.69048     -0.98498      0.59970
    -0.03668      0.92594     -0.42379
    -0.00631     -1.10989      0.47666
    -0.08379      0.01158      0.12951
     0.96460      0.92869     -0.14397
    -1.13592     -0.81586      0.03264
     0.00690      0.10340      0.09691
     0.48168     -1.34631      1.26032
    -0.23654     -0.28789      0.78358
     0.61501      1.22739      0.81461
     1.34813      1.21714      1.44374
    -0.49091     -0.56130      0.47788
    -0.09132      0.31267     -0.43214
    -0.04820      0.08329     -0.14389
    -0.01625     -0.01256      0.00708
    -0.52631      0.27357     -0.32858
    -0.48909      1.05218      0.89312
     0.62936      0.00779     -1.82199
     0.11553      0.00687      0.41506
    -0.05798     -0.15571     -0.71135
    -0.01603      0.04395      0.67824
     0.83892     -0.21517     -2.42362
     0.70007     -1.01094      0.43983
    -0.67747     -0.20899     -0.96960
     0.65091      0.18834      0.11332
    -0.00284      0.03958      0.08203
    -0.16098     -0.51369      0.46815
    -0.46512     -0.30070     -1.25582
     0.13516      0.04557     -0.06305
    -0.10094     -0.09947      0.34459
    -0.10598     -0.52066      0.52841
     0.62174     -0.93432     -0.96699
    -0.59874      0.25145     -0.58486
    -0.64916      0.46013     -0.73826
    -0.03701      0.03814     -0.01884
     0.02563      0.34827      1.23056
     0.97240      0.13173      0.08973
    -0.18786      0.20594     -0.89009
    -0.21500      1.89790     -0.13863
     0.45601      1.12927      0.76680
    -0.00926     -0.00631     -0.21458
    -0.19033     -0.55540      1.46890
    -0.80241     -1.16564     -0.51217
    -0.15174      0.08361     -0.28580
    -0.20371      0.28851     -0.15862
     0.13338      0.08626      0.01864
    -0.27422      0.19255      0.47740
    -0.11352      0.11597      0.23384
    -0.18330      0.38837      0.08889
     1.80497      1.00292      0.68342
     0.52634      0.22516      1.44522
     0.57313      0.94323     -1.33294
     0.32403     -0.39192      0.20184
    -0.65665      0.12344      0.17199
    -0.06141     -0.05018     -0.36249
     0.57830     -0.35597      0.00229
     0.01195     -0.15782     -1.02166
     0.57062     -0.32114      0.38163
     0.09974      0.48470      0.34146
    -0.57549     -0.13865      1.14778
     1.02928     -0.87523      0.16370
     0.03571      0.01810     -0.54633
     0.32403      0.38033      0.08435
    -0.03294     -0.02264      1.54711
    -0.04467      0.08126     -0.01877
    -0.91922      0.03726      0.07941
    -0.87600      0.84999     -0.10481
    -0.84240      0.66090     -0.80339
    -0.02659      0.05248     -0.04962
    -0.99529     -0.48031     -0.56892
    -0.50729     -0.04604      0.38264
    -0.24089     -0.52355     -0.29165
     0.42894      0.74006      0.46511
    -0.46816     -0.08930      2.25826
    -0.04331      0.10583     -0.01028
     0.06322     -0.03603     -0.13025
    -0.31717      0.14466      0.18612
     0.02487      0.05275      0.91275
    -0.00110      0.00194     -0.01197
     0.34571     -0.19732      0.56237
     0.17937     -0.51963      0.52615
    -0.11867      0.10037      0.22199
     0.37623      0.79917     -0.06552
     0.11016     -0.31260      0.46864
     0.23657     -0.02702      0.35306
    -0.41394     -0.07153      1.38780
    -0.43383      0.68343      0.54162
    -0.20367     -1.26897      2.08128
    -0.65362     -0.15953      0.43073
    -0.01258      0.00218     -0.00987
     0.36531      0.52638     -1.05269
     0.00228     -0.00321     -2.13156
     0.36378      0.70165     -1.75417
     0.01868      0.00375      0.24587
     0.03481     -0.81762     -0.65415
     0.71465     -1.43146      2.98603
     0.93697      3.07243     -0.04145
    -0.33949      0.06761     -0.95582
     0.14893     -0.35311     -0.51392
     0.03823     -0.49273     -0.28850
    -0.17361     -0.12680     -1.76940
     0.01528      0.05794     -0.07715
     0.09879     -0.08002      0.12497
    -0.08747      0.00466     -0.04359
     0.25079     -0.98779      1.30664
    -0.06707     -0.00799      0.08856
    -0.95993     -0.57028     -1.14848
    -0.18999      0.28849     -0.68827
     0.19449     -0.25451      0.74141
    -1.28545      0.50751     -0.25383
     0.09632     -0.68894      0.38304
     0.00003     -0.00018      0.65696
     0.28716      0.59863     -0.21846
     0.03043      0.05971     -0.37680
    -0.03445      0.40772     -0.19647
    -0.31845     -0.41360      0.17780
    -0.10441     -0.39147      0.59853
     0.18428     -0.51466      1.03426
     0.03443     -0.00129      0.07291
    -0.26221     -0.47398     -0.03589
     0.00311      0.00599      0.00833
    -0.07549      0.31953     -0.92971
     0.54718     -0.23912     -0.01026
     0.32858     -0.80645     -0.59208
     0.99070     -0.13208     -0.69153
    -0.66563      0.57882      0.06379
     0.12085      0.05006     -0.04548
    -0.01624      0.12369     -0.28221
     0.04534     -0.30936     -0.13979
     0.12421     -0.02506     -0.00524
     0.14963      0.27110     -0.06538
    -0.12810     -0.31849     -0.79726
    -0.31311     -0.81493     -0.14845
    -0.19768     -0.00915     -0.29107
    -0.03981     -1.18735     -0.40260
     0.02449     -0.28685     -0.23886
    -0.54346      0.10599      1.08723
     0.61826      1.38569     -1.13941
     0.70169      0.56635      0.75947
     0.87481     -0.51694     -0.48973
    -0.77587     -0.02943      0.97866
    -0.08479      0.11184     -0.05720
    -0.00088     -0.45326      0.14915
    -0.06568     -1.53691      0.28775
    -0.29537      0.56312      0.05929
     0.92299     -0.16863     -0.25628
     0.01504     -0.07462      0.04885
     0.02987     -0.15199      0.10727
    -0.01067      0.51690     -0.07799
    -0.19732     -0.35719     -0.29696
     1.18136      0.23505     -0.76221
    -0.03419      0.00323      0.20049
    -0.12817     -0.11904      0.16527
     0.01524     -0.01192      2.34282
     1.27975      0.16869     -0.25142
     0.16038     -0.75179     -0.07083
    -0.48939     -0.80965     -0.56244
     0.15724      0.01695      0.18414
     0.75207      1.54838      0.36206
    -0.01997     -0.29151      0.03829
     0.34613      0.06943      0.80776
     1.11334      0.24678      0.05770
     0.07091      0.00800      0.42939
     0.21509      0.84263      0.45222
     0.15752     -0.05001      0.76664
     0.02603     -0.01444     -0.03349
     0.03275      0.04134     -0.02289
    -0.74575      0.44587     -0.86908
     0.81597     -0.54237     -1.54121
    -0.12103     -0.26227      0.82609
    -0.13505     -0.04629      0.46804
     0.04668     -0.03101      0.06376
     0.01146     -0.00279      0.67111
    -0.21732      1.26035      0.40715
    -0.20203      0.00251      0.53053
     0.21224      0.13759     -0.34594
    -0.54639     -0.28473     -0.79066
    -0.18602     -0.55041     -0.02454
    -0.05426      0.14146      0.05744
     0.10250      0.56889     -0.13559
    -0.04633     -0.02681      0.19449
     0.67035      0.20007      1.68399
    -0.16976      0.15704      0.09711
     0.01173     -0.04101     -1.26627
    -0.00315      1.01576     -0.61288
     0.44050     -0.23414     -0.18787
    -0.03556     -0.67149     -0.10318
     0.10190     -0.23635     -0.86079
     1.04938     -0.01550      1.25669
     0.94156     -0.40637     -0.79341
     0.13580     -0.75787      0.23905
     0.02691     -0.08099      0.13638
     0.49206      0.65487      2.21992
     0.03070      0.56242      1.41879
     0.66914      1.07206     -1.29343
     0.65364      0.24606     -0.04374
    -0.43662      0.45277      0.03972
    -1.21578      0.45873     -2.70624
     0.34416     -0.01121     -0.73485
     0.30130      0.73666     -0.17420
    -0.00994     -0.00422     -0.15953
     0.17996     -0.05467     -0.24982
     0.34821      0.68728     -0.26509
    -0.18442     -0.37194      1.10452
    -1.22057     -0.73163     -0.32317
    -0.75347     -1.12672      0.23261
     0.52550      0.88198      0.37377
     0.01194      0.02014      0.00812
     0.00610     -0.00224     -0.02531
    -0.35405     -0.50223      0.62874
    -0.06668     -0.06453     -0.09728
    -0.18772     -0.15079      0.31005
    -1.20385      0.08934      0.69162
    -0.28944     -0.27268     -0.09301
    -0.09264      0.26556      0.29501
    -0.01214      0.01811     -0.09118
     0.26266      0.19035     -0.04075
    -0.17381      0.10128     -0.25283
    -0.00988     -0.72814      1.08752
     0.09055      1.09369     -0.37197
     0.38685     -0.24314     -1.21118
     0.01458     -0.00221     -0.30802
    -0.21758     -0.19392     -0.31938
    -1.42627      0.97057     -0.72937
    -0.79674     -0.76636      0.20038
    -0.22556      0.28943     -0.04161
     0.44584      0.14425     -0.27476
     0.14245     -0.08204     -0.12923
    -0.11881      0.01468      0.85217
     0.82454     -0.97693     -0.44218
    -0.31209     -0.42221     -0.39343
    -0.67821      0.88618      0.76161
    -0.04566     -0.03047     -0.07082
    -0.67660      0.27777      0.35891
     0.34917      0.01879     -0.67733
     1.49268     -0.13817     -0.77903
    -0.00040      0.00668     -0.08041
    -0.26578     -1.51278     -1.52199
    -0.38364     -0.64706      0.51058
    -0.02320     -0.05803      0.04780
    -0.26738      0.06098      0.28864
    -0.03486     -0.02882     -0.32904
     1.62313      0.51950      0.43091
     0.09217      0.05374      0.46036
    -0.17232      0.01558      0.78054
    -0.27107      0.75081      0.01561
     0.20340      0.47902      0.87267
     0.03280     -0.01684     -0.56114
     0.31654     -0.46347     -0.63542
     0.18284     -0.02248      0.03209
    -0.18267      0.61000     -0.16107
     0.05083     -0.36030      0.28526
     0.03854      0.01463     -0.29489
    -0.09500      0.06572     -0.58017
     0.26930     -0.00117     -0.15454
     0.44067     -0.37347      0.37063
    -0.55172      0.16448     -0.23613
    -1.14358     -0.52190     -0.92408
    -0.03024      0.11255      0.56723
    -0.26761      0.10393     -0.89936
     0.12291      0.32601      0.09669
    -0.22241     -0.21670      0.53197
    -0.05253      0.20976     -0.13872
     0.03650      0.12554      0.91905
     0.34194     -1.10278      0.49558
    -0.43146     -0.12812      0.63809
    -0.71271     -0.29391      0.21356
    -0.46755      0.03725     -0.20003
     0.63642      0.08731      0.10630
     0.04122     -0.04692     -1.12732
    -0.23689      0.84863      0.22947
    -0.31224      0.00021     -0.26602
    -0.03950      0.11520      0.00966
     0.00288      0.06623      0.16833
     0.15330      0.14975      0.34703
    -0.02121     -0.24903      0.26712
     1.18111     -0.12810     -0.14694
    -0.24767      0.10634      0.60539
     0.04283      0.01438      0.07490
     0.13242      0.67565      0.69617
     0.96682     -0.80303      1.42047
     0.02358     -0.20436      0.14586
    -0.27203     -0.53640      0.78464
     0.20801      0.00212      1.07108
    -0.20710      1.11377     -0.19276
     0.26376     -0.50208     -0.02198
    -0.19069     -0.00054      0.27779
    -0.54002     -0.10044     -0.40783
    -0.17130      0.10303     -0.35473
    -0.06832     -0.28244      2.16015
     0.27052      0.63895     -1.86000
     0.10842      0.13167     -1.37463
    -0.09539     -0.37478     -0.38574
    -0.31243     -0.27733      0.27126
     0.04692     -0.00002     -0.32892
     0.98942     -0.24536     -0.34272
    -0.03707      1.57330     -1.02525
     0.17838      0.03944      0.15842
    -0.04667      0.27945      0.75518
    -0.16506     -0.10219      0.17065
    -0.98294     -0.12005     -1.22064
     0.39579      0.23201      0.24944
    -0.05338      0.08303      0.00742
    -1.86543      0.83083      0.44363
     0.12119     -0.04005     -0.27009
    -0.00324      0.02866     -0.31210
    -0.70580     -0.32556     -0.04528
     0.39265     -0.54954     -0.79035
    -0.00585     -0.01716     -0.53513
    -0.00029     -0.01432      0.35662
    -0.47547     -0.39879      1.57709
    -0.20135      0.32906      0.27644
    -0.26842     -0.45632     -1.00080
     0.05200      0.06998      0.13657
    -0.11747      0.06262      0.15736
     0.27225     -0.76738      0.22809
    -0.04742     -0.11278     -1.27076
     0.21865      0.30376     -0.35450
     0.01323     -0.21270     -0.59491
    -0.62987      0.23690      0.08409
     0.38223      0.42625      1.18783
    -0.12621     -0.11125      0.05642
    -0.31471     -0.77490      0.63915
    -0.50755      0.53967     -0.73253
     0.17012     -0.38276     -0.62726
     0.95967      1.77882     -0.13008
     0.41961      0.51916     -0.73625
    -0.10237     -0.38119     -1.49036
    -1.13428      1.36090     -1.05045
    -0.05372      0.06718     -0.19769
     0.02416     -0.06641     -0.05961
    -1.48970      0.97003     -0.09371
     0.59449     -1.68643     -0.17363
     0.47314     -0.04806      0.57991
     0.05087      0.21491     -0.11654
    -0.51315      0.57461     -0.12514
     0.19043     -0.44041      0.20616
    -0.28283      0.21243      0.31368
    -0.05403     -0.03611     -0.10570
    -0.99813     -0.14620      0.42036
     0.20540     -0.01151      0.03710
     0.01727      0.14107      0.23929
    -0.51536     -0.04568      0.64293
    -0.23433      0.02715      0.44346
    -1.20268      0.30100      0.99369
     0.00751     -0.01362     -0.33108
     0.48829      0.11664      0.19011
    -0.06633      0.34022     -0.29844
    -1.61934      0.24852     -0.48061
    -0.05196     -0.19687     -0.43107
     0.66083      0.63946      0.12573
    -0.23257      0.21325     -0.16571
     0.62630     -0.68747     -0.16724
    -0.13681     -0.19873      1.06415
    -0.15933      0.00208      0.01144
     0.06765     -0.11726      0.30533
     0.06584      0.08665     -0.55143
    -0.01323     -0.11551      0.15129
    -0.00305      0.01102     -0.43241
    -1.11755      0.73981      1.31879
     0.14293      0.07792     -0.21713
     0.06305      0.28328     -0.02611
    -0.16787      0.54234     -0.49430
     0.00119     -0.20850     -0.60934
     0.25883      0.54191      0.08718
    -0.03757      0.00882     -0.01029
    -0.05082     -0.05650     -0.81490
     0.13805      0.15895      1.22696
    -1.08785      0.52141      0.96243
     0.39565      0.12620      0.37180
    -0.31960      0.18495      0.39625
    -1.03269     -0.50658      0.22432
     1.25550      0.99926      1.15381
    -0.00186     -0.00898      0.00130
     0.16693     -0.40534      1.07929
     0.69222     -0.31836      0.11971
     0.00062     -0.00168     -0.00812
     0.14376     -0.26369     -0.09426
    -0.03696      0.01200     -0.62085
    -0.10020     -0.02257      0.04717
     0.20231     -0.79882     -0.23106
     0.49586     -0.06590     -0.19120
     0.02603     -0.22093     -0.52463
     0.09046     -0.14621     -0.11135
    -0.18557      0.63601      0.37325
    -0.54442     -0.80025     -0.18341
    -0.81380      0.65244     -0.12940
    -0.00040      0.00066     -0.29088
    -0.19495      0.03634      0.17554
    -0.48762     -0.12933     -0.47094
     0.96792      0.42366      0.21076
     0.16541     -0.07526     -1.05093
     1.73084      0.15205      0.78013
    -0.72369      1.38211     -0.18279
     0.55823      1.05974     -0.03507
    -0.14978     -0.75560      1.03401
    -0.02111      0.02116     -0.08226
    -0.16809     -0.23571      0.29398
     0.06374     -0.00813      1.60377
     0.29179     -0.59991      0.31586
    -0.00259      0.02581      0.00242
     1.14219      0.44085     -0.18857
    -0.00430     -0.15609      0.01633
     0.09192     -0.25312     -0.21778
    -0.29407      0.06590     -0.32686
    -0.21830     -0.23799      0.17564
    -0.32665     -0.16191      0.93295
    -0.02387      0.16548      1.55903
    -0.33269     -0.03218     -0.43625
    -0.01619      0.03141     -0.02526
    -0.60044      0.22874     -0.26101
     0.00784     -0.00514      0.02464
     0.02076     -0.34781      0.68390
     0.92631      0.69642      1.15425
    -2.67575     -0.76001     -0.16615
    -0.01850      0.02342      0.46946
    -1.33340      0.42137      0.55864
     0.02251      0.11884      0.05744
    -0.09811      0.03980     -0.03980
    -0.46946     -0.19285      0.35173
     1.91402      0.09226      1.49741
     0.11236     -0.13700      1.61257
    -0.01924      0.02164      0.01661
     0.19387      0.09404      0.13482
    -0.70958     -0.21392     -0.34768
     1.24797      0.02419      0.89766
    -0.05714     -0.01249      1.60542
    -0.35584      0.50554      0.60675
     0.19075     -0.10759      0.37974
     0.27829      0.80015      0.68521
    -0.10689      0.11890      1.21026
    -0.08089      0.30219     -0.63451
    -0.01313      0.06810     -0.00846
    -0.41416      0.09129     -0.23799
     0.18961     -0.10268      0.13914
    -0.02863      0.02694     -0.09950
    -0.19653     -0.00284     -0.92829
    -0.08064      0.02932      0.19307
    -0.04287      0.00207     -0.85924
     0.59868      0.28567     -0.46263
    -0.40867      0.26450     -0.04891
    -0.02303      0.33686      0.08084
    -0.18882     -0.22086      0.15887
     0.54575     -0.63711     -0.14720
    -0.08365     -0.02080      0.60453
    -0.36642     -0.40972      0.28936
     0.10912      0.11456      0.13355
     0.01771      0.02570      0.04337
     1.63873     -1.08929      0.49060
     0.21545      0.93462     -0.20255
    -0.42722     -0.23585     -0.00011
     0.00734      0.02480     -0.21370
     0.22018      0.39632     -0.24099
     0.48608      0.25863     -0.35365
     0.55019     -1.06394      0.49457
     0.22498      0.95340      0.23399
    -0.08287      0.31256      0.21253
     0.75569      0.77242      0.06461
    -0.02228     -1.02346      0.59213
    -0.14926     -0.45072     -0.28707
    -1.58910     -0.74310      0.95126
     0.09467      0.14141      0.18704
     0.04514      0.20664     -0.27637
    -0.01900     -0.44790      0.07842
     0.54958      0.26118     -0.18404
    -0.42776      0.58555      0.65899
     0.37446     -0.44767      0.48913
     0.64582     -0.92482     -0.61247
     0.26787     -0.08924      0.10504
     0.30229      0.54133     -0.34024
    -1.31301     -0.76764      0.33328
     0.24728     -0.19345     -0.42443
     1.02591     -1.63871      0.05921
     0.31039     -0.31503      1.08178
    -0.09535     -0.27033      0.45075
    -1.00643     -1.09180      0.53379
     0.14035     -0.05705     -0.50911
     0.78853      0.50831      0.78788
     0.00452      0.03502      0.28954
     0.05468      0.00424      0.40019
     0.59345      0.48611      0.22094
     0.11940     -0.08695     -0.02306
     0.06559     -0.05020     -0.05332
     0.04737     -0.09944      0.20309
    -0.05769     -0.02925      0.73033
     0.51139     -0.02401      0.57914
     0.05604      0.01944     -0.31680
     0.35258      0.02224      0.27471
    -0.05675      0.01780      0.41072
     0.12611     -0.58232      1.10919
    -0.24646      0.93907     -1.48763
     0.08681      0.00066      2.08981
     0.58560      0.72810     -0.36891
     0.37962     -0.20611      0.58987
     0.43567     -1.89012     -0.09691
     0.12937      0.08208      0.34267
     0.03883     -0.07598     -0.54616
     0.62617     -0.60536      1.09761
    -0.20614      1.15951     -1.01346
    -0.00853      0.08341      0.45634
     0.40579     -0.83384     -0.13919
    -0.98917      0.18870      0.48781
     1.30395      1.44743      0.18373
     0.64617     -0.14229      0.33558
     1.12398     -0.01122      0.98886
     0.09427     -0.22561     -1.54426
     0.01049     -0.01077     -0.69644
     0.44448      0.11274      0.21979
    -0.28947     -0.09875      0.85483
    -0.25234      0.21262      0.00753
     0.25937     -0.16646     -1.07674
     0.11924     -0.12172     -0.53189
    -0.73175      0.41197     -1.23789
     0.23426      0.75690     -0.83698
    -0.20852     -0.12124      0.21602
    -0.18162     -0.22469     -0.70440
    -0.21466     -0.37924      0.35170
     0.61612      0.00671     -0.76752
     0.27412     -1.17639      0.34655
     0.11229     -0.11145     -0.15536
     0.03723     -0.85759      0.21986
    -0.20178     -0.33468      1.24955
    -0.18813      0.12317      0.47013
     0.23159     -0.10404     -0.22798
    -0.05965     -0.31321     -0.13582
     0.95603     -0.13978     -1.74912
    -0.01029     -0.00158      0.00143
    -0.10338      0.13849      2.17697
     0.05227      0.02465      0.30228
     0.07050      0.96689     -0.33087
     0.02016      0.00369      0.33410
     0.60592     -0.09884     -0.39265
    -0.98613     -0.77275     -0.42464
     0.32740     -0.26091      0.31975
    -0.25406     -0.33718      1.36433
    -0.16687      0.05021      0.14726
     0.13547      0.26654      0.03034
     0.74643      0.68628      0.02611
     0.01273     -0.06859      0.00715
     0.92619      0.35942     -0.18689
     0.29091     -0.10086      0.12436
     0.06715      0.02041      0.41055
     0.00357      0.00543     -0.04686
    -0.41078      0.08619     -0.20133
     0.31276     -0.22838     -0.16586
    -0.05006      0.04631      0.01405
    -1.15205      1.02789     -0.74384
    -0.12914      0.07335     -0.99127
     0.26537      0.00469     -0.95520
    -0.02530      0.01550     -0.27914
    -0.03857      0.03652      0.16135
     0.53672     -0.00573     -0.71606
    -0.42004      0.06447     -0.67901
     0.01474      0.00575      0.02166
     0.52596      0.08569      0.24797
    -0.29561      1.04058     -0.10707
     0.01628      0.01488      0.02888
    -0.11348      0.07328     -0.10412
     0.03327     -0.02007      0.01218
    -0.02605     -0.03171     -1.02966
     0.04502     -0.24219     -0.45166
     0.08994      0.32029     -0.01763
    -0.26488     -0.05801      0.63940
    -0.14634     -0.03548      0.22463
     0.00834      0.06190      1.98913
     0.00166      0.01788      1.01623
     1.21705      0.55975      0.05289
     0.53564     -0.33623      1.50748
     0.36309      0.80449      0.28473
     0.02005      0.05887      0.17857
     0.15109      0.34897     -0.91565
     0.67834     -0.72550      0.62489
     0.06053     -0.11104      0.76306
     0.04569     -0.12132      0.09862
    -0.09873      0.19606      0.39023
     0.34843      0.15668      0.77852
     0.19396     -0.37082     -0.00363
    -1.23696     -0.27615      0.06588
     0.52718     -0.28009     -0.56564
    -0.28456      0.24180     -1.51417
     0.10040      0.06929      0.26847
     0.11753     -1.15066     -0.63666
    -0.07500     -0.06793      0.20962
     0.91692     -0.43114      0.70676
    -0.00218      0.01957     -0.24265
    -0.15337      0.19334     -0.58258
    -0.15595      0.33203      1.18283
    -0.20117     -0.42969      0.95987
     1.24398     -0.26760     -0.24496
    -0.23089     -0.04468     -0.22610
     0.50118     -0.56713      0.18570
     0.29432     -0.44951     -0.55604
     0.13650      0.07166      0.23814
     0.00143      0.04044     -0.13750
     0.12501      0.13159     -0.15089
    -0.05891     -0.01230      0.84230
     0.29490     -0.10407     -0.13544
    -0.22556     -0.29290     -0.35854
     0.04468      0.02582     -0.13040
    -0.13205     -0.00770     -0.18478
    -0.08430     -1.16922     -0.29670
    -0.05190      0.18326      0.24502
     1.61100     -0.25310      0.22463
    -0.32898     -0.49549     -0.45550
    -0.01291      0.10728      0.03935
     0.53968      0.05223      0.19584
    -0.09917      0.09986      0.12022
    -0.37219     -0.14062      0.41218
     0.00915      0.00033      0.12293
     0.00874      0.00156     -0.00355
     0.40081     -1.34195      0.75239
    -0.10309      0.05957      0.03156
    -0.50786     -0.28809     -0.25819
    -0.01921     -0.04300      0.77660
     0.55835     -0.18626      1.18927
     0.15532     -0.00947     -0.00337
     0.51466     -0.03230      0.35925
    -0.04615     -0.01183      0.04509
    -0.39134     -0.14779     -0.24137
     0.01439      0.04643     -0.08996
    -0.44545     -0.08854     -0.39869
    -0.30117      0.59323      0.33999
    -0.47222     -0.76605      1.30266
    -1.79787     -0.21876      0.51822
     0.03825     -0.00442     -0.72802
     0.07361     -0.03857     -0.33680
     0.30062      0.29527     -0.18851
     0.08551     -0.13851      0.36853
     0.91226      1.01058      0.25436
    -0.00393      0.05077      0.05005
    -0.35058      1.33677     -0.79481
    -0.12700     -0.23952     -0.78976
    -0.07082     -0.02021      0.03211
    -0.11488      0.07306      0.29345
     0.15433     -0.41916     -0.85754
    -0.04192      0.03199     -0.02689
     0.01662      0.04461     -0.26087
    -0.57803     -0.62690     -0.09223
     0.24223     -0.18653      0.45200
     1.35230     -0.21876     -1.24893
     0.34429      0.69361      0.62656
     0.07944      0.02050     -0.06210
    -1.39840      0.39797      1.25151
    -0.08143     -0.09536      0.03815
    -0.13595     -0.64929     -0.38824
    -1.33988      1.75655      0.91166
     0.02810      0.00514     -0.07177
    -0.10369      0.18807      0.30815
    -0.07272     -0.13199      0.36573
    -0.07220     -0.04003      0.07642
    -0.10381      0.06127     -1.82506
     1.72434     -0.95690     -0.69655
    -0.18190     -0.04133      0.30684
     0.48245     -0.32916      0.53841
     0.15243      0.16453     -0.03694
     0.06631      1.20528     -1.04076
     0.04728     -0.00974      0.14751
    -0.01728      0.16586     -0.06394
    -0.29035     -0.15680      0.07192
     1.46793      0.17471      0.37451
     0.10914     -0.42374     -0.55838
     0.22077     -0.38831     -0.74263
    -0.01211      0.00341     -0.07037
    -0.04241     -0.09758     -0.11357
    -0.02339      0.04105     -0.17596
    -0.47230     -0.26277      0.49221
    -0.02502     -0.15120      0.31196
     0.01252      0.16995     -0.16098
    -0.40846      0.51328     -0.56803
     0.07467      0.45015      0.87016
    -0.18861     -0.02360      0.22373
    -0.20354      0.38900     -0.69785
    -0.01134     -0.02735      0.19186
    -0.22550      0.01564      0.19372
     0.53902     -0.34989      0.30217
    -0.06603      0.44230     -0.52240
     0.40250      0.40759     -0.00356
    -0.05144      0.36303      0.25255
     1.02468     -0.81574      0.20679
    -0.87229      0.53286     -1.09763
    -0.55043      0.51751      0.67927
     0.01334      0.02393      0.00257
     0.01985     -0.12786     -0.09488
    -0.16676      0.04052      0.33773
    -0.00418     -0.01068      0.10655
     0.03368     -0.03158      0.20777
    -0.01064      0.40019     -0.24253
     0.36680      1.13236      1.09312
     0.00246     -0.01386      0.00435
     0.00556     -0.02471     -0.02801
     0.03235      0.22998      0.33034
     0.02516      0.02312      0.30334
    -1.07180      0.59785     -0.19786
    -0.12566      0.03657      0.01613
    -0.00313     -0.00812     -0.99944
    -0.23379      0.12082     -0.23709
    -0.05334      0.05924      0.06924
    -0.61321      0.56726      0.46371
     0.45907      0.03105      0.06577
     0.02690     -0.01230      0.26506
    -0.64579      0.51867     -1.15737
    -0.05259      0.04117     -0.08873
    -1.02456     -0.33908      0.45924
    -0.30376     -1.39579     -1.56051
    -0.37641     -0.09938      0.24906
    -1.13617     -0.20972     -2.17170
     0.07736      0.11453     -0.27173
    -0.01176      0.01026      0.39793
    -1.48709      0.82941     -0.10178
     0.09136     -0.11659     -0.74482
     0.00158     -0.00137      0.20323
     0.13247      0.94863      0.04026
     0.23358      0.17682      0.38882
    -0.09025     -0.04288      0.43456
     0.10588      0.08411     -0.29627
     0.00059      0.01736     -0.01011
     1.64809     -0.88778      0.24898
     0.18932     -0.27913      0.02710
     0.08893     -0.09527     -0.31166
    -0.18148     -0.00832     -0.38347
     0.00365     -0.06455      0.09252
     0.05144     -0.03939     -0.09895
    -2.07628     -1.46179     -0.87655
    -0.12574      0.08262      1.54103
    -0.02684     -0.35733      0.85210
     0.40539      0.25837     -0.53655
    -0.39333      0.73423     -0.03032
    -0.09505      0.27869     -0.48395
     0.55570     -0.29340     -0.77680
     0.04929      0.05899      0.63664
    -0.24004      0.00265      0.08286
     0.23061     -0.06260     -1.09595
     0.05250     -1.21431      1.11281
     0.25525      0.01114     -0.16963
     0.39980     -0.45958      0.47758
     0.59826      1.00470      0.68311
     0.22926      0.07067      0.22062
     1.20532      0.97028      0.13504
     0.00793     -0.27990     -0.56226
    -0.28326     -0.19484     -0.96832
    -0.18532     -0.07377     -0.03155
     0.49542      0.11974      0.69402
