-71.174 48.092 -28.7
-71.185 48.098 -25
-70.386 47.366 -5.2
-71.152 48.091 -27.4
-71.153 48.099 -26.4
-71.188 48.103 -23.1
-71.213 48.12 -28.6
-71.17 48.116 -29.5
-70.962 48.036 -20.9
-71.19 48.114 -27.7
-71.236 48.003 -18.4
-71.164 48.001 -26.8
-71.191 48.089 -28
-70.963 48.066 -22.3
-70.176 47.444 -8
-70.012 47.586 -9.6
-69.6 48.288 -18
-69.996 47.562 -7.7
-70.643 47.224 -18
-71.196 48.101 -26.7
-69.969 47.496 -8.5
-71.243 48.088 -33.7
-70.378 47.548 -4.1
-70.21 47.655 -12.4
-70.425 47.17 -9.5
-71.162 48.069 -29.1
-69.978 47.521 -11.1
-71.154 48.105 -25.6
-70.164 47.639 -11.7
-70.087 47.734 -8.7
-71.151 48.02 -27.1
-71.196 48.097 -27.5
-70.113 47.491 -9.1
-70.121 47.496 -7.6
-71.011 48.063 -24.1
-71.009 48.063 -21
-71.008 48.063 -24.8
-71.018 48.08 -23.3
-69.941 47.486 -14.1
-71.019 48.055 -24.8
-70.139 47.753 -8.2
-71.316 48.112 -26.7
-69.895 47.658 -12.6
-70.236 47.555 -13.7
-70.671 47.443 -19.7
-69.956 47.782 -6.5
-69.861 47.682 -12.8
-70.03 47.475 -12.3
-70.449 47.363 -12.8
-69.755 47.767 -22.9
-70.147 47.526 -18
-69.92 47.765 -14.3
-69.802 47.819 -23.9
-69.857 47.717 -10.5
-70.184 47.564 -19.6
-69.853 47.717 -9.8
-69.854 47.716 -9.2
-70.118 47.448 -19.7
-70.022 47.564 -9.8
-71.16 48.115 -28.8
-69.857 47.855 -23
-70.163 47.348 -8.7
-70.436 47.308 -8.9
-71.165 48.122 -25.3
-70.067 47.454 -7
-70.064 47.381 -23.4
-70.05 47.409 -7.6
-69.896 47.581 -16.3
-70.636 47.312 -9.3
-70.126 47.474 -11.7
-70.163 47.541 -18
-70.029 47.43 -8.6
-70.315 47.41 -12.4
-69.889 47.71 -12.3
-70.347 47.441 -7.5
-70.378 47.306 -8.2
-71.066 48.114 -17.5
-69.723 47.854 -10.4
-70.285 47.613 -22.4
-70.113 47.46 -11.4
-70.126 47.668 -9.1
-70.328 47.408 -10.6
-70.381 47.424 -13.2
-70.067 47.487 -14.8
-69.733 47.715 -16.2
-70.014 47.59 -9.9
-70.3 47.389 -11
-70.187 47.733 -4.2
-70.206 47.614 -16.3
-69.534 47.069 -18
-70.298 47.542 -11.3
-70.247 47.551 -13.6
-70.075 47.674 -13.3
-69.96 47.896 -10
-71.188 48.076 -29
-70.363 47.519 -6
-70.439 48.374 -18
-70.453 47.455 -6.9
-70.145 47.498 -6
-70.343 47.451 -7.6
-70.041 47.45 -8.9
-70.239 47.598 -11.9
-70.443 47.483 -7
-70.39 47.403 -7.6
-69.926 47.679 -9.1
-70.083 47.699 -8.4
-69.977 47.856 -20.8
-69.902 47.654 -7.6
-70.086 47.695 -5.7
-69.99 47.48 -7.4
-70.282 47.393 -10.3
-70.044 47.47 -9.5
-70.377 47.514 -3.2
-71.126 48.041 -28
-69.977 47.479 -10.6
-70.248 47.611 -10.1
-70.029 47.535 -7.4
-69.906 47.646 -10.7
-70.114 47.481 -23.1
-70.244 47.587 -12.7
-69.856 47.645 -16.2
-69.89 47.564 -15.7
-69.971 47.617 -7.7
-69.972 47.333 -18
-70.456 47.421 -4.7
-69.966 47.609 -10.5
-70.249 47.387 -12
-70.228 47.597 -7.4
-70.41 47.419 -6.2
-69.817 47.791 -21.9
-70.038 47.484 -7.5
-70.003 47.811 -16.7
-70.237 47.578 -4.1
-70.384 47.432 -4.7
-70.482 47.274 -9.8
-69.999 47.479 -11.3
-69.999 47.547 -7.5
-70.375 47.408 -17.8
-70.364 47.398 -15.8
-70.409 47.429 -6.9
-70.361 47.397 -14.9
-70.238 47.633 -8
-70.22 47.648 -8.7
-70.151 47.395 -14.2
-70.303 47.435 -11.8
-71.092 47.108 -29.2
-70.659 47.251 -15.2
-69.906 47.569 -14.3
-71.178 47.123 -20
-70.336 47.263 -9.3
-70.353 47.256 -8.7
-69.614 47.994 -12.1
-70.063 47.462 -18.9
-70.198 47.682 -7
-70.226 47.607 -17.4
-70.38 47.481 -12.9
-70.097 47.502 -13.2
-70.127 47.646 -10.9
-69.999 47.463 -11.6
-69.883 47.702 -9.1
-70.536 47.432 -20.5
-70.367 47.181 -9.4
-70.473 47.335 -12.2
-69.981 47.647 -21.2
-70.483 47.391 -10.2
-69.761 47.617 -23.6
-70.503 47.406 -5.1
-70.051 47.812 -5.5
-70.03 47.546 -7.9
-70.233 47.604 -14.3
-70.023 47.552 -9.3
-70.136 47.439 -12.6
-70.198 47.582 -4.6
-70.016 47.544 -8.6
-70.521 47.546 -10.7
-70.322 47.426 -10.9
-70.103 47.687 -11.3
-70.375 47.345 -23.3
-70.095 47.558 -16.5
-70.067 47.511 -13.8
-70.273 47.614 -2.9
-69.898 47.514 -23
-69.774 47.849 -24.1
-70.442 47.246 -9.2
-70.062 47.38 -24.2
-70.379 47.471 -4.9
-70.09 47.51 -9.3
-69.834 47.797 -7.9
-71.403 47.026 -18
-70.366 47.494 -6.7
-70.037 47.699 -11.8
-71.308 48.302 -15
-70.122 47.632 -13.1
-69.994 47.347 -27.5
-69.723 47.74 -23.4
-69.957 47.783 -17.2
-70.441 47.385 -9.2
-70.2 47.5 -18
-69.588 48.205 -18
-70.15 47.433 -12.8
-70.575 47.214 -23.9
-70.219 47.614 -13.1
-70.029 47.625 -9.5
-69.867 47.638 -15.4
-71.146 47.974 -27.6
-70.231 47.573 -15.6
-70.429 47.229 -8.9
-70.225 47.617 -13.6
-69.819 47.79 -22.9
-70.251 47.447 -12.6
-70.392 47.443 -5
-70.408 47.534 -6.8
-70.271 47.626 -0
-70.035 47.539 -6
-70.494 47.418 -7.5
-70.205 47.851 -8.2
-70.139 47.526 -17.3
-70.144 47.735 -9.2
-69.881 47.564 -14.5
-70.17 47.411 -8.6
-69.915 47.785 -15
-69.857 47.718 -9.4
-69.895 47.634 -12
-69.884 48.057 -16.1
-69.904 47.742 -18.3
-70.367 47.5 -6.8
-70.408 47.398 -5.5
-70.13 47.534 -17.4
-70.335 47.248 -8.6
-70.106 47.334 -18.5
-70.087 47.456 -10.9
-69.969 47.605 -9.4
-69.967 47.576 -9.4
-70.175 47.433 -18.9
-70.016 47.755 -7.1
-70.049 47.498 -11
-69.942 47.587 -11.6
-70.407 47.446 -2.7
-70.221 47.63 -4.4
-70.436 47.282 -5
-69.951 47.592 -11.3
-69.964 47.781 -14.2
-69.811 47.834 -18
-70.021 47.502 -15.6
-70.214 47.41 -9.9
-69.927 47.594 -11.6
-70.045 47.754 -8
-71.475 46.758 -6.5
-70.106 47.745 -12.4
-71.218 47.004 -18
-69.833 47.792 -22.1
-70.042 47.486 -1.2
-70.157 47.673 -12.8
-70.409 47.439 -2.8
-69.841 47.623 -16.5
-70.013 47.625 -0
-70.431 47.446 -7.1
-70.356 47.427 -7.6
-70.041 47.573 -10.5
-70.063 48.002 -20.5
-70.091 47.483 -14.2
-70.206 47.691 -0
-70.097 47.699 -11.2
-69.872 47.967 -0
-70.187 47.685 -0
-71.123 46.697 -6
-70.363 47.225 -8.7
-70.367 47.489 -7.3
-69.911 47.566 -14.8
-69.988 47.562 -15
-70.421 47.423 -6
-70.115 47.477 -14
-70.055 47.892 -18
-69.948 47.814 -20.3
-70.112 47.475 -15
-70.125 47.368 -15.1
-70.249 47.386 -12.1
-70.071 47.661 -16.4
-69.986 47.6 -9.2
-71.164 46.975 -18
-70.461 47.415 -7.2
-71.184 46.737 -12
-70.395 47.424 -14.4
-70.138 47.503 -12.1
-69.996 47.822 -6.8
-70.175 47.61 -11.8
-70.149 48.019 -0
-69.463 47.969 -0
-70.074 47.716 -10.8
-69.901 47.63 -12.6
-70.22 47.597 -2.7
-69.977 47.476 -13.8
-70.171 47.62 -14.5
-70.024 47.451 -11.7
-70.024 47.451 -11.7
-69.98 47.837 -18.2
-69.962 47.474 -14.9
-70.119 47.518 -22.4
-70.026 47.561 -13
-70.149 47.775 -8
-70.171 47.544 -18.4
-69.969 47.82 -19.5
-70.082 47.409 -17.2
-69.779 47.816 -10
-70.007 47.619 -10.3
-70.364 47.441 -5.9
-70.362 47.514 -4.3
-70.427 47.17 -16
-69.756 47.827 -25.1
-69.902 47.667 -8.6
-70.212 47.333 -10
-70.026 47.692 -16.4
-69.908 47.674 -10.3
-70.104 47.684 -4.4
-69.85 47.881 -20.4
-70.065 47.499 -18
-69.91 47.677 -10.7
-70.363 47.505 -8.9
-70.367 47.529 -7.6
-69.832 47.792 -22.2
-69.392 48.091 -28
-69.982 47.748 -14.2
-70.254 47.38 -13.3
-70.113 47.494 -10.4
-70.261 47.584 -7.1
-70.428 47.443 -5
-70.373 47.576 -8.4
-71.263 47.408 -3.5
-70.19 47.44 -6.2
-70.073 47.695 -9
-69.675 47.879 -10
-70.1 47.639 -10
-70.228 47.602 -4.8
-69.867 47.885 -18.1
-70.039 47.535 -6.7
-70.386 47.305 -7.4
-69.886 47.666 -5.5
-70.138 47.357 -9.8
-70.332 47.417 -9.3
-70.338 47.417 -10.3
-69.912 47.626 -11.6
-70.104 47.456 -12.2
-70.362 47.538 -6
-69.942 47.56 -11.9
-69.903 47.672 -10.5
-70.131 47.461 -20.7
-69.885 47.629 -13
-70.173 47.458 -14.3
-70.233 47.637 -12.6
-70.026 47.474 -9.8
-69.784 48.124 -22.3
-69.878 47.681 -14
-69.973 47.935 -23.2
-70.039 47.542 -7.9
-70.209 47.652 -11.3
-70.392 47.318 -6.3
-70.097 47.684 -4.9
-70.158 47.467 -18
-70.166 47.631 -10.5
-70.268 47.606 -19.5
-70.068 47.439 -14.9
-69.954 47.505 -9.2
-70.321 47.342 -6.4
-70.361 47.492 -8.6
-70.107 47.712 -9.8
-69.973 47.584 -9
-69.923 47.526 -14.9
-70.49 47.398 -10.1
-70.112 47.321 -9.9
-71.045 47.162 -0
-69.907 47.675 -15.3
-71.06 48.255 -18
-70.152 47.673 -6.9
-70.601 47.289 -15.6
-69.905 47.676 -12.8
-70.058 47.449 -10.4
-70.07 47.704 -10.1
-70.392 47.467 -4.5
-69.987 47.483 -11.7
-70.13 47.388 -11.1
-70.05 47.44 -8
-70.318 47.444 -12.1
-70.042 47.448 -14.2
-70.051 47.562 -4.9
-70.101 47.474 -13.1
-69.945 47.58 -12.1
-69.858 47.787 -22.5
-70.455 47.378 -10.6
-70.089 47.704 -8.6
-70.128 47.391 -16.3
-70.209 47.497 -16.1
-70.387 47.517 -4.9
-69.952 47.527 -12.6
-70.029 47.504 -8.7
-70.266 47.519 -4.3
-69.997 47.732 -12.7
-70.396 47.173 -9.2
-70.213 47.387 -16
-70.128 47.501 -14.9
-69.876 47.655 -12.8
-69.896 47.523 -17.4
-70.367 47.486 -7
-70.751 47.219 -24.1
-70.291 47.591 -11.7
-69.971 47.483 -8.2
-70.314 47.437 -10.8
-70.132 47.459 -6.9
-70.383 47.255 -4.6
-70.053 47.427 -11.5
-69.958 47.629 -15
-70.442 47.232 -16.4
-70.394 47.401 -8
-70.064 47.685 -9.7
-70.324 47.42 -10.4
-70.382 47.534 -18
-70.003 47.468 -14.7
-69.916 47.587 -18
-69.952 47.607 -11.8
-69.967 47.752 -14.9
-70.178 47.62 -11.2
-70.063 47.498 -10
-70.037 47.45 -12.4
-70.073 47.432 -7.2
-69.999 47.582 -8.8
-70.392 47.391 -5.2
-70.102 47.532 -19.7
-70.005 47.463 -19.3
-70.34 47.621 -18
-70.424 47.46 -18
-70.263 47.539 -11.2
-70.026 47.451 -7.9
-70.434 47.547 -18
-70.226 47.628 -18
-70.765 47.223 -18
-70.075 47.696 -9.7
-70.352 47.431 -17.3
-70.435 47.304 -8.5
-70.39 47.406 -7.7
-70.44 47.256 -18
-69.995 47.564 -15.4
-70.317 47.528 -9.4
-70.84 47.611 -18
-70.194 47.714 -18
-70.12 47.695 -4.4
-70.174 47.723 -9.1
-70.091 47.6 -22.8
-70.185 47.365 -18
-70.001 47.71 -21.3
-69.994 47.538 -14.7
-70.447 47.275 -18
-70.398 47.544 -6.3
-69.886 47.665 -12.6
-69.947 47.586 -11.4
-70.208 47.512 -10.6
-70.465 47.391 -6.2
-70.231 47.618 -18
-70.137 47.46 -7.9
-69.978 47.539 -11.5
-69.757 47.909 -18
-70.365 47.524 -6.1
-70.437 47.438 -4.2
-70.447 47.389 -5.1
-70.11 47.46 -8
-70.377 47.449 -7.7
-70.163 47.659 -12.4
-69.808 47.8 -22.3
-70.9 46.928 -18
-70.044 47.502 -14.6
-70.081 47.698 -12.4
-70.43 47.381 -6.4
-70.205 47.695 -4
-70.233 47.584 -6.4
-70.042 47.441 -11.8
-70.447 47.394 -6.4
-70.268 47.561 -10.6
-70.388 47.435 -5
-70.134 47.443 -20.6
-70.451 47.368 -5
-70.046 47.469 -16.7
-70.269 47.399 -16
-70.238 47.562 -6.8
-70.098 47.6 -26.6
-69.868 47.66 -13.3
-69.998 47.571 -6.6
-70.001 47.568 -13.7
-70.154 47.638 -12.6
-70.178 47.552 -18.4
-70.122 47.7 -9
-69.919 47.797 -23.2
-69.997 47.566 -5.1
-70.289 47.443 -18
-69.918 47.531 -9.7
-70.076 47.633 -21.3
-70.108 47.731 -10.6
-70.192 47.429 -7.9
-70.378 47.555 -9.4
-71.11 46.832 -18
-69.88 47.606 -15.2
-70.203 47.603 -9.6
-70.399 47.467 -18
-70.269 47.496 -16
-70.397 47.404 -6.8
-70.404 47.42 -12
-70.406 47.487 -4.8
-70.399 47.331 -9.1
-70.393 47.478 -18
-70.13 47.534 -20.8
-70.033 47.468 -8.3
-70.1 47.48 -14.7
-70.481 47.398 -10
-70.192 47.313 -15.6
-70.469 47.331 -11.6
-69.903 47.668 -10.6
-70.108 47.447 -1.9
-70.344 47.585 -18
-70.401 47.5 -5.1
-69.856 47.615 -17.3
-70.153 47.675 -10.1
-71.489 48.303 -18
-70.057 47.456 -17.9
-70.894 46.969 -18
-70.082 47.472 -13.9
-70.056 47.455 -18.1
-69.912 47.944 -18
-70.278 47.581 -11
-69.928 47.616 -11.6
-70.187 47.685 -6.6
-70.36 47.484 -7.1
-70.395 47.498 -18
-70.192 47.616 -16.9
-70.29 47.514 -14.3
-70.42 47.419 -5.3
-70.42 47.419 -5.3
-70.11 47.754 -4.9
-70.125 47.624 -12.2
-69.904 47.525 -11.9
-70.214 47.616 -18
-70.015 47.834 -21.3
-70.183 47.605 -10.6
-69.953 47.823 -18.9
-70.234 47.648 -6.3
-70.13 47.624 -8.3
-70.264 47.322 -24.1
-70.333 47.37 -13.6
-70.319 47.605 -18
-70.026 47.696 -18.3
-70.402 47.492 -5.4
-70.309 47.454 -7.3
-70.456 47.465 -6.6
-70.389 47.504 -5
-70.437 47.237 -18
-70.366 47.541 -5
-70.267 47.443 -9.2
-70.365 47.515 -4.9
-70.146 47.641 -14.7
-70.243 47.595 -10.8
-70.087 47.546 -15
-70.114 47.679 -18
-70.416 47.504 -8.5
-70.362 47.517 -7.8
-70.352 47.44 -11.7
-70.182 47.733 -7.8
-70.16 47.491 -17
-70.447 47.423 -4.7
-70.129 47.628 -14
-70.392 47.401 -7.3
-70.403 47.463 -5.9
-70.413 47.416 -6.8
-70.37 47.469 -21.6
-69.817 47.712 -11.1
-70.247 47.593 -12.1
-70.02 47.812 -8.9
-70.204 47.638 -11.6
-70.023 47.455 -11.4
-70.028 47.438 -11.4
-70.225 47.602 -5.8
-70.226 47.6 -6.9
-70.029 47.425 -10.8
-70.357 47.453 -17.9
-70.184 47.543 -8
-70.441 47.416 -4.8
-70.251 47.389 -13.7
-70.183 47.528 -13.4
-69.966 47.608 -6.6
-70.399 47.395 -12
-70.429 47.443 -4.4
-69.93 47.856 -24.8
-70.187 47.627 -16
-69.796 47.972 -8.5
-70.307 47.539 -8.3
-70.421 47.431 -3.6
-70.125 47.466 -13.5
-70.278 47.56 -9.3
-70.386 47.408 -8.7
-70.219 47.465 -17.7
-70.127 47.76 -9.1
-70.299 47.236 -13.2
-70.032 47.494 -15
-70.394 47.427 -15.9
-70.004 47.706 -12.7
-70.044 47.514 -13.7
-70.252 47.61 -9.1
-69.404 48.237 -18
-70.213 47.615 -11.2
-70.106 47.699 -10.3
-70.54 47.523 -10.2
-70.032 47.558 -9.2
-69.834 47.733 -9.8
-71.369 46.749 -18
-70.38 47.576 -21.7
-70.453 47.27 -26.7
-70.451 47.451 -10
-70.276 47.546 -15.2
-70.276 47.412 -15.8
-69.971 47.472 -13.1
-70.327 47.59 -1.5
-70.01 47.606 -10.4
-70.389 47.478 -5.1
-70.169 47.617 -11.3
-70.395 47.499 -5.3
-70.239 47.556 -3.3
-70.215 47.559 -12
-69.962 47.666 -23
-70.347 47.534 -6.6
-69.971 47.475 -9.4
-70.233 47.632 -4.9
-70.193 47.597 -1.1
-70.145 47.473 -11.1
-70.033 47.675 -24.1
-70.218 47.384 -13.9
-70.385 47.454 -9.4
-70.344 47.431 -12.7
-70.141 47.449 -8.7
-70.311 47.62 -21.5
-70.476 47.318 -5.4
-70.237 47.623 -10.8
-70.44 47.434 -14.4
-70.327 47.572 -9.5
-70.014 47.546 -9.3
-70.448 47.557 -11.8
-70.41 47.468 -4.8
-70.391 47.532 -2.1
-70.242 47.641 -11.7
-70.259 47.394 -11.3
-70.013 47.537 -10.4
-70.358 47.619 -7.2
-70.314 47.421 -9.8
-70.389 47.469 -5.8
-70.294 47.634 -18
-70.029 47.508 -12.2
-70.277 47.562 -10.6
-70.22 47.517 -13.9
-70.344 47.48 -4
-70.316 47.566 -18
-70.382 47.463 -5.5
-70.402 47.429 -4.5
-70.256 47.384 -12.2
-69.981 47.621 -11.8
-70.176 47.435 -19.3
-70.254 47.431 -11.5
-70.162 47.533 -18
-70.379 47.401 -5.8
-70.558 48.354 -18
-69.977 47.548 -8.8
-70.14 47.514 -7
-70.436 47.417 -4.6
-70.196 47.557 -21.8
-70.611 47.353 -10
-70.292 47.462 -10.9
-70.126 47.464 -13.3
-70.051 47.467 -7.6
-70.354 47.365 -17.3
-70.138 47.611 -8.9
-70.14 47.379 -13
-70.037 47.508 -12.8
-70.312 47.397 -12.9
-70.353 47.364 -17.4
-70.135 47.62 -5.3
-70.353 47.425 -9.2
-70.046 47.699 -12.9
-70.08 47.676 -17.1
-70.284 47.547 -11.8
-70.011 47.503 -9.6
-70.076 47.489 -9.5
-70.033 47.504 -10.8
-70.252 47.383 -13.9
-70.029 47.5 -12
-70.114 47.62 -9.7
-70.457 47.387 -10.6
-69.998 47.651 -28.7
-70.148 47.387 -14.1
-70.386 47.459 -11.9
-70.143 47.674 -9.8
-70.134 47.371 -13.2
-70.146 47.676 -9.4
-70.23 47.65 -16
-70.174 47.542 -13.4
-70.296 47.547 -11.7
-70.114 47.462 -9.9
-70.362 47.654 -6.4
-70.678 47.544 -13.2
-70.414 47.475 -7.9
-70.286 47.502 -11.1
-69.973 47.462 -9.9
-70.025 47.606 -8.7
-70.388 47.579 -17.8
-70.362 47.448 -6.3
-70.013 47.427 -12.6
-70.45 47.425 -3
-69.94 47.574 -11.5
-69.996 47.465 -11.7
-70.339 47.517 -18
-70.457 47.169 -9.6
-70.079 47.462 -11.7
-70.156 47.618 -11.8
-70.405 47.413 -6.4
-70.138 47.377 -13.1
-70.109 47.367 -13.6
-70.224 47.657 -13.6
-69.931 47.509 -13.6
-69.75 47.853 -22.4
-70.181 47.432 -14.1
-70.49 47.431 -7.5
-69.938 47.824 -19.8
-70.088 47.697 -5.6
-70.313 47.416 -9.6
-69.954 47.659 -16.3
-70.332 47.414 -11.7
-70.24 47.544 -13.1
-70.332 47.429 -11.7
-70.292 47.536 -12.2
-70.036 47.46 -11.4
-70.32 47.497 -9.1
-70.417 47.413 -5.9
-70.214 47.653 -18
-70.43 47.438 -5.4
-70.114 47.594 -23.3
-70.375 47.592 -8.3
-69.853 47.678 -14.1
-69.974 47.485 -12.9
-70.334 47.426 -10
-70.346 47.504 -8.5
-70.399 47.416 -6.5
-70.386 47.421 -5.5
-70.389 47.428 -4.1
-69.956 47.816 -20
-70.307 47.371 -7.5
-70.319 47.386 -2.5
-70.187 47.724 -5.2
-70.355 47.55 -9.9
-70.389 47.419 -3.9
-70.053 47.504 -14.6
-70.189 47.765 -16
-70.162 47.491 -15.8
-70.34 47.489 -6.1
-70.044 47.498 -17.7
-70.345 47.397 -7.4
-70.439 47.419 -5
-70.245 47.599 -12.3
-70.338 47.412 -9.5
-70.022 47.494 -15.1
-70.474 47.31 -19.9
-70 47.5 -10
-70 47.5 -10
-69.631 48.16 -18
-70.405 47.46 -5.5
-70.299 47.556 -13.1
-70.248 47.556 -14.1
-69.898 47.63 -12.6
-70.222 47.635 -10
-70.06 47.455 -11
-70.144 47.473 -11.9
-70.303 47.603 -10
-70.259 47.633 -5.3
-69.958 47.496 -12.7
-70.04 47.527 -24
-70.248 47.392 -10.4
-70.01 47.737 -13.2
-70.169 47.597 -11.6
-70.115 47.693 -9.3
-70.105 47.631 -19.6
-69.794 47.824 -21.4
-69.819 47.804 -17.7
-69.797 47.826 -21.8
-69.812 47.798 -21.6
-70.448 47.427 -3.7
-70.429 47.53 -12.4
-70.439 47.433 -12.8
-70.893 46.926 -18
-70.412 47.433 -14.8
-70.101 47.487 -14.9
-70.154 47.607 -12.3
-70.298 47.535 -9
-70.471 47.384 -9.7
-70.091 47.436 -5.8
-70.22 47.513 -17.6
-70.144 47.37 -18.6
-69.891 47.576 -15.8
-70.183 47.633 -12.7
-70.331 47.424 -10.8
-70.192 47.691 -9.2
-70.186 47.584 -5.9
-70.107 47.735 -11
-69.965 47.571 -12.2
-70.344 47.423 -18.2
-69.911 47.606 -13
-70.07 47.53 -10.4
-70.136 47.691 -6.4
-70.484 47.414 -11.7
-70.377 47.448 -5
-70.417 47.429 -7.5
-69.294 48.131 -18
-70.298 47.554 -9
-70.284 47.695 -18
-70.101 47.581 -1.5
-69.771 47.807 -23.4
-69.764 47.809 -23.9
-70.373 47.486 -11.3
-70.473 47.334 -11.8
-70.296 47.543 -8.7
-70.228 47.415 -9
-70.302 47.552 -10.3
-70.012 47.426 -13.6
-70.036 47.707 -7.3
-70.438 47.303 -7.4
-70.063 47.68 -11.1
-69.795 47.823 -20.9
-70.232 47.633 -14.2
-70.374 47.408 -16.7
-70.688 47.215 -18
-70.055 47.464 -17.8
-69.817 47.79 -21.8
-70.002 47.565 -13.8
-70.484 47.348 -13.6
-69.954 47.499 -13.3
-70.465 47.379 -11.4
-71.109 48.17 -18
-70.404 47.419 -6.3
-70.406 47.421 -6.3
-70.18 47.629 -17.2
-69.994 47.826 -18.6
-70.207 47.611 -15.1
-70.188 47.683 -5.2
-70.216 47.606 -15.1
-70.277 47.564 -8
-69.944 47.583 -12.6
-70.252 47.594 -15.1
-70.151 47.637 -5.9
-70.188 47.677 -7.4
-70.203 47.664 -13
-70.121 47.627 -9.2
-70.071 47.717 -7.3
-69.997 47.562 -8.8
-69.866 47.648 -14.6
-70.259 47.548 -16
-70.039 47.551 -10
-70.038 47.525 -12
-70.169 47.447 -10
-69.802 47.824 -23.2
-70.371 47.449 -3.3
-70.377 47.498 -7
-70.033 47.659 -22.5
-69.797 47.68 -11.2
-70.261 47.6 -5.2
-70.138 47.437 -19.9
-70.104 47.625 -19.7
-70.075 47.575 -10.7
-70.401 47.555 -0
-70.238 47.571 -5.4
-70.194 47.688 -5.4
-69.893 47.57 -16
-69.898 47.78 -20.6
-70.031 47.538 -6.8
-69.956 47.765 -17.3
-69.903 47.673 -9.4
-69.939 47.726 -21.1
-70.121 47.741 -9.9
-71.097 48.149 -22.9
-69.943 47.612 -14.5
-70.047 47.571 -12.4
-70.025 47.482 -8.3
-70.116 47.703 -11.5
-69.927 47.614 -10.6
-70.289 47.572 -10.8
-70.228 47.605 -5.7
-70.023 47.446 -14.3
-70.163 47.765 -14.2
-70.06 47.557 -8.1
-70.171 47.43 -14
-69.887 47.534 -13
-70.286 47.546 -10.5
-69.888 47.537 -13.5
-70.406 47.367 -7.9
-70.351 47.556 -4.7
-69.906 47.749 -22.8
-70.279 47.612 -13.6
-70.403 47.534 -9.3
-71.368 46.919 -18
-70.363 47.492 -6.6
-70.399 47.436 -7.7
-70.37 47.525 -5
-70.094 47.736 -2.3
-70.463 47.402 -10.1
-70.218 47.607 -5.3
-69.909 47.668 -9.4
-69.906 47.668 -7.6
-69.91 47.668 -8.2
-69.811 47.822 -23.4
-70.282 47.566 -10.9
-69.951 47.769 -10.4
-69.911 47.669 -8.6
-69.963 47.597 -9.8
-71.367 46.765 -18
-71.377 46.746 -18
-71.393 46.778 -18
-71.383 46.791 -18
-71.419 46.788 -18
-71.395 46.787 -18
-71.384 46.795 -18
-71.388 46.789 -18
-71.382 46.775 -18
-71.372 46.781 -24
-71.404 46.795 -24
-71.424 46.801 -22.5
-71.383 46.828 -21.3
-71.357 46.776 -24
-71.372 46.78 -22.9
-71.391 46.792 -25.3
-71.418 46.776 -21.7
-70.382 47.413 -8.6
-70.049 47.759 -4.9
-70.398 47.437 -7.7
-71.42 46.78 -22
-70.432 47.424 -5.5
-70.016 47.707 -17.3
-70.177 47.648 -16.1
-69.824 47.832 -24.6
-71.026 47.078 -18
-69.982 47.473 -11.1
-70.351 47.474 -9.9
-69.968 47.44 -25.5
-70.402 47.416 -6.4
-70.131 47.511 -4.8
-70.364 47.53 -4.6
-69.536 47.413 -18
-69.536 47.413 -18
-70.385 47.423 -13.9
-69.932 47.594 -12
-70.379 47.41 -7.4
-70.908 48.194 -18
-69.899 47.664 -7.9
-69.957 47.833 -20.6
-70.039 47.451 -11.5
-70.36 47.514 -3.4
-70.216 47.471 -11
-70.57 47.001 -18
-70.016 47.527 -12.4
-70.302 47.53 -10.1
-70.308 47.579 -11.1
-70.242 47.555 -10.1
-70.458 47.567 -15.4
-70.219 47.613 -13.1
-70.439 47.429 -12.8
-69.98 47.471 -8.4
-69.978 47.47 -8.7
-70.644 47.974 -18
-70.391 47.438 -5.9
-70.458 47.425 -3.9
-70.364 47.504 -7.8
-70.598 47.213 -26.3
-70.102 47.479 -16
-70.398 47.353 -24.3
-70.39 47.36 -25.3
-70.387 47.354 -24.5
-70.386 47.354 -23.6
-70.39 47.352 -23.2
-70.389 47.358 -23.8
-70.386 47.358 -25.3
-70.34 47.535 -18
-70.39 47.36 -25.3
-70.402 47.368 -7.1
-70.395 47.369 -5.5
-70.321 47.58 -10
-70.384 47.359 -24.9
-70.357 47.538 -10
-69.398 48.259 -18
-70.132 47.618 -12.8
-69.977 47.534 -10.1
-70.113 47.446 -15.5
-70.397 47.503 -2.2
-70.392 47.497 -1.2
-70.188 47.483 -12.9
-69.957 47.641 -17.1
-69.909 47.678 -10.4
-69.302 48.21 -18
-69.29 48.204 -18
-70.332 47.357 -13.5
-70.283 47.264 -11
-69.988 47.464 -11.1
-70.198 47.428 -14.4
-70.058 47.46 -12.4
-70.296 47.539 -11.1
-69.869 47.768 -23.6
-70.145 47.475 -20.6
-70.432 47.441 -14.6
-70.418 47.414 -2
-70.384 47.528 -2.2
-70.45 47.273 -14.3
-70.259 47.544 -13.1
-70.28 47.54 -13.7
-70.188 47.399 -15.5
-70.112 47.465 -10.6
-70.382 47.413 -14.7
-70.483 47.382 -9
-70.558 47.296 -18
-70.402 47.441 -18
-70.332 47.561 -18
-70.238 47.612 -5.8
-69.936 47.5 -14.8
-70.202 47.638 -11.8
-70.339 47.436 -10
-70.227 47.422 -7.6
-70.429 47.458 -8.2
-70.074 47.501 -7.7
-69.994 47.544 -11
-70.382 47.347 -6.8
-70.481 47.409 -9.1
-69.939 47.596 -11.7
-70.213 47.624 -18
-69.972 47.666 -23.4
-70.42 47.432 -11.2
-70.274 47.632 -16.9
-69.282 46.58 -18
-70.134 47.756 -8.3
-69.977 47.488 -13
-69.918 47.611 -12.6
-69.922 47.73 -24
-70.728 47.182 -18
-70.05 47.426 -11.2
-70.179 47.452 -13.8
-70.155 47.667 -8.4
-70.162 47.458 -24.8
-70.865 46.885 -18
-70.096 47.703 -6
-70.101 47.706 -5.8
-70.173 47.645 -9.4
-70.429 47.429 -4.4
-70.379 47.395 -19.9
-70.428 47.317 -7.8
-70.408 47.457 -4
-70.442 47.448 -4
-70.068 47.443 -13.8
-70.09 47.707 -12.1
-70.055 47.723 -18
-70.093 47.692 -6.4
-70.59 47.28 -18
-70.023 47.511 -13.8
-70.312 47.402 -11.8
-70.466 47.245 -7.8
-70.376 47.413 -16.7
-70.191 47.596 -0
-69.906 47.736 -21.2
-69.806 47.672 -10.9
-70.001 47.463 -11.7
-70.185 47.754 -3.2
-69.975 47.508 -13.3
-70.151 47.46 -16.6
-70.433 47.42 -5.5
-70.355 47.449 -7.8
-70.368 47.529 -8.4
-69.294 48.192 -18
-69.286 48.173 -18
-69.666 48.258 -18
-70.518 47.398 -0
-70.205 47.615 -13.2
-70.404 47.329 -5.6
-70.474 47.231 -11.8
-70.224 47.587 -4.9
-70.036 47.733 -5.8
-69.967 47.52 -11.9
-70.39 47.562 -9.5
-69.869 47.686 -12.6
-70.443 47.39 -11
-70.099 47.495 -21.7
-70.097 47.431 -18
-69.846 47.727 -11.8
-70.387 47.452 -11.3
-70.195 47.678 -10
-70.291 47.597 -18
-70.284 47.558 -9.8
-70.239 47.577 -6.4
-70.967 47.109 -18
-70.3 47.52 -18
-70.233 47.606 -11.3
-70.236 47.581 -3
-70.331 47.414 -10.8
-70.158 47.649 -8.7
-70.354 47.646 -18
-70.314 47.557 -10.9
-70.314 47.557 -10.9
-70.416 47.128 -18
-70.342 47.387 -10.6
-70.264 47.569 -7.1
-69.881 47.53 -14
-70.25 47.556 -14.6
-70.085 47.548 -19.3
-70.37 47.483 -16.9
-69.993 47.582 -8.5
-70.183 47.68 -4.5
-70.379 47.536 -5.6
-70.19 47.628 -11.5
-69.987 47.575 -18
-70.342 47.532 -18
-70.293 47.543 -18
-70.306 47.35 -9.7
-70.29 47.569 -9
-70.183 47.597 -10
-70.068 47.694 -9.2
-70.08 47.484 -13.6
-69.998 47.428 -13.9
-70.095 47.478 -12.5
-70.411 47.435 -6.3
-70.404 47.441 -6.2
-70.236 47.425 -13.5
-70.246 47.612 -6.5
-70.049 47.409 -11
-70.232 47.613 -5.8
-70.389 47.393 -13.1
-69.805 47.708 -10.8
-70.155 46.914 -18
-70.445 47.35 -13
-70.177 47.637 -14.9
-70.061 47.466 -16.4
-70.517 47.525 -16.2
-70.886 47.168 -18
-70.893 47.151 -18
-70.031 47.525 -14.9
-70.237 47.554 -9.6
-70.065 47.446 -7.8
-70.36 47.487 -18
-69.963 47.502 -12.6
-70.31 47.349 -9.9
-70.078 47.705 -13.3
-70.41 47.439 -7.2
-70.674 48.018 -18
-70.253 47.606 -18
-70.282 47.19 -5.7
-70.384 47.462 -5
-71.26 46.878 -18
-70.279 47.283 -20.5
-70.208 47.596 -13.7
-69.507 48.329 -18
-70.378 47.346 -6.7
-70.125 47.453 -10.1
-70.423 47.28 -7.8
-70.391 47.419 -20.3
-69.976 47.484 -11.9
-70.231 47.399 -8.7
-70.09 47.696 -9.1
-70.446 47.412 -18
-70.504 47.401 -10.2
-70.078 47.499 -10.7
-70.254 47.718 -18
-70.469 47.436 -9.2
-70.484 47.127 -18
-70.079 47.489 -14
-70.272 47.587 -4.6
-70.384 47.317 -11.6
-70.293 47.52 -10.9
-70.513 47.57 -18
-70.224 47.637 -10
-70.481 47.407 -11.2
-70.228 47.659 -7.9
-70.002 47.355 -23.5
-70.076 47.55 -15.3
-70.356 47.548 -4.2
-70.664 47.042 -18
-69.854 47.718 -12.4
-70.409 47.484 -5.6
-70.095 47.424 -6.3
-70.339 47.366 -9.7
-70.385 47.447 -7
-69.821 47.791 -18.4
-70.466 47.396 -16.5
-70.468 47.398 -18
-70.261 47.544 -6.2
-70.298 47.372 -10.3
-70.359 47.524 -11.2
-70.1 47.694 -10.4
-70.312 47.56 -10.4
-70.052 47.73 -4.5
-70.365 47.511 -6
-70.389 47.363 -18
-70.21 47.48 -12.6
-70.945 47.037 -18
-70.151 47.49 -20.4
-70.248 47.576 -1.2
-70.457 47.383 -18
-70.213 47.736 -7.8
-70.4 47.486 -4.7
-69.998 47.597 -0.6
-69.912 47.671 -8.5
-69.891 47.644 -12
-70.238 47.6 -12
-69.983 47.583 -8.7
-70.02 47.448 -11.4
-70.384 47.406 -9.2
-70.119 47.725 -7.3
-70.272 47.596 -6.3
-70.232 47.623 -9.1
-70.248 47.587 -6.4
-70.402 47.466 -7.7
-70.19 47.395 -8.5
-70.088 47.498 -14.6
-70.213 47.435 -12.6
-70.162 47.625 -6.9
-70.16 47.618 -9.2
-70.036 47.515 -12.2
-70.433 47.482 -11.2
-69.467 48.195 -18
-70.221 47.5 -10.9
-70.023 47.509 -15.1
-70.074 47.694 -5.3
-70.371 47.34 -7.7
-70.293 47.626 -11.8
-70.451 47.41 -5.3
-70.376 47.481 -2.6
-70.03 47.466 -17.1
-70.105 47.766 -18
-69.898 47.629 -14.4
-70.333 47.42 -10.6
-70.237 47.591 -12.6
-69.804 47.706 -10.7
-70.451 47.415 -9
-69.99 47.467 -12.8
-70.229 47.599 -6.1
-70.24 47.631 -13.5
-70.152 47.408 -9.6
-70.042 47.504 -12.1
-70.449 47.428 -3
-69.972 47.839 -20.4
-70.149 47.615 -13.7
-70.151 47.437 -14.5
-70.363 47.482 -6.5
-69.984 47.6 -10.8
-70.029 47.452 -14.3
-70.162 47.44 -23
-70.214 47.582 -7.6
-70.063 47.547 -10.2
-70.106 47.441 -7.8
-69.503 47.757 -10
-69.978 47.591 -9.7
-69.951 47.797 -17.1
-70.403 47.494 -18
-70.254 47.386 -13.4
-69.809 47.683 -20.7
-70.126 47.468 -19.7
-70.231 47.619 -13.7
-70.331 47.576 -6.7
-69.732 47.753 -13.3
-70.463 47.379 -24.5
-70.087 47.703 -11.1
-70.049 47.81 -14.9
-69.92 47.654 -11.4
-70.312 47.382 -13.5
-70.25 47.547 -14
-70.371 47.411 -14.5
-70.169 47.441 -6.5
-69.814 47.825 -27.5
-70.056 47.521 -12.6
-69.967 47.655 -14.1
-70.018 47.51 -7.8
-69.917 47.653 -10.9
-69.879 47.642 -14.7
-70.088 47.576 -19.1
-69.858 47.535 -23.2
-70.116 47.428 -19.4
-70.185 47.637 -13.6
-70.182 47.591 -14.8
-70.33 47.408 -14
-70.478 47.426 -8.4
-70.18 47.615 -14.4
-70.044 47.555 -8.5
-69.891 47.544 -15.8
-70.268 47.253 -24.8
-70.479 47.4 -9.9
-70.07 47.484 -10.9
-69.733 47.807 -21.9
-70.41 47.435 -5.3
-69.936 47.522 -13.4
-70.209 47.286 -16.8
-70.386 47.47 -5.4
-70.048 47.811 -14.4
-70.341 47.226 -9.5
-70.061 47.503 -12.6
-69.909 47.685 -9.1
-69.984 47.59 -7.9
-70.017 47.517 -14.8
-70.049 47.527 -20.6
-70.508 47.391 -5.5
-69.963 47.705 -24.4
-70.083 47.713 -13.9
-70.049 47.445 -7.3
-69.821 47.617 -17.4
-69.925 47.583 -17.1
-69.887 47.786 -19.4
-69.837 47.8 -23.2
-69.975 47.601 -15.8
-70.075 47.566 -24.4
-70.323 47.227 -14.2
-70.028 47.49 -8.1
-70.441 47.308 -6.4
-70.268 47.542 -13.2
-70.107 47.479 -22.9
-70.268 47.365 -9.9
-70.276 47.711 -6.1
-70.398 47.421 -18.5
-70.002 47.572 -14
-70.121 47.464 -10.9
-70.534 47.231 -26
-70.514 47.327 -11.9
-69.927 47.862 -25.9
-69.833 47.791 -24.2
-69.809 47.809 -23
-70.194 47.403 -6.7
-70.041 47.562 -11
-69.98 47.493 -7.2
-70.269 47.408 -10.4
-70.547 47.475 -10.6
-70.365 47.219 -9.5
-69.847 47.574 -13.2
-70.025 47.493 -14.5
-70.341 47.347 -24.3
-70.075 47.451 -9.6
-70.38 47.403 -8.4
-70.299 47.513 -10.8
-70.186 47.636 -12.4
-70.133 47.473 -12.9
-70.132 47.459 -14.8
-69.861 47.792 -23
-70.097 47.688 -4.8
-70.398 47.35 -11.9
-69.96 47.565 -14.1
-69.892 47.656 -12.3
-70.105 47.694 -11.3
-70.172 47.612 -13.9
-70.33 47.416 -12.2
-70.122 47.387 -17.1
-69.807 47.661 -11.6
-70.39 47.232 -7.7
-70.467 47.408 -7.5
-70.137 47.494 -7.7
-70.582 47.35 -12.5
-70.175 47.587 -12
-70.581 47.241 -7.9
-69.953 47.791 -20.4
-70.07 47.613 -18.7
-70.068 47.513 -11.6
-70.253 47.547 -13.1
-70.213 47.524 -13.3
-70.047 47.812 -15
-70.254 47.55 -9.2
-70.322 47.576 -11
-70.403 47.311 -7.2
-70.112 47.392 -17.5
-70.26 47.718 -0
-70.174 47.4 -10.3
-69.762 47.757 -20.6
-70.34 47.418 -10.9
-70.014 47.564 -14.7
-70.177 47.623 -12.5
-70.117 47.664 -6.5
-70.422 47.384 -5.1
-70.029 47.596 -26.6
-70.333 47.575 -9.9
-70.07 47.716 -9
-70.187 47.609 -2.8
-70.11 47.468 -11
-70.206 47.511 -13.5
-69.96 47.508 -12.3
-70.556 47.225 -26.8
-69.943 47.626 -15.5
-70.088 47.479 -14.1
-69.749 47.808 -24.3
-70.404 47.212 -11.4
-70.19 47.51 -18.1
-69.951 47.796 -19.8
-70.305 47.477 -13.1
-69.872 47.718 -17.2
-70.278 47.584 -10.8
-69.956 47.677 -25.3
-69.803 47.812 -23.7
-70.171 47.593 -9.1
-70.198 47.339 -23.6
-70.292 47.557 -8.1
-70.125 47.432 -8.6
-70.104 47.604 -24.4
-69.922 47.548 -14.2
-70.375 47.6 -16
-70.305 47.321 -13.5
-70.138 47.486 -20.1
-70.339 47.241 -8.6
-69.902 47.67 -6.5
-70.198 47.597 -7.5
-70.374 47.447 -6.9
-70.031 47.55 -8.5
-69.874 47.651 -14.4
-70.031 47.546 -13.4
-70.156 47.433 -12.1
-70.199 47.574 -16
-70.153 47.603 -14.4
-70.39 47.453 -21.9
-70.015 47.704 -17.2
-70.05 47.813 -14.7
-70.146 47.52 -17.5
-69.732 47.762 -12.7
-70.323 47.322 -11.4
-70.056 47.563 -11.2
-70.034 47.46 -10.6
-70.118 47.78 -12.4
-70.243 47.58 -7.1
-70.428 47.435 -4.6
-70.25 47.553 -13.7
-69.936 47.592 -11.7
-70.411 47.439 -6
-70.211 47.585 -6.9
-70.114 47.379 -17.3
-69.8 47.826 -22.5
-70.069 47.744 -11.6
-70.166 47.342 -20.1
-70.463 47.392 -13.4
-70.079 47.49 -7.9
-70.373 47.49 -6.7
-69.859 47.755 -21.2
-70.656 47.223 -25.4
-70.436 47.312 -20
-70.052 47.506 -9.7
-70.342 47.406 -18.6
-69.926 47.62 -9.4
-70.367 47.579 -16.6
-70.371 47.449 -5
-70.119 47.625 -13.9
-70.157 47.432 -11.3
-69.988 47.568 -5.1
-70.161 47.819 -25.6
-70.23 47.607 -11
-70.139 47.463 -9.8
-69.78 47.921 -23
-70.004 47.587 -8.8
-70.257 47.386 -13.8
-69.898 47.666 -9.5
-70.204 47.492 -17.5
-70.196 47.681 -5.9
-70.095 47.694 -5.4
-70.06 47.43 -18
-70.045 47.566 -10.5
-70.414 47.296 -6.1
-69.935 47.539 -13.6
-69.955 47.583 -10.8
-70.248 47.69 -0
-70.06 47.412 -16.1
-70.154 47.658 -4.9
-70.109 47.469 -7.3
-70.409 47.427 -5.7
-70.049 47.782 -3.8
-70.234 47.551 -12.1
-69.794 47.801 -21.3
-70.394 47.527 -13.4
-70.113 47.416 -9.8
-69.976 47.556 -15.9
-69.964 47.514 -7.2
-70.118 47.705 -8.8
-69.988 47.738 -14.9
-69.968 47.785 -24.8
-70.138 47.487 -20.9
-70.056 47.533 -15.8
-70.055 47.502 -12
-70.004 47.584 -7.7
-70.065 47.482 -6.8
-70.047 47.47 -6.2
-69.89 47.585 -16.2
-70.141 47.435 -16.8
-70.028 47.53 -14.2
-70.076 47.706 -12.1
-69.949 47.515 -9.6
-70.493 47.311 -6.8
-70.184 47.355 -11.6
-69.8 47.837 -21.7
-70.188 47.515 -17.4
-69.786 47.85 -26.4
-70.167 47.547 -17.3
-70.101 47.751 -10.8
-70.546 47.319 -11.6
-69.934 47.816 -22.4
-69.98 47.591 -9.9
-70.132 47.526 -14.9
-70.084 47.699 -11.1
-69.965 47.597 -9.5
-69.788 47.813 -22.4
-70.378 47.435 -6.5
-70.121 47.732 -9.2
-70.11 47.772 -9.9
-70.294 47.425 -15.1
-70.302 47.433 -15.4
-70.146 47.324 -7.5
-70.048 47.456 -12.3
-70.135 47.588 -25.2
-70.077 47.409 -21.6
-70.178 47.597 -10.6
-69.936 47.497 -13.7
-69.933 47.712 -25.7
-70.035 47.505 -11.9
-70.454 47.418 -11.2
-70.172 47.492 -8.2
-69.856 47.553 -17.2
-70.142 47.383 -14.8
-70.285 47.387 -15.1
-70.333 47.289 -10.6
-69.725 47.749 -14.4
-70.197 47.627 -13.4
-70.299 47.612 -17.9
-69.99 47.497 -6.7
-69.73 47.749 -13.9
-70.407 47.322 -6.1
-70.159 47.485 -15.1
-70.154 47.673 -10.9
-70.13 47.503 -11.2
-70.249 47.389 -9.5
-69.758 47.732 -20.8
-69.998 47.582 -9.8
-70.101 47.421 -7.9
-69.977 47.792 -19.2
-69.934 47.632 -8.6
-70.127 47.393 -16.1
-70.009 47.499 -16.1
-70.17 47.435 -9.8
-69.92 47.656 -8.9
-70.297 47.414 -13.4
-70.366 47.288 -8.7
-70.391 47.401 -5.7
-70.034 47.44 -10.1
-69.855 47.687 -14.4
-70.412 47.444 -7.7
-70.34 47.446 -14.2
-70.252 47.553 -13.9
-70.145 47.752 -18.4
-70.105 47.542 -10.5
-69.903 47.845 -23.6
-70.457 47.346 -11.9
-70.458 47.325 -12.3
-70.092 47.487 -13.9
-70.133 47.418 -12
-70.477 47.925 -7.5
-70.653 47.221 -24.4
-70.516 47.381 -4.3
-70.097 47.47 -8.9
-70.184 47.587 -14.1
-69.824 47.779 -21.3
-70.607 47.297 -11
-70.14 47.534 -12.3
-69.983 47.463 -12.2
-69.967 47.565 -15.1
-70.084 47.412 -6.8
-70.217 47.627 -11.7
-70 47.586 -8.3
-69.987 47.496 -11.3
-70.341 47.442 -13.3
-70.371 47.276 -9.1
-70.025 47.462 -11.1
-70.344 47.441 -8.7
-70.4 47.399 -7.6
-69.926 47.789 -15.6
-69.822 47.781 -21.7
-70.043 47.44 -14.7
-70.234 47.391 -12.8
-70.151 47.546 -22.9
-70.396 47.311 -8.8
-69.917 47.611 -11.9
-70.005 47.623 -27.1
-70.387 47.443 -6.9
-70.223 47.547 -17.2
-69.975 47.558 -10.9
-70.116 47.455 -23.4
-69.985 47.619 -8
-70.082 47.693 -12.6
-70.379 47.43 -12.6
-69.914 47.577 -13.1
-70.041 47.505 -11.2
-70.406 47.443 -14.1
-70.135 47.529 -20.4
-70.374 47.537 -3.7
-69.952 47.52 -9
-69.89 47.678 -14.6
-70.526 47.33 -12.6
-69.801 47.829 -18
-70.364 47.545 -7.8
-70.401 47.633 -10
-70.282 47.403 -15.2
-69.79 47.802 -22
-70.371 47.529 -4.1
-70.049 47.692 -10.9
-70.073 47.704 -11.8
-69.953 47.825 -21.5
-69.811 47.89 -13.9
-70.166 47.547 -18
-69.992 47.734 -15.9
-70.125 47.39 -16
-70.079 47.466 -11.7
-70.163 47.458 -24.1
-69.905 47.592 -14.2
-70.157 47.617 -11.5
-70.247 47.539 -14.4
-69.731 47.755 -15.1
-70.246 47.601 -17.5
-69.866 47.667 -14.1
-69.878 47.592 -16.5
-69.904 47.704 -9.8
-70.329 47.429 -19.4
-69.979 47.633 -27.1
-69.973 47.545 -15.5
-69.808 47.66 -21
-70.102 47.656 -12
-70.243 47.669 -9.5
-70.024 47.678 -23.3
-70.07 47.521 -12.9
-69.826 47.659 -18.3
-69.834 47.801 -22.5
-70.049 47.786 -3.9
-70.446 47.306 -6.2
-70.166 47.331 -12.7
-70.161 47.545 -18.7
-70.047 47.419 -9.4
-70.023 47.828 -23.6
-70.044 47.453 -8.8
-70.119 47.645 -12.8
-69.906 47.642 -13.3
-70.128 47.487 -8.6
-70.311 47.402 -16.4
-70.277 47.563 -10.2
-70.122 47.718 -8.4
-69.897 47.569 -15.3
-69.735 47.754 -14.3
-69.938 47.652 -16.3
-70.18 47.599 -8.7
-70.275 47.6 -2.2
-70.126 47.578 -18.7
-69.653 47.764 -23.4
-70.053 47.586 -24.9
-70.12 47.44 -13.2
-70.212 47.524 -14.4
-70.141 47.48 -14.5
-70.414 47.576 -21.7
-70.56 47.31 -17.3
-69.954 47.803 -23.9
-70.215 47.613 -13.8
-70.328 47.433 -11.6
-70.032 47.541 -12.9
-70.44 47.422 -6
-70.147 47.729 -0.8
-69.917 47.727 -18.8
-69.945 47.71 -24.3
-69.828 47.883 -19.6
-70.341 47.415 -10
-69.794 47.794 -22
-70.424 47.402 -6.9
-70.246 47.555 -13.6
-70.426 47.442 -4.8
-70.362 47.393 -22.8
-70.076 47.483 -13.5
-70.173 47.417 -12.4
-70.044 47.471 -11.9
-70.284 47.456 -20.1
-70.805 47.541 -2.7
-70.408 47.405 -6.4
-70.033 47.507 -11.4
-70.488 47.472 -5.6
-70.179 47.514 -11.2
-70.028 47.534 -8.2
-70.535 47.322 -11.5
-70.383 47.398 -6.8
-70.353 47.498 -8.8
-70.148 47.65 -6.2
-70.08 47.696 -13.4
-70.331 47.276 -10.4
-70.501 47.477 -4.6
-70.051 47.476 -17.1
-70.414 47.421 -7
-70.005 47.646 -27.8
-70.08 47.458 -13.3
-69.966 47.5 -8.8
-70.049 47.469 -16.7
-70.268 47.495 -16.7
-70.2 47.489 -17.3
-70.216 47.401 -14.4
-70.265 47.402 -12.5
-70.106 47.452 -10.1
-69.944 47.618 -14
-69.84 47.791 -22.9
-70.201 47.44 -10.6
-70.332 47.35 -10.6
-70.42 47.466 -12.7
-69.925 47.685 -17
-70.181 47.644 -12.8
-70.13 47.402 -15.6
-70.128 47.39 -16.3
-70.169 47.444 -9.4
-69.976 47.508 -10.2
-70.231 47.559 -12.9
-70.152 47.478 -7.6
-69.953 47.554 -16.2
-69.788 47.74 -12.4
-70.064 47.41 -8.7
-70.107 47.495 -13.6
-69.962 47.584 -10.3
-70.232 47.544 -16.2
-69.958 47.517 -12.4
-69.969 47.658 -14.3
-70.109 47.345 -26.8
-70.062 47.628 -25.4
-70.053 47.785 -4
-70.105 47.495 -7.3
-70.325 47.679 -9.6
-69.992 47.755 -21.2
-70.105 47.481 -10.4
-70.261 47.612 -6.2
-70.057 47.537 -18.8
-70.301 47.534 -9.8
-69.862 47.795 -22.6
-70.468 47.27 -7.2
-70.392 47.41 -6.8
-70.118 47.72 -7.5
-70.392 47.362 -7.4
-70.195 47.608 -10.5
-70.151 47.608 -10.3
-70.389 47.606 -16.3
-70.091 47.403 -10.6
-69.802 47.669 -11.3
-70.045 47.442 -11
-69.82 47.626 -11.7
-69.921 47.725 -19.5
-69.872 47.716 -16.2
-70.152 47.631 -14
-69.912 47.736 -21.5
-70.134 47.655 -12.9
-69.736 47.747 -13.2
-70.422 47.399 -5.8
-69.857 47.798 -21.2
-69.916 47.574 -13.3
-70.209 47.622 -16.8
-69.965 47.552 -11.2
-69.966 47.667 -13
-70.396 47.562 -8.9
-69.945 47.596 -11.4
-70.482 47.401 -5.5
-70.061 47.525 -8.5
-70.277 47.578 -4.1
-69.726 47.738 -13.6
-69.993 47.553 -10
-70.098 47.471 -18.5
-70.144 47.751 -9.3
-70.415 47.529 -9.6
-69.882 47.704 -10.1
-70.185 47.4 -15.8
-70.388 47.412 -14.5
-70.28 47.509 -14.9
-70.447 47.273 -7.6
-70.363 47.534 -5.6
-70.33 47.623 -17
-70.407 47.4 -18.2
-70.23 47.595 -6.2
-70.038 47.507 -11.9
-70.038 47.433 -22.4
-69.718 47.747 -13.1
-69.939 47.767 -26.4
-69.969 47.55 -16.5
-69.991 47.657 -8.6
-69.995 47.838 -20.1
-70.347 47.447 -6.3
-69.979 47.476 -12.9
-70.32 47.26 -10.6
-69.963 47.63 -17.3
-70.034 47.459 -10.6
-70.207 47.713 -11.9
-69.956 47.473 -10.3
-70.395 47.439 -7.4
-70.3 47.557 -9.7
-70.13 47.805 -19.9
-70.216 47.562 -16.5
-70.299 47.488 -13.2
-70.162 47.663 -11.7
-70.083 47.486 -15.6
-70.212 47.528 -14.3
-70.358 47.282 -6.2
-69.861 47.79 -23.7
-69.821 47.797 -21.5
-70.334 47.433 -11
-70.406 47.282 -7.7
-70.11 47.674 -9.3
-70.327 47.407 -12.4
-70.44 47.418 -4.7
-70.11 47.633 -10.7
-69.976 47.718 -20.2
-69.844 47.638 -11.8
-70.357 47.414 -9.4
-70.261 47.356 -16.2
-70.114 47.629 -12.3
-69.862 47.869 -24.5
-70.024 47.624 -25
-70.441 47.364 -11.8
-70.135 47.485 -14.4
-69.908 47.642 -9.3
-69.931 47.734 -24.2
-70.133 47.774 -16.9
-70.284 47.445 -18.1
-70.501 47.322 -11.1
-69.815 47.82 -24.2
-70.16 47.431 -8.7
-70.07 47.443 -6.2
-70.137 47.502 -14.9
-69.98 47.54 -16.4
-70.432 47.434 -4.8
-70.1 47.491 -14.2
-69.967 47.484 -7.6
-69.891 47.597 -14.8
-70.071 47.501 -12
-69.794 47.826 -21.5
-70.04 47.485 -12.3
-70.037 47.726 -4.9
-70.243 47.844 -14.6
-69.981 47.647 -23.5
-70.095 47.452 -12.5
-69.672 47.799 -16
-69.979 47.667 -23.4
-69.803 47.824 -21.7
-70.065 47.599 -25.8
-69.821 47.809 -23.6
-70.185 47.526 -15.4
-70.381 47.421 -10.2
-70.13 47.387 -15.2
-70.055 47.468 -6.4
-70.43 47.426 -11.1
-70.048 47.787 -4.8
-70.138 47.524 -17.3
-69.916 47.584 -13
-70.366 47.489 -9.8
-70.531 47.24 -31.1
-70.463 47.401 -12.8
-70.08 47.435 -14.8
-69.984 47.819 -17
-69.951 47.609 -10.1
-70.273 47.562 -10.8
-70.131 47.386 -17.8
-70.039 47.516 -13.1
-69.897 47.667 -9.3
-70.11 47.443 -12.2
-70.029 47.56 -8.3
-69.993 47.554 -10.8
-70.099 47.695 -5.3
-70.08 47.703 -10.5
-70.378 47.441 -7.2
-70.055 47.443 -14.4
-70.071 47.695 -15
-70.361 47.454 -8.1
-69.946 47.52 -8.3
-69.841 47.789 -23.2
-70.226 47.555 -13.1
-70.076 47.492 -14.9
-70.489 47.393 -9.4
-70.428 47.426 -11.6
-70.395 47.434 -11.2
-70.004 47.599 -6.9
-69.997 47.777 -7
-69.723 47.741 -13.8
-70.034 47.559 -7.4
-70.002 47.573 -13.4
-70.281 47.522 -12.9
-70.003 47.587 -7.7
-70.15 47.506 -9.7
-70.429 47.438 -4.5
-69.963 47.802 -20.1
-70.42 47.413 -10.3
-70.195 47.583 -10.1
-70.08 47.413 -8.4
-70.418 47.419 -6
-69.915 47.794 -24.1
-70.225 47.64 -11.6
-70.356 47.543 -6.4
-69.954 47.608 -9.8
-69.975 47.728 -10.1
-70.283 47.563 -6.6
-70.36 47.232 -8.3
-70.377 47.464 -5.1
-70.001 47.57 -13.1
-69.831 47.716 -12.9
-70.474 47.469 -16.4
-70.269 47.609 -9.6
-69.946 47.805 -21.9
-69.914 47.735 -21.5
-70.046 47.503 -12.6
-70.098 47.703 -2.9
-70.201 47.624 -15.9
-69.927 47.51 -10.5
-70.198 47.435 -13.8
-70.046 47.456 -7.8
-70.018 47.515 -8.9
-70.065 47.494 -15.7
-70.373 47.34 -7.7
-70.297 47.634 -9.7
-70.392 47.411 -6.8
-69.811 47.695 -22.7
-69.768 47.85 -12.2
-69.886 47.78 -18.8
-70.239 47.642 -10.4
-69.926 47.592 -11.3
-70.405 47.41 -13.8
-70.076 47.491 -12.2
-70.038 47.5 -12.7
-69.717 47.752 -13.1
-70.07 47.457 -6.1
-70.38 47.501 -6.4
-70.137 47.395 -8.4
-70.295 47.42 -15.8
-70.049 47.788 -3.5
-70.114 47.753 -12.5
-70.179 47.415 -11.1
-70.107 47.563 -20.1
-69.876 47.654 -7.2
-70.154 47.591 -18.4
-70.388 47.45 -10.5
-70.411 47.402 -9
-70.441 47.518 -15
-69.936 47.707 -9.5
-70.533 47.441 -7.4
-69.806 47.662 -12.4
-70.206 47.62 -15.3
-69.824 47.812 -22
-70.385 47.455 -4.4
-69.961 47.822 -19.2
-70.037 47.467 -7.1
-70.175 47.62 -15.2
-70.055 47.814 -14.3
-69.948 47.492 -8.3
-70.076 47.682 -5.9
-70.089 47.495 -21.6
-70.301 47.537 -8.4
-70.052 47.61 -17.7
-69.94 47.728 -21.9
-70.356 47.43 -9.4
-70.16 47.433 -10.4
-69.986 47.479 -10.8
-70.145 47.378 -17.5
-69.912 47.862 -23.4
-70.226 47.389 -14.8
-70.051 47.785 -4.3
-70.202 47.59 -14.6
-70.389 47.542 -2.3
-70.126 47.732 -7.8
-69.856 47.754 -9.1
-69.946 47.784 -26.1
-70.448 47.269 -13.4
-69.959 47.758 -13.2
-69.734 47.751 -13.1
-69.867 47.757 -8.6
-69.929 47.72 -21.4
-70.525 47.375 -9.5
-70.333 47.44 -9.4
-69.885 47.628 -14.2
-69.668 47.732 -25.2
-70.169 47.537 -18.7
-70.444 47.306 -6.4
-69.888 47.608 -14.1
-69.971 47.503 -11.9
-69.98 47.593 -9.2
-70.254 47.606 -6
-69.991 47.474 -12
-70.019 47.516 -14.7
-69.913 47.744 -24
-70.038 47.698 -6.8
-70.051 47.477 -15.6
-70.203 47.491 -16.1
-70.01 47.584 -9.3
-70.397 47.305 -8
-69.868 47.707 -9.7
-70.328 47.597 -6.4
-70.233 47.6 -11.1
-70.118 47.443 -22.4
-70.188 47.396 -10.8
-70.453 47.332 -16.5
-70.184 47.678 -8.1
-70.128 47.474 -12.4
-69.904 47.675 -7.7
-70.133 47.742 -6.6
-70.222 47.594 -5.4
-70.192 47.715 -0
-70.193 47.596 -11
-70.129 47.692 -14.4
-69.896 47.698 -11
-70.149 47.482 -11
-70.294 47.52 -11.4
-70.339 47.398 -8.8
-70.118 47.473 -15.1
-70.277 47.554 -13.9
-69.729 47.751 -13.3
-70.049 47.783 -4.4
-70.382 47.4 -8.3
-70.132 47.509 -9.6
-70.4 47.539 -2.8
-70.073 47.516 -10.1
-70.033 47.497 -14.9
-70.389 47.498 -7.4
-69.958 47.639 -18.2
-69.806 47.692 -22.8
-70.22 47.371 -9.8
-70.027 47.538 -9.4
-70.182 47.686 -3
-69.717 47.862 -22.8
-69.915 47.533 -10.2
-70.369 47.481 -5.2
-70.406 47.423 -6
-70.364 47.382 -8
-69.824 47.848 -13
-70.074 47.412 -8
-70.073 47.479 -11.7
-70.354 47.461 -8.5
-69.923 47.678 -13.1
-70.096 47.45 -20.5
-69.991 47.527 -12
-70.056 47.529 -9.1
-69.944 47.566 -11.1
-70.141 47.387 -18.7
-70.084 47.471 -24.7
-70.512 47.361 -7.8
-70.189 47.434 -12.2
-70.514 47.315 -9.9
-70.011 47.52 -8.1
-70.114 47.492 -4.3
-70.312 47.518 -11
-69.951 47.802 -20.5
-70.328 47.348 -18.1
-70.171 47.484 -10.9
-69.986 47.537 -11
-70.159 47.343 -22.6
-70.437 47.309 -7.6
-70.12 47.643 -12.9
-69.849 47.843 -18
-69.832 47.622 -17.9
-70.315 47.399 -9
-69.923 47.563 -12.6
-69.864 47.544 -16.8
-70.519 47.325 -10.2
-70.22 47.604 -5.1
-70.387 47.314 -9.6
-69.918 47.68 -12.9
-70.129 47.366 -14.7
-70.235 47.612 -4.3
-70.039 47.509 -12.8
-70.249 47.6 -6.2
-70.385 47.346 -10.1
-70.199 47.688 -5.1
-69.948 47.719 -20.6
-70.337 47.421 -9.5
-69.91 47.607 -12.4
-70.229 47.514 -13.5
-70.352 47.518 -10.4
-69.991 47.738 -14.4
-70.135 47.612 -9.6
-70.076 47.428 -10.9
-69.967 47.808 -19.5
-70.066 47.568 -19.2
-70.201 47.622 -16.6
-69.918 47.509 -10.1
-70.266 47.546 -13.4
-70.057 47.463 -17.5
-70.273 47.405 -15.3
-70.363 47.395 -10
-69.835 47.801 -22.7
-69.915 47.623 -10.6
-70.065 47.45 -21.8
-70.029 47.456 -11
-69.983 47.458 -9.5
-70.065 47.731 -11.4
-70.438 47.306 -8.4
-70.315 47.599 -3.8
-70.366 47.417 -9.3
-70.293 47.57 -9.2
-70.001 47.592 -12
-69.831 47.8 -24.1
-70.371 47.44 -7.4
-69.664 47.741 -25.1
-70.228 47.517 -13.8
-70.344 47.413 -9.4
-70.027 47.47 -11.2
-70.149 47.539 -18
-70.373 47.276 -10.3
-70.233 47.605 -14
-70.182 47.629 -16
-70.408 47.418 -12.5
-70.186 47.634 -15.4
-70.15 47.612 -13.8
-70.249 47.605 -11.8
-70.095 47.738 -8.8
-70.364 47.525 -3.5
-70.053 47.49 -16
-70.421 47.318 -6.3
-70.405 47.364 -5.1
-69.846 47.574 -13.5
-70.096 47.623 -21.9
-69.92 47.76 -7.2
-69.899 47.614 -14
-70.033 47.554 -6.8
-70.261 47.392 -10.9
-70.373 47.531 -3
-70.257 47.553 -13.7
-70.446 47.412 -8.5
-70.151 47.495 -9.6
-70.007 47.49 -5.7
-70.124 47.387 -16.4
-69.933 47.533 -13.6
-70.404 47.411 -10.6
-70.269 47.372 -8.1
-70.055 47.514 -12.6
-70.048 47.528 -12.7
-70.026 47.549 -12.1
-70.237 47.594 -11.4
-70.424 47.435 -4.4
-70.305 47.482 -12.9
-70.032 47.565 -13.7
-70.382 47.461 -15.6
-69.791 47.604 -19.5
-70.07 47.528 -11.8
-70.373 47.413 -9.5
-70.046 47.435 -8.6
-69.913 47.759 -25.6
-70.106 47.51 -9.7
-70.061 47.496 -15.8
-69.948 47.509 -9.3
-70.308 47.51 -11.4
-70.012 47.493 -9.6
-70.063 47.425 -16.8
-70.382 47.438 -8.9
-69.942 47.644 -13.3
-69.988 47.45 -7.9
-70.115 47.404 -7.3
-70.083 47.478 -9.1
-70.099 47.439 -16.3
-69.983 47.667 -18.5
-70.165 47.631 -12.5
-70.127 47.466 -13.8
-70.236 47.62 -6.8
-70.348 47.412 -10.4
-70.217 47.603 -6.1
-70.154 47.36 -11.7
-69.719 47.754 -13.2
-70.433 47.423 -4.7
-70.1 47.484 -19.7
-69.974 47.663 -15.9
-70.383 47.528 -3.6
-70.319 47.411 -11
-70.451 47.478 -6.8
-70.125 47.441 -13.9
-69.725 47.745 -13.5
-70.161 47.526 -13.6
-70.284 47.376 -14.9
-70.292 47.531 -10.9
-70.252 47.545 -12.4
-70.38 47.303 -8.4
-70.466 47.311 -18.9
-70.254 47.368 -9.3
-69.994 47.592 -9.8
-69.883 47.657 -10
-70.186 47.529 -16.4
-69.95 47.563 -12.1
-70.066 47.489 -12.3
-70.243 47.378 -7.7
-69.985 47.525 -10.6
-70.279 47.368 -11.7
-69.987 47.494 -6.8
-70.413 47.429 -11.4
-70.43 47.451 -4
-70.051 47.434 -10.9
-69.934 47.601 -11
-70.503 47.379 -11
-69.834 47.64 -22
-70.385 47.516 -4.7
-69.906 47.584 -14.1
-70.036 47.723 -12.8
-70.198 47.453 -9.9
-70.048 47.498 -9.2
-70.091 47.414 -8.3
-70.159 47.487 -10.5
-70.023 47.516 -4
-70.156 47.549 -18.6
-70.065 47.44 -13.8
-70.305 47.418 -12.2
-69.915 47.634 -16.8
-69.943 47.598 -12.1
-69.903 47.684 -8.7
-69.924 47.663 -8.2
-70.255 47.581 -6.7
-69.734 47.75 -12.9
-70.035 47.516 -12.7
-69.92 47.663 -8.5
-69.975 47.521 -11.2
-70.355 47.392 -9.1
-69.753 47.767 -23.8
-70.091 47.721 -12.5
-69.977 47.581 -8.6
-70.087 47.516 -8.2
-70.185 47.386 -13.6
-70.346 47.471 -9.6
-69.965 47.644 -23.1
-70.132 47.666 -12.8
-69.953 47.582 -11
-70.193 47.54 -23.8
-70.207 47.527 -15.8
-69.721 47.754 -13.8
-70.051 47.784 -3.9
-69.932 47.784 -24.3
-70.216 47.531 -15.6
-70.134 47.646 -7.3
-69.88 47.65 -12.6
-70.131 47.461 -19.1
-70.008 47.481 -10.8
-70.127 47.611 -18.4
-70.157 47.63 -12.4
-70.585 47.324 -11.9
-70.442 47.43 -13.2
-70.365 47.512 -10.8
-70.046 47.498 -14
-69.902 47.545 -12.1
-70.164 47.442 -11.7
-70.063 47.469 -17.4
-70.129 47.391 -15.4
-70.066 47.504 -11.9
-70.438 47.432 -3.9
-69.956 47.72 -23.5
-69.742 47.74 -13
-69.936 47.529 -13.5
-70.059 47.438 -8.8
-70.193 47.603 -10.5
-70.312 47.557 -6.8
-70.244 47.355 -14.9
-69.942 47.644 -13.5
-70.482 47.489 -18
-70.315 47.3 -12.2
-69.865 47.784 -9.7
-69.934 47.612 -11.7
-70.127 47.56 -15.4
-69.746 47.774 -23.6
-70.096 47.577 -18.6
-70.515 47.321 -11
-70.421 47.426 -6.4
-70.365 47.557 -3.3
-69.942 47.774 -11.7
-70.047 47.803 -5.5
-70.357 47.538 -6.9
-69.824 47.622 -19
-70.247 47.593 -11.4
-70.315 47.268 -10.9
-70.122 47.458 -8.1
-69.947 47.642 -15.1
-70.055 47.525 -6.6
-70.399 47.408 -6.2
-70.201 47.59 -13
-69.825 47.714 -10.1
-70.396 47.401 -6.1
-70.396 47.429 -7.7
-69.899 47.671 -14.3
-70.065 47.422 -14.4
-69.963 47.652 -13.1
-69.729 47.743 -13.2
-69.898 47.624 -13
-70.19 47.581 -11.3
-70.348 47.572 -15.5
-69.738 47.729 -25.3
-70.23 47.628 -5.8
-70.057 47.486 -20
-70.362 47.213 -10.6
-70.043 47.441 -11.5
-70.068 47.581 -13.3
-70.064 47.46 -9.9
-69.981 47.483 -11.9
-69.942 47.773 -21.5
-69.827 47.841 -20
-69.891 47.697 -8.4
-70.148 47.431 -11.8
-69.811 47.656 -10.9
-70.195 47.51 -14.2
-69.826 47.635 -9.3
-69.943 47.583 -10.3
-70.3 47.449 -12
-70.431 47.411 -5.1
-70.057 47.444 -9
-69.88 47.68 -11.7
-69.98 47.742 -15.4
-70.173 47.606 -9.2
-70.511 47.417 -9.1
-69.936 47.723 -24.4
-70.415 47.423 -6.1
-69.837 47.801 -23.6
-69.947 47.483 -9.2
-69.971 47.568 -6.9
-70.044 47.698 -11.6
-69.929 47.636 -10.3
-70.011 47.571 -14
-69.972 47.748 -17.9
-70.562 47.598 -0
-70.059 47.511 -11.5
-70.388 47.45 -5.8
-69.948 47.611 -11.8
-70.144 47.539 -16.5
-70.086 47.758 -14.7
-70.065 47.456 -11.9
-70.175 47.351 -15.1
-70.097 47.447 -13.6
-69.855 47.79 -21.6
-69.869 47.796 -19.1
-70.418 47.42 -13.9
-69.915 47.591 -13.8
-70.525 47.547 -21.4
-70.251 47.554 -14.4
-70.391 47.526 -2.5
-70.026 47.706 -15.1
-69.967 47.582 -10.6
-70.127 47.513 -10.4
-70.139 47.446 -15.3
-70.331 47.264 -7.8
-70.007 47.542 -8.1
-70.053 47.463 -12.2
-70.45 47.419 -4.2
-70.337 47.419 -10.6
-70.415 47.407 -5.3
-70.16 47.682 -11
-70.402 47.379 -18.3
-70.025 47.6 -15.1
-69.862 47.717 -13.1
-70.207 47.639 -12.7
-70.129 47.383 -15.3
-70.125 47.555 -22.2
-70.223 47.604 -6.6
-70.079 47.463 -10.4
-70.032 47.484 -8.9
-70.026 47.519 -13.9
-70.078 47.501 -17.4
-70.137 47.437 -15.1
-70.427 47.406 -6.3
-69.914 47.726 -20.7
-69.924 47.602 -12.4
-70.036 47.454 -12.2
-69.729 47.757 -13.9
-69.823 47.795 -21.9
-70.025 47.477 -6.6
-70.109 47.497 -8.9
-70.234 47.381 -13.1
-70.13 47.471 -13.5
-69.955 47.501 -10.9
-70.217 47.651 -12
-69.941 47.615 -11.9
-69.823 47.643 -11.5
-70.31 47.471 -12.3
-70.358 47.516 -3.5
-70.242 47.537 -18.5
-70.208 47.441 -14.5
-70.244 47.613 -6
-70.131 47.387 -17.1
-70.478 47.333 -14
-70.394 47.484 -4.4
-69.965 47.594 -10
-70.365 47.214 -8.4
-70.287 47.584 -4.2
-70.401 47.446 -14.1
-70.261 47.377 -13.7
-69.975 47.533 -10.7
-69.935 47.806 -18.8
-70.393 47.338 -7.3
-70.4 47.453 -11.3
-69.913 47.612 -12.4
-70.153 47.608 -14.1
-70.047 47.453 -6.1
-70.034 47.493 -14.6
-70.299 47.419 -12.2
-70.147 47.539 -18.1
-70.419 47.444 -11.8
-70.399 47.431 -6.5
-70.366 47.279 -10.2
-70.111 47.494 -11.5
-70.424 47.402 -6.9
-69.916 47.68 -9.1
-69.958 47.583 -11
-69.672 47.731 -25.2
-70.389 47.501 -16.9
-70.258 47.484 -14
-70.549 47.833 -6.9
-70.028 47.536 -9.5
-70.199 47.728 -5.1
-70.081 47.5 -20.1
-70.247 47.581 -6.5
-69.837 47.577 -19.5
-70.189 47.682 -6.7
-70.346 47.432 -10.6
-70.159 47.62 -14.4
-70.402 47.446 -12.8
-69.951 47.52 -12.4
-70.065 47.411 -9.1
-69.89 47.614 -14.8
-70.358 47.464 -6.5
-69.909 47.784 -13.4
-70.118 47.465 -23.3
-69.718 47.759 -14.1
-70.189 47.509 -9.6
-70.132 47.461 -15
-70.296 47.494 -12.1
-70.054 47.783 -5.5
-69.983 47.843 -23.5
-70.227 47.334 -11.9
-70.406 47.504 -4.6
-70.148 47.653 -13.5
-70.298 47.218 -12.3
-69.7 47.8 -18.3
-70.159 47.342 -15.9
-70.197 47.63 -13.1
-69.999 47.568 -12.6
-70.086 47.435 -22.9
-69.781 47.717 -12.4
-69.722 47.753 -14.5
-70.3 47.342 -6
-70.235 47.642 -9.2
-70.256 47.418 -14
-70.427 47.426 -5.5
-69.942 47.807 -19.9
-70.308 47.533 -10.1
-69.87 47.621 -15.2
-70.05 47.48 -5.7
-70.15 47.441 -14.8
-70.222 47.609 -11.7
-70.101 47.48 -19.6
-70.391 47.558 -8.9
-70.344 47.424 -10.9
-70.201 47.374 -13.4
-70.028 47.541 -8.4
-69.994 47.526 -10.2
-69.895 47.633 -13.8
-70.232 47.606 -11
-70.315 47.44 -12.9
-70.131 47.409 -11.9
-70.033 47.567 -8
-70.275 47.521 -10.2
-70.197 47.514 -12.9
-70.302 47.643 -6
-69.963 47.503 -11.6
-69.899 47.604 -13.3
-69.983 47.51 -19.2
-70.064 47.51 -17.8
-70.207 47.62 -6.9
-69.907 47.567 -14.9
-70.229 47.456 -15.7
-69.92 47.805 -25.1
-70.052 47.548 -10.9
-70.08 47.711 -15.3
-69.809 47.696 -21.9
-70.098 47.486 -20.9
-70.12 47.366 -11.5
-69.891 47.781 -19.1
-69.963 47.687 -6.9
-70.187 47.598 -6.6
-70.322 47.593 -4.7
-70.395 47.339 -7.6
-70.016 47.511 -9.6
-69.759 47.713 -23.7
-70.03 47.429 -15.2
-70.466 47.417 -12.3
-70.115 47.456 -19.6
-70.364 47.512 -7.6
-70.337 47.352 -16.8
-70.264 47.604 -10.3
-69.81 47.81 -22.6
-70.106 47.575 -19.3
-70.327 47.393 -20.6
-70.043 47.514 -15
-70.377 47.416 -12.1
-70.054 47.793 -2.5
-70.276 47.6 -14.4
-70.284 47.412 -11.2
-69.984 47.583 -15.5
-70.166 47.496 -7.9
-70.464 47.447 -4.9
-70.408 47.535 -8.3
-70.051 47.458 -8.3
-70.242 47.39 -13.9
-70.112 47.45 -23.2
-69.946 47.45 -9.7
-70.248 47.384 -12.7
-70.37 47.435 -11.4
-70.219 47.602 -17.2
-69.824 47.805 -24.7
-69.812 47.797 -20.3
-70.088 47.482 -7.9
-69.929 47.568 -13.1
-70.3 47.242 -11.8
-70.357 47.485 -8.4
-70.243 47.546 -12.1
-70.089 47.404 -15.3
-70.509 47.33 -10.4
-69.822 47.798 -23
-70.132 47.485 -8.3
-70.247 47.397 -11.1
-70.094 47.504 -11.6
-70.394 47.5 -5
-70.343 47.236 -9.4
-70.204 47.469 -10.8
-70.256 47.312 -9.9
-70.192 47.464 -11.6
-70.251 47.291 -18.8
-69.683 47.845 -18
-70.386 47.401 -8.5
-70.066 47.452 -5.8
-70.131 47.529 -14.2
-70.048 47.694 -12.5
-70.101 47.48 -11.4
-70.128 47.453 -11
-70.053 47.487 -11.9
-70.164 47.524 -12.4
-70.239 47.384 -20.9
-70.049 47.545 -7.7
-70.266 47.56 -11.3
-69.974 47.568 -6.8
-69.85 47.756 -21.6
-69.907 47.624 -11.9
-70.392 47.478 -5.6
-69.908 47.633 -11.7
-70.062 47.428 -16.9
-70.384 47.434 -5.6
-69.906 47.569 -14.2
-70.441 47.43 -5.6
-69.725 47.749 -14.4
-70.168 47.398 -11.1
-70.225 47.622 -11.7
-69.965 47.566 -15.1
-70.112 47.469 -11.4
-69.723 47.745 -13.1
-70.06 47.409 -13.3
-70.45 47.377 -13.3
-70.102 47.461 -17.8
-70.471 47.403 -8.6
-69.785 47.62 -16.5
-70.147 47.468 -20.5
-70.046 47.467 -14.5
-70.444 47.438 -9.8
-70.118 47.504 -12.5
-70.117 47.374 -11.6
-69.828 47.81 -23.2
-70.236 47.6 -12.3
-69.736 47.748 -13.2
-70.131 47.321 -22.5
-70.403 47.407 -7
-70.068 47.509 -15.8
-69.918 47.723 -19.7
-69.734 47.749 -14
-70.213 47.585 -10.6
-70.071 47.497 -22.8
-70.362 47.456 -10.3
-69.916 47.677 -11.8
-70.13 47.388 -15.7
-69.974 47.561 -16.8
-70.351 47.481 -6.5
-70.138 47.491 -6.8
-70.397 47.495 -2.5
-70.339 47.518 -3.2
-70.346 47.284 -10.2
-69.959 47.513 -11.5
-70.016 47.474 -13.6
-70.218 47.386 -13.9
-70.206 47.485 -15.9
-70 47.529 -13.1
-70.347 47.574 -17
-70.394 47.432 -6.8
-70.301 47.536 -11.7
-70.387 47.525 -6
-70.238 47.428 -14.5
-70.272 47.629 -23.2
-70.481 47.313 -11.7
-70.113 47.73 -9.7
-70.083 47.546 -10.6
-70.022 47.518 -9.8
-70.493 47.327 -12.6
-70.107 47.502 -11.1
-70.303 47.571 -10.7
-70.007 47.477 -15.8
-69.783 47.81 -20.8
-70.042 47.49 -13.7
-70.386 47.396 -8.1
-70.076 47.7 -7.1
-70.149 47.42 -20.1
-70.354 47.416 -15.8
-70.008 47.538 -9.1
-69.924 47.815 -19.4
-70.224 47.594 -7.1
-69.913 47.683 -7.2
-70.145 47.607 -14.1
-70.13 47.544 -16
-70.045 47.46 -14.6
-70.168 47.46 -10.6
-70.616 47.28 -9.2
-70.443 47.448 -5
-69.951 47.86 -21.8
-70.204 47.491 -16.5
-70.051 47.477 -4.6
-70.1 47.73 -9
-70.175 47.38 -13.5
-70.059 47.439 -8.2
-69.877 47.533 -16.4
-70.121 47.501 -8.1
-70.145 47.393 -11.1
-70.087 47.547 -13.6
-70.087 47.368 -23.2
-69.779 47.707 -11.3
-70.456 47.323 -19
-70.05 47.467 -7.7
-70.013 47.531 -14.4
-70.203 47.415 -13.3
-70.313 47.421 -12.6
-70.063 47.507 -7.7
-70.024 47.453 -9.8
-70.005 47.459 -10.1
-70.047 47.808 -13.8
-70.175 47.597 -11.4
-70.246 47.392 -10.2
-70.283 47.479 -12.1
-70.129 47.389 -22.6
-70.407 47.486 -9.9
-70.424 47.621 -20.3
-70.189 47.628 -11.9
-70.281 47.391 -14.4
-70.416 47.417 -6.2
-69.983 47.758 -17.5
-70.134 47.463 -10.9
-69.881 47.643 -13.7
-70.348 47.441 -10.7
-70.051 47.487 -12.4
-70.288 47.434 -14.3
-70.237 47.618 -7.2
-69.742 47.709 -28.5
-70.339 47.426 -10
-70.129 47.533 -15.3
-69.858 47.567 -17.7
-70.157 47.396 -16
-70.387 47.516 -5.2
-70.165 47.414 -12.8
-70.259 47.383 -13.3
-70.033 47.511 -12.8
-70.375 47.403 -9.7
-70.306 47.572 -9.6
-70.146 47.472 -9
-70.385 47.489 -4.6
-70.386 47.529 -3.1
-70.28 47.541 -14.5
-70.055 47.425 -7.2
-70.221 47.507 -12.8
-70.002 47.737 -17.6
-70.417 47.424 -6
-70.437 47.458 -5
-70.38 47.449 -9.9
-69.893 47.568 -16
-70.291 47.619 -13.7
-70.484 47.402 -2.3
-70.385 47.568 -16.5
-69.736 47.834 -23.2
-70.377 47.319 -8.8
-70.253 47.574 -5.2
-70.187 47.324 -10.6
-70.464 47.425 -10.2
-70.281 47.563 -9.3
-70.295 47.581 -9.7
-70.089 47.477 -11.6
-70.419 47.453 -5.6
-70.113 47.785 -24.3
-70.063 47.685 -11.3
-70.184 47.551 -19.6
-69.894 47.6 -13.6
-70.07 47.456 -15.4
-70.129 47.389 -15.6
-70.189 47.545 -19.9
-70.152 47.446 -12
-70.2 47.597 -13.4
-69.902 47.648 -10.1
-70.263 47.533 -9.1
-69.939 47.83 -17.7
-70.025 47.507 -12
-70.428 47.425 -6.7
-70.148 47.426 -8.9
-70.082 47.699 -4.9
-69.953 47.514 -8.6
-70.215 47.583 -6
-69.962 47.49 -8.1
-70.085 47.477 -10.7
-69.951 47.475 -15.3
-70.15 47.592 -16.3
-70.436 47.389 -5.2
-70.199 47.571 -14.3
-70.416 47.46 -12.6
-70.239 47.504 -17
-70.202 47.529 -13.6
-70.332 47.427 -10.9
-70.325 47.546 -10.1
-70.503 47.412 -6.7
-70.348 47.406 -8.6
-70.103 47.35 -17
-70.195 47.697 -13.4
-70.415 47.404 -7
-70.105 47.52 -11.3
-69.729 47.745 -14.3
-69.972 47.567 -11.2
-70.117 47.437 -9.7
-70.268 47.392 -12.8
-70.081 47.692 -10.5
-69.991 47.486 -10.8
-70.025 47.823 -19.2
-70.285 47.61 -17.1
-70.272 47.404 -12.7
-70.289 47.473 -19.6
-70.399 47.466 -5
-70.201 47.638 -12.3
-70.012 47.406 -11.9
-69.853 47.769 -20.5
-70.412 47.456 -15.3
-70.127 47.412 -18.2
-70.084 47.688 -5.4
-70.314 47.422 -9.6
-70.311 47.429 -11.7
-70.3 47.529 -9.1
-70.475 47.265 -8.5
-70.4 47.47 -8.6
-70.202 47.61 -4.8
-70.166 47.535 -15.1
-70.302 47.454 -9.9
-70.106 47.734 -10.5
-70.501 47.328 -10.1
-70.024 47.5 -16.5
-70.365 47.416 -8.3
-69.921 47.86 -25.1
-70.168 47.586 -10.3
-70.339 47.54 -18
-70.133 47.616 -10.1
-70.374 47.503 -1.9
-70.158 47.561 -22.6
-70.442 47.43 -4.4
-70.064 47.517 -5.8
-70.344 47.53 -6.3
-69.966 47.815 -17.3
-70.18 47.478 -8.4
-69.918 47.725 -19.5
-70.064 47.495 -15.8
-69.794 47.818 -22.7
-70.064 47.566 -12.6
-70.128 47.534 -16.9
-70.056 47.688 -11.3
-70.183 47.631 -12.9
-70.299 47.412 -13.2
-69.766 47.743 -5.4
-70.326 47.373 -12.1
-70.072 47.442 -15.9
-69.895 47.713 -24.2
-70.052 47.458 -15.1
-70.082 47.686 -12.1
-70.09 47.703 -13.3
-70.123 47.416 -9.6
-70.29 47.519 -14.4
-69.969 47.476 -10.4
-70.111 47.532 -20.3
-70.362 47.484 -8.4
-70.066 47.499 -10.4
-70.38 47.402 -7.8
-70.401 47.437 -7.5
-70.24 47.559 -6.5
-70.295 47.428 -12.7
-69.885 47.664 -10
-69.818 47.804 -21.7
-69.886 47.613 -14.6
-70.32 47.573 -9.4
-70.408 47.496 -5.9
-69.99 47.671 -21.4
-70.294 47.422 -14.2
-70.426 47.503 -7.6
-69.981 47.816 -18
-70.251 47.4 -15.6
-70.114 47.443 -21.1
-70.132 47.379 -14.6
-70.254 47.26 -18
-70.399 47.45 -12.2
-70.071 47.597 -21.6
-70.105 47.729 -10.6
-69.915 47.61 -12.1
-70.403 47.396 -5.6
-70.023 47.503 -15.4
-70.167 47.418 -10.1
-70.007 47.546 -14.2
-70.311 47.309 -8.7
-69.906 47.625 -11.9
-70.217 47.589 -15.9
-70.359 47.398 -10
-70.081 47.507 -15.5
-70.174 47.383 -13.2
-70.344 47.441 -12.8
-69.798 47.786 -20.6
-69.957 47.555 -11.7
-70.014 47.564 -13.8
-70.29 47.359 -9.2
-70.221 47.604 -5.5
-70.442 47.427 -6.3
-70.059 47.444 -8.9
-70.186 47.526 -17.2
-70.01 47.434 -11.4
-70.265 47.557 -12.4
-70.424 47.423 -6.4
-70.156 47.67 -6.7
-70.042 47.58 -9.8
-69.945 47.754 -21.7
-70.083 47.385 -14.4
-70.182 47.642 -14.8
-70.404 47.601 -16.2
-70.395 47.461 -10
-70.308 47.508 -13.3
-70.277 47.409 -14.9
-70.289 47.397 -11.6
-70.11 47.688 -10.6
-70.394 47.451 -6.2
-70.27 47.308 -14
-70.19 47.732 -3.7
-69.956 47.601 -15
-70.141 47.659 -5.1
-70.17 47.606 -12.1
-69.722 47.757 -14
-70.153 47.586 -19.1
-69.836 47.619 -11.3
-70.365 47.461 -6.5
-70.439 47.421 -4.9
-70.351 47.441 -12.7
-70.214 47.364 -8.7
-70.3 47.544 -11.6
-69.971 47.597 -9.8
-70.204 47.581 -3.3
-70.112 47.47 -7.9
-70.372 47.525 -5.7
-70.224 47.585 -6.9
-70.267 47.546 -6.7
-69.992 47.603 -10.1
-70.268 47.48 -13.1
-69.947 47.811 -19.9
-70.03 47.521 -13.3
-69.87 47.609 -9.9
-70.277 47.259 -24.9
-70.081 47.703 -10.5
-70.031 47.456 -8.9
-70.131 47.386 -16.1
-70.242 47.628 -7.1
-69.727 47.744 -13.1
-70.134 47.423 -14.6
-70.168 47.609 -12.1
-70.003 47.539 -8
-69.916 47.732 -22.6
-70.237 47.641 -14.7
-70.418 47.285 -9.2
-70.406 47.535 -9.8
-70.373 47.405 -14.5
-69.9 47.636 -11.6
-70.224 47.416 -22.7
-70.187 47.42 -8.5
-69.955 47.512 -13.1
-70.384 47.528 -6.8
-70.143 47.381 -19.6
-70.305 47.49 -13.1
-70.205 47.703 -6.5
-70.406 47.451 -5.1
-70.172 47.459 -12
-70.256 47.538 -11.4
-69.945 47.723 -24.6
-70.082 47.656 -6.2
-70.397 47.497 -8.4
-69.946 47.72 -24.2
-70.431 47.391 -11.4
-70.089 47.514 -13.4
-70.308 47.59 -22.8
-70.313 47.417 -10.3
-70.135 47.488 -20
-70.101 47.488 -13.8
-70.135 47.638 -10.4
-70.375 47.196 -14.1
-70.076 47.515 -8.3
-70.202 47.504 -17.2
-69.907 47.674 -7.6
-70.389 47.434 -8
-70.153 47.651 -12.9
-69.882 47.689 -11
-70.313 47.395 -12.2
-69.792 47.815 -20.3
-70.226 47.367 -6.4
-70.074 47.735 -10
-70.456 47.423 -4
-70.096 47.469 -9.2
-69.757 47.753 -21.8
-70.483 47.444 -18
-70.204 47.653 -14.7
-70.424 47.521 -2.4
-69.793 47.685 -13.6
-70.095 47.549 -20.7
-69.967 47.485 -9.4
-70.123 47.427 -7.8
-70.425 47.515 -12.5
-70.05 47.509 -12.4
-70.481 47.356 -12.7
-70.193 47.586 -11
-70.135 47.63 -13.2
-70.016 47.513 -9
-70.02 47.486 -9.2
-70.386 47.553 -8.7
-70.395 47.428 -6.4
-70.303 47.549 -7.7
-70.463 47.422 -3.6
-70.223 47.556 -11.4
-69.898 47.636 -12.1
-70.335 47.432 -7.4
-70.296 47.502 -12.8
-69.942 47.595 -13.6
-70.204 47.365 -9.8
-70.367 47.549 -5.4
-70.116 47.457 -12.1
-70.227 47.513 -12.4
-70.012 47.584 -6.3
-70.284 47.491 -13.9
-69.955 47.494 -10.4
-70.25 47.386 -12.1
-70.382 47.534 -8.6
-70.223 47.548 -13.8
-69.76 47.684 -10.8
-70.078 47.783 -10.7
-69.925 47.492 -16.6
-70.264 47.491 -13.2
-69.786 47.804 -25.5
-70.303 47.567 -5.5
-70.408 47.414 -5.7
-70.114 47.532 -20.3
-70.165 47.537 -18.8
-70.109 47.469 -12.1
-70.388 47.424 -6.3
-70.284 47.41 -15.3
-70.378 47.537 -2.9
-70.125 47.389 -15.6
-70.261 47.595 -6.5
-70.308 47.554 -7
-69.943 47.508 -9.4
-70.506 47.378 -5.9
-70.41 47.431 -6.3
-70.028 47.462 -8.4
-69.939 47.466 -15.4
-70.402 47.425 -13.9
-70.493 47.475 -4.8
-70.438 47.416 -10
-70.179 47.669 -8.2
-70.39 47.3 -15.2
-70.317 47.398 -12
-70.025 47.549 -13.6
-69.839 47.799 -22.1
-70.201 47.529 -16
-70.376 47.546 -9
-70.351 47.429 -8
-70.41 47.392 -7.2
-70.277 47.56 -9.1
-70.065 47.367 -21.2
-70.391 47.501 -3.5
-70.357 47.517 -4.2
-70.179 47.526 -15.2
-70.157 47.63 -13.3
-70.239 47.417 -16.8
-70.39 47.443 -7
-69.989 47.569 -8.9
-70.026 47.703 -15.1
-70.373 47.548 -15.9
-70.441 47.428 -4.5
-70.443 47.414 -5.2
-70.147 47.402 -14.9
-70.368 47.403 -7.4
-70.25 47.379 -10.6
-70.179 47.614 -9.9
-69.824 47.669 -23.6
-69.727 47.747 -14.8
-70.276 47.668 -8.3
-70.186 47.69 -6.9
-70.381 47.488 -8.2
-70.461 47.363 -4.7
-70.134 47.676 -6.3
-70.324 47.419 -13.2
-70.133 47.438 -22.4
-70.12 47.641 -8.8
-70.454 47.428 -2.6
-70.384 47.474 -5.1
-70.257 47.553 -13.6
-70.369 47.41 -8.8
-69.974 47.481 -12.6
-69.805 47.803 -20.3
-69.953 47.553 -11.4
-70.394 47.414 -7.1
-70.192 47.661 -16.4
-70.22 47.496 -11.3
-69.726 47.742 -13.2
-70.205 47.323 -23
-70.323 47.406 -12.5
-70.126 47.398 -16.5
-70.256 47.443 -16.3
-70.131 47.492 -6.4
-70.139 47.352 -12.1
-70.472 47.467 -14.1
-70.24 47.417 -20.5
-69.976 47.695 -23
-70.129 47.464 -10.8
-70.461 47.425 -6.2
-69.968 47.659 -12.5
-70.032 47.407 -10.1
-70.02 47.464 -9.9
-70.138 47.479 -11.8
-70.327 47.573 -10.1
-69.997 47.831 -23.4
-70.359 47.485 -8
-70.189 47.607 -10.5
-70.05 47.557 -11.3
-70.327 47.255 -3.6
-70.439 47.483 -15.9
-70.11 47.469 -7.6
-70.122 47.529 -14.8
-70.455 47.424 -3.8
-70.17 47.442 -9.1
-70.382 47.454 -7.5
-70.274 47.61 -19.8
-70.028 47.517 -14.5
-69.975 47.506 -7.4
-70.058 47.546 -11.9
-69.928 47.603 -11.5
-70.376 47.413 -15.1
-70.194 47.594 -14.4
-70.254 47.594 -4.3
-70.387 47.449 -6.2
-70.084 47.502 -15.2
-70.292 47.465 -13.8
-70.095 47.457 -9.5
-70.378 47.449 -5
-70.44 47.368 -8.4
-69.861 47.815 -22.9
-69.767 47.673 -16
-70.139 47.462 -17.7
-70.115 47.73 -9.4
-69.816 47.785 -20.1
-69.94 47.492 -10.6
-69.998 47.572 -15.1
-70.321 47.352 -4.3
-70.36 47.494 -8.6
-70.27 47.331 -9.4
-70.356 47.418 -14.6
-70.155 47.579 -10.2
-70.259 47.383 -13.1
-70.153 47.507 -17.6
-70.371 47.42 -14.5
-70.231 47.565 -13.1
-70.504 47.364 -16.5
-70.034 47.532 -10.4
-70.448 47.423 -4
-70.352 47.416 -7.2
-70.154 47.534 -15.9
-70.099 47.389 -18.2
-70.212 47.632 -13.9
-70.199 47.685 -9.8
-70.153 47.638 -9.7
-69.955 47.651 -12.5
-70.135 47.505 -18.9
-70.208 47.304 -22.9
-70.434 47.498 -4.3
-70.361 47.533 -6
-70.299 47.535 -11.9
-70.109 47.491 -9.3
-70.147 47.478 -11.9
-70.297 47.453 -12.5
-70.322 47.288 -15.3
-70.393 47.407 -16
-70.407 47.403 -3
-70.032 47.518 -16.4
-70.025 47.521 -13.5
-69.981 47.478 -10.4
-70.744 47.294 -13.7
-70.224 47.619 -12.5
-70.214 47.583 -7.7
-69.89 47.681 -14.9
-69.806 47.658 -21.3
-70.4 47.492 -0
-70.455 47.426 -4.4
-70.058 47.467 -17.8
-70.222 47.539 -15.5
-70.342 47.426 -9
-70.136 47.524 -16.9
-70.065 47.436 -8.9
-70.183 47.518 -20.5
-70.142 47.531 -17.6
-70.232 47.59 -12.1
-70.209 47.385 -12.6
-70.105 47.547 -19.3
-70.357 47.486 -6.2
-70.053 47.446 -11.6
-69.965 47.787 -18.3
-70.37 47.31 -10.3
-70.001 47.529 -8.6
-70.368 47.505 -5.5
-70.112 47.59 -7.9
-70.244 47.57 -3.5
-69.88 47.68 -13.9
-70.124 47.395 -16.3
-70.433 47.527 -8.5
-70.05 47.464 -8.2
-70.014 47.594 -11.2
-70.145 47.656 -16.3
-70.114 47.62 -5
-70.226 47.518 -11.9
-70.23 47.408 -12.4
-70.207 47.525 -13.7
-70.124 47.449 -14.4
-70.032 47.46 -10.7
-70.241 47.548 -11.1
-70.361 47.531 -3.7
-70.271 47.539 -11.9
-70.064 47.49 -11.7
-70.22 47.693 -4.7
-70.028 47.564 -8.4
-70.034 47.461 -10.6
-70.461 47.5 -3.9
-70.128 47.39 -15.6
-70.406 47.441 -5.8
-70.126 47.392 -15.8
-70.085 47.712 -10.7
-70.362 47.441 -12.5
-70.208 47.644 -11.6
-70.204 47.666 -17.9
-70.394 47.335 -9.3
-70.454 47.423 -3.7
-70.149 47.702 -2.5
-69.921 47.858 -22.4
-70.13 47.687 -7
-70.239 47.609 -8.4
-69.949 47.556 -14.9
-70.502 47.461 -18
-70.5 47.461 -18.1
-69.977 47.522 -3.4
-69.987 47.466 -12.6
-70.675 47.24 -18
-70.302 47.576 -16.4
-70.102 47.466 -9.2
-69.902 47.636 -12.1
-70.448 47.417 -9.5
-70.411 47.423 -13.4
-70.364 47.559 -9.1
-70.397 47.42 -14.8
-70.036 47.454 -10.4
-70.382 47.573 -8
-70.135 47.364 -14.4
-70.421 47.435 -3.8
-70.075 47.446 -15.9
-70.239 47.444 -18.1
-69.795 47.619 -20
-69.865 47.701 -13.8
-70.203 47.528 -13.6
-70.194 47.46 -12
-70.221 47.596 -15.3
-70.035 47.515 -7.7
-70.057 47.53 -7.5
-69.906 47.547 -10.2
-70.301 47.54 -8.3
-70.128 47.65 -10
-69.774 47.618 -19.9
-70.266 47.597 -4.8
-70.005 47.573 -11.5
-70.15 47.611 -13
-70.335 47.6 -9.8
-70.325 47.394 -18.2
-70.157 47.435 -11.4
-70.329 47.557 -15.3
-70.02 47.435 -10.7
-70.128 47.446 -21.2
-70.17 47.475 -11.4
-70.163 47.669 -8.5
-70.022 47.445 -12.2
-70.406 47.455 -6.8
-70.051 47.462 -7.1
-70.117 47.388 -8.7
-70.257 47.544 -12.6
-70.089 47.766 -11.1
-70.372 47.405 -15.1
-70.037 47.455 -10.2
-70.165 47.337 -9.5
-70.285 47.513 -12.8
-70.267 47.551 -11.5
-69.949 47.776 -17
-70.183 47.718 -6.7
-70.269 47.398 -12.3
-70.247 47.727 -6.2
-70.465 47.339 -9.6
-70.264 47.545 -10.6
-70.075 47.48 -13.5
-69.89 47.543 -15.7
-69.984 47.615 -6.1
-70.029 47.756 -6.5
-70.458 47.205 -3.4
-70.207 47.58 -2.3
-70.106 47.468 -10.6
-70.417 47.482 -11.9
-70.431 47.44 -3.6
-69.799 47.643 -14.7
-70.248 47.548 -12.8
-70.422 47.494 -3.5
