    -7.01039      2.16551
    -0.43421     15.57504
     0.38803     15.54514
     2.57487     18.73440
    -6.96130      2.06682
    -4.20660     14.17827
    -3.88106     14.22598
    -4.21603     14.58958
    -2.28264     14.78115
    14.51780     14.66477
     8.39099     24.02858
     7.88005     23.94756
    -6.86929      3.11412
     8.00486     23.30946
     7.96766     24.10222
     7.99795     24.24135
     8.04338     24.18727
    -1.13517      1.93622
    -0.86370     11.43692
     1.86212     17.02746
     1.57906     17.32124
     1.88859     17.19306
     0.37523      8.22431
    -1.16536      1.77169
    -1.22429      1.75674
    -1.16520      2.06999
    -7.35742      3.81945
    11.95341      7.34590
    12.07262      7.30449
    12.37416      7.43205
    -7.01419      2.50556
    -7.10167      2.33273
    -6.92254      2.52093
    -1.80846      7.28801
    -1.76056      7.45803
    -1.41300      7.29536
     5.15229     21.27279
     5.00935     20.11008
     4.99882     20.64384
    -1.11646      1.39448
    -0.66833     10.57039
    -6.30316     11.08709
    -6.80351      2.26963
    13.80712     14.56989
    13.80736     14.57702
    13.51210     14.60095
    13.54692     14.95539
    -3.36795     14.40751
    -1.20693      8.34592
     6.51631     21.96409
     4.71870      3.00831
     5.31875      3.14804
     5.25821      3.22421
     5.17707      3.27222
    -7.17699      3.61334
    -7.34785      3.70809
     1.55036      8.86606
     1.39255      9.55643
     1.57305      9.12769
     1.49503      9.23932
     6.77874     23.56719
     6.99445     19.63965
     7.41546     19.46358
     7.10068     19.56701
    -5.38943     11.52775
    -5.58529     11.68421
    -5.40706     11.66104
    -5.34696     11.66499
    -1.05951      2.33932
    -1.26806      2.26277
    -1.30990      2.38327
     3.44169     18.48863
     2.00799     10.13158
    -1.89353      7.27332
    -2.13779      7.31112
    -0.46667      9.91273
    -6.88254      4.09893
    -6.96403      3.39280
    -7.11308      3.34832
     7.35452      4.38318
     0.87667     17.51738
    -0.46474     11.84694
    -1.75446     12.20127
    -5.36015      9.41374
    -1.29487      1.63469
    -0.66747     10.64816
    -1.46246     10.97749
     4.89993     19.82951
    -0.86946      7.78205
    -1.07419     10.22670
     1.11501     12.54177
     0.18808     12.56485
    -1.25575      1.46793
    -6.26413     12.23840
    -6.48957     12.38433
    -6.06506     12.57537
     2.74839     12.23292
    -5.41970     11.92857
    -7.54957      3.43246
    -7.74755      3.66014
    -0.23862     13.08454
    -0.69931     13.26464
    13.41120     13.75857
    -3.97799     14.02386
    -3.93647     14.04132
    -3.84187     14.57984
     0.87786     22.96345
     0.64144     22.69383
     0.93930     16.26636
    12.63692      6.79754
    -3.24095      2.56634
    -2.95511      2.71829
    -3.12036      2.24405
    -6.17478      3.90645
    -5.73877      3.85450
    -5.93017      3.93702
    -5.89710      4.66459
    -0.56558     12.32041
    12.50451      6.93786
     7.85757     23.62515
    -7.83407      3.20851
    12.72110      8.72934
    -0.62612     12.38517
     5.45850      7.56934
     5.29771      7.43167
     1.26876     17.71283
    -1.37553     12.30514
    -1.56932     10.28325
    -1.38138     10.42888
    -1.38846     10.03697
    -2.03586     14.83342
    -2.39650     14.56252
    -1.93932     14.67345
    -6.91799      4.44695
    14.17644     12.90667
    -1.03797      1.38397
    -1.40638     10.53389
    -1.34961     10.55764
    12.15164      5.76669
     3.53581     15.41936
    -0.43168     12.10736
    12.54950     10.97498
    12.70668     11.49605
    12.71638     11.03280
     6.38071      2.40883
     6.52602      2.22017
     5.78184      3.49576
    -0.89560      8.22496
    -0.79004      7.80952
    -0.90020      7.50859
    -1.86574      6.70224
    -3.79981     14.23333
     5.14660      4.24739
    -2.99519     14.50469
    -5.04533     13.77546
     1.47183     13.11151
     7.61216     16.87333
     7.46844     17.17706
     7.93858     16.68091
    12.04942      5.85858
    12.00467      5.85168
    13.62041      8.79141
    13.70214      8.64040
    13.90107      8.99406
     1.77672     23.36118
    -7.89195      4.02575
    -0.83337      7.90265
     4.28438      2.93933
    11.44148      6.06697
    -6.94669      3.29943
    -0.31130     16.12425
    -0.95530     15.78179
    -0.47594     15.74488
    -0.01646     12.43598
    -0.05608     12.58982
     0.75497     17.53564
    -1.71356     16.47307
    -1.69430     16.54590
    -1.55724     15.49154
    -4.94726     10.59517
    -5.06006     10.21347
    -5.16479     10.49070
     0.05920      7.59114
    -4.29587     14.11554
    -4.01107     13.92550
    -4.23917     13.91975
    -0.34497     16.32658
    -1.36640     13.56931
    -1.62614     -0.53800
    -4.94856     10.02770
     4.58563      2.66720
    -1.53174      1.34623
     5.20580      3.20999
    -2.09167     14.05475
    -2.16642     13.93609
     3.95439     18.46884
     1.33308     15.97217
    13.81925     11.66530
    13.76949     11.86278
     0.86540     17.06001
     0.44627     16.65277
     0.41985     16.92370
     0.28683     16.77706
     7.10467      5.39563
     6.95170      5.81374
    -1.50566     15.70413
    12.08449     11.24689
    12.39266     10.78944
     5.34711      4.22978
    -1.09863      9.72076
    -1.26028     16.09265
    12.81159      6.21339
    12.59113      6.57189
    -6.89356      1.60088
    -7.55872      1.46326
     1.68946     16.43872
     1.66188     16.33374
    -3.22310      6.30547
     5.79251      7.29196
    -1.33305     15.99147
    -1.15897     16.47797
     4.15970     18.94637
     3.85069     18.74190
    -3.57267     14.21340
    13.74429     12.54602
     3.35075      1.74195
     3.85223      1.52998
     1.16153      9.52277
     3.44878     15.14141
     5.47911      7.75203
     5.66394      7.69136
     5.77337      7.42255
     1.61846     17.05847
     1.09750     11.95913
    -4.76539      9.73362
    -5.03736      9.65760
    12.06111      7.21443
    -4.03537     14.74406
     2.82714      8.98560
    11.41951      5.27251
    12.47211      5.28845
    12.68288     14.24605
    -4.51211     14.10446
    -4.38108     13.97689
     3.57387     17.52128
     4.44005      1.71334
     6.79658     24.63539
     6.77993     24.53537
    12.86944      6.37575
    -5.27003     13.79100
     6.91717     23.25807
     7.05551     23.00578
     7.74719      3.93439
    12.60684     13.01566
    -0.93620      6.74332
     7.28993      1.47499
    -5.75563     12.70911
    -5.37387     12.38270
     5.41253     23.75163
    12.38280      9.84996
     3.43214      4.80276
    -3.09389     14.62795
     3.52649      2.05072
     8.91473      7.02329
    -3.96484      4.95607
    -0.78440     10.72732
    13.28033     12.53047
    12.94207     12.48200
     7.69422      3.61483
     7.58340      4.07223
    13.22378      8.26796
    13.49009      8.08838
    -4.60274     12.65232
     3.03080     18.39675
    12.07371      8.15267
    11.47246      8.33971
    11.72242      8.73973
    12.25136      8.49107
    -0.46852     12.30385
    -6.27568     10.05757
    12.41742      8.01336
     7.66064     19.46539
     7.26949     18.58162
    12.69576      5.75876
    15.97686     17.58887
     3.18315     19.66393
    12.52506      6.15442
    -0.93511     10.24279
     1.30787     12.32350
    -3.84544     14.19196
    -4.21854     13.98924
     1.55239     17.81028
     0.31156      6.92570
     1.02312      7.61787
    -3.21386     14.31512
    13.39764     12.32635
     6.05430      2.74280
     2.96288     18.49543
     3.60758     19.31821
     2.86597     17.99391
     3.59020     18.05065
     3.90765     17.87776
     8.02799      5.34719
     1.01570     17.59479
     0.84630     17.03715
     1.21304     16.84867
    -2.73856     10.04174
     3.55773      0.42885
    12.06296     12.93688
     1.87355     17.98132
    -1.49541     15.63917
    -1.23123     15.70625
     8.84881      4.31093
    11.62288      9.50797
    11.55313      9.73510
    12.07841      9.31716
     1.15089     18.16059
    -2.89776     13.99535
     3.47102      1.13621
     3.58484      1.01893
    -2.40808     15.31930
     4.98889      4.92032
     5.04440      5.81736
     5.07221      4.88741
     4.36081      3.15613
     4.19072      3.24989
    -3.16447     14.04906
     7.79374      4.59601
     7.55044      4.25358
    -4.06957      6.05566
    -4.16407      5.23023
    13.87790     13.06851
    -1.57307      9.60583
     1.59610     17.82311
     1.50495     17.63302
     7.38515     22.13061
    13.83645     14.48445
     4.97895      1.83660
     0.89154     17.47556
     7.51496      4.46327
     3.72195     19.31024
    -3.55440     14.26658
    -3.51500     14.41680
    -0.48399     13.27420
     0.81093     12.90208
     8.96238      5.94152
     4.54994      3.18675
     4.17283      3.32638
     4.33319      2.69025
     2.97765     14.06457
     3.01199     14.39825
     0.73530     17.66664
     4.60706      2.25558
     4.81415      2.20502
    -0.74132     16.30375
     7.36496      4.20381
     1.08997     10.53993
     8.95725      6.07724
     4.02231     19.09236
    -6.60015     11.86398
     1.77512     17.73094
     1.59283     17.72836
    -2.72893      8.96267
     2.00783     17.33867
     9.56432      6.34225
    -3.38640      7.35797
    13.27399      9.79779
    13.73386      9.13839
    13.63574      9.92382
    13.75519     10.02438
     1.14844     17.31782
    13.35222      7.40895
    -1.11008     10.58780
    -3.49097     14.22808
    -1.75652     11.18077
    -4.76924     12.99862
     1.00866     17.30725
    16.31123     17.85472
    -5.52270     13.66269
    -5.37910     13.02864
    -5.50319     10.11594
    -4.83535     17.18549
    -4.80498     16.88167
    -5.01350     17.02390
     1.31332     -0.29922
    -7.21879      4.86559
     4.70472      8.00245
     7.41054     22.94118
     7.26416      4.64645
    13.68656     12.82110
    -3.19969     14.56298
     3.75155     19.25523
    12.50825      7.13846
    -1.62652     10.97162
    -2.04577      6.60134
    -6.66804      2.86050
     0.91394     17.11973
    -0.77624     15.86124
    -2.87377      3.06664
    -7.75086      4.22814
    12.55576      8.16580
    12.97921      8.15030
     8.03830      5.59395
     6.30429     24.97596
    -8.73618      2.37489
    -0.60538      3.14258
    -0.01126      2.43056
    -0.80351      2.76173
     4.55521     14.88453
     4.46653     14.98434
    -0.49064     16.47073
    -4.11582      8.76440
     2.19814     18.49819
    13.30331     10.60427
    16.03826     15.41259
    15.83365     15.10769
    15.50455     18.39424
     2.99121     14.33438
    11.72305      9.00767
    -3.54046      5.07429
     8.81226      4.10666
     9.44794      2.86493
     2.38323     17.75619
    -1.25495      7.42218
    11.79617      6.58468
    14.65057     12.13451
     6.48470     24.08866
     0.35701     12.38937
    11.46006      7.37573
     0.31526     12.14821
     0.31124     11.94354
     6.52264     24.44620
    13.83540      6.00879
    14.05256      6.50873
    -1.00033     20.80796
    -1.25672     21.14287
    -0.09195     21.70407
    15.14052     12.14149
    -0.67933     13.35326
    -7.75724      1.74333
    -8.19980      1.68077
    -3.72013     12.50523
    -3.98574     12.47403
     0.68454     11.43420
     6.08597      3.11879
     6.11993      2.01269
    -2.49505     15.48769
    -2.53416     -1.06508
     3.61655     19.75873
     3.32287     19.50440
     2.95276     19.49407
     5.39843     24.25725
     3.28212      2.78774
     3.16245     19.36193
     0.63425     18.42793
    -5.63400     11.88402
    -5.76786      8.54851
     1.18999     11.71309
    -4.01903      9.85891
    -2.07994      6.58338
    -2.33407      5.79792
    -2.34290      6.49424
    -5.96371     12.32200
    -2.00615     12.20174
    -1.88119     11.99462
    -4.90992      8.00623
    -4.66728      8.17631
     6.52577     22.62392
     3.24999      2.84441
    -1.97229     15.43718
    -1.65081     15.25880
    -2.06314     14.88870
    -2.14775     14.77250
     5.74488     23.81153
    -6.02258     12.85712
     5.20883      3.89113
     1.61641     17.94457
     1.73719     18.56572
     5.68534      3.16882
     1.02993     18.21239
     5.65447     13.86670
     5.72487     15.06844
     5.57595     13.95534
     6.15999     23.29079
     8.59987      6.14769
     0.05019      1.21112
    13.90273     14.68830
    -1.22711      2.96408
    -1.44541      2.98357
    12.55992      8.92454
    12.27025      9.14576
    -8.73945      2.92447
    -2.36353     15.14922
    -1.05196      3.73979
     4.83601     23.49363
     5.36809     23.19754
    13.59837     15.67257
     0.20150     16.63120
    -1.78601      6.95803
    -1.21146      8.77724
    15.23123     19.23945
    -4.45535     13.48590
     0.41514     17.24563
    -3.88973     14.30967
     1.57988     18.61434
     3.18474     19.90199
    -3.49936      1.67960
    -4.92522     12.86580
     2.90262     18.24145
     5.58164     23.05534
     4.04789     20.00989
     8.76459      6.78633
     8.34244      6.73492
    -0.71641     11.05507
    12.74442      6.18107
     2.78281     19.59758
     0.09187     16.52947
    -3.84171     10.76259
    -3.96641     14.60637
    -3.93911     13.99879
     0.76126     17.61361
    12.93381     12.37493
     2.55432     17.38825
    -2.67748      5.34478
     5.29064      3.41869
     2.84241     13.69938
    -0.60397      3.98099
    -0.09694      3.60653
    -0.82914      3.98501
    -0.18482     16.84056
     2.01542     19.16803
    -0.79231      0.69167
    12.77185     14.49204
    12.97353     14.65065
    12.30579     14.98212
     1.99991     15.28920
     9.05189      5.42833
     4.05482     19.28237
     3.86782     19.33620
     2.22810     13.06708
     0.62756      9.80365
     1.49031     17.11576
    -0.00996      7.80502
    14.45150     10.13919
    -1.04083     10.47501
    -2.73058      1.07867
     1.98293      2.23306
    11.60607      4.71609
    -0.60337     16.12706
    -1.43557     16.26296
    14.07580     16.79262
     1.78392     24.08617
    -1.67047     14.63400
     1.12200      8.78002
    -4.62807      8.87515
     2.94829      4.14126
    -5.03370     13.53291
    -1.01044     11.85104
    -0.62309     11.73840
    -1.68433      3.13328
     3.79136      1.12998
    -0.22930      9.81467
    -0.19864     10.30044
    -0.47972      9.42348
    -1.02972     16.37901
    -5.70968     12.58182
    -6.70530     11.72920
     1.50089      7.16973
     3.38517     12.70362
    -1.97335     15.89019
     8.79937      6.98145
     8.28710      7.08644
    10.12900      3.23997
     8.74637      2.77434
     0.15041     10.53693
    -0.92413      6.66819
    -1.10666      6.94241
     9.03580      5.74533
     7.45765     18.54929
     6.73201     17.83845
     6.86502     18.08479
    -0.77694     11.41550
    -7.12999     12.10576
    15.88385     16.64794
    -3.80446     10.10607
    -4.36983      9.18317
    -0.05695     17.47179
    -0.60180     17.51520
     1.24225     16.68809
    -3.87787     13.59483
    -3.95900     14.32856
    16.02926     17.93588
     5.48685     16.51117
     5.01585     15.73529
     4.65149     15.78616
    15.17420     12.53645
    -1.33833      7.41989
    -2.28398     14.81622
    -0.78348      9.84531
    -1.71907     12.10859
    -1.33447      5.95408
    12.64229      6.79856
    14.03279     10.85637
    13.82136     13.46401
    -5.89839      8.81051
    15.53343     16.38185
     1.81645     13.39183
     3.31635     14.92079
     4.42058     18.81300
    10.19576      3.65322
     1.95052     16.10544
     1.71913     15.47764
    12.33930     10.35113
     4.24482     15.74563
    -9.11473      4.46966
     3.97004     22.37606
    11.81880      8.95013
     0.36613      7.40820
     4.62234      4.20826
     0.88420      9.66201
     3.13803     14.04973
     3.05652     13.24460
     3.74059     15.25961
     6.28597      2.42708
     2.53772     18.46894
    -0.56496     15.73934
     0.92705      2.21691
     0.93152      2.65627
    12.92540     14.73276
    13.17054     15.55240
    -2.58976     10.96548
    -1.85793     10.72052
     2.76050      9.56721
     4.03264     18.52611
    12.57867     11.64821
     1.31470     23.67125
     6.90125     24.36498
     6.87189      7.46210
     6.65520      7.51530
     7.33125      6.91445
    15.35178     17.12880
    -4.08914     16.79720
     6.00629     14.45977
    15.08755     13.73239
    -2.94150      7.20816
     8.79984      8.16588
     8.34219      6.74366
    -0.58831     13.70033
     3.19989      1.46018
     2.76016      1.89661
     2.38910      2.15708
    10.88042      3.42692
    11.02420      5.94862
     6.23948      3.69990
     6.09763      3.98907
     6.20829     19.18742
    -3.40534     18.10908
    -4.47076     14.23567
     1.55029     22.63309
     1.94651     12.52069
    -1.38806      9.62361
    -1.78416      9.34255
    11.26364      6.86159
    17.03293     16.57783
    10.37821      3.84663
     2.86117     18.24455
     0.34678     16.68221
     8.22299      0.14799
     1.86840      0.82601
    12.82837     11.78754
    12.10066     11.42353
     1.67944     18.05917
     2.45672     17.38451
     1.55306     17.79459
    15.64388     15.62327
    15.85101     16.37375
    16.33420     15.51704
     3.12676     11.17321
     3.04700     19.07132
    -6.93918     11.58423
     7.05747      6.33016
     1.53588     24.48849
    15.14939     17.98933
     4.60883      5.16102
    -1.25513     11.44180
    -0.52333      6.40553
    14.69057     18.03554
    13.72186     17.80035
    14.45956     17.22818
    11.70391     10.36049
    12.42019     11.57208
    -2.36103     15.08485
    -0.09915      6.73825
    -1.17632      7.32160
    -1.48992      6.91182
    -4.34843     13.24438
    13.18358     10.39106
     4.76349      1.69842
     4.53878     14.37998
     5.33471      2.66845
    -4.08354     11.89780
     2.31243      6.15516
    13.31220     13.98683
    13.78225     10.29914
    -4.16151      5.96737
    -2.72511      8.34065
    -4.78498     14.00780
     7.68052     23.65993
     7.30947     24.27439
     7.91427     24.91469
    12.45652      6.47517
     3.35037     14.12785
    11.52449      3.27311
    -4.52980     12.95761
     1.68107     15.49618
    -1.00930     11.34809
    12.24797      8.20412
    11.05778      8.17924
    11.02676      8.13615
     7.50762     24.34316
    -4.34783      3.73387
    14.00069     20.26274
    11.93665      8.70063
     9.95369     25.36527
    10.49294     25.97080
    -0.11249     15.83817
    -3.42126      9.72159
     1.62876     18.79456
     1.38283      6.82660
     8.29121      5.62063
     0.69100     17.77579
    -6.46002     10.06568
     2.70987     12.86892
    13.51863     13.38310
     3.27938     15.36279
     2.51480     17.83628
     1.94357     18.31069
    -3.36589     14.32001
     3.11587     17.77574
     2.63201     18.21163
    -0.16421      9.11920
    -1.09356     10.91120
    13.61710     15.04708
     2.06828     13.80679
     2.32761     13.53858
    -0.49148     15.42930
     2.52512      9.36240
    -1.90844     10.17815
    12.13636      6.30755
    12.44349      6.95693
    11.54259      6.87688
    -7.52374     -7.55500
    -8.77494     -7.72240
    -1.64749      8.53402
    -4.77280     16.36994
    -2.55402      4.90968
    -1.68070     -0.83919
    -1.57359     -1.81959
    -0.83854     -1.24855
    -1.72286     -0.79160
     6.41093     21.38356
     4.38896     14.08039
    -0.88757     15.66813
    11.80780      8.16058
     9.58176      3.44091
     9.26908      4.01399
    10.30049      3.66355
