    35.92764     20.94089    -15.39092
    57.33243     47.87367    -16.86357
    57.33243     47.87367    -16.86357
    52.13129     47.06124    -11.27115
    35.92764     20.94089    -15.39092
    42.02245     29.31682     -7.77256
    42.02245     29.31682     -7.77256
    42.02245     29.31682     -7.77256
    52.55592     41.43259    -13.91415
    55.94516     64.77266    -22.42731
    53.68958     55.22775     -8.32635
    53.68958     55.22775     -8.32635
    35.92764     20.94089    -15.39092
    55.82150     57.28757     -9.82907
    55.82150     57.28757     -9.82907
    55.82150     57.28757     -9.82907
    55.82150     57.28757     -9.82907
    26.31707     20.84240    -12.53371
    42.57748     34.18349    -11.79344
    48.92490     42.48536    -10.19619
    48.92490     42.48536    -10.19619
    48.92490     42.48536    -10.19619
    40.20164     32.89817    -14.72740
    26.31707     20.84240    -12.53371
    26.31707     20.84240    -12.53371
    26.31707     20.84240    -12.53371
    35.58907     20.13116    -13.96520
    26.96215     38.71617    -12.36614
    26.96215     38.71617    -12.36614
    26.96215     38.71617    -12.36614
    35.92764     20.94089    -15.39092
    35.92764     20.94089    -15.39092
    35.92764     20.94089    -15.39092
    33.03870     25.77989    -10.81598
    33.03870     25.77989    -10.81598
    33.03870     25.77989    -10.81598
    51.48865     49.74846     -9.89503
    51.48865     49.74846     -9.89503
    51.48865     49.74846     -9.89503
    26.31707     20.84240    -12.53371
    43.59211     35.22606    -13.71544
    42.81957     28.55672    -10.61036
    35.92764     20.94089    -15.39092
    55.94516     64.77266    -22.42731
    55.94516     64.77266    -22.42731
    55.94516     64.77266    -22.42731
    55.94516     64.77266    -22.42731
    42.67255     30.93563     -7.89839
    39.75845     32.49426    -14.58387
    52.22135     52.09004     -7.76682
    30.33190     32.13280    -16.13087
    30.33190     32.13280    -16.13087
    30.33190     32.13280    -16.13087
    30.33190     32.13280    -16.13087
    35.58907     20.13116    -13.96520
    35.58907     20.13116    -13.96520
    34.60452     30.97849    -10.52857
    34.60452     30.97849    -10.52857
    34.60452     30.97849    -10.52857
    34.60452     30.97849    -10.52857
    52.22900     52.09879     -7.69976
    55.73160     56.29875    -14.56877
    55.73160     56.29875    -14.56877
    55.73160     56.29875    -14.56877
    42.81957     28.55672    -10.61036
    42.81957     28.55672    -10.61036
    42.81957     28.55672    -10.61036
    42.81957     28.55672    -10.61036
    26.31707     20.84240    -12.53371
    26.31707     20.84240    -12.53371
    26.31707     20.84240    -12.53371
    54.91345     50.37270    -13.35203
    34.60452     30.97849    -10.52857
    33.03870     25.77989    -10.81598
    33.00173     25.65766    -10.82671
    37.55431     31.97256    -11.29272
    35.58907     20.13116    -13.96520
    35.72510     20.45128    -14.50872
    35.71435     20.42257    -14.48630
    33.53547     37.89069    -17.76181
    50.64079     44.43411    -10.91028
    39.09605     32.14988     -8.50895
    39.09605     32.14988     -8.50895
    42.78267     28.54917    -10.74097
    26.31707     20.84240    -12.53371
    40.66082     33.15378    -11.26978
    40.68102     32.66858    -11.57045
    51.48865     49.74846     -9.89503
    40.20164     32.89817    -14.72740
    43.59211     35.22606    -13.71544
    40.58033     33.67580    -10.95012
    40.58033     33.67580    -10.95012
    26.31707     20.84240    -12.53371
    42.84078     28.55925    -10.52842
    42.84078     28.55925    -10.52842
    42.84078     28.55925    -10.52842
    60.87450     54.62135    -24.10430
    42.84078     28.55925    -10.52842
    35.58907     20.13116    -13.96520
    35.58907     20.13116    -13.96520
    39.09605     32.14988     -8.50895
    39.09605     32.14988     -8.50895
    55.94516     64.77266    -22.42731
    49.49291     36.49966    -12.14950
    49.49291     36.49966    -12.14950
    59.64920     51.85207    -10.13817
    59.64920     51.85207    -10.13817
    42.57938     37.99859     -7.25905
    26.96215     38.71617    -12.36614
    29.51830     20.11078    -12.92747
    29.51830     20.11078    -12.92747
    29.51830     20.11078    -12.92747
    33.65725     20.46320    -12.48146
    33.65725     20.46320    -12.48146
    33.65725     20.46320    -12.48146
    33.65725     20.46320    -12.48146
    42.57748     34.18349    -11.79344
    26.96215     38.71617    -12.36614
    53.68958     55.22775     -8.32635
    35.58907     20.13116    -13.96520
    31.22779     42.64574    -13.38883
    42.57748     34.18349    -11.79344
    35.41302     36.87503    -14.43375
    35.41302     36.87503    -14.43375
    50.70119     44.50915    -10.93460
    42.57748     34.18349    -11.79344
    52.60232     41.60097    -13.89900
    52.60232     41.60097    -13.89900
    52.72079     41.67903    -14.03652
    35.58907     20.13116    -13.96520
    31.16837     43.48551     -9.61492
    26.31707     20.84240    -12.53371
    43.59211     35.22606    -13.71544
    43.59211     35.22606    -13.71544
    18.74814     31.14251     -8.64842
    43.09581     41.56120     -9.59671
    40.58033     33.67580    -10.95012
    33.40323     45.11965    -13.19192
    33.39558     45.03978    -13.15384
    33.40323     45.11965    -13.19192
    45.26320     46.33177    -26.61550
    45.26320     46.33177    -26.61550
    47.62420     47.50910    -26.54980
    40.20164     32.89817    -14.72740
    40.20164     32.89817    -14.72740
    40.20164     32.89817    -14.72740
    32.97378     25.59828    -10.82906
    49.49291     36.49966    -12.14950
    51.30393     40.73701    -12.48262
    48.93178     35.80150    -11.81313
    41.88203     37.12872    -11.56849
    48.35496     49.93056    -11.79689
    48.35496     49.93056    -11.79689
    48.35496     49.93056    -11.79689
    23.28577     35.49702    -11.34896
    23.28577     35.49702    -11.34896
    23.09784     36.89260     -9.33441
    23.09784     36.89260     -9.33441
    23.09784     36.89260     -9.33441
    59.64920     51.85207    -10.13817
    35.58907     20.13116    -13.96520
    40.09287     32.78832    -14.69556
    23.52229     35.60315    -11.56492
    35.58907     20.13116    -13.96520
    48.33194     39.98786    -10.65214
    48.33194     39.98786    -10.65214
    48.33194     39.98786    -10.65214
    40.58033     33.67580    -10.95012
    40.58033     33.67580    -10.95012
    50.64079     44.43411    -10.91028
    47.20787     37.60928     -9.93072
    47.20787     37.60928     -9.93072
    47.20787     37.60928     -9.93072
    42.81957     28.55672    -10.61036
    42.81957     28.55672    -10.61036
    42.81957     28.55672    -10.61036
    40.20164     32.89817    -14.72740
    48.93178     35.80150    -11.81313
    48.93178     35.80150    -11.81313
    48.33194     39.98786    -10.65214
    42.57748     34.18349    -11.79344
    36.97768     27.63331    -21.89357
    36.48892     25.06881     -8.93964
    26.31707     20.84240    -12.53371
    20.92369     23.40696    -10.46403
    40.71825     31.38740     -7.66555
    40.71825     31.38740     -7.66555
    45.64803     42.93107     -7.65400
    42.57938     37.99859     -7.25905
    31.16837     43.48551     -9.61492
    31.16837     43.48551     -9.61492
    54.00560     45.97762    -13.57757
    51.30606     40.82698    -12.44843
    33.40323     45.11965    -13.19192
    33.40323     45.11965    -13.19192
    34.75353     36.37208    -17.21907
    37.55364     29.47368     -9.95859
    51.30606     40.82698    -12.44843
    26.96215     38.71617    -12.36614
    26.96215     38.71617    -12.36614
    35.92764     20.94089    -15.39092
    35.92764     20.94089    -15.39092
    42.57938     37.99859     -7.25905
    42.57938     37.99859     -7.25905
    35.41302     36.87503    -14.43375
    51.30606     40.82698    -12.44843
    51.30606     40.82698    -12.44843
    45.64803     42.93107     -7.65400
    45.64803     42.93107     -7.65400
    48.66257     35.58830    -11.62846
    31.16837     43.48551     -9.61492
    21.15443     23.44377    -10.78382
    21.15443     23.44377    -10.78382
    37.55280     32.31216    -11.72788
    43.09581     41.56120     -9.59671
    35.41302     36.87503    -14.43375
    35.41302     36.87503    -14.43375
    35.41302     36.87503    -14.43375
    42.57938     37.99859     -7.25905
    41.88203     37.12872    -11.56849
    36.48892     25.06881     -8.93964
    36.48892     25.06881     -8.93964
    26.96215     38.71617    -12.36614
    34.60452     30.97849    -10.52857
    18.74814     31.14251     -8.64842
    18.74814     31.14251     -8.64842
    42.02245     29.31682     -7.77256
    42.02245     29.31682     -7.77256
    50.70307     44.54812    -10.92648
    23.39089     24.39022    -13.39118
    52.27399     52.09376     -7.54137
    52.27399     52.09376     -7.54137
    26.82459     38.66851    -12.44288
    52.22900     52.09879     -7.69976
    52.22900     52.09879     -7.69976
    33.53547     37.89069    -17.76181
    31.16837     43.48551     -9.61492
    33.03870     25.77989    -10.81598
    41.12991     27.65671     -8.03433
    41.01584     27.69029     -7.92178
    52.27399     52.09376     -7.54137
    49.76323     57.26075    -24.25886
    34.69810     33.59550    -16.31990
    51.30393     40.73701    -12.48262
    21.15443     23.44377    -10.78382
    30.01408     36.37279    -13.49813
    41.61947     29.83068    -16.63183
    43.68675     35.42301    -13.58482
    31.16837     43.48551     -9.61492
    31.16837     43.48551     -9.61492
    33.53547     37.89069    -17.76181
    33.53547     37.89069    -17.76181
    23.09784     36.89260     -9.33441
    23.09784     36.89260     -9.33441
    41.56564     28.58181     -7.86729
    50.64079     44.43411    -10.91028
    27.29380     38.82727    -12.15448
    27.29380     38.82727    -12.15448
    39.09605     32.14988     -8.50895
    38.30370     23.94830     -8.91820
    23.09784     36.89260     -9.33441
    55.73160     56.29875    -14.56877
    55.73160     56.29875    -14.56877
    23.28577     35.49702    -11.34896
    39.95557     54.18442    -10.63994
    45.76653     42.96594     -7.68772
    26.96215     38.71617    -12.36614
    43.59211     35.22606    -13.71544
    41.88203     37.12872    -11.56849
    49.71098     43.32426    -10.52062
    35.44229     30.81768    -12.97199
    35.44229     30.81768    -12.97199
    31.16837     43.48551     -9.61492
    20.77584     23.44589    -10.29755
    54.91345     50.37270    -13.35203
    54.91345     50.37270    -13.35203
    54.91345     50.37270    -13.35203
    45.64803     42.93107     -7.65400
    45.64803     42.93107     -7.65400
    33.53547     37.89069    -17.76181
    48.92490     42.48536    -10.19619
    48.92490     42.48536    -10.19619
    48.92490     42.48536    -10.19619
    23.34117     24.20622    -13.27278
    33.96580     44.16235    -10.00205
    50.64079     44.43411    -10.91028
    51.30606     40.82698    -12.44843
    51.30606     40.82698    -12.44843
    17.28230     26.24892     -8.98276
    27.84974     39.00929    -11.77911
    27.97714     39.05917    -11.68444
    27.97714     39.05917    -11.68444
    52.60232     41.60097    -13.89900
    23.34117     24.20622    -13.27278
    23.34117     24.20622    -13.27278
    51.57338     40.93955    -12.76830
    35.00427     36.19743    -17.14748
    35.00427     36.19743    -17.14748
    35.00427     36.19743    -17.14748
    20.47621     23.44464     -9.88763
    49.49291     36.49966    -12.14950
    33.53547     37.89069    -17.76181
    33.53547     37.89069    -17.76181
    41.75324     30.08079    -16.64323
    41.61947     29.83068    -16.63183
    43.59211     35.22606    -13.71544
    52.22135     52.09004     -7.76682
    34.35213     46.13610     -9.24376
    43.92690     43.35860    -25.81570
    43.87240     46.62340    -23.87660
    45.64803     42.93107     -7.65400
    49.56848     36.59685    -12.19436
    49.49291     36.49966    -12.14950
    39.09605     32.14988     -8.50895
    39.09605     32.14988     -8.50895
    19.46933     28.10940     -7.81553
    39.23036     36.52065     -8.56605
    39.00963     36.26566     -8.40938
    50.64079     44.43411    -10.91028
    21.15443     23.44377    -10.78382
    52.85507     43.87877    -12.99739
    33.53547     37.89069    -17.76181
    37.55431     31.97256    -11.29272
    30.01408     36.37279    -13.49813
    45.64803     42.93107     -7.65400
    42.84078     28.55925    -10.52842
    50.70119     44.50915    -10.93460
    50.70119     44.50915    -10.93460
    37.65901     29.51297    -10.15067
    42.57938     37.99859     -7.25905
    49.79440     54.26780    -26.21010
    32.23969     21.93890    -10.95963
    33.40323     45.11965    -13.19192
    33.40323     45.11965    -13.19192
    33.40323     45.11965    -13.19192
    50.70119     44.50915    -10.93460
    23.09784     36.89260     -9.33441
    42.59804     30.75109     -7.87048
    37.55364     29.47368     -9.95859
    48.92490     42.48536    -10.19619
    40.32186     54.43419    -10.14793
    42.81957     28.55672    -10.61036
    46.68703     32.79867     -6.87200
    46.68703     32.79867     -6.87200
    46.68703     32.79867     -6.87200
    25.08210     22.76080    -15.26680
    35.58907     20.13116    -13.96520
    35.41302     36.87503    -14.43375
    52.22135     52.09004     -7.76682
    31.16837     43.48551     -9.61492
    42.02245     29.31682     -7.77256
    45.64803     42.93107     -7.65400
    26.96215     38.71617    -12.36614
    35.76678     28.22178    -12.97572
    35.58907     20.13116    -13.96520
    50.56292     44.34496    -10.87608
    52.85507     43.87877    -12.99739
    38.27440     28.36460    -17.94510
    35.58907     20.13116    -13.96520
    31.22779     42.64574    -13.38883
    31.08601     42.62934    -13.48796
    17.83618     26.97288     -6.12449
    52.27399     52.09376     -7.54137
    35.57677     20.09598    -13.90968
    37.08390     30.71460    -18.53325
    37.08390     30.71460    -18.53325
    38.09922     31.81860    -19.81217
    51.30606     40.82698    -12.44843
    42.08821     28.79995    -13.76852
    51.78595     46.35021    -11.17217
    23.70370     37.25600     -7.08850
    27.84974     39.00929    -11.77911
    38.53294     27.80487    -15.42230
    17.28230     26.24892     -8.98276
    17.28230     26.24892     -8.98276
    50.64079     44.43411    -10.91028
    33.00173     25.65766    -10.82671
    26.96215     38.71617    -12.36614
    33.97547     47.59637    -11.83086
    52.27399     52.09376     -7.54137
    47.31625     39.27444    -14.67246
    47.31625     39.27444    -14.67246
    47.31625     39.27444    -14.67246
    52.27399     52.09376     -7.54137
    29.25145     42.74745    -15.51095
    29.25145     42.74745    -15.51095
    58.45191     48.38751    -10.53378
    58.45191     48.38751    -10.53378
    58.45191     48.38751    -10.53378
    33.97547     47.59637    -11.83086
    39.09605     32.14988     -8.50895
    37.71175     21.22870    -17.09985
    37.71175     21.22870    -17.09985
    41.01584     27.69029     -7.92178
    41.48785     36.61413    -11.87906
    20.94656     23.46091    -10.52412
    21.11780     23.56491    -10.78099
    43.66651     34.39783     -8.19004
    36.97768     27.63331    -21.89357
    52.13129     47.06124    -11.27115
    52.13129     47.06124    -11.27115
    52.13129     47.06124    -11.27115
    52.27399     52.09376     -7.54137
    53.37786     49.53526    -11.89969
    48.92490     42.48536    -10.19619
    41.12991     27.65671     -8.03433
    42.08821     28.79995    -13.76852
    41.88203     37.12872    -11.56849
    36.48892     25.06881     -8.93964
    32.97378     25.59828    -10.82906
    32.97378     25.59828    -10.82906
    32.97378     25.59828    -10.82906
    41.17746     27.64774     -8.08933
    42.57748     34.18349    -11.79344
    42.57748     34.18349    -11.79344
    42.08821     28.79995    -13.76852
    42.08821     28.79995    -13.76852
    52.22900     52.09879     -7.69976
    51.30393     40.73701    -12.48262
    51.30606     40.82698    -12.44843
    43.66651     34.39783     -8.19004
    43.66651     34.39783     -8.19004
    52.27399     52.09376     -7.54137
    20.47621     23.44464     -9.88763
    50.64079     44.43411    -10.91028
    50.64079     44.43411    -10.91028
    20.57555     23.41779    -10.00205
    50.64079     44.43411    -10.91028
    52.22900     52.09879     -7.69976
    30.01408     36.37279    -13.49813
    26.31707     20.84240    -12.53371
    55.94516     64.77266    -22.42731
    26.31707     20.84240    -12.53371
    26.31707     20.84240    -12.53371
    31.22779     42.64574    -13.38883
    31.22779     42.64574    -13.38883
    35.58907     20.13116    -13.96520
    51.30606     40.82698    -12.44843
    26.33603     20.80622    -12.36268
    52.27399     52.09376     -7.54137
    52.27399     52.09376     -7.54137
    48.92490     42.48536    -10.19619
    35.76678     28.22178    -12.97572
    36.15396     29.04855    -10.04530
    40.47112     54.55124     -9.93502
    42.02245     29.31682     -7.77256
    48.92490     42.48536    -10.19619
    42.59804     30.75109     -7.87048
    53.37786     49.53526    -11.89969
    29.51830     20.11078    -12.92747
    41.01584     27.69029     -7.92178
    47.48616     43.62700     -8.38169
    52.27399     52.09376     -7.54137
    53.37786     49.53526    -11.89969
    30.01408     36.37279    -13.49813
    30.01408     36.37279    -13.49813
    23.28577     35.49702    -11.34896
    47.26829     43.54280     -8.29243
    48.92490     42.48536    -10.19619
    36.48892     25.06881     -8.93964
    42.09710     29.50275     -7.78519
    42.13477     29.59570     -7.79474
    50.70119     44.50915    -10.93460
    31.16837     43.48551     -9.61492
    38.53294     27.80487    -15.42230
    20.92369     23.40696    -10.46403
    26.28433     20.87837    -11.28982
    26.28433     20.87837    -11.28982
    26.34780     20.79556    -12.34095
    51.11149     45.08176    -11.09071
    26.31707     20.84240    -12.53371
    35.14168     46.41340     -9.42962
    35.14168     46.41340     -9.42962
    35.14168     46.41340     -9.42962
    49.46522     43.86427    -13.20461
    30.05214     36.28421    -13.82974
    53.37786     49.53526    -11.89969
    53.37786     49.53526    -11.89969
    44.79498     40.70453    -13.15915
    37.55431     31.97256    -11.29272
    50.64079     44.43411    -10.91028
    33.20034     26.14406    -10.80994
    33.42230     45.14148    -13.21076
    27.37580     19.40650    -13.56040
    21.16810     23.40284    -10.77267
    18.74814     31.14251     -8.64842
    44.00451     35.93420     -8.35275
    51.30606     40.82698    -12.44843
    59.64920     51.85207    -10.13817
    52.72079     41.67903    -14.03652
    36.48892     25.06881     -8.93964
    21.13325     23.36911    -10.71334
    42.02245     29.31682     -7.77256
    42.57748     34.18349    -11.79344
    42.57748     34.18349    -11.79344
    26.31707     20.84240    -12.53371
    37.55431     31.97256    -11.29272
    37.55431     31.97256    -11.29272
    36.15396     29.04855    -10.04530
    44.08071     36.18124     -8.38406
    41.25182     27.54750     -8.19216
    35.44229     30.81768    -12.97199
    34.63432     32.66896     -7.50141
    43.66651     34.39783     -8.19004
    30.01408     36.37279    -13.49813
    30.01408     36.37279    -13.49813
    24.27134     33.38864    -13.99704
    24.27134     33.38864    -13.99704
    40.62939     33.30687    -11.17871
    35.76678     28.22178    -12.97572
    35.76678     28.22178    -12.97572
    19.46933     28.10940     -7.81553
    48.35496     49.93056    -11.79689
    48.35496     49.93056    -11.79689
    48.35496     49.93056    -11.79689
    40.58033     33.67580    -10.95012
    41.25182     27.54750     -8.19216
    40.36930     28.90750    -11.08900
    36.48892     25.06881     -8.93964
    52.44887     44.12774    -12.41717
    52.84066     44.09860    -12.83829
    55.58560     48.26350    -15.06370
    40.94998     27.75535     -7.85562
    43.09581     41.56120     -9.59671
    43.09581     41.56120     -9.59671
    43.09581     41.56120     -9.59671
    33.97547     47.59637    -11.83086
    35.76678     28.22178    -12.97572
    47.20787     37.60928     -9.93072
    36.15396     29.04855    -10.04530
    42.57748     34.18349    -11.79344
    35.76678     28.22178    -12.97572
    26.96215     38.71617    -12.36614
    17.86890     33.31230     -3.54400
    31.16837     43.48551     -9.61492
    42.08821     28.79995    -13.76852
    39.76343     54.05447    -10.94706
    41.88203     37.12872    -11.56849
    41.85350     39.59822     -9.95140
    53.43812     49.70012    -11.88639
    24.27134     33.38864    -13.99704
    42.57938     37.99859     -7.25905
    42.57938     37.99859     -7.25905
    33.40323     45.11965    -13.19192
    43.09581     41.56120     -9.59671
    35.58907     20.13116    -13.96520
    54.04540     50.53200     -8.91750
    35.44229     30.81768    -12.97199
    40.01075     34.81480    -12.67975
    59.68327     54.36556    -21.14351
    59.68327     54.36556    -21.14351
    59.68327     54.36556    -21.14351
    45.26320     46.33177    -26.61550
    50.70119     44.50915    -10.93460
    53.36857     44.77802    -13.27513
    28.52683     25.11086    -13.73858
    28.52683     25.11086    -13.73858
    35.68089     46.88898     -9.56632
    35.68089     46.88898     -9.56632
    37.92907     29.54302    -10.03479
    37.92907     29.54302    -10.03479
    53.37786     49.53526    -11.89969
    31.11929     43.39452     -9.63355
    59.64920     51.85207    -10.13817
    52.27399     52.09376     -7.54137
    28.98160     34.20434    -11.72633
    28.98160     34.20434    -11.72633
    28.98160     34.20434    -11.72633
    52.15470     38.42500    -10.76880
    33.97547     47.59637    -11.83086
    35.76678     28.22178    -12.97572
    28.98160     34.20434    -11.72633
    28.98160     34.20434    -11.72633
    39.09605     32.14988     -8.50895
    23.21433     23.96785    -13.09092
    23.00556     23.38758    -12.71542
    23.19890     23.83445    -13.04641
    31.36149     34.62456    -16.04082
    31.42151     34.95900    -15.88069
    48.35496     49.93056    -11.79689
    42.02245     29.31682     -7.77256
    59.64920     51.85207    -10.13817
    48.60157     42.44737    -15.34003
    33.40033     26.25205     -8.28867
    33.40033     26.25205     -8.28867
    27.16999     38.79394    -12.23251
    45.64803     42.93107     -7.65400
    50.56292     44.34496    -10.87608
    19.70630     27.26990    -14.20460
    31.16837     43.48551     -9.61492
    31.11929     43.39452     -9.63355
    42.59197     38.10151     -7.20595
    42.59197     38.10151     -7.20595
    42.59197     38.10151     -7.20595
    39.76343     54.05447    -10.94706
    39.71245     53.99474    -11.04357
    47.48616     43.62700     -8.38169
    38.02929     41.15028    -18.57526
    59.64920     51.85207    -10.13817
    42.57748     34.18349    -11.79344
    35.76678     28.22178    -12.97572
    41.87741     54.21645    -10.42536
    41.87741     54.21645    -10.42536
    41.87741     54.21645    -10.42536
    42.77313     31.18386     -7.93515
    39.16870     31.95223    -14.39771
    39.16870     31.95223    -14.39771
    39.16870     31.95223    -14.39771
    40.94998     27.75535     -7.85562
    33.40323     45.11965    -13.19192
    21.15443     23.44377    -10.78382
    21.71666     25.04566    -11.64843
    35.44229     30.81768    -12.97199
    37.84143     49.41536    -12.69704
    33.40323     45.11965    -13.19192
    32.23969     21.93890    -10.95963
    40.67583     27.78347     -7.60945
    53.68958     55.22775     -8.32635
    53.68958     55.22775     -8.32635
    53.68958     55.22775     -8.32635
    26.82459     38.66851    -12.44288
    41.51254     39.34850     -9.77267
    24.27134     33.38864    -13.99704
    42.02245     29.31682     -7.77256
    42.57938     37.99859     -7.25905
    49.98592     57.32725    -24.60300
    49.98592     57.32725    -24.60300
    49.98592     57.32725    -24.60300
    53.68958     55.22775     -8.32635
    32.23969     21.93890    -10.95963
    27.17491     38.75974    -12.08597
    56.67740     60.55160     -9.56270
    54.86480     59.73460     -8.00220
    44.00451     35.93420     -8.35275
    36.48892     25.06881     -8.93964
    50.70119     44.50915    -10.93460
    35.44229     30.81768    -12.97199
    19.46933     28.10940     -7.81553
    45.54651     39.49366     -6.89179
    42.81957     28.55672    -10.61036
    41.86961     37.17032    -11.43275
    41.31760     52.31690    -14.82860
    41.85350     39.59822     -9.95140
    51.70672     46.13645    -11.18216
    52.22293     47.20790    -11.35133
    42.55843     38.47327     -6.66170
    42.59197     38.10151     -7.20595
    36.15396     29.04855    -10.04530
    47.31625     39.27444    -14.67246
    56.19258     64.95522    -22.74312
    44.79498     40.70453    -13.15915
    44.79498     40.70453    -13.15915
    57.33243     47.87367    -16.86357
    40.72247     32.45487    -11.71479
    18.74814     31.14251     -8.64842
    18.74814     31.14251     -8.64842
    18.74814     31.14251     -8.64842
    36.15396     29.04855    -10.04530
    47.67546     34.52794     -7.60192
    34.86110     25.91790    -13.95890
    33.70820     26.38658    -20.40095
    33.70820     26.38658    -20.40095
    33.70820     26.38658    -20.40095
    33.70820     26.38658    -20.40095
    52.04722     52.13233     -8.25104
    41.85350     39.59822     -9.95140
    52.78868     42.23754    -13.81316
    27.29380     38.82727    -12.15448
    24.27134     33.38864    -13.99704
    24.27134     33.38864    -13.99704
    24.27134     33.38864    -13.99704
    45.64803     42.93107     -7.65400
    33.25143     45.91478     -9.00957
    30.01408     36.37279    -13.49813
    41.55990     30.76965    -14.76950
    47.31625     39.27444    -14.67246
    56.27390     53.54740    -12.86100
    33.25775     26.28525    -10.80274
    34.85821     32.67382     -7.48690
    20.92369     23.40696    -10.46403
    29.51830     20.11078    -12.92747
    41.04058     54.45114     -9.99773
    37.65901     29.51297    -10.15067
    44.79498     40.70453    -13.15915
    51.92193     52.12555     -8.69690
    31.36149     34.62456    -16.04082
    39.31068     32.07808    -14.44356
    49.98592     57.32725    -24.60300
    36.69930     22.92220     -7.11420
    17.83618     26.97288     -6.12449
    34.60452     30.97849    -10.52857
    58.45191     48.38751    -10.53378
    29.51830     20.11078    -12.92747
    33.97547     47.59637    -11.83086
    48.92490     42.48536    -10.19619
    31.65200     37.81280    -17.97280
    36.48892     25.06881     -8.93964
    52.04722     52.13233     -8.25104
    40.68102     32.66858    -11.57045
    26.82459     38.66851    -12.44288
    52.27399     52.09376     -7.54137
    43.09581     41.56120     -9.59671
    43.09581     41.56120     -9.59671
    17.83618     26.97288     -6.12449
    37.68863     29.52445     -9.73456
    58.90550     50.36640    -17.29480
    42.60782     38.34428    -12.56585
    42.60782     38.34428    -12.56585
    47.47367     43.98442     -8.52053
    34.63432     32.66896     -7.50141
    39.00963     36.26566     -8.40938
    36.97768     27.63331    -21.89357
    36.97768     27.63331    -21.89357
    36.97768     27.63331    -21.89357
    40.47112     54.55124     -9.93502
    57.78140     45.95380    -19.94950
    37.78306     49.43464    -12.97471
    37.78306     49.43464    -12.97471
    37.84143     49.41536    -12.69704
    31.08601     42.62934    -13.48796
    35.41302     36.87503    -14.43375
    42.08821     28.79995    -13.76852
    41.85350     39.59822     -9.95140
    32.23969     21.93890    -10.95963
    32.23969     21.93890    -10.95963
    36.48892     25.06881     -8.93964
    35.37521     23.87390    -10.11620
    31.36770     42.56377    -13.35865
    36.15396     29.04855    -10.04530
    55.90230     62.32160    -24.12560
    52.04722     52.13233     -8.25104
    40.59749     35.78407    -12.50617
    40.59749     35.78407    -12.50617
    31.48934     42.57491    -13.28132
    47.47770     44.19900    -13.70570
    23.00556     23.38758    -12.71542
    39.01105     32.05514    -14.23229
    47.31625     39.27444    -14.67246
    60.87450     54.62135    -24.10430
    26.80476     38.67280    -12.49192
    35.82460     19.95008    -17.70648
    35.82460     19.95008    -17.70648
    45.64803     42.93107     -7.65400
    31.16837     43.48551     -9.61492
    26.31707     20.84240    -12.53371
    42.57748     34.18349    -11.79344
    40.76389     32.31574    -11.77782
    47.31625     39.27444    -14.67246
    52.27399     52.09376     -7.54137
    40.47112     54.55124     -9.93502
    33.40033     26.25205     -8.28867
    51.30606     40.82698    -12.44843
    40.72247     32.45487    -11.71479
    38.02929     41.15028    -18.57526
    38.02929     41.15028    -18.57526
    38.02929     41.15028    -18.57526
    58.45191     48.38751    -10.53378
    33.04490     37.15200    -15.08230
    41.12991     27.65671     -8.03433
    35.44229     30.81768    -12.97199
    33.40323     45.11965    -13.19192
    56.12880     66.11570    -20.89740
    44.32381     36.60901    -12.99297
    44.09607     36.22166    -13.06895
    44.09607     36.22166    -13.06895
    47.67546     34.52794     -7.60192
    47.67546     34.52794     -7.60192
    47.67546     34.52794     -7.60192
    17.83618     26.97288     -6.12449
    44.00451     35.93420     -8.35275
    38.09922     31.81860    -19.81217
    38.09922     31.81860    -19.81217
    41.85350     39.59822     -9.95140
    42.68137     57.08589     -9.87203
    35.49912     46.72428     -9.51337
    43.66651     34.39783     -8.19004
    44.85100     42.72200     -5.11700
    17.83618     26.97288     -6.12449
    41.99400     25.30230    -10.42310
    41.01584     27.69029     -7.92178
    45.54651     39.49366     -6.89179
    45.54651     39.49366     -6.89179
    35.49912     46.72428     -9.51337
    47.31625     39.27444    -14.67246
    34.63432     32.66896     -7.50141
    40.91060     34.23550    -16.75230
    47.48616     43.62700     -8.38169
    31.42151     34.95900    -15.88069
    51.30606     40.82698    -12.44843
    35.37521     23.87390    -10.11620
    29.51830     20.11078    -12.92747
    47.31625     39.27444    -14.67246
    33.40033     26.25205     -8.28867
    55.94516     64.77266    -22.42731
    33.96580     44.16235    -10.00205
    23.28577     35.49702    -11.34896
    29.51830     20.11078    -12.92747
    33.25143     45.91478     -9.00957
    33.25143     45.91478     -9.00957
    54.00560     45.97762    -13.57757
    17.83618     26.97288     -6.12449
    17.83618     26.97288     -6.12449
    48.60157     42.44737    -15.34003
    48.60157     42.44737    -15.34003
    33.97547     47.59637    -11.83086
    33.97547     47.59637    -11.83086
    17.83618     26.97288     -6.12449
    49.31360     57.13240    -23.58264
    49.31360     57.13240    -23.58264
    34.52567     32.67070     -7.50175
    20.57555     23.41779    -10.00205
    30.86905     30.06065     -7.70440
    22.16882     25.66273    -11.97487
    45.03790     49.15630    -27.34960
    42.08821     28.79995    -13.76852
    33.97547     47.59637    -11.83086
    49.30095     34.96440     -9.37270
    23.28577     35.49702    -11.34896
    43.73010     35.51240    -13.52271
    47.48616     43.62700     -8.38169
    42.60782     38.34428    -12.56585
    18.74313     31.16161     -8.57146
    43.59211     35.22606    -13.71544
    40.58033     33.67580    -10.95012
    49.46522     43.86427    -13.20461
    22.16882     25.66273    -11.97487
    45.59519     37.09067     -9.19788
    33.03870     25.77989    -10.81598
    42.08821     28.79995    -13.76852
    35.44229     30.81768    -12.97199
    47.44779     44.80607     -8.84187
    32.99360     28.94420    -10.75110
    25.89790     32.00640    -13.19250
    47.20787     37.60928     -9.93072
    49.41710     57.60880    -20.40500
    18.73773     31.13080     -8.77922
    42.68137     57.08589     -9.87203
    42.68137     57.08589     -9.87203
    22.16882     25.66273    -11.97487
    30.77680     27.94290    -10.40010
    28.52683     25.11086    -13.73858
    33.30580     17.84170    -15.31120
    48.53230     48.02960    -14.10150
    54.00560     45.97762    -13.57757
    34.63432     32.66896     -7.50141
    43.59211     35.22606    -13.71544
    29.92402     43.50240    -13.62998
    38.53294     27.80487    -15.42230
    33.94190     48.43720     -9.26220
    32.23969     21.93890    -10.95963
    42.22157     37.61085    -12.01201
    42.88980     26.81090    -14.48280
    39.41130     29.35850    -24.47000
    17.95813     27.06494     -6.24830
    33.40033     26.25205     -8.28867
    33.40033     26.25205     -8.28867
    44.79498     40.70453    -13.15915
    22.41080     34.20410    -13.61540
    28.08980     24.34570    -15.65960
    25.35550     39.39550    -15.87860
    35.76678     28.22178    -12.97572
    17.83618     26.97288     -6.12449
    47.44779     44.80607     -8.84187
    44.79498     40.70453    -13.15915
    41.55990     30.76965    -14.76950
    41.24120     51.32250    -16.82890
    49.30095     34.96440     -9.37270
    30.76812     35.83987    -15.19566
    30.76812     35.83987    -15.19566
    53.16914     49.05832    -11.84796
    19.25948     27.99407     -7.59828
    33.66218     37.72713    -17.70844
    40.54784     54.57538     -9.84009
    49.46522     43.86427    -13.20461
    33.65725     20.46320    -12.48146
    41.75324     30.08079    -16.64323
    40.22816     35.27536    -12.65984
    30.86905     30.06065     -7.70440
    44.66172     43.10978    -10.78490
    44.66172     43.10978    -10.78490
    23.18325     35.43344    -11.26153
    43.77294     34.95532     -8.23835
    40.76389     32.31574    -11.77782
    52.32835     47.43979    -11.39298
    53.92284     45.80103    -13.56061
    53.92284     45.80103    -13.56061
    53.92284     45.80103    -13.56061
    21.12160     23.45191    -10.74870
    21.12160     23.45191    -10.74870
    21.12160     23.45191    -10.74870
    35.30626     46.56728     -9.47902
    35.42430     46.61312     -9.51533
    35.30626     46.56728     -9.47902
    35.30626     46.56728     -9.47902
    50.82360     44.75206    -10.96090
    50.82360     44.75206    -10.96090
    50.82360     44.75206    -10.96090
    41.90324     29.07537     -7.82241
    41.90324     29.07537     -7.82241
    41.90324     29.07537     -7.82241
    46.50560     40.92520    -10.37440
    29.14655     27.27125    -12.61265
    29.14655     27.27125    -12.61265
    42.57344     34.13080    -11.86848
    50.64540     44.49990    -10.89934
    51.26494     39.98697    -12.71040
    27.60050     32.67590    -17.18070
    57.84320     56.62030     -7.86500
    58.74173     56.36083    -10.30720
    58.74173     56.36083    -10.30720
    58.74173     56.36083    -10.30720
    36.51050     41.11700    -17.67680
    35.94863     49.34980     -8.03645
    35.94863     49.34980     -8.03645
    35.94863     49.34980     -8.03645
    56.77200     65.40353    -23.50685
    56.77200     65.40353    -23.50685
    56.77200     65.40353    -23.50685
    50.74218     44.60729    -10.93797
    39.66106     53.93214    -11.14777
    39.61109     53.84261    -11.25111
    39.61109     53.84261    -11.25111
    21.00027     23.45611    -10.59452
    20.97194     23.45326    -10.55336
    20.97194     23.45326    -10.55336
    50.83906     44.61315    -10.99907
    27.06619     38.75371    -12.29733
    27.06619     38.75371    -12.29733
    42.57164     34.07909    -11.94492
    42.57164     34.07909    -11.94492
    42.57839     34.01933    -12.04373
    49.31166     36.26701    -12.04255
    49.21119     36.15213    -11.98040
    49.24778     36.19902    -12.00239
    49.24778     36.19902    -12.00239
    36.00128     47.27500     -9.64680
    33.22151     45.19768    -13.35147
    40.59971     33.48878    -11.07110
    40.59971     33.48878    -11.07110
    30.64908     42.50041     -9.80557
    26.27492     20.90213    -12.61136
    26.27046     20.90825    -12.63188
    21.05894     23.45837    -10.67298
    21.05894     23.45837    -10.67298
    41.43191     27.44146     -8.35096
    31.07401     35.41230    -15.62899
    31.07401     35.41230    -15.62899
    31.15528     35.16492    -15.75652
    40.83867     27.72841     -7.78896
    20.39117     23.40868     -9.70942
    24.36609     36.10426    -12.14309
    41.97561     30.48912    -16.63953
    40.33862     38.72086     -9.08586
    40.33862     38.72086     -9.08586
    40.46985     38.55926     -9.21400
    40.58531     38.81398     -9.24959
    50.52675     44.32327    -10.85699
    50.52587     44.22709    -10.86085
    37.93087     49.37990    -12.20363
    26.94598     38.33573    -10.79551
    26.94598     38.33573    -10.79551
    30.84834     42.75846    -13.54304
    31.89810     45.78143    -14.53170
    32.10970     45.64415    -14.28533
    32.10970     45.64415    -14.28533
    38.04368     29.59572     -9.73435
    48.87365     48.34000    -15.75320
    50.21050     49.60490    -15.33280
    48.87365     48.34000    -15.75320
    54.28950     52.86830    -11.93070
    22.37170     22.43420    -14.22210
    48.13980     62.62900    -16.83150
    39.40110     40.90210     -9.53460
    51.58275     58.18760    -19.00190
    51.58275     58.18760    -19.00190
    45.90210     59.31935    -16.49405
    45.90210     59.31935    -16.49405
    28.38260     18.26430    -13.36990
    24.80582     20.49173    -14.38630
    24.80582     20.49173    -14.38630
    52.62240     59.43380    -24.33510
    52.06020     59.89710    -22.93630
    44.85030     47.70500     -5.77110
    46.61505     46.32645     -6.55380
    46.61505     46.32645     -6.55380
    49.59680     37.17130     -8.03180
    37.77550     45.24520    -21.96600
    37.89980     44.14495    -23.53815
    37.89980     44.14495    -23.53815
    25.32065     35.09325     -9.22680
    25.32065     35.09325     -9.22680
    46.31780     59.10500    -13.12020
    25.72181     21.69477    -12.97596
    19.97946     22.93132     -8.50985
    19.91306     22.78388     -8.21287
    42.56052     33.56731    -12.70761
    42.55065     33.25310    -13.18132
    42.57135     33.47987    -12.84386
    40.25941     54.37427    -10.24751
    44.42788     36.81355    -12.90872
    44.60650     37.08408    -12.89341
    47.63378     34.96534    -10.86165
    21.28483     23.41249    -10.92912
    21.26926     23.51552    -10.93385
    21.26204     23.54313    -10.94697
    41.24157     27.84764     -8.00763
    41.14379     27.87643     -7.91116
    41.28757     27.84956     -8.05305
    40.08722     54.31576    -10.36170
    38.08438     32.57390    -13.23188
    36.43863     29.15071    -10.03272
    36.56064     29.18278     -9.98029
    36.70701     29.21166    -10.11684
    20.12589     23.20629     -9.08964
    37.50662     33.02401    -12.47838
    37.17737     33.44125    -12.29240
    37.39490     33.09430    -12.32610
    37.64386     32.82409    -12.56372
    38.33250     26.83410     -7.76300
    39.85811     37.38438     -8.95316
    47.24204     34.79044    -10.55235
    41.41570     53.02850     -7.48610
    44.92470     31.47050    -10.29290
    54.61300     43.71910    -15.58420
    41.44500     25.02200     -7.22820
    45.45240     34.36470     -9.65390
    37.53750     35.57940    -10.89980
    25.71730     24.01840    -14.62910
    47.70320     45.95270    -14.10210
    29.89900     39.27480    -15.11640
