/Users/oluwaseunfadugba/Documents/OADC_project/writeclustermodel
1 
      6.2374       4.1195      -135.03       44.858      0.37277 
     -1.1638       3.2298       1.1482      -3.2455 
      3.2478      -1.1793      -3.2273       1.1998 
     -3.5315      -3.5588      -6.4645      -6.4372 
100 
      1.4739      -1.1966      -4.6735 
      2.8957      -1.4239      -3.9354 
      1.9736      -1.8082      -4.7188 
      2.6625      -1.4017       -4.122 
     0.96724     -0.21731      -4.5428 
     0.98467       0.2218      -4.1982 
      1.4689      -1.3034      -5.0038 
     0.90516     -0.32108      -4.7654 
     0.94902      0.88557      -3.6066 
      2.3778      -0.6334      -4.0114 
      2.2796      -1.1423      -4.4963 
      1.9316     -0.24648      -3.7928 
     0.89092     -0.33023      -4.3768 
      2.6217      -1.0111      -3.8602 
      1.2201     -0.08263      -4.0283 
      2.5265     -0.70282      -3.5007 
     0.28123       0.0472      -5.0468 
      1.1033     -0.69872       -4.786 
     0.58879      0.24283      -4.5149 
      1.0058      0.06078      -4.1601 
      1.4899     -0.67922      -4.3614 
      2.5707      -1.3186      -3.8745 
      1.6228     -0.18086      -3.9847 
      1.8819      0.09779      -3.6258 
      1.4955      -1.0276      -4.6547 
     0.21612     -0.58625      -5.0127 
       0.322     -0.84609      -5.4588 
      2.0942      -2.1454       -4.958 
    -0.01802      -1.4013       -5.895 
       1.129      -2.5937      -5.9387 
      1.1491      -1.9239      -5.8942 
      0.6746     -0.75617      -5.5075 
     0.28466      -1.1027      -5.5138 
      1.3379      -1.9392      -5.3298 
     0.00573     -0.46739       -5.572 
      1.1619      -2.2669      -5.7855 
    -0.43807      -1.4462      -6.2455 
     0.32585      -1.8763      -6.1025 
     0.79681      -2.8873      -6.2876 
    -0.06163      -1.0162      -5.6067 
       0.624      -1.4674      -5.5162 
     0.39666      -2.1764      -6.1928 
     0.54496       -1.501      -5.7745 
     0.41634      -1.8667      -6.0786 
     0.96706      -1.3565      -5.2088 
    -0.24569     -0.12836      -5.0778 
     0.82975      -2.2319      -5.7886 
      1.2405      -2.7748      -6.3811 
      1.0754      -3.0984      -6.3648 
     -0.3018     -0.43793      -5.5686 
     -1.7505     -0.03992      -6.3345 
     -0.9083      -0.7028      -6.0851 
     -2.7033       1.1419      -6.1353 
    -0.82227      0.83466      -5.1922 
     -2.2794        1.459      -5.5506 
     -1.4325      0.37051      -5.6548 
    -0.33086      0.10063      -5.0236 
      -2.055       1.0442      -5.5958 
     -1.7025      0.64196      -5.8269 
     -1.5075       1.1779      -5.1178 
     -1.6465      0.87106      -5.5332 
     -2.6364      0.94949      -5.9477 
     -3.0178       1.0972       -6.501 
      -0.741     -0.26136       -5.617 
    -0.55273     -0.10036      -5.4514 
     -2.2357      0.99071      -6.0406 
     -2.3006      0.61309      -5.9857 
     -1.5699     -0.40964      -6.4311 
     -1.9593       1.3333      -5.4045 
     -1.6837      0.59888      -5.9035 
     -0.6518       0.6946      -5.1284 
     -2.4956       2.0819      -5.2885 
      -1.048     -0.03296      -5.8589 
     -1.2103      0.61726      -5.3763 
     -1.4891     -0.40013      -6.1849 
    -0.14395        1.646      -3.8939 
     0.21796       1.3583      -3.8508 
    -0.86959       3.1603      -3.5878 
     -1.3351       1.6442      -4.5788 
     0.88826      0.95046      -3.8734 
      0.2851      0.86009      -4.1795 
    -0.44336       2.3664      -3.6976 
    -0.63536       2.2293      -3.7877 
     0.43613      0.91712      -4.1199 
    -0.40483       1.2522       -4.335 
     -1.3819       2.1094      -4.6124 
    -0.01151      0.69628      -4.5374 
     -1.3358       2.5052      -4.0555 
     -1.0955        1.166      -5.0599 
     0.21964      0.79812      -4.2937 
     -1.7316       1.8316      -4.7075 
     -1.9003       2.4686      -4.6076 
     -1.5499       1.8086      -4.8262 
    -0.02652       1.1151      -4.5768 
     -1.2222       2.5976       -3.707 
    -0.31425       2.0514       -3.986 
    -0.94361       1.7743      -4.4102 
    -0.65734       1.4214      -4.5393 
    -0.44939       1.2658      -4.1749 
     -0.3416      0.82474      -4.9291 
